   0.03407  -1.59281  -0.15552   0.00693   0.10000  1
  -0.13514  -1.67729   0.02907   0.12471   0.10000  2
  -0.06566  -1.06382  -0.00236  -0.04364   0.10000  3
  -0.00821  -0.87327  -0.01449  -0.06049   0.10000  4
  -0.04798  -1.65134  -0.08105   0.08938   0.10000  5
  -0.23086  -1.60130   0.11311   0.00898   0.10000  6
  -0.22320   1.82925  -0.00995  -0.04806   0.10000  7
  -0.42028   1.83217   0.04835  -0.04053   0.10000  8
   0.18484   0.38106  -0.01914   0.01123   0.10000  9
   0.01613   0.28119   0.05180   0.04695   0.10000 10
   0.26143   0.38069  -0.07377   0.00791   0.10000 11
   0.09441   0.47906   0.03233  -0.05530   0.10000 12
  -0.34489   1.34315   0.01418   0.05304   0.10000 13
  -0.41886   1.52605   0.04534   0.00726   0.10000 14
  -0.05494  -1.51042  -0.05921  -0.09034   0.10000 15
  -0.19175  -1.37048   0.05014  -0.10347   0.10000 16
  -0.27908  -1.61971   0.14826   0.03504   0.10000 17
  -0.08790  -1.62609  -0.02654   0.04547   0.10000 18
  -0.04914   1.52532  -0.03516   0.03214   0.10000 19
   0.01638   1.71097  -0.05538  -0.02720   0.10000 20
   0.01052  -1.59170  -0.31670   0.01584   0.20000  1
  -0.13084  -1.65858   0.05648   0.24938   0.20000  2
  -0.06601  -1.07042  -0.00476  -0.08866   0.20000  3
  -0.01039  -0.88239  -0.02901  -0.12212   0.20000  4
  -0.06017  -1.63792  -0.16282   0.17896   0.20000  5
  -0.21364  -1.59980   0.23276   0.02214   0.20000  6
  -0.22470   1.82200  -0.01994  -0.09730   0.20000  7
  -0.41298   1.82604   0.09783  -0.08226   0.20000  8
   0.18190   0.38273  -0.03993   0.02198   0.20000  9
   0.02396   0.28829   0.10544   0.09551   0.20000 10
   0.25034   0.38188  -0.14820   0.01600   0.20000 11
   0.09928   0.47071   0.06515  -0.11183   0.20000 12
  -0.34274   1.35116   0.02886   0.10767   0.20000 13
  -0.41202   1.52716   0.09163   0.01505   0.20000 14
  -0.06397  -1.52404  -0.12247  -0.18207   0.20000 15
  -0.18418  -1.38634   0.10179  -0.21600   0.20000 16
  -0.25658  -1.61437   0.30334   0.07232   0.20000 17
  -0.09198  -1.61910  -0.05580   0.09523   0.20000 18
  -0.05445   1.53017  -0.07144   0.06510   0.20000 19
   0.00802   1.70687  -0.11221  -0.05494   0.20000 20
  -0.02952  -1.58947  -0.48450   0.03031   0.30000  1
  -0.12402  -1.62760   0.07831   0.36764   0.30000  2
  -0.06661  -1.08165  -0.00727  -0.13655   0.30000  3
  -0.01402  -0.89778  -0.04359  -0.18613   0.30000  4
  -0.08052  -1.61565  -0.24325   0.26510   0.30000  5
  -0.18399  -1.59652   0.36097   0.04606   0.30000  6
  -0.22719   1.80971  -0.02993  -0.14900   0.30000  7
  -0.40063   1.81563   0.14963  -0.12656   0.30000  8
   0.17674   0.38541  -0.06407   0.03134   0.30000  9
   0.03734   0.30040   0.16289   0.14726   0.30000 10
   0.23177   0.38390  -0.22340   0.02422   0.30000 11
   0.10746   0.45663   0.09835  -0.17015   0.30000 12
  -0.33908   1.36479   0.04468   0.16564   0.30000 13
  -0.40046   1.52910   0.13991   0.02405   0.30000 14
  -0.07970  -1.54668  -0.19339  -0.26782   0.30000 15
  -0.17129  -1.41435   0.15675  -0.34876   0.30000 16
  -0.21800  -1.60505   0.47015   0.11546   0.30000 17
  -0.09923  -1.60680  -0.09000   0.15193   0.30000 18
  -0.06351   1.53840  -0.11015   0.09968   0.30000 19
  -0.00616   1.69995  -0.17210  -0.08373   0.30000 20
  -0.08585  -1.58517  -0.63168   0.05934   0.40000  1
  -0.11574  -1.58616   0.08243   0.45073   0.40000  2
  -0.06748  -1.09788  -0.01006  -0.18907   0.40000  3
  -0.01911  -0.91974  -0.05827  -0.25396   0.40000  4
  -0.10828  -1.58556  -0.30539   0.33070   0.40000  5
  -0.14191  -1.58987   0.47098   0.09112   0.40000  6
  -0.23067   1.79207  -0.03962  -0.20468   0.40000  7
  -0.38294   1.80059   0.20502  -0.17523   0.40000  8
   0.16893   0.38889  -0.09274   0.03733   0.40000  9
   0.05673   0.31789   0.22581   0.20330   0.40000 10
   0.20569   0.38670  -0.29741   0.03163   0.40000 11
   0.11890   0.43668   0.12954  -0.22833   0.40000 12
  -0.33374   1.38447   0.06259   0.22897   0.40000 13
  -0.38394   1.53204   0.19127   0.03533   0.40000 14
  -0.10270  -1.57611  -0.26345  -0.30596   0.40000 15
  -0.15267  -1.45719   0.21605  -0.51378   0.40000 16
  -0.16259  -1.59090   0.63084   0.16961   0.40000 17
  -0.11007  -1.58863  -0.12592   0.21043   0.40000 18
  -0.07662   1.55019  -0.15298   0.13653   0.40000 19
  -0.02657   1.69008  -0.23702  -0.11400   0.40000 20
  -0.15103  -1.57664  -0.63747   0.11461   0.50000  1
  -0.10877  -1.54044   0.05252   0.44705   0.50000  2
  -0.06865  -1.11968  -0.01347  -0.24823   0.50000  3
  -0.02568  -0.94875  -0.07305  -0.32734   0.50000  4
  -0.13905  -1.55128  -0.29324   0.34426   0.50000  5
  -0.09395  -1.57757   0.46145   0.15616   0.50000  6
  -0.23507   1.76858  -0.04805  -0.26623   0.50000  7
  -0.35947   1.78035   0.26521  -0.23089   0.50000  8
   0.15808   0.39264  -0.12432   0.03613   0.50000  9
   0.08266   0.34115   0.29275   0.26163   0.50000 10
   0.17259   0.39008  -0.36151   0.03467   0.50000 11
   0.13302   0.41126   0.14980  -0.27694   0.50000 12
  -0.32643   1.41084   0.08428   0.30012   0.50000 13
  -0.36207   1.53631   0.24686   0.05086   0.50000 14
  -0.13044  -1.60356  -0.27691  -0.22140   0.50000 15
  -0.12833  -1.51754   0.26500  -0.68249   0.50000 16
  -0.09625  -1.57103   0.66062   0.22533   0.50000 17
  -0.12364  -1.56525  -0.13858   0.25272   0.50000 18
  -0.09432   1.56578  -0.20249   0.17571   0.50000 19
  -0.05382   1.67710  -0.30941  -0.14573   0.50000 20
  -0.20767  -1.56249  -0.48174   0.16426   0.60000  1
  -0.10537  -1.49973   0.01735   0.35810   0.60000  2
  -0.07021  -1.14783  -0.01814  -0.31648   0.60000  3
  -0.03373  -0.98547  -0.08801  -0.40853   0.60000  4
  -0.16412  -1.51885  -0.20117   0.29677   0.60000  5
  -0.05367  -1.55907   0.33500   0.20913   0.60000  6
  -0.24016   1.73855  -0.05257  -0.33588   0.60000  7
  -0.32971   1.75404   0.33071  -0.29759   0.60000  8
   0.14425   0.39575  -0.15005   0.02464   0.60000  9
   0.11490   0.36986   0.34697   0.30810   0.60000 10
   0.13454   0.39329  -0.39075   0.02778   0.60000 11
   0.14790   0.38238   0.14221  -0.29305   0.60000 12
  -0.31665   1.44485   0.11289   0.38197   0.60000 13
  -0.33440   1.54248   0.30744   0.07458   0.60000 14
  -0.15559  -1.61774  -0.21884  -0.05878   0.60000 15
  -0.10188  -1.58760   0.25297  -0.68069   0.60000 16
  -0.03654  -1.54688   0.51884   0.25149   0.60000 17
  -0.13625  -1.53944  -0.10809   0.25650   0.60000 18
  -0.11747   1.58535  -0.26273   0.21519   0.60000 19
  -0.08880   1.66092  -0.39229  -0.17751   0.60000 20
  -0.24668  -1.54443  -0.29876   0.19538   0.70000  1
  -0.10492  -1.46922  -0.00719   0.25417   0.70000  2
  -0.07236  -1.18340  -0.02529  -0.39754   0.70000  3
  -0.04329  -1.03082  -0.10334  -0.50076   0.70000  4
  -0.17901  -1.49240  -0.09754   0.23323   0.70000  5
  -0.02725  -1.53663   0.19505   0.23743   0.70000  6
  -0.24526   1.70108  -0.04698  -0.41510   0.70000  7
  -0.29323   1.72027   0.39882  -0.38129   0.70000  8
   0.12876   0.39743  -0.15586   0.00930   0.70000  9
   0.15023   0.40132   0.34895   0.31278   0.70000 10
   0.09655   0.39551  -0.35954   0.01730   0.70000 11
   0.16049   0.35437   0.10663  -0.25945   0.70000 12
  -0.30343   1.48768   0.15433   0.47709   0.70000 13
  -0.30045   1.55175   0.37179   0.11449   0.70000 14
  -0.17355  -1.61573  -0.13937   0.09549   0.70000 15
  -0.07899  -1.64847   0.20259  -0.52601   0.70000 16
   0.00674  -1.52156   0.34699   0.25350   0.70000 17
  -0.14484  -1.51472  -0.06372   0.23753   0.70000 18
  -0.14743   1.60858  -0.33958   0.24673   0.70000 19
  -0.13271   1.64176  -0.48798  -0.20427   0.70000 20
  -0.26762  -1.52351  -0.12071   0.22307   0.80000  1
  -0.10667  -1.44819  -0.02726   0.17030   0.80000  2
  -0.07541  -1.22795  -0.03664  -0.49690   0.80000  3
  -0.05442  -1.08615  -0.11937  -0.60896   0.80000  4
  -0.18387  -1.47176  -0.00048   0.18210   0.80000  5
  -0.01424  -1.51167   0.06673   0.26221   0.80000  6
  -0.24891   1.65541  -0.02264  -0.49682   0.80000  7
  -0.25030   1.67708   0.45467  -0.48499   0.80000  8
   0.11379   0.39781  -0.14117  -0.00060   0.80000  9
   0.18295   0.43100   0.30016   0.27660   0.80000 10
   0.06389   0.39694  -0.29077   0.01187   0.80000 11
   0.16901   0.33152   0.06384  -0.19496   0.80000 12
  -0.28506   1.54068   0.21749   0.58368   0.80000 13
  -0.26023   1.56631   0.42911   0.18180   0.80000 14
  -0.18353  -1.59920  -0.06103   0.23354   0.80000 15
  -0.06136  -1.69236   0.15092  -0.35316   0.80000 16
   0.03309  -1.49618   0.18080   0.25491   0.80000 17
  -0.14912  -1.49166  -0.02234   0.22560   0.80000 18
  -0.18598   1.63370  -0.43236   0.24763   0.80000 19
  -0.18663   1.62054  -0.58895  -0.21693   0.80000 20
  -0.27080  -1.49978   0.05814   0.25186   0.90000  1
  -0.11024  -1.43439  -0.04333   0.10970   0.90000  2
  -0.07991  -1.28362  -0.05493  -0.62107   0.90000  3
  -0.06721  -1.15341  -0.13669  -0.74118   0.90000  4
  -0.17923  -1.45543   0.09292   0.14752   0.90000  5
  -0.01377  -1.48400  -0.05752   0.29223   0.90000  6
  -0.24933   1.60317   0.01471  -0.53279   0.90000  7
  -0.20473   1.62390   0.43842  -0.56599   0.90000  8
   0.10073   0.39746  -0.11975  -0.00603   0.90000  9
   0.20980   0.45625   0.23626   0.22794   0.90000 10
   0.03859   0.39797  -0.21515   0.00888   0.90000 11
   0.17332   0.31556   0.02263  -0.12427   0.90000 12
  -0.25934   1.60361   0.29450   0.65972   0.90000 13
  -0.21643   1.58855   0.43187   0.25833   0.90000 14
  -0.18583  -1.56910   0.01527   0.36887   0.90000 15
  -0.04859  -1.71952   0.10554  -0.19205   0.90000 16
   0.04287  -1.47038   0.01373   0.26200   0.90000 17
  -0.14932  -1.46923   0.01866   0.22475   0.90000 18
  -0.23270   1.65564  -0.48763   0.17797   0.90000 19
  -0.24851   1.59912  -0.62765  -0.20639   0.90000 20
  -0.25561  -1.47303   0.24843   0.28359   1.00000  1
  -0.11507  -1.42547  -0.05152   0.07200   1.00000  2
  -0.08678  -1.35295  -0.08488  -0.76610   1.00000  3
  -0.08184  -1.23562  -0.15654  -0.91075   1.00000  4
  -0.16530  -1.44162   0.18545   0.13199   1.00000  5
  -0.02601  -1.45306  -0.18968   0.32655   1.00000  6
  -0.24620   1.55252   0.04576  -0.46791   1.00000  7
  -0.16554   1.56759   0.34104  -0.54485   1.00000  8
   0.08980   0.39666  -0.09930  -0.00972   1.00000  9
   0.23024   0.47664   0.17306   0.18023   1.00000 10
   0.02079   0.39873  -0.14132   0.00639   1.00000 11
   0.17361   0.30658  -0.01654  -0.05602   1.00000 12
  -0.22817   1.66777   0.31675   0.60387   1.00000 13
  -0.17675   1.61570   0.35414   0.27236   1.00000 14
  -0.18026  -1.52526   0.09851   0.50881   1.00000 15
  -0.04009  -1.73108   0.06500  -0.03980   1.00000 16
   0.03537  -1.44362  -0.16747   0.27311   1.00000 17
  -0.14519  -1.44639   0.06559   0.23282   1.00000 18
  -0.28006   1.66796  -0.44679   0.07045   1.00000 19
  -0.30754   1.58033  -0.53970  -0.16702   1.00000 20
  -0.22035  -1.44304   0.46054   0.31486   1.10000  1
  -0.12006  -1.41954  -0.04546   0.04695   1.10000  2
  -0.09744  -1.43493  -0.13017  -0.84568   1.10000  3
  -0.09867  -1.33721  -0.18072  -1.12444   1.10000  4
  -0.14230  -1.42848   0.27170   0.13138   1.10000  5
  -0.05228  -1.41925  -0.33707   0.34115   1.10000  6
  -0.24064   1.51031   0.06382  -0.37739   1.10000  7
  -0.13615   1.51642   0.24992  -0.47697   1.10000  8
   0.08080   0.39554  -0.08090  -0.01254   1.10000  9
   0.24453   0.49242   0.11320   0.13597   1.10000 10
   0.01024   0.39924  -0.07005   0.00381   1.10000 11
   0.17005   0.30424  -0.05456   0.00888   1.10000 12
  -0.19749   1.72275   0.29404   0.49476   1.10000 13
  -0.14585   1.64147   0.26549   0.24012   1.10000 14
  -0.16537  -1.46750   0.20409   0.64011   1.10000 15
  -0.03553  -1.72750   0.02607   0.11212   1.10000 16
   0.00839  -1.41613  -0.37725   0.27155   1.10000 17
  -0.13584  -1.42284   0.12223   0.23360   1.10000 18
  -0.32082   1.67083  -0.36717  -0.00829   1.10000 19
  -0.35584   1.56556  -0.42773  -0.12994   1.10000 20
  -0.16346  -1.41118   0.66785   0.31077   1.20000  1
  -0.12358  -1.41626  -0.02159   0.01798   1.20000  2
  -0.11229  -1.51414  -0.15785  -0.70787   1.20000  3
  -0.11779  -1.45675  -0.19531  -1.20997   1.20000  4
  -0.11249  -1.41584   0.31105   0.11638   1.20000  5
  -0.09266  -1.38783  -0.45754   0.26952   1.20000  6
  -0.23363   1.47654   0.07582  -0.30079   1.20000  7
  -0.11499   1.47203   0.17554  -0.41252   1.20000  8
   0.07359   0.39418  -0.06339  -0.01452   1.20000  9
   0.25296   0.50393   0.05575   0.09458   1.20000 10
   0.00671   0.39948  -0.00076   0.00089   1.20000 11
   0.16270   0.30827  -0.09236   0.07133   1.20000 12
  -0.16943   1.76703   0.26781   0.39309   1.20000 13
  -0.12316   1.66365   0.19099   0.20424   1.20000 14
  -0.13897  -1.40083   0.31831   0.66129   1.20000 15
  -0.03500  -1.70832  -0.01696   0.27398   1.20000 16
  -0.04064  -1.39118  -0.59966   0.21543   1.20000 17
  -0.12112  -1.40146   0.16671   0.18336   1.20000 18
  -0.35376   1.66696  -0.29387  -0.06707   1.20000 19
  -0.39362   1.55410  -0.33054  -0.10009   1.20000 20
  -0.09188  -1.38298   0.72645   0.24910   1.30000  1
  -0.12363  -1.41520   0.02338   0.01082   1.30000  2
  -0.12726  -1.57493  -0.13574  -0.51415   1.30000  3
  -0.13563  -1.57019  -0.15513  -1.05004   1.30000  4
  -0.08314  -1.40544   0.26275   0.09527   1.30000  5
  -0.13903  -1.36704  -0.44079   0.14799   1.30000  6
  -0.22553   1.44963   0.08613  -0.23976   1.30000  7
  -0.10069   1.43358   0.11183  -0.35788   1.30000  8
   0.06815   0.39268  -0.04502  -0.01517   1.30000  9
   0.25570   0.51139  -0.00091   0.05483   1.30000 10
   0.01004   0.39940   0.06701  -0.00246   1.30000 11
   0.15156   0.31846  -0.13056   0.13220   1.30000 12
  -0.14380   1.80179   0.24518   0.30401   1.30000 13
  -0.10719   1.68255   0.13046   0.17489   1.30000 14
  -0.10441  -1.34083   0.35613   0.52247   1.30000 15
  -0.03946  -1.67216  -0.07631   0.45103   1.30000 16
  -0.10815  -1.37458  -0.71654   0.11620   1.30000 17
  -0.10385  -1.38689   0.17182   0.11148   1.30000 18
  -0.38001   1.65771  -0.23299  -0.11694   1.30000 19
  -0.42241   1.54542  -0.24716  -0.07391   1.30000 20
  -0.02454  -1.36163   0.60343   0.17798   1.40000  1
  -0.11894  -1.41299   0.06798   0.03534   1.40000  2
  -0.13876  -1.61862  -0.09270  -0.36588   1.40000  3
  -0.14834  -1.66706  -0.09949  -0.88732   1.40000  4
  -0.06146  -1.39620   0.16908   0.09051   1.40000  5
  -0.17681  -1.35728  -0.30675   0.05163   1.40000  6
  -0.21642   1.42817   0.09584  -0.19119   1.40000  7
  -0.09240   1.40021   0.05488  -0.31043   1.40000  8
   0.06468   0.39123  -0.02385  -0.01340   1.40000  9
   0.25274   0.51491  -0.05860   0.01545   1.40000 10
   0.02005   0.39898   0.13288  -0.00593   1.40000 11
   0.13658   0.33466  -0.16897   0.19142   1.40000 12
  -0.12031   1.82815   0.22484   0.22438   1.40000 13
  -0.09670   1.69884   0.08108   0.15181   1.40000 14
  -0.07051  -1.29793   0.31448   0.33406   1.40000 15
  -0.05118  -1.61857  -0.16046   0.61332   1.40000 16
  -0.17635  -1.36712  -0.62286   0.03798   1.40000 17
  -0.08789  -1.37835   0.14432   0.06196   1.40000 18
  -0.40068   1.64373  -0.18190  -0.16199   1.40000 19
  -0.44337   1.53925  -0.17324  -0.04971   1.40000 20
   0.02744  -1.34718   0.43393   0.11246   1.50000  1
  -0.11050  -1.40820   0.09912   0.05896   1.50000  2
  -0.14586  -1.64869  -0.05139  -0.23685   1.50000  3
  -0.15621  -1.74768  -0.06194  -0.72784   1.50000  4
  -0.04904  -1.38743   0.08152   0.08358   1.50000  5
  -0.20010  -1.35604  -0.16031  -0.02418   1.50000  6
  -0.20638   1.41106   0.10484  -0.15262   1.50000  7
  -0.08956   1.37136   0.00258  -0.26717   1.50000  8
   0.06353   0.39016   0.00167  -0.00690   1.50000  9
   0.24388   0.51445  -0.11924  -0.02480   1.50000 10
   0.03648   0.39826   0.19445  -0.00796   1.50000 11
   0.11785   0.35661  -0.20479   0.24650   1.50000 12
  -0.09882   1.84689   0.20497   0.15133   1.50000 13
  -0.09067   1.71306   0.04076   0.13331   1.50000 14
  -0.04204  -1.27376   0.25421   0.15134   1.50000 15
  -0.07100  -1.55088  -0.22990   0.73782   1.50000 16
  -0.23059  -1.36623  -0.45844  -0.01726   1.50000 17
  -0.07513  -1.37423   0.11119   0.02103   1.50000 18
  -0.41662   1.62542  -0.13778  -0.20358   1.50000 19
  -0.45726   1.53542  -0.10543  -0.02719   1.50000 20
   0.06202  -1.33879   0.25674   0.05736   1.60000  1
  -0.09938  -1.40154   0.12156   0.07352   1.60000  2
  -0.14952  -1.66631  -0.02386  -0.11755   1.60000  3
  -0.16133  -1.81353  -0.04226  -0.59382   1.60000  4
  -0.04481  -1.37973   0.00423   0.06966   1.60000  5
  -0.20916  -1.36170  -0.02172  -0.08679   1.60000  6
  -0.19550   1.39736   0.11242  -0.12256   1.60000  7
  -0.09176   1.34672  -0.04602  -0.22558   1.60000  8
   0.06515   0.39014   0.03113   0.00842   1.60000  9
   0.22873   0.50988  -0.18475  -0.06707   1.60000 10
   0.05857   0.39759   0.24441  -0.00366   1.60000 11
   0.09601   0.38358  -0.22846   0.28980   1.60000 12
  -0.07936   1.85857   0.18406   0.08291   1.60000 13
  -0.08829   1.72560   0.00826   0.11780   1.60000 14
  -0.01980  -1.26729   0.18936  -0.02029   1.60000 15
  -0.09576  -1.47091  -0.25747   0.86056   1.60000 16
  -0.26781  -1.37010  -0.28537  -0.05802   1.60000 17
  -0.06564  -1.37404   0.07769  -0.01607   1.60000 18
  -0.42840   1.60314  -0.09837  -0.24140   1.60000 19
  -0.46458   1.53373  -0.04158  -0.00723   1.60000 20
   0.07865  -1.33530   0.07522   0.01442   1.70000  1
  -0.08675  -1.39323   0.12746   0.09600   1.70000  2
  -0.15091  -1.67254  -0.00471  -0.00818   1.70000  3
  -0.16489  -1.86727  -0.02979  -0.48435   1.70000  4
  -0.04807  -1.37339  -0.06847   0.05946   1.70000  5
  -0.20443  -1.37279   0.11658  -0.12980   1.70000  6
  -0.18399   1.38629   0.11734  -0.10017   1.70000  7
  -0.09864   1.32625  -0.09093  -0.18360   1.70000  8
   0.06977   0.39229   0.06117   0.03702   1.70000  9
   0.20673   0.50094  -0.25628  -0.11226   1.70000 10
   0.08451   0.39804   0.26914   0.01575   1.70000 11
   0.07318   0.41376  -0.22185   0.30913   1.70000 12
  -0.06209   1.86358   0.16082   0.01792   1.70000 13
  -0.08878   1.73667  -0.01705   0.10384   1.70000 14
  -0.00463  -1.27748   0.11045  -0.18100   1.70000 15
  -0.12070  -1.38043  -0.23202   0.92942   1.70000 16
  -0.28756  -1.37736  -0.10917  -0.08440   1.70000 17
  -0.05995  -1.37682   0.03422  -0.03350   1.70000 18
  -0.43638   1.57734  -0.06144  -0.27328   1.70000 19
  -0.46567   1.53381   0.01933   0.00758   1.70000 20
   0.07697  -1.33557  -0.10910  -0.01873   1.80000  1
  -0.07449  -1.38173   0.11584   0.13429   1.80000  2
  -0.15053  -1.66804   0.01240   0.09846   1.80000  3
  -0.16738  -1.91098  -0.02023  -0.39245   1.80000  4
  -0.05800  -1.36730  -0.12587   0.06368   1.80000  5
  -0.18603  -1.38614   0.24906  -0.12960   1.80000  6
  -0.17219   1.37710   0.11768  -0.08483   1.80000  7
  -0.10980   1.31007  -0.13131  -0.13964   1.80000  8
   0.07729   0.39799   0.08866   0.07872   1.80000  9
   0.17734   0.48733  -0.33164  -0.16000   1.80000 10
   0.11133   0.40136   0.26252   0.05303   1.80000 11
   0.05292   0.44449  -0.17800   0.30169   1.80000 12
  -0.04731   1.86225   0.13414  -0.04419   1.80000 13
  -0.09146   1.74637  -0.03545   0.09003   1.80000 14
   0.00144  -1.30257   0.00721  -0.31370   1.80000 15
  -0.14062  -1.29032  -0.16208   0.84975   1.80000 16
  -0.28965  -1.38630   0.06672  -0.09123   1.80000 17
  -0.05895  -1.37938  -0.01333  -0.01290   1.80000 18
  -0.44068   1.54882  -0.02421  -0.29514   1.80000 19
  -0.46082   1.53493   0.07698   0.01276   1.80000 20
   0.05678  -1.33904  -0.29482  -0.05156   1.90000  1
  -0.06386  -1.36699   0.09529   0.15493   1.90000  2
  -0.14838  -1.65265   0.03120   0.21115   1.90000  3
  -0.16898  -1.94616  -0.01194  -0.31280   1.90000  4
  -0.07218  -1.36087  -0.15208   0.06161   1.90000  5
  -0.15522  -1.39762   0.36420  -0.09626   1.90000  6
  -0.16069   1.36912   0.11089  -0.07560   1.90000  7
  -0.12470   1.29843  -0.16552  -0.09277   1.90000  8
   0.08738   0.40828   0.11195   0.12756   1.90000  9
   0.14066   0.46904  -0.39835  -0.20394   1.90000 10
   0.13614   0.40895   0.22919   0.09912   1.90000 11
   0.03830   0.47351  -0.11238   0.27625   1.90000 12
  -0.03540   1.85484   0.10312  -0.10346   1.90000 13
  -0.09565   1.75463  -0.04713   0.07483   1.90000 14
  -0.00374  -1.33850  -0.11245  -0.39525   1.90000 15
  -0.15297  -1.21315  -0.08654   0.68856   1.90000 16
  -0.27437  -1.39511   0.23875  -0.08324   1.90000 17
  -0.06223  -1.37901  -0.05011   0.01994   1.90000 18
  -0.44110   1.51879   0.01656  -0.30297   1.90000 19
  -0.45043   1.53589   0.13016   0.00391   1.90000 20
   0.01808  -1.34621  -0.47762  -0.09406   2.00000  1
  -0.05587  -1.35222   0.06139   0.13173   2.00000  2
  -0.14412  -1.62532   0.05523   0.33861   2.00000  3
  -0.16978  -1.97383  -0.00418  -0.24187   2.00000  4
  -0.08728  -1.35587  -0.14426   0.03332   2.00000  5
  -0.11395  -1.40476   0.45467  -0.04357   2.00000  6
  -0.15034   1.36183   0.09428  -0.07055   2.00000  7
  -0.14263   1.29161  -0.19168  -0.04308   2.00000  8
   0.09928   0.42340   0.12278   0.17306   2.00000  9
   0.09889   0.44738  -0.42864  -0.22270   2.00000 10
   0.15621   0.42098   0.16772   0.13934   2.00000 11
   0.03056   0.49927  -0.04314   0.23663   2.00000 12
  -0.02685   1.84166   0.06709  -0.15950   2.00000 13
  -0.10068   1.76123  -0.05241   0.05648   2.00000 14
  -0.02119  -1.37947  -0.23583  -0.41225   2.00000 15
  -0.15846  -1.15268  -0.02588   0.52256   2.00000 16
  -0.24181  -1.40270   0.41349  -0.06728   2.00000 17
  -0.06856  -1.37585  -0.07460   0.03942   2.00000 18
  -0.43717   1.48869   0.06319  -0.29697   2.00000 19
  -0.43496   1.53522   0.17843  -0.01933   2.00000 20
  -0.03781  -1.35825  -0.62952  -0.14801   2.10000  1
  -0.05241  -1.34238   0.00288   0.05749   2.10000  2
  -0.13699  -1.58411   0.08943   0.49051   2.10000  3
  -0.16982  -1.99474   0.00335  -0.17723   2.10000  4
  -0.10000  -1.35517  -0.10614  -0.02328   2.10000  5
  -0.06654  -1.40595   0.47532   0.01918   2.10000  6
  -0.14222   1.35497   0.06594  -0.06659   2.10000  7
  -0.16274   1.28987  -0.20886   0.00841   2.10000  8
   0.11109   0.44230   0.10941   0.20174   2.10000  9
   0.05672   0.42605  -0.40731  -0.19690   2.10000 10
   0.16906   0.43632   0.08787   0.16558   2.10000 11
   0.02933   0.52042   0.01637   0.18505   2.10000 12
  -0.02216   1.82307   0.02582  -0.21162   2.10000 13
  -0.10594   1.76576  -0.05195   0.03293   2.10000 14
  -0.05030  -1.41855  -0.34027  -0.35851   2.10000 15
  -0.15862  -1.10822   0.02036   0.36876   2.10000 16
  -0.19135  -1.40828   0.59660  -0.04246   2.10000 17
  -0.07679  -1.37212  -0.08870   0.02972   2.10000 18
  -0.42825   1.45970   0.11619  -0.28183   2.10000 19
  -0.41486   1.53168   0.22320  -0.05296   2.10000 20
  -0.10407  -1.37577  -0.66969  -0.20020   2.20000  1
  -0.05619  -1.34188  -0.08088  -0.05111   2.20000  2
  -0.12573  -1.52613   0.13834   0.67392   2.20000  3
  -0.16912  -2.00943   0.01065  -0.11719   2.20000  4
  -0.10805  -1.36115  -0.05413  -0.09824   2.20000  5
  -0.02351  -1.40167   0.36368   0.06036   2.20000  6
  -0.13755   1.34860   0.02572  -0.06003   2.20000  7
  -0.18414   1.29331  -0.21805   0.06052   2.20000  8
   0.12062   0.46322   0.07987   0.21493   2.20000  9
   0.01842   0.40896  -0.35612  -0.14236   2.20000 10
   0.17374   0.45384   0.00633   0.18417   2.20000 11
   0.03340   0.53616   0.06314   0.12972   2.20000 12
  -0.02185   1.79949  -0.02035  -0.25918   2.20000 13
  -0.11091   1.76757  -0.04693   0.00197   2.20000 14
  -0.08739  -1.44936  -0.38993  -0.25092   2.20000 15
  -0.15477  -1.07854   0.05509   0.22657   2.20000 16
  -0.12323  -1.41077   0.75113  -0.00558   2.20000 17
  -0.08623  -1.37098  -0.10008  -0.01186   2.20000 18
  -0.41372   1.43245   0.17545  -0.26271   2.20000 19
  -0.39036   1.52443   0.26673  -0.09278   2.20000 20
  -0.16629  -1.39744  -0.55311  -0.22656   2.30000  1
  -0.06832  -1.35290  -0.15650  -0.16808   2.30000  2
  -0.10923  -1.44942   0.18843   0.84927   2.30000  3
  -0.16771  -2.01829   0.01747  -0.06054   2.30000  4
  -0.11084  -1.37481  -0.00222  -0.17191   2.30000  5
   0.00366  -1.39497   0.17505   0.06981   2.30000  6
  -0.13743   1.34316  -0.02505  -0.04753   2.30000  7
  -0.20617   1.30198  -0.22200   0.11291   2.30000  8
   0.12692   0.48509   0.04571   0.22186   2.30000  9
  -0.01428   0.39777  -0.29767  -0.08137   2.30000 10
   0.17048   0.47311  -0.07069   0.20126   2.30000 11
   0.04170   0.54648   0.10193   0.07766   2.30000 12
  -0.02637   1.77140  -0.07053  -0.30196   2.30000 13
  -0.11523   1.76583  -0.03912  -0.03849   2.30000 14
  -0.12552  -1.46760  -0.35862  -0.10877   2.30000 15
  -0.14790  -1.06260   0.08104   0.09339   2.30000 16
  -0.04723  -1.40942   0.73364   0.03134   2.30000 17
  -0.09643  -1.37517  -0.10013  -0.07270   2.30000 18
  -0.39293   1.40718   0.24153  -0.24273   2.30000 19
  -0.36149   1.51298   0.31086  -0.13687   2.30000 20
  -0.21246  -1.41949  -0.36744  -0.20754   2.40000  1
  -0.08606  -1.37435  -0.19091  -0.24946   2.40000  2
  -0.08926  -1.36134   0.20415   0.87754   2.40000  3
  -0.16566  -2.02161   0.02349  -0.00610   2.40000  4
  -0.10876  -1.39405   0.04138  -0.20140   2.40000  5
   0.01153  -1.38810  -0.01396   0.06721   2.40000  6
  -0.14285   1.33939  -0.08457  -0.02641   2.40000  7
  -0.22846   1.31593  -0.22348   0.16628   2.40000  8
   0.12968   0.50750   0.00912   0.22603   2.40000  9
  -0.04113   0.39262  -0.23968  -0.02228   2.40000 10
   0.15980   0.49411  -0.14172   0.21881   2.40000 11
   0.05366   0.55190   0.13673   0.03195   2.40000 12
  -0.03604   1.73924  -0.12336  -0.34064   2.40000 13
  -0.11872   1.75950  -0.03081  -0.09013   2.40000 14
  -0.15722  -1.47058  -0.27094   0.04772   2.40000 15
  -0.13875  -1.05970   0.10137  -0.03503   2.40000 16
   0.01885  -1.40456   0.57672   0.06545   2.40000 17
  -0.10549  -1.38486  -0.07807  -0.11372   2.40000 18
  -0.36515   1.38391   0.31566  -0.22272   2.40000 19
  -0.32814   1.49690   0.35633  -0.18555   2.40000 20
  -0.23997  -1.43822  -0.18465  -0.16515   2.50000  1
  -0.10527  -1.40019  -0.18914  -0.25765   2.50000  2
  -0.06953  -1.27942   0.18665   0.74844   2.50000  3
  -0.16304  -2.01954   0.02866   0.04743   2.50000  4
  -0.10336  -1.41303   0.06146  -0.17172   2.50000  5
   0.00199  -1.38148  -0.17080   0.06512   2.50000  6
  -0.15458   1.33824  -0.15111   0.00554   2.50000  7
  -0.25075   1.33526  -0.22072   0.21998   2.50000  8
   0.12863   0.53019  -0.03065   0.22697   2.50000  9
  -0.06227   0.39321  -0.18339   0.03367   2.50000 10
   0.14241   0.51686  -0.20446   0.23586   2.50000 11
   0.06891   0.55318   0.16719  -0.00437   2.50000 12
  -0.05107   1.70334  -0.17728  -0.37732   2.50000 13
  -0.12146   1.74740  -0.02449  -0.15405   2.50000 14
  -0.17923  -1.45903  -0.16727   0.17640   2.50000 15
  -0.12770  -1.06966   0.11950  -0.16522   2.50000 16
   0.06729  -1.39659   0.39178   0.09210   2.50000 17
  -0.11184  -1.39653  -0.04974  -0.11582   2.50000 18
  -0.32954   1.36272   0.39720  -0.19998   2.50000 19
  -0.29023   1.47567   0.40124  -0.24024   2.50000 20
  -0.24973  -1.45219  -0.01185  -0.11250   2.60000  1
  -0.12345  -1.42462  -0.17298  -0.22557   2.60000  2
  -0.05238  -1.21181   0.15445   0.60687   2.60000  3
  -0.15995  -2.01211   0.03310   0.10140   2.60000  4
  -0.09751  -1.42766   0.05065  -0.11822   2.60000  5
  -0.02155  -1.37533  -0.29551   0.05558   2.60000  6
  -0.17319   1.34091  -0.22068   0.04976   2.60000  7
  -0.27188   1.35962  -0.19531   0.26373   2.60000  8
   0.12348   0.55271  -0.07256   0.22229   2.60000  9
  -0.07785   0.39927  -0.12844   0.08726   2.60000 10
   0.11939   0.54113  -0.25247   0.24802   2.60000 11
   0.08670   0.55155   0.18547  -0.02474   2.60000 12
  -0.07148   1.66371  -0.23054  -0.41584   2.60000 13
  -0.12377   1.72827  -0.02270  -0.23064   2.60000 14
  -0.19031  -1.43691  -0.05266   0.25706   2.60000 15
  -0.11480  -1.09301   0.13909  -0.30313   2.60000 16
   0.09748  -1.38652   0.21416   0.10782   2.60000 17
  -0.11579  -1.40769  -0.03141  -0.10623   2.60000 18
  -0.28583   1.34435   0.47394  -0.16368   2.60000 19
  -0.24820   1.44869   0.43624  -0.29923   2.60000 20
  -0.24254  -1.46027   0.15470  -0.04670   2.70000  1
  -0.13954  -1.44424  -0.14697  -0.16174   2.70000  2
  -0.03904  -1.15740   0.11055   0.48240   2.70000  3
  -0.15644  -1.99921   0.03700   0.15708   2.70000  4
  -0.09410  -1.43625   0.01381  -0.05182   2.70000  5
  -0.05630  -1.37097  -0.39500   0.02833   2.70000  6
  -0.19826   1.34849  -0.27470   0.10228   2.70000  7
  -0.28805   1.38697  -0.11996   0.27772   2.70000  8
   0.11419   0.57438  -0.11241   0.20972   2.70000  9
  -0.08799   0.41063  -0.07430   0.13987   2.70000 10
   0.09277   0.56607  -0.27524   0.24840   2.70000 11
   0.10508   0.54907   0.17642  -0.02056   2.70000 12
  -0.09708   1.61992  -0.28071  -0.46177   2.70000 13
  -0.12623   1.70086  -0.02785  -0.31964   2.70000 14
  -0.18953  -1.40952   0.06842   0.28151   2.70000 15
  -0.09974  -1.13049   0.16226  -0.44611   2.70000 16
   0.11053  -1.37530   0.04856   0.11557   2.70000 17
  -0.11855  -1.41745  -0.02579  -0.08650   2.70000 18
  -0.23581   1.33087   0.51978  -0.10196   2.70000 19
  -0.20399   1.41621   0.44142  -0.34611   2.70000 20
  -0.21898  -1.46105   0.31484   0.03369   2.80000  1
  -0.15238  -1.45599  -0.10715  -0.06910   2.80000  2
  -0.03041  -1.11570   0.06293   0.34879   2.80000  3
  -0.15256  -1.98059   0.04057   0.21580   2.80000  4
  -0.09540  -1.43775  -0.04234   0.02270   2.80000  5
  -0.09945  -1.37026  -0.46054  -0.01661   2.80000  6
  -0.22610   1.36109  -0.27031   0.14739   2.80000  7
  -0.29486   1.41424  -0.01434   0.26455   2.80000  8
   0.10120   0.59443  -0.14645   0.19058   2.80000  9
  -0.09273   0.42727  -0.02052   0.19312   2.80000 10
   0.06526   0.59038  -0.27136   0.23623   2.80000 11
   0.12087   0.54824   0.13465   0.00711   2.80000 12
  -0.12739   1.57091  -0.32385  -0.52092   2.80000 13
  -0.12965   1.66396  -0.04217  -0.42021   2.80000 14
  -0.17678  -1.38227   0.18459   0.25647   2.80000 15
  -0.08259  -1.18184   0.17729  -0.57917   2.80000 16
   0.10741  -1.36359  -0.11084   0.11779   2.80000 17
  -0.12133  -1.42441  -0.03137  -0.04958   2.80000 18
  -0.18341   1.32454   0.52082  -0.02320   2.80000 19
  -0.16134   1.38075   0.40554  -0.35544   2.80000 20
  -0.18023  -1.45301   0.45349   0.12955   2.90000  1
  -0.16035  -1.45742  -0.04861   0.04274   2.90000  2
  -0.02611  -1.08797   0.02488   0.20587   2.90000  3
  -0.14833  -1.95590   0.04404   0.27894   2.90000  4
  -0.10283  -1.43165  -0.10564   0.09900   2.90000  5
  -0.14620  -1.37454  -0.45893  -0.06876   2.90000  6
  -0.25044   1.37763  -0.21087   0.18295   2.90000  7
  -0.29086   1.43954   0.09408   0.24032   2.90000  8
   0.08508   0.61243  -0.17522   0.16944   2.90000  9
  -0.09208   0.44934   0.03343   0.24888   2.90000 10
   0.03900   0.61311  -0.25228   0.21773   2.90000 11
   0.13131   0.55088   0.07196   0.04677   2.90000 12
  -0.16143   1.51526  -0.35443  -0.59369   2.90000 13
  -0.13503   1.61646  -0.06740  -0.53146   2.90000 14
  -0.15341  -1.35943   0.27659   0.19478   2.90000 15
  -0.06543  -1.24635   0.15875  -0.71246   2.90000 16
   0.08825  -1.35191  -0.27388   0.11444   2.90000 17
  -0.12502  -1.42676  -0.04232   0.00521   2.90000 18
  -0.13283   1.32615   0.48617   0.05354   2.90000 19
  -0.12367   1.34652   0.34620  -0.32380   2.90000 20
  -0.13058  -1.43487   0.52387   0.23242   3.00000  1
  -0.16130  -1.44720   0.03358   0.16158   3.00000  2
  -0.02519  -1.07435  -0.00589   0.06742   3.00000  3
  -0.14374  -1.92461   0.04772   0.34801   3.00000  4
  -0.11579  -1.41816  -0.14577   0.16847   3.00000  5
  -0.18753  -1.38370  -0.34950  -0.11125   3.00000  6
  -0.26753   1.39771  -0.12797   0.21814   3.00000  7
  -0.27618   1.46194   0.19808   0.20403   3.00000  8
   0.06625   0.62838  -0.20103   0.14992   3.00000  9
  -0.08601   0.47719   0.08816   0.30915   3.00000 10
   0.01499   0.63385  -0.22721   0.19697   3.00000 11
   0.13494   0.55770  -0.00046   0.08996   3.00000 12
  -0.19761   1.45238  -0.36452  -0.65842   3.00000 13
  -0.14351   1.55737  -0.10415  -0.65127   3.00000 14
  -0.12300  -1.34431   0.32399   0.10302   3.00000 15
  -0.05249  -1.32434   0.09097  -0.84203   3.00000 16
   0.05213  -1.34111  -0.45145   0.09777   3.00000 17
  -0.12932  -1.42295  -0.03879   0.07216   3.00000 18
  -0.08699   1.33463   0.42640   0.11159   3.00000 19
  -0.09217   1.31681   0.28398  -0.26762   3.00000 20
  -0.07866  -1.40733   0.49978   0.31043   3.10000  1
  -0.15303  -1.42561   0.13341   0.26470   3.10000  2
  -0.02723  -1.07442  -0.03496  -0.06910   3.10000  3
  -0.13876  -1.88603   0.05205   0.42511   3.10000  4
  -0.12978  -1.39887  -0.12234   0.20989   3.10000  5
  -0.21355  -1.39587  -0.16422  -0.12686   3.10000  6
  -0.27553   1.42060  -0.03039   0.23289   3.10000  7
  -0.25193   1.47921   0.28132   0.13482   3.10000  8
   0.04493   0.64251  -0.22512   0.13322   3.10000  9
  -0.07442   0.51139   0.14390   0.37601   3.10000 10
  -0.00636   0.65245  -0.19962   0.17482   3.10000 11
   0.13105   0.56889  -0.07817   0.13379   3.10000 12
  -0.23307   1.38571  -0.33680  -0.66170   3.10000 13
  -0.15615   1.48633  -0.14916  -0.76581   3.10000 14
  -0.09007  -1.33967   0.32649  -0.01261   3.10000 15
  -0.04900  -1.41153  -0.02717  -0.87344   3.10000 16
  -0.00235  -1.33372  -0.63596   0.04084   3.10000 17
  -0.13148  -1.41239   0.00197   0.13652   3.10000 18
  -0.04839   1.34740   0.34210   0.13816   3.10000 19
  -0.06683   1.29332   0.22288  -0.20170   3.10000 20
  -0.03357  -1.37494   0.38796   0.32760   3.20000  1
  -0.13489  -1.39594   0.22448   0.31957   3.20000  2
  -0.03225  -1.08835  -0.06608  -0.21113   3.20000  3
  -0.13329  -1.83920   0.05766   0.51399   3.20000  4
  -0.13857  -1.37774  -0.04881   0.20674   3.20000  5
  -0.21983  -1.40795   0.03868  -0.10891   3.20000  6
  -0.27361   1.44264   0.06732   0.20001   3.20000  7
  -0.22121   1.48777   0.32637   0.03269   3.20000  8
   0.02131   0.65512  -0.24664   0.11945   3.20000  9
  -0.05725   0.55266   0.19897   0.45065   3.20000 10
  -0.02486   0.66878  -0.16972   0.15153   3.20000 11
   0.11915   0.58449  -0.16071   0.17841   3.20000 12
  -0.26353   1.32201  -0.26736  -0.60771   3.20000 13
  -0.17294   1.40587  -0.18164  -0.83160   3.20000 14
  -0.05970  -1.34635   0.26914  -0.11423   3.20000 15
  -0.05749  -1.49305  -0.13448  -0.73796   3.20000 16
  -0.07317  -1.33450  -0.76195  -0.06020   3.20000 17
  -0.12824  -1.39648   0.06276   0.17766   3.20000 18
  -0.01905   1.36115   0.24338   0.13173   3.20000 19
  -0.04763   1.27638   0.16068  -0.13829   3.20000 20
  -0.00305  -1.34331   0.21869   0.29921   3.30000  1
  -0.10986  -1.36337   0.26456   0.32348   3.30000  2
  -0.04057  -1.11705  -0.10086  -0.36542   3.30000  3
  -0.12717  -1.78263   0.06519   0.62092   3.30000  4
  -0.13930  -1.35832   0.03226   0.17867   3.30000  5
  -0.20621  -1.41652   0.22966  -0.05723   3.30000  6
  -0.26254   1.45939   0.15120   0.13152   3.30000  7
  -0.18783   1.48552   0.33735  -0.07660   3.30000  8
  -0.00416   0.66654  -0.26068   0.11030   3.30000  9
  -0.03489   0.60167   0.24551   0.52917   3.30000 10
  -0.04016   0.68279  -0.13513   0.12945   3.30000 11
   0.09872   0.60467  -0.24881   0.22599   3.30000 12
  -0.28600   1.26424  -0.18105  -0.54949   3.30000 13
  -0.19116   1.32228  -0.17690  -0.83271   3.30000 14
  -0.03844  -1.36068   0.14954  -0.16233   3.30000 15
  -0.07415  -1.55804  -0.19197  -0.56465   3.30000 16
  -0.14974  -1.34545  -0.74297  -0.15215   3.30000 17
  -0.11956  -1.37745   0.10553   0.19996   3.30000 18
   0.00027   1.37284   0.14395   0.09847   3.30000 19
  -0.03482   1.26526   0.09493  -0.08655   3.30000 20
   0.01010  -1.31593   0.04497   0.24516   3.40000  1
  -0.08394  -1.33288   0.24772   0.27984   3.40000  2
  -0.05248  -1.16210  -0.13714  -0.53967   3.40000  3
  -0.12018  -1.71414   0.07478   0.75354   3.40000  4
  -0.13270  -1.34260   0.09820   0.13367   3.40000  5
  -0.17534  -1.41851   0.37798   0.02007   3.40000  6
  -0.24383   1.46866   0.22151   0.05342   3.40000  7
  -0.15420   1.47290   0.33411  -0.17342   3.40000  8
  -0.03015   0.67764  -0.25459   0.11534   3.40000  9
  -0.00913   0.65798   0.26247   0.59176   3.40000 10
  -0.05159   0.69499  -0.09196   0.11711   3.40000 11
   0.06926   0.62995  -0.34016   0.28153   3.40000 12
  -0.29963   1.21161  -0.09119  -0.50585   3.40000 13
  -0.20762   1.24013  -0.15063  -0.80849   3.40000 14
  -0.03023  -1.37684   0.01502  -0.15180   3.40000 15
  -0.09490  -1.60696  -0.21921  -0.41854   3.40000 16
  -0.21731  -1.36315  -0.59372  -0.19350   3.40000 17
  -0.10810  -1.35731   0.12124   0.19869   3.40000 18
   0.01001   1.38043   0.05229   0.05239   3.40000 19
  -0.02868   1.25851   0.02830  -0.05126   3.40000 20
   0.00605  -1.29487  -0.12536   0.17217   3.50000  1
  -0.06106  -1.30829   0.20631   0.20813   3.50000  2
  -0.06780  -1.22581  -0.16688  -0.73671   3.50000  3
  -0.11228  -1.63130   0.08175   0.90310   3.50000  4
  -0.11962  -1.33173   0.16447   0.08364   3.50000  5
  -0.13255  -1.41231   0.46972   0.10455   3.50000  6
  -0.21842   1.47004   0.28633  -0.02603   3.50000  7
  -0.12105   1.45123   0.32901  -0.25847   3.50000  8
  -0.05412   0.69055  -0.22109   0.14744   3.50000  9
   0.01587   0.71854   0.22903   0.61214   3.50000 10
  -0.05833   0.70695  -0.04303   0.12639   3.50000 11
   0.03100   0.66146  -0.42201   0.35112   3.50000 12
  -0.30422   1.16248  -0.00066  -0.47978   3.50000 13
  -0.22121   1.16067  -0.12112  -0.78105   3.50000 14
  -0.03510  -1.38956  -0.10983  -0.09685   3.50000 15
  -0.11727  -1.64217  -0.22404  -0.28271   3.50000 16
  -0.26714  -1.38292  -0.40149  -0.19797   3.50000 17
  -0.09531  -1.33838   0.13537   0.17683   3.50000 18
   0.01092   1.38322  -0.03343   0.00322   3.50000 19
  -0.02898   1.25457  -0.03306  -0.02916   3.50000 20
  -0.01469  -1.28273  -0.28513   0.06216   3.60000  1
  -0.04359  -1.29235   0.13796   0.10272   3.60000  2
  -0.08493  -1.30860  -0.16847  -0.90314   3.60000  3
  -0.10408  -1.53370   0.08294   1.05201   3.60000  4
  -0.09971  -1.32597   0.23196   0.02901   3.60000  5
  -0.08304  -1.39745   0.50899   0.19275   3.60000  6
  -0.18662   1.46331   0.34954  -0.10963   3.60000  7
  -0.08835   1.42144   0.32497  -0.33639   3.60000  8
  -0.07397   0.70789  -0.17545   0.20251   3.60000  9
   0.03526   0.77941   0.15354   0.60297   3.60000 10
  -0.06052   0.72109  -0.00394   0.16044   3.60000 11
  -0.01424   0.70046  -0.47760   0.42890   3.60000 12
  -0.29977   1.11505   0.08953  -0.47187   3.60000 13
  -0.23178   1.08379  -0.08938  -0.75752   3.60000 14
  -0.05142  -1.39536  -0.21060  -0.01658   3.60000 15
  -0.13890  -1.66248  -0.20594  -0.12115   3.60000 16
  -0.29778  -1.40225  -0.21222  -0.18711   3.60000 17
  -0.08095  -1.32271   0.15064   0.12993   3.60000 18
   0.00342   1.38105  -0.11619  -0.04705   3.60000 19
  -0.03498   1.25248  -0.08516  -0.01296   3.60000 20
  -0.04915  -1.28418  -0.38969  -0.09691   3.70000  1
  -0.03429  -1.28929   0.04562  -0.04556   3.70000  2
  -0.09986  -1.40104  -0.12485  -0.91296   3.70000  3
  -0.09506  -1.41987   0.10219   1.21907   3.70000  4
  -0.07432  -1.32689   0.26679  -0.05037   3.70000  5
  -0.03421  -1.37442   0.44698   0.26075   3.70000  6
  -0.14855   1.44781   0.41138  -0.20254   3.70000  7
  -0.05621   1.38414   0.31584  -0.40836   3.70000  8
  -0.08939   0.73164  -0.13495   0.27545   3.70000  9
   0.04591   0.83911   0.05734   0.59196   3.70000 10
  -0.06011   0.73988   0.00578   0.21969   3.70000 11
  -0.06343   0.74695  -0.50031   0.49869   3.70000 12
  -0.28635   1.06751   0.17862  -0.48190   3.70000 13
  -0.23871   1.00894  -0.04611  -0.74072   3.70000 14
  -0.07545  -1.39274  -0.25827   0.06818   3.70000 15
  -0.15820  -1.66657  -0.17934   0.03777   3.70000 16
  -0.30970  -1.42003  -0.02663  -0.16657   3.70000 17
  -0.06583  -1.31420   0.14737   0.03340   3.70000 18
  -0.01213   1.37367  -0.19288  -0.10169   3.70000 19
  -0.04560   1.25196  -0.12488   0.00262   3.70000 20
  -0.08907  -1.30201  -0.39027  -0.24970   3.80000  1
  -0.03472  -1.30124  -0.05344  -0.18559   3.80000  2
  -0.11003  -1.48535  -0.08382  -0.76040   3.80000  3
  -0.08276  -1.29552   0.14452   1.22465   3.80000  4
  -0.04859  -1.33525   0.23667  -0.10600   3.80000  5
   0.00296  -1.34661   0.28644   0.29009   3.80000  6
  -0.10455   1.42230   0.46634  -0.31053   3.80000  7
  -0.02596   1.34015   0.28356  -0.46884   3.80000  8
  -0.10160   0.76361  -0.11330   0.36714   3.80000  9
   0.04641   0.89802  -0.04847   0.58712   3.80000 10
  -0.06071   0.76589  -0.02398   0.30427   3.80000 11
  -0.11317   0.79981  -0.49015   0.55754   3.80000 12
  -0.26405   1.01810   0.26783  -0.50897   3.80000 13
  -0.24018   0.93543   0.02183  -0.72999   3.80000 14
  -0.10043  -1.38186  -0.22984   0.14796   3.80000 15
  -0.17459  -1.65510  -0.14730   0.19161   3.80000 16
  -0.30328  -1.43518   0.15360  -0.13485   3.80000 17
  -0.05252  -1.31612   0.11362  -0.06497   3.80000 18
  -0.03445   1.36032  -0.24823  -0.16762   3.80000 19
  -0.05933   1.25298  -0.14559   0.01707   3.80000 20
  -0.12421  -1.33107  -0.30449  -0.32031   3.90000  1
  -0.04417  -1.32385  -0.12990  -0.25553   3.90000  2
  -0.11785  -1.55337  -0.07742  -0.60331   3.90000  3
  -0.06720  -1.18204   0.16009   1.03181   3.90000  4
  -0.02870  -1.34600   0.15517  -0.10404   3.90000  5
   0.02231  -1.31781   0.10093   0.27695   3.90000  6
  -0.05617   1.38512   0.49380  -0.43532   3.90000  7
  -0.00069   1.29095   0.21680  -0.51255   3.90000  8
  -0.11295   0.80557  -0.11842   0.47315   3.90000  9
   0.03603   0.95664  -0.15966   0.58565   3.90000 10
  -0.06596   0.80129  -0.08538   0.40535   3.90000 11
  -0.16095   0.85841  -0.46346   0.61228   3.90000 12
  -0.23261   0.96519   0.36239  -0.55118   3.90000 13
  -0.23313   0.86323   0.12449  -0.70753   3.90000 14
  -0.11987  -1.36413  -0.15498   0.19810   3.90000 15
  -0.18728  -1.62815  -0.10361   0.34767   3.90000 16
  -0.27926  -1.44683   0.32560  -0.09742   3.90000 17
  -0.04380  -1.32540   0.05871  -0.11515   3.90000 18
  -0.06039   1.33966  -0.26258  -0.24816   3.90000 19
  -0.07377   1.25499  -0.13808   0.01956   3.90000 20
  -0.14942  -1.36481  -0.19921  -0.35001   4.00000  1
  -0.05978  -1.35094  -0.17954  -0.28133   4.00000  2
  -0.12621  -1.60620  -0.09122  -0.45105   4.00000  3
  -0.05148  -1.08841   0.15263   0.84869   4.00000  4
  -0.01847  -1.35578   0.04584  -0.09193   4.00000  5
   0.02368  -1.29302  -0.06974   0.21100   4.00000  6
  -0.00768   1.33510   0.46637  -0.56415   4.00000  7
   0.01673   1.23801   0.12994  -0.54540   4.00000  8
  -0.12602   0.85796  -0.14381   0.57020   4.00000  9
   0.01453   1.01522  -0.26897   0.58671   4.00000 10
  -0.07847   0.84700  -0.16652   0.50723   4.00000 11
  -0.20477   0.92097  -0.40218   0.62944   4.00000 12
  -0.19148   0.90806   0.45675  -0.58281   4.00000 13
  -0.21508   0.79653   0.23178  -0.61205   4.00000 14
  -0.13110  -1.34439  -0.06931   0.18506   4.00000 15
  -0.19467  -1.58576  -0.04103   0.49785   4.00000 16
  -0.23838  -1.45446   0.49007  -0.05352   4.00000 17
  -0.04118  -1.33871  -0.00847  -0.15002   4.00000 18
  -0.08540   1.31013  -0.23146  -0.34533   4.00000 19
  -0.08596   1.25587  -0.10189  -0.00856   4.00000 20
  -0.16403  -1.40034  -0.09199  -0.35720   4.10000  1
  -0.07972  -1.37935  -0.21777  -0.28414   4.10000  2
  -0.13590  -1.64294  -0.09990  -0.28165   4.10000  3
  -0.03684  -1.01082   0.13982   0.70945   4.10000  4
  -0.02015  -1.36467  -0.08200  -0.08799   4.10000  5
   0.00924  -1.27692  -0.21483   0.10552   4.10000  6
   0.03542   1.27261   0.38840  -0.68374   4.10000  7
   0.02505   1.18180   0.03439  -0.57919   4.10000  8
  -0.14098   0.91817  -0.14776   0.62710   4.10000  9
  -0.01715   1.07428  -0.35952   0.59609   4.10000 10
  -0.09902   0.90200  -0.23882   0.58771   4.10000 11
  -0.23920   0.98294  -0.28003   0.60927   4.10000 12
  -0.14283   0.85191   0.50543  -0.52285   4.10000 13
  -0.18827   0.74261   0.29727  -0.46387   4.10000 14
  -0.13381  -1.32937   0.01439   0.10582   4.10000 15
  -0.19484  -1.52903   0.04197   0.63525   4.10000 16
  -0.18202  -1.45699   0.62964   0.00699   4.10000 17
  -0.04596  -1.35528  -0.08945  -0.18121   4.10000 18
  -0.10590   1.27007  -0.17624  -0.45793   4.10000 19
  -0.09371   1.25170  -0.05301  -0.08343   4.10000 20
  -0.16743  -1.43532   0.02619  -0.33396   4.20000  1
  -0.10291  -1.40737  -0.24146  -0.27330   4.20000  2
  -0.14554  -1.66245  -0.09010  -0.10928   4.20000  3
  -0.02356  -0.94550   0.12556   0.60113   4.20000  4
  -0.03524  -1.37394  -0.22042  -0.10052   4.20000  5
  -0.01851  -1.27292  -0.33626  -0.03032   4.20000  6
   0.06852   1.19887   0.26575  -0.78622   4.20000  7
   0.02295   1.12252  -0.07997  -0.60085   4.20000  8
  -0.15407   0.98301  -0.10892   0.67271   4.20000  9
  -0.05592   1.13430  -0.40862   0.59742   4.20000 10
  -0.12435   0.96396  -0.25842   0.65343   4.20000 11
  -0.26007   1.04334  -0.13415   0.60089   4.20000 12
  -0.09263   0.80554   0.49110  -0.40344   4.20000 13
  -0.15666   0.70343   0.33183  -0.32288   4.20000 14
  -0.12844  -1.32469   0.09120  -0.01730   4.20000 15
  -0.18495  -1.45920   0.16356   0.75388   4.20000 16
  -0.11501  -1.45198   0.69268   0.09868   4.20000 17
  -0.05945  -1.37495  -0.18120  -0.21187   4.20000 18
  -0.12044   1.21822  -0.11429  -0.58003   4.20000 19
  -0.09691   1.23750  -0.01407  -0.20817   4.20000 20
  -0.15860  -1.46469   0.14864  -0.24208   4.30000  1
  -0.12640  -1.43275  -0.21808  -0.22512   4.30000  2
  -0.15344  -1.66495  -0.06600   0.05882   4.30000  3
  -0.01173  -0.88988   0.11119   0.51429   4.30000  4
  -0.06383  -1.38526  -0.34492  -0.12572   4.30000  5
  -0.05718  -1.28399  -0.43183  -0.19564   4.30000  6
   0.08723   1.11698   0.10473  -0.84214   4.30000  7
   0.00862   1.06312  -0.20641  -0.58001   4.30000  8
  -0.16199   1.05343  -0.04620   0.73656   4.30000  9
  -0.09801   1.19105  -0.43060   0.52029   4.30000 10
  -0.14911   1.03349  -0.22949   0.73922   4.30000 11
  -0.26530   1.10319   0.03360   0.59404   4.30000 12
  -0.04527   0.77059   0.45474  -0.29888   4.30000 13
  -0.12223   0.67738   0.35605  -0.20086   4.30000 14
  -0.11619  -1.33337   0.14890  -0.15579   4.30000 15
  -0.16105  -1.38134   0.31412   0.78173   4.30000 16
  -0.04784  -1.43677   0.62755   0.20242   4.30000 17
  -0.08181  -1.39728  -0.25992  -0.22918   4.30000 18
  -0.12902   1.15443  -0.06187  -0.68843   4.30000 19
  -0.09748   1.20898  -0.00421  -0.36353   4.30000 20
  -0.13873  -1.48235   0.24013  -0.10784   4.40000  1
  -0.14472  -1.45092  -0.14281  -0.13559   4.40000  2
  -0.15848  -1.65063  -0.03360   0.22891   4.40000  3
  -0.00130  -0.84213   0.09769   0.44278   4.40000  4
  -0.10189  -1.39841  -0.40151  -0.13346   4.40000  5
  -0.10325  -1.31249  -0.47702  -0.37120   4.40000  6
   0.08937   1.03216  -0.05978  -0.84738   4.40000  7
  -0.01769   1.00791  -0.31320  -0.51863   4.40000  8
  -0.16299   1.12917   0.02404   0.76395   4.40000  9
  -0.14139   1.23528  -0.43365   0.35593   4.40000 10
  -0.16901   1.11105  -0.16457   0.79951   4.40000 11
  -0.25283   1.16109   0.21506   0.55697   4.40000 12
  -0.00183   0.74528   0.41319  -0.20880   4.40000 13
  -0.08551   0.66288   0.37826  -0.09014   4.40000 14
  -0.10008  -1.35493   0.16442  -0.26763   4.40000 15
  -0.12379  -1.30747   0.41509   0.67502   4.40000 16
   0.00664  -1.41311   0.45072   0.26077   4.40000 17
  -0.10950  -1.41913  -0.28352  -0.20108   4.40000 18
  -0.13413   1.08353  -0.04374  -0.70713   4.40000 19
  -0.09952   1.16557  -0.04522  -0.49496   4.40000 20
  -0.11291  -1.48610   0.26240   0.03117   4.50000  1
  -0.15450  -1.45996  -0.05308  -0.04731   4.50000  2
  -0.15995  -1.61877   0.00508   0.41089   4.50000  3
   0.00786  -0.80096   0.08583   0.38210   4.50000  4
  -0.14124  -1.41180  -0.37323  -0.13698   4.50000  5
  -0.14940  -1.35663  -0.43162  -0.50405   4.50000  6
   0.07609   0.94844  -0.20081  -0.82499   4.50000  7
  -0.05232   0.95987  -0.37100  -0.44303   4.50000  8
  -0.15859   1.20305   0.05363   0.70370   4.50000  9
  -0.18415   1.26200  -0.41708   0.18252   4.50000 10
  -0.18205   1.19018  -0.10046   0.77167   4.50000 11
  -0.22329   1.21337   0.36626   0.48533   4.50000 12
   0.03710   0.72868   0.36357  -0.12350   4.50000 13
  -0.04664   0.65929   0.39840   0.01861   4.50000 14
  -0.08522  -1.38539   0.12350  -0.33620   4.50000 15
  -0.08162  -1.24902   0.41568   0.49151   4.50000 16
   0.04161  -1.38648   0.25020   0.26433   4.50000 17
  -0.13677  -1.43701  -0.25518  -0.15738   4.50000 18
  -0.13723   1.01657  -0.01285  -0.62929   4.50000 19
  -0.10740   1.11304  -0.10924  -0.53909   4.50000 20
  -0.08895  -1.47699   0.20525   0.14397   4.60000  1
  -0.15586  -1.46105   0.02141   0.02047   4.60000  2
  -0.15730  -1.56785   0.04808   0.60959   4.60000  3
   0.01593  -0.76546   0.07590   0.32905   4.60000  4
  -0.17464  -1.42651  -0.28778  -0.16045   4.60000  5
  -0.18756  -1.41203  -0.32377  -0.59541   4.60000  6
   0.05023   0.86716  -0.31096  -0.80147   4.60000  7
  -0.09035   0.91887  -0.38256  -0.37948   4.60000  8
  -0.15410   1.26910   0.03029   0.61616   4.60000  9
  -0.22325   1.27345  -0.35565   0.05853   4.60000 10
  -0.19003   1.26421  -0.06219   0.70524   4.60000 11
  -0.18240   1.25807   0.43484   0.41033   4.60000 12
   0.07041   0.72052   0.29953  -0.04023   4.60000 13
  -0.00607   0.66675   0.41096   0.13170   4.60000 14
  -0.07687  -1.42128   0.03821  -0.37697   4.60000 15
  -0.04174  -1.20839   0.38020   0.32644   4.60000 16
   0.05733  -1.36138   0.06808   0.23324   4.60000 17
  -0.15952  -1.45096  -0.19597  -0.12396   4.60000 18
  -0.13599   0.95691   0.03921  -0.56918   4.60000 19
  -0.11988   1.05924  -0.13305  -0.53757   4.60000 20
  -0.07356  -1.45910   0.09749   0.20425   4.70000  1
  -0.15126  -1.45718   0.06579   0.05015   4.70000  2
  -0.15058  -1.49734   0.08315   0.78734   4.70000  3
   0.02310  -0.73497   0.06770   0.28146   4.70000  4
  -0.19767  -1.44423  -0.16805  -0.19307   4.70000  5
  -0.21281  -1.47311  -0.17602  -0.60806   4.70000  6
   0.01523   0.78805  -0.38043  -0.77910   4.70000  7
  -0.12752   0.88346  -0.35456  -0.33120   4.70000  8
  -0.15291   1.32625  -0.00549   0.52735   4.70000  9
  -0.25387   1.27625  -0.25428   0.00760   4.70000 10
  -0.19470   1.33056  -0.03100   0.61917   4.70000 11
  -0.13939   1.29602   0.41411   0.35222   4.70000 12
   0.09625   0.72036   0.21305   0.03414   4.70000 13
   0.03490   0.68576   0.40336   0.24785   4.70000 14
  -0.07833  -1.45950  -0.06974  -0.37777   4.70000 15
  -0.00573  -1.18281   0.33925   0.18866   4.70000 16
   0.05599  -1.34045  -0.09148   0.18314   4.70000 17
  -0.17537  -1.46221  -0.11847  -0.10170   4.70000 18
  -0.12946   0.90185   0.08956  -0.53522   4.70000 19
  -0.13292   1.00473  -0.12394  -0.55720   4.70000 20
  -0.06987  -1.43778  -0.02310   0.21636   4.80000  1
  -0.14344  -1.45183   0.08801   0.05592   4.80000  2
  -0.14126  -1.41614   0.10282   0.80252   4.80000  3
   0.02951  -0.70904   0.06070   0.23783   4.80000  4
  -0.20754  -1.46417  -0.02783  -0.19813   4.80000  5
  -0.22262  -1.52961  -0.02438  -0.50624   4.80000  6
  -0.02388   0.71259  -0.39315  -0.72008   4.80000  7
  -0.16009   0.85217  -0.29191  -0.29676   4.80000  8
  -0.15474   1.37480  -0.02844   0.44535   4.80000  9
  -0.27427   1.27631  -0.15610  -0.00259   4.80000 10
  -0.19613   1.38786   0.00272   0.52726   4.80000 11
  -0.10096   1.32922   0.35085   0.31479   4.80000 12
   0.11235   0.72653   0.10747   0.08506   4.80000 13
   0.07310   0.71546   0.35256   0.33731   4.80000 14
  -0.09079  -1.49423  -0.17615  -0.30346   4.80000 15
   0.02586  -1.17019   0.29065   0.06542   4.80000 16
   0.03963  -1.32509  -0.23329   0.12285   4.80000 17
  -0.18275  -1.47094  -0.02782  -0.06962   4.80000 18
  -0.11862   0.84945   0.12414  -0.51388   4.80000 19
  -0.14411   0.94702  -0.09774  -0.59990   4.80000 20
  -0.07762  -1.41656  -0.12720   0.20558   4.90000  1
  -0.13410  -1.44600   0.09647   0.06040   4.90000  2
  -0.12972  -1.34114   0.13020   0.68874   4.90000  3
   0.03526  -0.68731   0.05425   0.19714   4.90000  4
  -0.20346  -1.48256   0.10653  -0.16533   4.90000  5
  -0.21883  -1.57275   0.09483  -0.35303   4.90000  6
  -0.06260   0.64566  -0.38058  -0.61435   4.90000  7
  -0.18518   0.82368  -0.20738  -0.27513   4.90000  8
  -0.15815   1.41572  -0.03799   0.37509   4.90000  9
  -0.28563   1.27617  -0.07388   0.00109   4.90000 10
  -0.19414   1.43621   0.03681   0.44101   4.90000 11
  -0.06957   1.35941   0.27646   0.29046   4.90000 12
   0.11786   0.73684   0.00453   0.12007   4.90000 13
   0.10438   0.75140   0.27064   0.37416   4.90000 14
  -0.11254  -1.51848  -0.25337  -0.17802   4.90000 15
   0.05187  -1.16944   0.22642  -0.04916   4.90000 16
   0.00979  -1.31614  -0.36123   0.05478   4.90000 17
  -0.18096  -1.47581   0.06263  -0.02792   4.90000 18
  -0.10518   0.79902   0.14235  -0.49417   4.90000 19
  -0.15210   0.88445  -0.06048  -0.65140   4.90000 20
  -0.09418  -1.39718  -0.19751   0.17907   5.00000  1
  -0.12461  -1.43984   0.09086   0.06269   5.00000  2
  -0.11494  -1.27905   0.16538   0.55183   5.00000  3
   0.04036  -0.66953   0.04775   0.15878   5.00000  4
  -0.18697  -1.49656   0.21850  -0.11147   5.00000  5
  -0.20459  -1.59980   0.18555  -0.18639   5.00000  6
  -0.09997   0.58998  -0.36652  -0.49944   5.00000  7
  -0.20129   0.79666  -0.11415  -0.26820   5.00000  8
  -0.16202   1.45021  -0.03797   0.31649   5.00000  9
  -0.28950   1.27669  -0.00528   0.00983   5.00000 10
  -0.18885   1.47630   0.06847   0.36172   5.00000 11
  -0.04565   1.38754   0.20243   0.27290   5.00000 12
   0.11366   0.75042  -0.08658   0.15067   5.00000 13
   0.12692   0.78910   0.17917   0.37495   5.00000 14
  -0.14023  -1.52965  -0.29283  -0.04602   5.00000 15
   0.07044  -1.17968   0.14153  -0.15348   5.00000 16
  -0.03207  -1.31443  -0.47183  -0.02200   5.00000 17
  -0.17059  -1.47665   0.14190   0.01066   5.00000 18
  -0.09060   0.75080   0.14695  -0.46891   5.00000 19
  -0.15596   0.81705  -0.01583  -0.69369   5.00000 20
  -0.11570  -1.38141  -0.22576   0.13278   5.10000  1
  -0.11647  -1.43344   0.06917   0.06564   5.10000  2
  -0.09706  -1.23106   0.18836   0.40665   5.10000  3
   0.04480  -0.65549   0.04084   0.12240   5.10000  4
  -0.16109  -1.50417   0.29045  -0.03704   5.10000  5
  -0.18261  -1.60971   0.24926  -0.01028   5.10000  6
  -0.13574   0.54566  -0.34775  -0.38773   5.10000  7
  -0.20800   0.76942  -0.02052  -0.27955   5.10000  8
  -0.16548   1.47932  -0.02998   0.26711   5.10000  9
  -0.28701   1.27823   0.05355   0.02135   5.10000 10
  -0.18058   1.50873   0.09612   0.28777   5.10000 11
  -0.02898   1.41411   0.13135   0.25898   5.10000 12
   0.10091   0.76671  -0.16661   0.17314   5.10000 13
   0.14020   0.82556   0.08697   0.35103   5.10000 14
  -0.16919  -1.52800  -0.27488   0.07689   5.10000 15
   0.07955  -1.19968   0.03779  -0.24415   5.10000 16
  -0.08330  -1.32085  -0.54367  -0.10867   5.10000 17
  -0.15337  -1.47363   0.19741   0.05077   5.10000 18
  -0.07630   0.70552   0.13620  -0.43548   5.10000 19
  -0.15517   0.74655   0.03170  -0.71161   5.10000 20
  -0.13795  -1.37130  -0.21311   0.06647   5.20000  1
  -0.11132  -1.42671   0.03163   0.06840   5.20000  2
  -0.07810  -1.19777   0.18758   0.25987   5.20000  3
   0.04851  -0.64499   0.03339   0.08775   5.20000  4
  -0.13083  -1.50321   0.30495   0.05947   5.20000  5
  -0.15571  -1.60159   0.28394   0.17368   5.20000  6
  -0.16922   0.51227  -0.32000  -0.28092   5.20000  7
  -0.20558   0.74021   0.06757  -0.30680   5.20000  8
  -0.16776   1.50384  -0.01414   0.22394   5.20000  9
  -0.27901   1.28103   0.10558   0.03507   5.20000 10
  -0.16979   1.53398   0.11893   0.21761   5.20000 11
  -0.01929   1.43940   0.06270   0.24720   5.20000 12
   0.08073   0.78451  -0.23455   0.18002   5.20000 13
   0.14454   0.85889   0.00119   0.31441   5.20000 14
  -0.19287  -1.51479  -0.18887   0.18502   5.20000 15
   0.07755  -1.22805  -0.07960  -0.32138   5.20000 16
  -0.13849  -1.33674  -0.54710  -0.21144   5.20000 17
  -0.13237  -1.46619   0.21564   0.09933   5.20000 18
  -0.06394   0.66391   0.10806  -0.39602   5.20000 19
  -0.14971   0.67567   0.07620  -0.70170   5.20000 20
  -0.15730  -1.36865  -0.16933  -0.01557   5.30000  1
  -0.11042  -1.42000  -0.01352   0.06403   5.30000  2
  -0.06000  -1.17893   0.17255   0.11733   5.30000  3
   0.05146  -0.63789   0.02548   0.05460   5.30000  4
  -0.10189  -1.49189   0.26622   0.16722   5.30000  5
  -0.12673  -1.57480   0.29127   0.36278   5.30000  6
  -0.19931   0.48927  -0.27904  -0.18040   5.30000  7
  -0.19478   0.70780   0.14661  -0.34190   5.30000  8
  -0.16805   1.52422   0.00968   0.18401   5.30000  9
  -0.26605   1.28531   0.15288   0.05094   5.30000 10
  -0.15697   1.55235   0.13674   0.15038   5.30000 11
  -0.01640   1.46359  -0.00484   0.23679   5.30000 12
   0.05453   0.80217  -0.28669   0.17092   5.30000 13
   0.14073   0.88834  -0.07591   0.27452   5.30000 14
  -0.20553  -1.49131  -0.06001   0.28342   5.30000 15
   0.06329  -1.26366  -0.20726  -0.38988   5.30000 16
  -0.19000  -1.36318  -0.46994  -0.31424   5.30000 17
  -0.11165  -1.45366   0.19233   0.15050   5.30000 18
  -0.05523   0.62633   0.06380  -0.35606   5.30000 19
  -0.14032   0.60695   0.10900  -0.66937   5.30000 20
  -0.17098  -1.37464  -0.09982  -0.10375   5.40000  1
  -0.11367  -1.41418  -0.04822   0.05181   5.40000  2
  -0.04395  -1.17434   0.14644  -0.02632   5.40000  3
   0.05360  -0.63403   0.01725   0.02263   5.40000  4
  -0.07883  -1.46995   0.19026   0.26976   5.40000  5
  -0.09842  -1.52900   0.26936   0.55218   5.40000  6
  -0.22445   0.47581  -0.22083  -0.09135   5.40000  7
  -0.17664   0.67180   0.21398  -0.37782   5.40000  8
  -0.16556   1.54066   0.04120   0.14464   5.40000  9
  -0.24855   1.29129   0.19672   0.06911   5.40000 10
  -0.14259   1.56414   0.15002   0.08570   5.40000 11
  -0.02027   1.48678  -0.07257   0.22714   5.40000 12
   0.02397   0.81835  -0.32173   0.15153   5.40000 13
   0.12962   0.91385  -0.14493   0.23620   5.40000 14
  -0.20444  -1.45834   0.08228   0.37342   5.40000 15
   0.03572  -1.30602  -0.34651  -0.45817   5.40000 16
  -0.23015  -1.39828  -0.32343  -0.37823   5.40000 17
  -0.09491  -1.43648   0.13935   0.19070   5.40000 18
  -0.05155   0.59253   0.00848  -0.32114   5.40000 19
  -0.12856   0.54242   0.12272  -0.61804   5.40000 20
  -0.17626  -1.38882  -0.00025  -0.17368   5.50000  1
  -0.11910  -1.40946  -0.05442   0.04563   5.50000  2
  -0.03123  -1.18444   0.10486  -0.17749   5.50000  3
   0.05490  -0.63334   0.00882  -0.00861   5.50000  4
  -0.06448  -1.43841   0.09483   0.35833   5.50000  5
  -0.07409  -1.46506   0.21086   0.71905   5.50000  6
  -0.24292   0.47039  -0.14638  -0.02040   5.50000  7
  -0.15252   0.63234   0.26524  -0.41077   5.50000  8
  -0.15958   1.55309   0.07952   0.10367   5.50000  9
  -0.22681   1.29922   0.23763   0.08999   5.50000 10
  -0.12709   1.56958   0.15932   0.02367   5.50000 11
  -0.03094   1.50901  -0.14087   0.21727   5.50000 12
  -0.00928   0.83233  -0.34078   0.12769   5.50000 13
   0.11198   0.93570  -0.20693   0.20140   5.50000 14
  -0.18923  -1.41779   0.22087   0.42793   5.50000 15
  -0.00661  -1.35551  -0.50318  -0.53177   5.50000 16
  -0.25324  -1.43635  -0.13407  -0.36906   5.50000 17
  -0.08406  -1.41595   0.07768   0.21840   5.50000 18
  -0.05369   0.56186  -0.05142  -0.29331   5.50000 19
  -0.11638   0.48397   0.11867  -0.54793   5.50000 20
  -0.16999  -1.40729   0.12871  -0.18214   5.60000  1
  -0.12334  -1.40412  -0.02552   0.06628   5.60000  2
  -0.02369  -1.21029   0.04176  -0.34206   5.60000  3
   0.05535  -0.63575   0.00017  -0.03974   5.60000  4
  -0.06020  -1.39926  -0.01145   0.41621   5.60000  5
  -0.05756  -1.38813   0.11281   0.79575   5.60000  6
  -0.25338   0.47108  -0.06162   0.03102   5.60000  7
  -0.12433   0.58978   0.29452  -0.43981   5.60000  8
  -0.14950   1.56129   0.12267   0.05966   5.60000  9
  -0.20113   1.30941   0.27529   0.11433   5.60000 10
  -0.11089   1.56899   0.16385  -0.03463   5.60000 11
  -0.04839   1.53015  -0.20726   0.20469   5.60000 12
  -0.04370   0.84391  -0.34520   0.10425   5.60000 13
   0.08845   0.95428  -0.26264   0.17094   5.60000 14
  -0.16044  -1.37507   0.35299   0.41425   5.60000 15
  -0.06479  -1.41086  -0.65029  -0.55283   5.60000 16
  -0.25683  -1.46961   0.06002  -0.28709   5.60000 17
  -0.07934  -1.39312   0.01578   0.23566   5.60000 18
  -0.06178   0.53366  -0.10950  -0.27151   5.60000 19
  -0.10515   0.43332   0.10494  -0.46322   5.60000 20
  -0.15085  -1.42276   0.24655  -0.11790   5.70000  1
  -0.12379  -1.39551   0.01606   0.10745   5.70000  2
  -0.02391  -1.25332  -0.05263  -0.51862   5.70000  3
   0.05493  -0.64131  -0.00881  -0.07161   5.70000  4
  -0.06692  -1.35714  -0.11934   0.41845   5.70000  5
  -0.05221  -1.31085  -0.00251   0.73251   5.70000  6
  -0.25508   0.47601   0.02815   0.06496   5.70000  7
  -0.09454   0.54454   0.29621  -0.46406   5.70000  8
  -0.13503   1.56492   0.16605   0.01256   5.70000  9
  -0.17191   1.32224   0.30822   0.14323   5.70000 10
  -0.09464   1.56289   0.15884  -0.08572   5.70000 11
  -0.07201   1.54966  -0.26186   0.18331   5.70000 12
  -0.07792   0.85334  -0.33757   0.08544   5.70000 13
   0.05964   0.97005  -0.31242   0.14543   5.70000 14
  -0.11994  -1.33713   0.44541   0.33816   5.70000 15
  -0.13267  -1.46043  -0.68539  -0.42110   5.70000 16
  -0.24185  -1.49251   0.23603  -0.16662   5.70000 17
  -0.08117  -1.36930  -0.05153   0.24003   5.70000 18
  -0.07526   0.50739  -0.15746  -0.25503   5.70000 19
  -0.09549   0.39158   0.08798  -0.37088   5.70000 20
  -0.12308  -1.42951   0.29673  -0.01202   5.80000  1
  -0.12022  -1.38245   0.05578   0.15412   5.80000  2
  -0.03554  -1.31228  -0.18360  -0.64197   5.80000  3
   0.05357  -0.65013  -0.01832  -0.10520   5.80000  4
  -0.08233  -1.31694  -0.17716   0.37701   5.80000  5
  -0.05670  -1.24450  -0.08021   0.58214   5.80000  6
  -0.24772   0.48354   0.11886   0.08288   5.80000  7
  -0.06616   0.49728   0.26620  -0.47911   5.80000  8
  -0.11662   1.56377   0.19919  -0.03545   5.80000  9
  -0.13973   1.33824   0.33367   0.17787   5.80000 10
  -0.07970   1.55226   0.13674  -0.12468   5.80000 11
  -0.09971   1.56620  -0.28527   0.14387   5.80000 12
  -0.11093   0.86121  -0.32148   0.07317   5.80000 13
   0.02616   0.98354  -0.35622   0.12526   5.80000 14
  -0.07411  -1.30763   0.45536   0.25215   5.80000 15
  -0.19836  -1.49437  -0.61527  -0.26133   5.80000 16
  -0.21059  -1.50228   0.38158  -0.02639   5.80000 17
  -0.08871  -1.34520  -0.09217   0.23967   5.80000 18
  -0.09258   0.48241  -0.18506  -0.24595   5.80000 19
  -0.08756   0.35923   0.07065  -0.27606   5.80000 20
  -0.09338  -1.42445   0.28998   0.11407   5.90000  1
  -0.11249  -1.36493   0.09850   0.19268   5.90000  2
  -0.06021  -1.37713  -0.30229  -0.63498   5.90000  3
   0.05123  -0.66244  -0.02862  -0.14143   5.90000  4
  -0.10015  -1.28360  -0.17090   0.28281   5.90000  5
  -0.06708  -1.19570  -0.12239   0.39327   5.90000  6
  -0.23143   0.49206   0.20571   0.08479   5.90000  7
  -0.04220   0.44916   0.20949  -0.48112   5.90000  8
  -0.09597   1.55788   0.20961  -0.08207   5.90000  9
  -0.10554   1.35803   0.34793   0.21902   5.90000 10
  -0.06780   1.53833   0.09972  -0.15278   5.90000 11
  -0.12757   1.57775  -0.26507   0.08437   5.90000 12
  -0.14203   0.86818  -0.29983   0.06707   5.90000 13
  -0.01138   0.99527  -0.39344   0.11010   5.90000 14
  -0.03230  -1.28681   0.36630   0.16421   5.90000 15
  -0.25376  -1.51370  -0.48708  -0.12986   5.90000 16
  -0.16760  -1.49745   0.46872   0.12489   5.90000 17
  -0.09813  -1.32236  -0.09061   0.21092   5.90000 18
  -0.11150   0.45795  -0.19006  -0.24393   5.90000 19
  -0.08133   0.33634   0.05433  -0.18203   5.90000 20
  -0.06650  -1.40728   0.24046   0.22368   6.00000  1
  -0.10102  -1.34490   0.12719   0.20388   6.00000  2
  -0.09381  -1.43635  -0.35697  -0.53878   6.00000  3
   0.04782  -0.67853  -0.03993  -0.18115   6.00000  4
  -0.11536  -1.26097  -0.12905   0.16970   6.00000  5
  -0.08035  -1.16552  -0.13970   0.21230   6.00000  6
  -0.20695   0.49992   0.28140   0.06938   6.00000  7
  -0.02469   0.40145   0.13967  -0.47120   6.00000  8
  -0.07544   1.54732   0.19836  -0.12959   6.00000  9
  -0.07065   1.38227   0.34710   0.26666   6.00000 10
  -0.05982   1.52183   0.06055  -0.17700   6.00000 11
  -0.15164   1.58274  -0.21251   0.01482   6.00000 12
  -0.17077   0.87480  -0.27431   0.06615   6.00000 13
  -0.05227   1.00568  -0.42299   0.09840   6.00000 14
  -0.00264  -1.27444   0.22273   0.08568   6.00000 15
  -0.29558  -1.52117  -0.35073  -0.02324   6.00000 16
  -0.11821  -1.47688   0.51240   0.28737   6.00000 17
  -0.10610  -1.30391  -0.06584   0.15643   6.00000 18
  -0.13003   0.43364  -0.17779  -0.24147   6.00000 19
  -0.07663   0.32269   0.03995  -0.09201   6.00000 20
  -0.04631  -1.38075   0.16110   0.30403   6.10000  1
  -0.08773  -1.32453   0.13618   0.20319   6.10000  2
  -0.12905  -1.48324  -0.33860  -0.39383   6.10000  3
   0.04321  -0.69881  -0.05235  -0.22522   6.10000  4
  -0.12523  -1.24941  -0.06512   0.06341   6.10000  5
  -0.09441  -1.15294  -0.13848   0.04018   6.10000  6
  -0.17586   0.50536   0.33621   0.03691   6.10000  7
  -0.01437   0.35531   0.06667  -0.44918   6.10000  8
  -0.05666   1.53184   0.17598  -0.18064   6.10000  9
  -0.03677   1.41150   0.32676   0.31782   6.10000 10
  -0.05539   1.50295   0.03045  -0.20018   6.10000 11
  -0.16960   1.58071  -0.14523  -0.05504   6.10000 12
  -0.19680   0.88157  -0.24600   0.07006   6.10000 13
  -0.09569   1.01499  -0.44387   0.08783   6.10000 14
   0.01190  -1.26929   0.06740   0.01851   6.10000 15
  -0.32430  -1.51896  -0.22552   0.06485   6.10000 16
  -0.06707  -1.44042   0.49910   0.43761   6.10000 17
  -0.11074  -1.29101  -0.02410   0.10322   6.10000 18
  -0.14649   0.40989  -0.14831  -0.23217   6.10000 19
  -0.07326   0.31763   0.02775  -0.01136   6.10000 20
  -0.03431  -1.34671   0.07979   0.37602   6.20000  1
  -0.07408  -1.30419   0.13558   0.20411   6.20000  2
  -0.16080  -1.51494  -0.29640  -0.24200   6.20000  3
   0.03731  -0.72376  -0.06589  -0.27474   6.20000  4
  -0.12777  -1.24780   0.01729  -0.02809   6.20000  5
  -0.10740  -1.15741  -0.11754  -0.12952   6.20000  6
  -0.14059   0.50691   0.36490  -0.00730   6.20000  7
  -0.01126   0.31216  -0.00351  -0.41095   6.20000  8
  -0.04034   1.51119   0.15049  -0.23130   6.20000  9
  -0.00614   1.44553   0.28143   0.35912   6.20000 10
  -0.05317   1.48203   0.01686  -0.21605   6.20000 11
  -0.18051   1.57187  -0.07256  -0.12106   6.20000 12
  -0.21992   0.88899  -0.21618   0.07933   6.20000 13
  -0.14074   1.02322  -0.45559   0.07646   6.20000 14
   0.01082  -1.27054  -0.08856  -0.04226   6.20000 15
  -0.34094  -1.50863  -0.10809   0.14011   6.20000 16
  -0.02031  -1.38998   0.42792   0.56914   6.20000 17
  -0.11034  -1.28280   0.03465   0.06390   6.20000 18
  -0.15907   0.38739  -0.10072  -0.21729   6.20000 19
  -0.07106   0.31985   0.01613   0.05237   6.20000 20
  -0.03020  -1.30586   0.00262   0.43733   6.30000  1
  -0.06087  -1.28365   0.12664   0.20659   6.30000  2
  -0.18856  -1.53212  -0.25983  -0.10353   6.30000  3
   0.03000  -0.75400  -0.08045  -0.33145   6.30000  4
  -0.12127  -1.25426   0.11436  -0.09624   6.30000  5
  -0.11699  -1.17881  -0.06853  -0.29739   6.30000  6
  -0.10364   0.50372   0.37065  -0.05694   6.30000  7
  -0.01478   0.27374  -0.06508  -0.35459   6.30000  8
  -0.02652   1.48605   0.12602  -0.26769   6.30000  9
   0.01869   1.48211   0.21231   0.36483   6.30000 10
  -0.05147   1.46036   0.01897  -0.21388   6.30000 11
  -0.18406   1.55667   0.00185  -0.18205   6.30000 12
  -0.24005   0.89764  -0.18669   0.09470   6.30000 13
  -0.18649   1.03023  -0.45771   0.06349   6.30000 14
  -0.00546  -1.27721  -0.23284  -0.08510   6.30000 15
  -0.34600  -1.49123   0.00691   0.20672   6.30000 16
   0.01678  -1.32736   0.30406   0.67561   6.30000 17
  -0.10340  -1.27753   0.10507   0.04536   6.30000 18
  -0.16619   0.36649  -0.04009  -0.20070   6.30000 19
  -0.07013   0.32739   0.00175   0.09493   6.30000 20
  -0.03384  -1.26061  -0.07546   0.45719   6.40000  1
  -0.04938  -1.26304   0.09898   0.20381   6.40000  2
  -0.21285  -1.53589  -0.22579   0.02762   6.40000  3
   0.02119  -0.79039  -0.09584  -0.39832   6.40000  4
  -0.10485  -1.26576   0.21161  -0.12588   6.40000  5
  -0.11976  -1.21618   0.01979  -0.44195   6.40000  6
  -0.06705   0.49544   0.35861  -0.10893   6.40000  7
  -0.02386   0.24167  -0.11439  -0.28534   6.40000  8
  -0.01521   1.45857   0.09907  -0.27770   6.40000  9
   0.03609   1.51692   0.13602   0.32499   6.40000 10
  -0.04923   1.43977   0.02574  -0.19635   6.40000 11
  -0.18014   1.53563   0.07632  -0.23787   6.40000 12
  -0.25734   0.90814  -0.15973   0.11639   6.40000 13
  -0.23194   1.03586  -0.44951   0.04905   6.40000 14
  -0.03437  -1.28556  -0.33667  -0.06987   6.40000 15
  -0.33948  -1.46747   0.12412   0.26772   6.40000 16
   0.03862  -1.25735   0.12639   0.70879   6.40000 17
  -0.08948  -1.27292   0.17023   0.05040   6.40000 18
  -0.16689   0.34728   0.02675  -0.18338   6.40000 19
  -0.07084   0.33824  -0.01624   0.11963   6.40000 20
  -0.04489  -1.21706  -0.14012   0.40044   6.50000  1
  -0.04200  -1.24347   0.04480   0.18389   6.50000  2
  -0.23353  -1.52659  -0.18597   0.15869   6.50000  3
   0.01081  -0.83416  -0.11200  -0.48019   6.50000  4
  -0.08022  -1.27771   0.27028  -0.10467   6.50000  5
  -0.11215  -1.26440   0.13161  -0.50304   6.50000  6
  -0.03243   0.48192   0.33133  -0.16142   6.50000  7
  -0.03726   0.21686  -0.15162  -0.21023   6.50000  8
  -0.00700   1.43113   0.06372  -0.26918   6.50000  9
   0.04618   1.54624   0.06761   0.25883   6.50000 10
  -0.04645   1.42122   0.02913  -0.17477   6.50000 11
  -0.16883   1.50925   0.14977  -0.28887   6.50000 12
  -0.27215   0.92110  -0.13744   0.14361   6.50000 13
  -0.27602   1.04001  -0.43014   0.03368   6.50000 14
  -0.07077  -1.28927  -0.37951  -0.00028   6.50000 15
  -0.32097  -1.43780   0.24755   0.32534   6.50000 16
   0.04179  -1.18869  -0.05924   0.65169   6.50000 17
  -0.07057  -1.26696   0.19937   0.06966   6.50000 18
  -0.16082   0.32987   0.09437  -0.16439   6.50000 19
  -0.07336   0.35088  -0.03347   0.13122   6.50000 20
  -0.06032  -1.18245  -0.16079   0.28717   6.60000  1
  -0.04075  -1.22691  -0.01941   0.14531   6.60000  2
  -0.24952  -1.50403  -0.13040   0.29326   6.60000  3
  -0.00125  -0.88717  -0.12956  -0.58450   6.60000  4
  -0.05342  -1.28540   0.25300  -0.04487   6.60000  5
  -0.09496  -1.31272   0.20033  -0.44593   6.60000  6
  -0.00127   0.46324   0.28933  -0.21135   6.60000  7
  -0.05383   0.19970  -0.17814  -0.13287   6.60000  8
  -0.00275   1.40498   0.02007  -0.25312   6.60000  9
   0.04998   1.56841   0.01009   0.18385   6.60000 10
  -0.04359   1.40474   0.02696  -0.15546   6.60000 11
  -0.15026   1.47800   0.22116  -0.33541   6.60000 12
  -0.28503   0.93699  -0.12123   0.17461   6.60000 13
  -0.31758   1.04261  -0.39916   0.01846   6.60000 14
  -0.10759  -1.28587  -0.34409   0.06368   6.60000 15
  -0.28967  -1.40245   0.37984   0.38175   6.60000 16
   0.02811  -1.12883  -0.20660   0.54000   6.60000 17
  -0.05148  -1.25904   0.17392   0.08805   6.60000 18
  -0.14815   0.31448   0.15796  -0.14285   6.60000 19
  -0.07728   0.36407  -0.04328   0.13023   6.60000 20
  -0.07583  -1.15976  -0.14526   0.16779   6.70000  1
  -0.04561  -1.21457  -0.07627   0.10179   6.70000  2
  -0.25873  -1.46788  -0.04875   0.42956   6.70000  3
  -0.01522  -0.95214  -0.15076  -0.72098   6.70000  4
  -0.03165  -1.28625   0.17498   0.02871   6.70000  5
  -0.07458  -1.35112   0.19702  -0.31428   6.70000  6
   0.02499   0.43987   0.23383  -0.25469   6.70000  7
  -0.07252   0.19034  -0.19373  -0.05402   6.70000  8
  -0.00316   1.38062  -0.02897  -0.23346   6.70000  9
   0.04852   1.58292  -0.03771   0.10615   6.70000 10
  -0.04124   1.38997   0.01925  -0.14096   6.70000 11
  -0.12472   1.44233   0.28859  -0.37723   6.70000 12
  -0.29660   0.95607  -0.11121   0.20698   6.70000 13
  -0.35547   1.04376  -0.35699   0.00499   6.70000 14
  -0.13778  -1.27760  -0.25468   0.09785   6.70000 15
  -0.24472  -1.36135   0.52035   0.44127   6.70000 16
   0.00199  -1.08120  -0.30890   0.41145   6.70000 17
  -0.03712  -1.24945   0.10810   0.10351   6.70000 18
  -0.12954   0.30137   0.21220  -0.11908   6.70000 19
  -0.08161   0.37644  -0.04110   0.11465   6.70000 20
  -0.08886  -1.14853  -0.11362   0.05795   6.80000  1
  -0.05570  -1.20636  -0.12420   0.06343   6.80000  2
  -0.25820  -1.41824   0.06472   0.56231   6.80000  3
  -0.03176  -1.03249  -0.18307  -0.88869   6.80000  4
  -0.01949  -1.27958   0.06413   0.10501   6.80000  5
  -0.05699  -1.37452   0.15013  -0.14925   6.80000  6
   0.04515   0.41261   0.16801  -0.28889   6.80000  7
  -0.09212   0.18893  -0.19541   0.02585   6.80000  8
  -0.00860   1.35837  -0.07947  -0.21140   6.80000  9
   0.04273   1.58959  -0.07672   0.02704   6.80000 10
  -0.03987   1.37630   0.00792  -0.13385   6.80000 11
  -0.09283   1.40279   0.34686  -0.41203   6.80000 12
  -0.30743   0.97835  -0.10598   0.23820   6.80000 13
  -0.38865   1.04372  -0.30514  -0.00495   6.80000 14
  -0.15798  -1.26672  -0.14650   0.11933   6.80000 15
  -0.18559  -1.31383   0.66018   0.51116   6.80000 16
  -0.03243  -1.04689  -0.37350   0.26952   6.80000 17
  -0.03067  -1.23834   0.01732   0.11902   6.80000 18
  -0.10621   0.29070   0.25133  -0.09422   6.80000 19
  -0.08510   0.38651  -0.02701   0.08448   6.80000 20
  -0.09828  -1.14830  -0.07335  -0.05664   6.90000  1
  -0.07017  -1.20169  -0.16291   0.03033   6.90000  2
  -0.24472  -1.35560   0.21060   0.68961   6.90000  3
  -0.05265  -1.12965  -0.23836  -1.05110   6.90000  4
  -0.01956  -1.26510  -0.06893   0.18597   6.90000  5
  -0.04506  -1.38012   0.08759   0.04159   6.90000  6
   0.05836   0.38239   0.09534  -0.31406   6.90000  7
  -0.11098   0.19546  -0.17852   0.10398   6.90000  8
  -0.01886   1.33834  -0.12368  -0.18966   6.90000  9
   0.03345   1.58831  -0.10756  -0.05286   6.90000 10
  -0.03959   1.36280  -0.00135  -0.13873   6.90000 11
  -0.05609   1.36037   0.38262  -0.43315   6.90000 12
  -0.31787   1.00359  -0.10280   0.26596   6.90000 13
  -0.41626   1.04294  -0.24605  -0.00978   6.90000 14
  -0.16609  -1.25339  -0.00922   0.15076   6.90000 15
  -0.11382  -1.25883   0.76418   0.58846   6.90000 16
  -0.07146  -1.02907  -0.40116   0.07883   6.90000 17
  -0.03431  -1.22561  -0.09287   0.13539   6.90000 18
  -0.07993   0.28257   0.27095  -0.06788   6.90000 19
  -0.08673   0.39296  -0.00451   0.04299   6.90000 20
  -0.10330  -1.16078  -0.02671  -0.19448   7.00000  1
  -0.08732  -1.20053  -0.17349  -0.00923   7.00000  2
  -0.21479  -1.28056   0.39555   0.80773   7.00000  3
  -0.07917  -1.23991  -0.28326  -1.11758   7.00000  4
  -0.03365  -1.24232  -0.21200   0.26622   7.00000  5
  -0.03959  -1.36537   0.02046   0.25676   7.00000  6
   0.06406   0.35008   0.01788  -0.33094   7.00000  7
  -0.12713   0.20950  -0.14123   0.17526   7.00000  8
  -0.03264   1.32020  -0.14740  -0.17493   7.00000  9
   0.02145   1.57902  -0.13129  -0.13285   7.00000 10
  -0.03985   1.34805  -0.00233  -0.15864   7.00000 11
  -0.01775   1.31693   0.37594  -0.43140   7.00000 12
  -0.32795   1.03136  -0.09841   0.28824   7.00000 13
  -0.43772   1.04197  -0.18259  -0.00836   7.00000 14
  -0.15885  -1.23603   0.15581   0.19610   7.00000 15
  -0.03698  -1.19773   0.73859   0.61173   7.00000 16
  -0.11150  -1.03196  -0.39302  -0.13823   7.00000 17
  -0.04941  -1.21168  -0.20615   0.13794   7.00000 18
  -0.05267   0.27726   0.27148  -0.03746   7.00000 19
  -0.08586   0.39486   0.02217  -0.00587   7.00000 20
  -0.10397  -1.18606   0.00934  -0.29830   7.10000  1
  -0.10400  -1.20338  -0.15732  -0.04207   7.10000  2
  -0.16465  -1.19638   0.60271   0.85511   7.10000  3
  -0.10737  -1.34470  -0.27178  -0.95142   7.10000  4
  -0.06105  -1.21350  -0.32900   0.30196   7.10000  5
  -0.04165  -1.32863  -0.06638   0.47382   7.10000  6
   0.06183   0.31652  -0.06283  -0.33829   7.10000  7
  -0.13867   0.23015  -0.08704   0.23586   7.10000  8
  -0.04744   1.30298  -0.14499  -0.17112   7.10000  9
   0.00737   1.56174  -0.14964  -0.21263   7.10000 10
  -0.03989   1.33075   0.00159  -0.18818   7.10000 11
   0.01762   1.27482   0.32585  -0.40829   7.10000 12
  -0.33741   1.06101  -0.08973   0.30350   7.10000 13
  -0.45272   1.04149  -0.11741  -0.00009   7.10000 14
  -0.13561  -1.21486   0.30043   0.22434   7.10000 15
   0.02821  -1.14067   0.55342   0.52077   7.10000 16
  -0.14854  -1.05677  -0.33938  -0.35750   7.10000 17
  -0.07434  -1.19899  -0.28587   0.11448   7.10000 18
  -0.02608   0.27524   0.25846  -0.00248   7.10000 19
  -0.08227   0.39163   0.04956  -0.05947   7.10000 20
  -0.10202  -1.21653   0.02812  -0.28928   7.20000  1
  -0.11781  -1.20702  -0.11257  -0.02099   7.20000  2
  -0.09814  -1.11473   0.69559   0.75113   7.20000  3
  -0.13259  -1.42871  -0.23321  -0.73405   7.20000  4
  -0.09745  -1.18311  -0.38353   0.30043   7.20000  5
  -0.05343  -1.27186  -0.16983   0.65634   7.20000  6
   0.05152   0.28292  -0.14239  -0.33038   7.20000  7
  -0.14414   0.25626  -0.02086   0.28428   7.20000  8
  -0.06118   1.28576  -0.12853  -0.17381   7.20000  9
  -0.00836   1.53648  -0.16443  -0.29290   7.20000 10
  -0.03966   1.31038   0.00187  -0.21882   7.20000 11
   0.04673   1.23558   0.25439  -0.37587   7.20000 12
  -0.34568   1.09180  -0.07435   0.31103   7.20000 13
  -0.46121   1.04218  -0.05249   0.01488   7.20000 14
  -0.10133  -1.19146   0.36725   0.24054   7.20000 15
   0.07341  -1.09393   0.35346   0.41532   7.20000 16
  -0.17717  -1.10284  -0.21909  -0.55434   7.20000 17
  -0.10479  -1.18839  -0.30954   0.10101   7.20000 18
  -0.00131   0.27674   0.23513   0.03152   7.20000 19
  -0.07602   0.38287   0.07500  -0.11604   7.20000 20
  -0.09899  -1.24039   0.02737  -0.17523   7.30000  1
  -0.12589  -1.20629  -0.05009   0.03932   7.30000  2
  -0.03052  -1.04892   0.64467   0.56458   7.30000  3
  -0.15437  -1.49313  -0.20410  -0.56195   7.30000  4
  -0.13431  -1.15482  -0.33975   0.25719   7.30000  5
  -0.07540  -1.19927  -0.26515   0.77723   7.30000  6
   0.03375   0.25128  -0.20981  -0.29773   7.30000  7
  -0.14256   0.28652   0.05375   0.31792   7.30000  8
  -0.07303   1.26814  -0.10850  -0.17874   7.30000  9
  -0.02544   1.50310  -0.17705  -0.37518   7.30000 10
  -0.03979   1.28712  -0.00591  -0.24548   7.30000 11
   0.06832   1.19969   0.17715  -0.34185   7.30000 12
  -0.35199   1.12296  -0.05048   0.31087   7.30000 13
  -0.46327   1.04467   0.01110   0.03572   7.30000 14
  -0.06613  -1.16775   0.32002   0.22952   7.30000 15
   0.09961  -1.05718   0.17379   0.32197   7.30000 16
  -0.19010  -1.16447  -0.03412  -0.65805   7.30000 17
  -0.13353  -1.17846  -0.25549   0.09741   7.30000 18
   0.02044   0.28119   0.19648   0.05511   7.30000 19
  -0.06742   0.36841   0.09611  -0.17263   7.30000 20
  -0.09764  -1.25021  -0.00440  -0.02020   7.40000  1
  -0.12859  -1.19887  -0.00816   0.10798   7.40000  2
   0.02999  -1.00066   0.56403   0.40729   7.40000  3
  -0.17365  -1.54234  -0.18221  -0.42722   7.40000  4
  -0.16347  -1.13300  -0.23719   0.17660   7.40000  5
  -0.10457  -1.12157  -0.30555   0.75168   7.40000  6
   0.01035   0.22431  -0.25393  -0.23775   7.40000  7
  -0.13325   0.31914   0.13237   0.33038   7.40000  8
  -0.08290   1.25000  -0.08926  -0.18408   7.40000  9
  -0.04373   1.46131  -0.18848  -0.46136   7.40000 10
  -0.04113   1.26150  -0.02237  -0.26575   7.40000 11
   0.08213   1.16718   0.09909  -0.30841   7.40000 12
  -0.35545   1.15372  -0.01694   0.30326   7.40000 13
  -0.45903   1.04948   0.07339   0.06124   7.40000 14
  -0.03948  -1.14582   0.20813   0.20987   7.40000 15
   0.10872  -1.02904   0.01114   0.24338   7.40000 16
  -0.18443  -1.22955   0.13802  -0.61996   7.40000 17
  -0.15476  -1.16908  -0.16622   0.08968   7.40000 18
   0.03729   0.28731   0.13751   0.06550   7.40000 19
  -0.05701   0.34857   0.11103  -0.22212   7.40000 20
  -0.10023  -1.24502  -0.04701   0.11950   7.50000  1
  -0.12816  -1.18531   0.01490   0.16007   7.50000  2
   0.08205  -0.96631   0.47553   0.28424   7.50000  3
  -0.19090  -1.57932  -0.16296  -0.31531   7.50000  4
  -0.18111  -1.11924  -0.11453   0.10171   7.50000  5
  -0.13414  -1.05227  -0.27754   0.62620   7.50000  6
  -0.01620   0.20432  -0.27326  -0.16012   7.50000  7
  -0.11623   0.35163   0.20632   0.31450   7.50000  8
  -0.09098   1.23135  -0.07282  -0.18865   7.50000  9
  -0.06313   1.41063  -0.19943  -0.55328   7.50000 10
  -0.04452   1.23422  -0.04666  -0.27838   7.50000 11
   0.08812   1.13798   0.02056  -0.27569   7.50000 12
  -0.35504   1.18336   0.02689   0.28810   7.50000 13
  -0.44860   1.05703   0.13542   0.09025   7.50000 14
  -0.02463  -1.12557   0.09020   0.19554   7.50000 15
   0.10250  -1.00807  -0.13143   0.17780   7.50000 16
  -0.16501  -1.28529   0.23880  -0.48695   7.50000 17
  -0.16649  -1.16042  -0.06798   0.08487   7.50000 18
   0.04746   0.29406   0.06430   0.06903   7.50000 19
  -0.04539   0.32460   0.12069  -0.25344   7.50000 20
  -0.10666  -1.22716  -0.07875   0.23449   7.60000  1
  -0.12581  -1.16735   0.03143   0.19732   7.60000  2
   0.12458  -0.94307   0.37225   0.18381   7.60000  3
  -0.20624  -1.60589  -0.14361  -0.21806   7.60000  4
  -0.18641  -1.11197   0.00783   0.04683   7.60000  5
  -0.15903  -0.99694  -0.21692   0.47993   7.60000  6
  -0.04353   0.19248  -0.26963  -0.07648   7.60000  7
  -0.09251   0.38117   0.26504   0.27283   7.60000  8
  -0.09761   1.21232  -0.06063  -0.19172   7.60000  9
  -0.08361   1.35044  -0.21027  -0.65157   7.60000 10
  -0.05069   1.20609  -0.07775  -0.28284   7.60000 11
   0.08619   1.11204  -0.05973  -0.24322   7.60000 12
  -0.34972   1.21106   0.08131   0.26431   7.60000 13
  -0.43189   1.06762   0.19931   0.12181   7.60000 14
  -0.02104  -1.10674  -0.01665   0.18079   7.60000 15
   0.08338  -0.99331  -0.24646   0.11707   7.60000 16
  -0.13862  -1.32633   0.28105  -0.33351   7.60000 17
  -0.16844  -1.15180   0.02816   0.08911   7.60000 18
   0.05000   0.30102  -0.01370   0.06970   7.60000 19
  -0.03295   0.29870   0.12773  -0.26060   7.60000 20
  -0.11532  -1.19850  -0.09096   0.33792   7.70000  1
  -0.12197  -1.14606   0.04507   0.22786   7.70000  2
   0.15607  -0.92893   0.25650   0.10186   7.70000  3
  -0.21958  -1.62329  -0.12290  -0.13142   7.70000  4
  -0.17967  -1.10934   0.12641   0.00846   7.70000  5
  -0.17708  -0.95616  -0.14224   0.33647   7.70000  6
  -0.06940   0.18891  -0.24432   0.00396   7.70000  7
  -0.06389   0.40577   0.30417   0.21806   7.70000  8
  -0.10332   1.19302  -0.05495  -0.19476   7.70000  9
  -0.10515   1.28025  -0.21999  -0.75140   7.70000 10
  -0.06028   1.17790  -0.11516  -0.28000   7.70000 11
   0.07605   1.08935  -0.14388  -0.21042   7.70000 12
  -0.33842   1.23583   0.14621   0.22861   7.70000 13
  -0.40857   1.08145   0.26839   0.15508   7.70000 14
  -0.02770  -1.08954  -0.11550   0.16231   7.70000 15
   0.05386  -0.98492  -0.34235   0.04852   7.70000 16
  -0.11003  -1.35222   0.28604  -0.18604   7.70000 17
  -0.16104  -1.14227   0.11862   0.10345   7.70000 18
   0.04483   0.30791  -0.08844   0.06760   7.70000 19
  -0.02002   0.27320   0.12930  -0.24612   7.70000 20
  -0.12411  -1.15976  -0.08052   0.43498   7.80000  1
  -0.11681  -1.12190   0.05836   0.25490   7.80000  2
   0.17581  -0.92222   0.13822   0.03416   7.80000  3
  -0.23077  -1.63245  -0.10079  -0.05306   7.80000  4
  -0.16132  -1.10960   0.23866  -0.00892   7.80000  5
  -0.18719  -0.92951  -0.05849   0.19684   7.80000  6
  -0.09178   0.19294  -0.20047   0.07470   7.80000  7
  -0.03231   0.42468   0.32416   0.16018   7.80000  8
  -0.10896   1.17310  -0.05998  -0.20645   7.80000  9
  -0.12740   1.20077  -0.22317  -0.83179   7.80000 10
  -0.07393   1.15019  -0.15887  -0.27447   7.80000 11
   0.05720   1.06997  -0.23457  -0.17709   7.80000 12
  -0.32021   1.25615   0.21868   0.17381   7.80000 13
  -0.37787   1.09863   0.34765   0.18823   7.80000 14
  -0.04400  -1.07447  -0.20963   0.13782   7.80000 15
   0.01497  -0.98415  -0.43585  -0.03620   7.80000 16
  -0.08210  -1.36393   0.27024  -0.04988   7.80000 17
  -0.14505  -1.13065   0.19889   0.13177   7.80000 18
   0.03269   0.31446  -0.15165   0.06311   7.80000 19
  -0.00749   0.25011   0.11913  -0.21263   7.80000 20
  -0.13032  -1.11221  -0.03741   0.51015   7.90000  1
  -0.11021  -1.09517   0.07404   0.27922   7.90000  2
   0.18374  -0.92182   0.02048  -0.02500   7.90000  3
  -0.23970  -1.63411  -0.07776   0.01889   7.90000  4
  -0.13264  -1.10981   0.32879   0.01331   7.90000  5
  -0.18848  -0.91688   0.03407   0.05460   7.90000  6
  -0.10908   0.20345  -0.14404   0.13369   7.90000  7
   0.00028   0.43786   0.32416   0.10401   7.90000  8
  -0.11579   1.15092  -0.07869  -0.24116   7.90000  9
  -0.14926   1.11582  -0.21134  -0.85542   7.90000 10
  -0.09220   1.12276  -0.20655  -0.27604   7.90000 11
   0.02883   1.05392  -0.33449  -0.14417   7.90000 12
  -0.29478   1.26972   0.28846   0.09341   7.90000 13
  -0.33849   1.11888   0.44304   0.21442   7.90000 14
  -0.06926  -1.06222  -0.29170   0.10645   7.90000 15
  -0.03343  -0.99286  -0.53177  -0.14151   7.90000 16
  -0.05635  -1.36245   0.24317   0.07858   7.90000 17
  -0.12197  -1.11518   0.25772   0.18190   7.90000 18
   0.01514   0.32052  -0.19572   0.05806   7.90000 19
   0.00335   0.23120   0.09555  -0.16342   7.90000 20
  -0.13042  -1.05929   0.03831   0.53886   8.00000  1
  -0.10208  -1.06620   0.08637   0.29833   8.00000  2
   0.17983  -0.92710  -0.09961  -0.08054   8.00000  3
  -0.24631  -1.62882  -0.05433   0.08624   8.00000  4
  -0.09744  -1.10502   0.36280   0.09052   8.00000  5
  -0.18009  -0.91899   0.13480  -0.09965   8.00000  6
  -0.12037   0.21936  -0.08108   0.18320   8.00000  7
   0.03180   0.44568   0.30274   0.05359   8.00000  8
  -0.12499   1.12430  -0.10613  -0.29210   8.00000  9
  -0.16916   1.03203  -0.18402  -0.81055   8.00000 10
  -0.11509   1.09462  -0.24935  -0.28756   8.00000 11
  -0.01003   1.04105  -0.44404  -0.11400   8.00000 12
  -0.26294   1.27411   0.34596  -0.00848   8.00000 13
  -0.28879   1.14067   0.55146   0.21519   8.00000 14
  -0.10090  -1.05313  -0.32978   0.07783   8.00000 15
  -0.09063  -1.01293  -0.60143  -0.25800   8.00000 16
  -0.03370  -1.34829   0.20877   0.20475   8.00000 17
  -0.09489  -1.09351   0.27437   0.25341   8.00000 18
  -0.00571   0.32608  -0.21788   0.05303   8.00000 19
   0.01129   0.21777   0.06207  -0.10408   8.00000 20
  -0.12308  -1.00676   0.10257   0.49873   8.10000  1
  -0.09378  -1.03619   0.07518   0.29708   8.10000  2
   0.16353  -0.93793  -0.22856  -0.13614   8.10000  3
  -0.25057  -1.61696  -0.03099   0.15081   8.10000  4
  -0.06283  -1.09090   0.31733   0.19137   8.10000  5
  -0.16149  -0.93736   0.23634  -0.26902   8.10000  6
  -0.12521   0.23990  -0.01550   0.22689   8.10000  7
   0.06019   0.44890   0.26236   0.01239   8.10000  8
  -0.13703   1.09275  -0.13364  -0.33594   8.10000  9
  -0.18554   0.95510  -0.14170  -0.72446   8.10000 10
  -0.14149   1.06541  -0.27429  -0.29441   8.10000 11
  -0.06008   1.03099  -0.55594  -0.08739   8.10000 12
  -0.22603   1.26752   0.39011  -0.12545   8.10000 13
  -0.22862   1.16048   0.64674   0.17341   8.10000 14
  -0.13250  -1.04570  -0.28945   0.07621   8.10000 15
  -0.14972  -1.04230  -0.55631  -0.31039   8.10000 16
  -0.01483  -1.32144   0.16753   0.33292   8.10000 17
  -0.06931  -1.06479   0.22741   0.31616   8.10000 18
  -0.02784   0.33107  -0.22249   0.04659   8.10000 19
   0.01559   0.21056   0.02332  -0.03939   8.10000 20
