  -0.03272  -2.63084   0.00063  -0.00404   0.10000  1
  -0.01741  -2.82931  -0.00095   0.01476   0.10000  2
  -0.24894  -1.91144   0.02133   0.02448   0.10000  3
  -0.12029  -1.75844   0.01642   0.02587   0.10000  4
   0.18017  -0.04765   0.00339   0.02227   0.10000  5
   0.26879   0.13053  -0.01069   0.00690   0.10000  6
   0.27724  -1.30706  -0.03164  -0.00941   0.10000  7
   0.24879  -1.50384  -0.04385   0.01626   0.10000  8
   0.40338   0.47796  -0.01106  -0.02556   0.10000  9
   0.39907   0.27897  -0.02168  -0.00606   0.10000 10
   0.07778  -0.92563   0.02316  -0.02116   0.10000 11
   0.17043  -1.10182   0.00197  -0.01114   0.10000 12
   0.24717  -0.78380  -0.00561  -0.03031   0.10000 13
   0.36291  -0.94513  -0.02988  -0.01201   0.10000 14
  -0.09985   0.27292   0.02651  -0.00992   0.10000 15
   0.09165   0.21752   0.01366  -0.00796   0.10000 16
  -0.06938  -1.59224   0.03202   0.01155   0.10000 17
   0.10918  -1.50600  -0.00364   0.00721   0.10000 18
   0.00939  -1.39441   0.02956  -0.02188   0.10000 19
   0.11507  -1.56037  -0.00965   0.03017   0.10000 20
  -0.03262  -2.63145   0.00128  -0.00816   0.20000  1
  -0.01756  -2.82709  -0.00189   0.02958   0.20000  2
  -0.24573  -1.90776   0.04277   0.04917   0.20000  3
  -0.11781  -1.75455   0.03320   0.05208   0.20000  4
   0.18068  -0.04429   0.00675   0.04492   0.20000  5
   0.26718   0.13157  -0.02145   0.01390   0.20000  6
   0.27248  -1.30849  -0.06358  -0.01915   0.20000  7
   0.24219  -1.50140  -0.08809   0.03253   0.20000  8
   0.40172   0.47412  -0.02232  -0.05134   0.20000  9
   0.39582   0.27806  -0.04351  -0.01221   0.20000 10
   0.08126  -0.92881   0.04640  -0.04257   0.20000 11
   0.17073  -1.10349   0.00387  -0.02242   0.20000 12
   0.24632  -0.78837  -0.01129  -0.06109   0.20000 13
   0.35842  -0.94694  -0.05997  -0.02421   0.20000 14
  -0.09587   0.27143   0.05328  -0.01992   0.20000 15
   0.09370   0.21632   0.02751  -0.01593   0.20000 16
  -0.06457  -1.59049   0.06434   0.02375   0.20000 17
   0.10863  -1.50490  -0.00739   0.01488   0.20000 18
   0.01383  -1.39771   0.05932  -0.04407   0.20000 19
   0.11363  -1.55585  -0.01921   0.06028   0.20000 20
  -0.03246  -2.63248   0.00196  -0.01245   0.30000  1
  -0.01779  -2.82339  -0.00284   0.04452   0.30000  2
  -0.24038  -1.90159   0.06444   0.07429   0.30000  3
  -0.11363  -1.74800   0.05072   0.07899   0.30000  4
   0.18152  -0.03864   0.01005   0.06834   0.30000  5
   0.26449   0.13332  -0.03238   0.02109   0.30000  6
   0.26450  -1.31092  -0.09612  -0.02961   0.30000  7
   0.23115  -1.49733  -0.13303   0.04878   0.30000  8
   0.39890   0.46768  -0.03402  -0.07757   0.30000  9
   0.39036   0.27652  -0.06565  -0.01854   0.30000 10
   0.08707  -0.93416   0.06977  -0.06451   0.30000 11
   0.17120  -1.10631   0.00559  -0.03398   0.30000 12
   0.24491  -0.79605  -0.01711  -0.09280   0.30000 13
   0.35090  -0.94999  -0.09049  -0.03681   0.30000 14
  -0.08918   0.26893   0.08058  -0.03007   0.30000 15
   0.09716   0.21433   0.04177  -0.02393   0.30000 16
  -0.05649  -1.58745   0.09727   0.03735   0.30000 17
   0.10770  -1.50299  -0.01138   0.02348   0.30000 18
   0.02127  -1.40324   0.08942  -0.06679   0.30000 19
   0.11124  -1.54832  -0.02856   0.09022   0.30000 20
  -0.03223  -2.63395   0.00269  -0.01699   0.40000  1
  -0.01812  -2.81818  -0.00377   0.05965   0.40000  2
  -0.23284  -1.89288   0.08645   0.10007   0.40000  3
  -0.10763  -1.73872   0.06939   0.10697   0.40000  4
   0.18268  -0.03059   0.01325   0.09296   0.40000  5
   0.26070   0.13580  -0.04352   0.02854   0.40000  6
   0.25323  -1.31445  -0.12952  -0.04124   0.40000  7
   0.21556  -1.49164  -0.17882   0.06490   0.40000  8
   0.39489   0.45858  -0.04640  -0.10446   0.40000  9
   0.38267   0.27434  -0.08826  -0.02517   0.40000 10
   0.09522  -0.94174   0.09329  -0.08721   0.40000 11
   0.17183  -1.11030   0.00700  -0.04593   0.40000 12
   0.24289  -0.80698  -0.02316  -0.12595   0.40000 13
   0.34030  -0.95432  -0.12163  -0.05005   0.40000 14
  -0.07972   0.26541   0.10871  -0.04047   0.40000 15
   0.10208   0.21153   0.05664  -0.03196   0.40000 16
  -0.04508  -1.58294   0.13106   0.05322   0.40000 17
   0.10635  -1.50015  -0.01573   0.03349   0.40000 18
   0.03173  -1.41108   0.11981  -0.09012   0.40000 19
   0.10793  -1.53782  -0.03749   0.11975   0.40000 20
  -0.03192  -2.63589   0.00347  -0.02185   0.50000  1
  -0.01855  -2.81145  -0.00471   0.07503   0.50000  2
  -0.22307  -1.88155   0.10893   0.12677   0.50000  3
  -0.09969  -1.72656   0.08964   0.13647   0.50000  4
   0.18416  -0.01999   0.01629   0.11921   0.50000  5
   0.25578   0.13904  -0.05495   0.03635   0.50000  6
   0.23856  -1.31923  -0.16397  -0.05468   0.50000  7
   0.19536  -1.48436  -0.22513   0.08059   0.50000  8
   0.38959   0.44676  -0.05977  -0.13227   0.50000  9
   0.37269   0.27148  -0.11151  -0.03226   0.50000 10
   0.10573  -0.95164   0.11688  -0.11095   0.50000 11
   0.17258  -1.11551   0.00789  -0.05838   0.50000 12
   0.24026  -0.82131  -0.02955  -0.16108   0.50000 13
   0.32655  -0.96003  -0.15351  -0.06423   0.50000 14
  -0.06740   0.26083   0.13803  -0.05120   0.50000 15
   0.10852   0.20794   0.07233  -0.03997   0.50000 16
  -0.03024  -1.57669   0.16585   0.07246   0.50000 17
   0.10454  -1.49623  -0.02054   0.04534   0.50000 18
   0.04522  -1.42128   0.14995  -0.11367   0.50000 19
   0.10376  -1.52440  -0.04565   0.14832   0.50000 20
  -0.03153  -2.63833   0.00432  -0.02711   0.60000  1
  -0.01906  -2.80317  -0.00563   0.09068   0.60000  2
  -0.21103  -1.86748   0.13203   0.15467   0.60000  3
  -0.08963  -1.71135   0.11193   0.16800   0.60000  4
   0.18594  -0.00667   0.01912   0.14761   0.60000  5
   0.24970   0.14308  -0.06666   0.04458   0.60000  6
   0.22040  -1.32547  -0.19946  -0.07080   0.60000  7
   0.17056  -1.47557  -0.27053   0.09507   0.60000  8
   0.38289   0.43209  -0.07451  -0.16127   0.60000  9
   0.36034   0.26787  -0.13557  -0.04002   0.60000 10
   0.11859  -0.96397   0.14026  -0.13594   0.60000 11
   0.17338  -1.12200   0.00794  -0.07136   0.60000 12
   0.23697  -0.83928  -0.03645  -0.19876   0.60000 13
   0.30957  -0.96722  -0.18614  -0.07976   0.60000 14
  -0.05207   0.25515   0.16895  -0.06235   0.60000 15
   0.11658   0.20354   0.08906  -0.04789   0.60000 16
  -0.01188  -1.56829   0.20145   0.09648   0.60000 17
   0.10222  -1.49102  -0.02583   0.05921   0.60000 18
   0.06165  -1.43377   0.17799  -0.13583   0.60000 19
   0.09885  -1.50822  -0.05228   0.17478   0.60000 20
  -0.03105  -2.64132   0.00524  -0.03280   0.70000  1
  -0.01967  -2.79330  -0.00653   0.10665   0.70000  2
  -0.19664  -1.85056   0.15588   0.18412   0.70000  3
  -0.07722  -1.69287   0.13673   0.20220   0.70000  4
   0.18798   0.00962   0.02164   0.17871   0.70000  5
   0.24244   0.14797  -0.07857   0.05323   0.70000  6
   0.19865  -1.33351  -0.23554  -0.09077   0.70000  7
   0.14142  -1.46545  -0.31072   0.10658   0.70000  8
   0.37463   0.41445  -0.09110  -0.19173   0.70000  9
   0.34554   0.26344  -0.16063  -0.04877   0.70000 10
   0.13375  -0.97887   0.16279  -0.16229   0.70000 11
   0.17413  -1.12980   0.00672  -0.08486   0.70000 12
   0.23295  -0.86117  -0.04406  -0.23958   0.70000 13
   0.28930  -0.97605  -0.21923  -0.09720   0.70000 14
  -0.03354   0.24834   0.20201  -0.07403   0.70000 15
   0.12637   0.19837   0.10695  -0.05553   0.70000 16
   0.01004  -1.55718   0.23682   0.12694   0.70000 17
   0.09936  -1.48433  -0.03141   0.07465   0.70000 18
   0.08059  -1.44826   0.19900  -0.15229   0.70000 19
   0.09341  -1.48959  -0.05598   0.19677   0.70000 20
  -0.03048  -2.64491   0.00623  -0.03894   0.80000  1
  -0.02037  -2.78183  -0.00741   0.12290   0.80000  2
  -0.17982  -1.83059   0.18063   0.21554   0.80000  3
  -0.06219  -1.67080   0.16442   0.23990   0.80000  4
   0.19025   0.02918   0.02372   0.21307   0.80000  5
   0.23399   0.15374  -0.09040   0.06223   0.80000  6
   0.17331  -1.34380  -0.27084  -0.11583   0.80000  7
   0.10891  -1.45446  -0.33603   0.11186   0.80000  8
   0.36459   0.39369  -0.11019  -0.22393   0.80000  9
   0.32818   0.25807  -0.18685  -0.05896   0.80000 10
   0.15107  -0.99647   0.18304  -0.18988   0.80000 11
   0.17467  -1.13898   0.00367  -0.09874   0.80000 12
   0.22812  -0.88732  -0.05272  -0.28404   0.80000 13
   0.26574  -0.98675  -0.25176  -0.11749   0.80000 14
  -0.01157   0.24033   0.23787  -0.08632   0.80000 15
   0.13801   0.19246   0.12595  -0.06249   0.80000 16
   0.03538  -1.54264   0.26896   0.16524   0.80000 17
   0.09595  -1.47608  -0.03670   0.09035   0.80000 18
   0.10089  -1.46377   0.20331  -0.15508   0.80000 19
   0.08782  -1.46914  -0.05490   0.21063   0.80000 20
  -0.02981  -2.64912   0.00728  -0.04543   0.90000  1
  -0.02115  -2.76872  -0.00823   0.13933   0.90000  2
  -0.16048  -1.80737   0.20641   0.24945   0.90000  3
  -0.04424  -1.64474   0.19513   0.28218   0.90000  4
   0.19270   0.05236   0.02520   0.25115   0.90000  5
   0.22438   0.16041  -0.10144   0.07130   0.90000  6
   0.14460  -1.35687  -0.30253  -0.14657   0.90000  7
   0.07511  -1.44335  -0.33492   0.10925   0.90000  8
   0.35248   0.36960  -0.13263  -0.25816   0.90000  9
   0.30813   0.25158  -0.21426  -0.07128   0.90000 10
   0.17019  -1.01687   0.19794  -0.21822   0.90000 11
   0.17479  -1.14956  -0.00173  -0.11290   0.90000 12
   0.22236  -0.91810  -0.06284  -0.33236   0.90000 13
   0.23905  -0.99969  -0.28113  -0.14210   0.90000 14
   0.01416   0.23105   0.27740  -0.09927   0.90000 15
   0.15158   0.18592   0.14555  -0.06794   0.90000 16
   0.06351  -1.52388   0.29119   0.21083   0.90000 17
   0.09206  -1.46630  -0.04090   0.10494   0.90000 18
   0.12042  -1.47861   0.18318  -0.13835   0.90000 19
   0.08260  -1.44782  -0.04866   0.21414   0.90000 20
  -0.02902  -2.65400   0.00836  -0.05205   1.00000  1
  -0.02201  -2.75396  -0.00898   0.15568   1.00000  2
  -0.13850  -1.78060   0.23334   0.28659   1.00000  3
  -0.02308  -1.61416   0.22848   0.33043   1.00000  4
   0.19526   0.07953   0.02594   0.29285   1.00000  5
   0.21377   0.16798  -0.11024   0.07989   1.00000  6
   0.11309  -1.37325  -0.32569  -0.18111   1.00000  7
   0.04289  -1.43273  -0.30533   0.10300   1.00000  8
   0.33791   0.34198  -0.15955  -0.29459   1.00000  9
   0.28529   0.24371  -0.24256  -0.08660   1.00000 10
   0.19030  -1.04012   0.20185  -0.24666   1.00000 11
   0.17423  -1.16157  -0.00987  -0.12749   1.00000 12
   0.21549  -0.95391  -0.07490  -0.38419   1.00000 13
   0.20979  -1.01538  -0.30210  -0.17309   1.00000 14
   0.04407   0.22046   0.32165  -0.11271   1.00000 15
   0.16709   0.17897   0.16419  -0.07025   1.00000 16
   0.09297  -1.50040   0.29433   0.25837   1.00000 17
   0.08783  -1.45513  -0.04325   0.11834   1.00000 18
   0.13688  -1.49090   0.14361  -0.10520   1.00000 19
   0.07819  -1.42661  -0.03927   0.20880   1.00000 20
  -0.02814  -2.65952   0.00940  -0.05828   1.10000  1
  -0.02294  -2.73760  -0.00960   0.17143   1.10000  2
  -0.11377  -1.74991   0.26151   0.32799   1.10000  3
   0.00150  -1.57841   0.26303   0.38602   1.10000  4
   0.19786   0.11100   0.02596   0.33638   1.10000  5
   0.20249   0.17634  -0.11436   0.08703   1.10000  6
   0.08001  -1.39298  -0.33227  -0.21189   1.10000  7
   0.01475  -1.42272  -0.25474   0.09743   1.10000  8
   0.32037   0.31061  -0.19235  -0.33323   1.10000  9
   0.25963   0.23413  -0.27040  -0.10581   1.10000 10
   0.20998  -1.06622   0.18866  -0.27566   1.10000 11
   0.17272  -1.17510  -0.02089  -0.14335   1.10000 12
   0.20730  -0.99502  -0.08908  -0.43844   1.10000 13
   0.17911  -1.03458  -0.30906  -0.21218   1.10000 14
   0.07868   0.20852   0.37144  -0.12585   1.10000 15
   0.18428   0.17206   0.17863  -0.06662   1.10000 16
   0.12154  -1.47245   0.27285   0.29868   1.10000 17
   0.08347  -1.44266  -0.04374   0.13101   1.10000 18
   0.14883  -1.49928   0.09447  -0.06110   1.10000 19
   0.07476  -1.40629  -0.02946   0.19644   1.10000 20
  -0.02715  -2.66561   0.01033  -0.06321   1.20000  1
  -0.02393  -2.71973  -0.01001   0.18566   1.20000  2
  -0.08616  -1.71481   0.29099   0.37513   1.20000  3
   0.02945  -1.53671   0.29510   0.44885   1.20000  4
   0.20045   0.14668   0.02572   0.37560   1.20000  5
   0.19117   0.18530  -0.11053   0.09140   1.20000  6
   0.04744  -1.41505  -0.31522  -0.22585   1.20000  7
  -0.00765  -1.41322  -0.19150   0.09258   1.20000  8
   0.29920   0.27528  -0.23245  -0.37329   1.20000  9
   0.23136   0.22243  -0.29367  -0.12851   1.20000 10
   0.22743  -1.09534   0.15767  -0.30746   1.20000 11
   0.16995  -1.19034  -0.03484  -0.16214   1.20000 12
   0.19761  -1.04164  -0.10512  -0.49402   1.20000 13
   0.14845  -1.05811  -0.30215  -0.25995   1.20000 14
   0.11850   0.19538   0.42533  -0.13598   1.20000 15
   0.20251   0.16597   0.18391  -0.05343   1.20000 16
   0.14677  -1.44116   0.22875   0.32463   1.20000 17
   0.07911  -1.42899  -0.04352   0.14188   1.20000 18
   0.15567  -1.50286   0.04218  -0.00943   1.20000 19
   0.07225  -1.38754  -0.02097   0.17756   1.20000 20
  -0.02608  -2.67207   0.01103  -0.06551   1.30000  1
  -0.02494  -2.70056  -0.01011   0.19706   1.30000  2
  -0.05553  -1.67462   0.32165   0.43014   1.30000  3
   0.06016  -1.48859   0.31626   0.51252   1.30000  4
   0.20303   0.18551   0.02617   0.39646   1.30000  5
   0.18077   0.19445  -0.09511   0.09062   1.30000  6
   0.01770  -1.43736  -0.27632  -0.21621   1.30000  7
  -0.02329  -1.40419  -0.12021   0.08817   1.30000  8
   0.27364   0.23602  -0.27950  -0.41082   1.30000  9
   0.20137   0.20845  -0.30247  -0.14997   1.30000 10
   0.24104  -1.12789   0.11247  -0.34448   1.30000 11
   0.16565  -1.20771  -0.05184  -0.18634   1.30000 12
   0.18623  -1.09387  -0.12275  -0.55105   1.30000 13
   0.11899  -1.08687  -0.28587  -0.31684   1.30000 14
   0.16355   0.18165   0.47274  -0.13638   1.30000 15
   0.22061   0.16174   0.17574  -0.02979   1.30000 16
   0.16687  -1.40794   0.17190   0.33841   1.30000 17
   0.07481  -1.41437  -0.04185   0.15023   1.30000 18
   0.15726  -1.50097  -0.01016   0.04831   1.30000 19
   0.07059  -1.37089  -0.01176   0.15547   1.30000 20
  -0.02495  -2.67858   0.01138  -0.06378   1.40000  1
  -0.02594  -2.68046  -0.00981   0.20425   1.40000  2
  -0.02182  -1.62843   0.35258   0.49573   1.40000  3
   0.09203  -1.43470   0.31787   0.56214   1.40000  4
   0.20571   0.22472   0.02734   0.38099   1.40000  5
   0.17257   0.20314  -0.06738   0.08156   1.40000  6
  -0.00728  -1.45750  -0.22152  -0.18335   1.40000  7
  -0.03151  -1.39550  -0.04345   0.08622   1.40000  8
   0.24337   0.19365  -0.32336  -0.43212   1.40000  9
   0.17181   0.19280  -0.28389  -0.16089   1.40000 10
   0.24954  -1.16446   0.05564  -0.38822   1.40000 11
   0.15947  -1.22789  -0.07215  -0.21905   1.40000 12
   0.17299  -1.15196  -0.14254  -0.61150   1.40000 13
   0.09148  -1.12181  -0.26325  -0.38381   1.40000 14
   0.21202   0.16862   0.48974  -0.12212   1.40000 15
   0.23721   0.16014   0.15429  -0.00254   1.40000 16
   0.18100  -1.37360   0.11006   0.34818   1.40000 17
   0.07094  -1.39891  -0.03419   0.15970   1.40000 18
   0.15372  -1.49297  -0.05998   0.11288   1.40000 19
   0.07007  -1.35637   0.00262   0.13574   1.40000 20
  -0.02381  -2.68467   0.01133  -0.05730   1.50000  1
  -0.02688  -2.65988  -0.00907   0.20658   1.50000  2
   0.01489  -1.57505   0.38070   0.57389   1.50000  3
   0.12317  -1.37677   0.30235   0.59387   1.50000  4
   0.20840   0.26063   0.02575   0.33404   1.50000  5
   0.16742   0.21046  -0.03609   0.06367   1.50000  6
  -0.02638  -1.47355  -0.15958  -0.13589   1.50000  7
  -0.03185  -1.38679   0.03730   0.08906   1.50000  8
   0.20991   0.15070  -0.34037  -0.42170   1.50000  9
   0.14534   0.17670  -0.24350  -0.15945   1.50000 10
   0.25178  -1.20577  -0.01301  -0.43895   1.50000 11
   0.15111  -1.25190  -0.09570  -0.26302   1.50000 12
   0.15760  -1.21636  -0.16574  -0.67724   1.50000 13
   0.06656  -1.16401  -0.23368  -0.46199   1.50000 14
   0.26010   0.15734   0.46633  -0.10392   1.50000 15
   0.25116   0.16097   0.12372   0.01726   1.50000 16
   0.18877  -1.33830   0.04460   0.35758   1.50000 17
   0.06832  -1.38221  -0.01632   0.17559   1.50000 18
   0.14544  -1.47815  -0.10461   0.18477   1.50000 19
   0.07140  -1.34349   0.02559   0.12316   1.50000 20
  -0.02270  -2.68990   0.01096  -0.04658   1.60000  1
  -0.02774  -2.63929  -0.00797   0.20459   1.60000  2
   0.05405  -1.51330   0.40082   0.66246   1.60000  3
   0.15201  -1.31651   0.27139   0.60582   1.60000  4
   0.21079   0.29130   0.02197   0.27932   1.60000  5
   0.16516   0.21570  -0.01012   0.04068   1.60000  6
  -0.03899  -1.48435  -0.09142  -0.07820   1.60000  7
  -0.02389  -1.37750   0.12283   0.09773   1.60000  8
   0.17619   0.11006  -0.33146  -0.38896   1.60000  9
   0.12325   0.16108  -0.19833  -0.15266   1.60000 10
   0.24643  -1.25237  -0.09672  -0.49235   1.60000 11
   0.14028  -1.28076  -0.12062  -0.31410   1.60000 12
   0.13975  -1.28729  -0.19122  -0.73714   1.60000 13
   0.04515  -1.21454  -0.19186  -0.54945   1.60000 14
   0.30457   0.14768   0.42146  -0.08991   1.60000 15
   0.26190   0.16323   0.09139   0.02658   1.60000 16
   0.18974  -1.30243  -0.02597   0.35548   1.60000 17
   0.06802  -1.36360   0.01187   0.19672   1.60000 18
   0.13300  -1.45581  -0.14329   0.26291   1.60000 19
   0.07546  -1.33150   0.05632   0.11707   1.60000 20
  -0.02163  -2.69389   0.01036  -0.03290   1.70000  1
  -0.02847  -2.61906  -0.00663   0.19966   1.70000  2
   0.09467  -1.44236   0.40867   0.75625   1.70000  3
   0.17672  -1.25758   0.22016   0.56194   1.70000  4
   0.21279   0.31659   0.01822   0.22722   1.70000  5
   0.16517   0.21860   0.00946   0.01742   1.70000  6
  -0.04451  -1.48879  -0.01860  -0.00883   1.70000  7
  -0.00706  -1.36708   0.21475   0.11090   1.70000  8
   0.14388   0.07308  -0.31413  -0.35069   1.70000  9
   0.10556   0.14618  -0.15615  -0.14546   1.70000 10
   0.23189  -1.30367  -0.19613  -0.52871   1.70000 11
   0.12704  -1.31428  -0.14408  -0.35265   1.70000 12
   0.11944  -1.36196  -0.21468  -0.74496   1.70000 13
   0.02885  -1.27373  -0.13076  -0.63130   1.70000 14
   0.34432   0.13928   0.37382  -0.07837   1.70000 15
   0.26956   0.16609   0.06272   0.03001   1.70000 16
   0.18356  -1.26858  -0.09651   0.31405   1.70000 17
   0.07093  -1.34315   0.04686   0.20857   1.70000 18
   0.11706  -1.42539  -0.17352   0.34578   1.70000 19
   0.08265  -1.32037   0.08616   0.10206   1.70000 20
  -0.02063  -2.69642   0.00967  -0.01756   1.80000  1
  -0.02906  -2.59941  -0.00516   0.19322   1.80000  2
   0.13476  -1.36293   0.38602   0.82087   1.80000  3
   0.19579  -1.20552   0.16099   0.47641   1.80000  4
   0.21446   0.33688   0.01518   0.17919   1.80000  5
   0.16691   0.21926   0.02468  -0.00372   1.80000  6
  -0.04265  -1.48590   0.05626   0.06689   1.80000  7
   0.01908  -1.35543   0.30629   0.12035   1.80000  8
   0.11341   0.03986  -0.29522  -0.31400   1.80000  9
   0.09186   0.13195  -0.11880  -0.13935   1.80000 10
   0.20706  -1.35691  -0.30017  -0.52959   1.80000 11
   0.11150  -1.35048  -0.16562  -0.36588   1.80000 12
   0.09712  -1.43392  -0.22887  -0.68296   1.80000 13
   0.01963  -1.33962  -0.05133  -0.67718   1.80000 14
   0.37944   0.13196   0.32911  -0.06828   1.80000 15
   0.27458   0.16916   0.03805   0.03111   1.80000 16
   0.17081  -1.24075  -0.15608   0.23929   1.80000 17
   0.07728  -1.32293   0.07878   0.19072   1.80000 18
   0.09883  -1.38705  -0.18769   0.41557   1.80000 19
   0.09226  -1.31188   0.10390   0.06488   1.80000 20
  -0.01970  -2.69737   0.00894  -0.00146   1.90000  1
  -0.02950  -2.58043  -0.00364   0.18633   1.90000  2
   0.17058  -1.28109   0.32677   0.80509   1.90000  3
   0.20902  -1.16233   0.10450   0.38835   1.90000  4
   0.21586   0.35255   0.01294   0.13470   1.90000  5
   0.17002   0.21794   0.03726  -0.02228   1.90000  6
  -0.03315  -1.47548   0.13421   0.14032   1.90000  7
   0.05345  -1.34350   0.37539   0.11617   1.90000  8
   0.08484   0.01016  -0.27614  -0.28069   1.90000  9
   0.08164   0.11827  -0.08623  -0.13436   1.90000 10
   0.17227  -1.40815  -0.39160  -0.48890   1.90000 11
   0.09431  -1.38605  -0.17633  -0.33966   1.90000 12
   0.07411  -1.49726  -0.22988  -0.58246   1.90000 13
   0.01862  -1.40696   0.02844  -0.66028   1.90000 14
   0.41027   0.12559   0.28824  -0.05944   1.90000 15
   0.27726   0.17229   0.01607   0.03134   1.90000 16
   0.15291  -1.22103  -0.19857   0.15485   1.90000 17
   0.08640  -1.30575   0.10204   0.15140   1.90000 18
   0.08021  -1.34390  -0.18097   0.43841   1.90000 19
   0.10300  -1.30757   0.10857   0.02257   1.90000 20
  -0.01884  -2.69670   0.00823   0.01488   2.00000  1
  -0.02979  -2.56213  -0.00210   0.17964   2.00000  2
   0.19999  -1.20300   0.26248   0.75444   2.00000  3
   0.21689  -1.12763   0.05400   0.30690   2.00000  4
   0.21707   0.36391   0.01141   0.09297   2.00000  5
   0.17431   0.21488   0.04822  -0.03844   2.00000  6
  -0.01578  -1.45835   0.21249   0.19847   2.00000  7
   0.09270  -1.33235   0.40180   0.10743   2.00000  8
   0.05818  -0.01639  -0.25704  -0.25098   2.00000  9
   0.07447   0.10506  -0.05786  -0.13003   2.00000 10
   0.12971  -1.45397  -0.45455  -0.42618   2.00000 11
   0.07658  -1.41787  -0.17662  -0.29654   2.00000 12
   0.05139  -1.55053  -0.22325  -0.48400   2.00000 13
   0.02446  -1.47049   0.08429  -0.60697   2.00000 14
   0.43720   0.12003   0.25094  -0.05177   2.00000 15
   0.27784   0.17542  -0.00434   0.03117   2.00000 16
   0.13183  -1.20959  -0.21938   0.07568   2.00000 17
   0.09728  -1.29260   0.11329   0.11268   2.00000 18
   0.06345  -1.30089  -0.15050   0.41676   2.00000 19
   0.11347  -1.30688   0.09848  -0.00610   2.00000 20
  -0.01805  -2.69440   0.00755   0.03122   2.10000  1
  -0.02992  -2.54448  -0.00056   0.17351   2.10000  2
   0.22344  -1.13040   0.20861   0.69735   2.10000  3
   0.22007  -1.10066   0.01099   0.23420   2.10000  4
   0.21816   0.37121   0.01051   0.05327   2.10000  5
   0.17963   0.21032   0.05811  -0.05244   2.10000  6
   0.00900  -1.43661   0.28024   0.23261   2.10000  7
   0.13230  -1.32178   0.38381   0.10512   2.10000  8
   0.03343  -0.04015  -0.23790  -0.22473   2.10000  9
   0.06996   0.09226  -0.03295  -0.12585   2.10000 10
   0.08236  -1.49343  -0.48710  -0.36403   2.10000 11
   0.05926  -1.44554  -0.16858  -0.25812   2.10000 12
   0.02975  -1.59434  -0.20831  -0.39380   2.10000 13
   0.03474  -1.52795   0.11781  -0.54128   2.10000 14
   0.46056   0.11520   0.21665  -0.04515   2.10000 15
   0.27643   0.17851  -0.02377   0.03065   2.10000 16
   0.10967  -1.20554  -0.22130   0.00689   2.10000 17
   0.10865  -1.28289   0.11253   0.08313   2.10000 18
   0.05065  -1.26112  -0.10403   0.37729   2.10000 19
   0.12233  -1.30829   0.07768  -0.01984   2.10000 20
  -0.01733  -2.69046   0.00691   0.04748   2.20000  1
  -0.02990  -2.52740   0.00095   0.16813   2.20000  2
   0.24208  -1.06351   0.16578   0.64067   2.20000  3
   0.21937  -1.08041  -0.02370   0.17266   2.20000  4
   0.21919   0.37461   0.01016   0.01499   2.20000  5
   0.18590   0.20446   0.06712  -0.06444   2.20000  6
   0.03946  -1.41240   0.32443   0.25027   2.20000  7
   0.16854  -1.31112   0.33774   0.10864   2.20000  8
   0.01060  -0.06145  -0.21868  -0.20166   2.20000  9
   0.06779   0.07989  -0.01079  -0.12142   2.20000 10
   0.03343  -1.52706  -0.48582  -0.31045   2.20000 11
   0.04309  -1.46967  -0.15398  -0.22515   2.20000 12
   0.00993  -1.62965  -0.18734  -0.31441   2.20000 13
   0.04731  -1.57870   0.12996  -0.47418   2.20000 14
   0.48062   0.11097   0.18480  -0.03944   2.20000 15
   0.27311   0.18153  -0.04248   0.02964   2.20000 16
   0.08804  -1.20791  -0.20924  -0.05260   2.20000 17
   0.11951  -1.27571   0.10351   0.06148   2.20000 18
   0.04278  -1.22559  -0.05332   0.33268   2.20000 19
   0.12892  -1.31049   0.05399  -0.02289   2.20000 20
  -0.01667  -2.68491   0.00631   0.06366   2.30000  1
  -0.02973  -2.51083   0.00244   0.16356   2.30000  2
   0.25686  -1.00220   0.13094   0.58598   2.30000  3
   0.21557  -1.06578  -0.05136   0.12124   2.30000  4
   0.22021   0.37424   0.01027  -0.02241   2.30000  5
   0.19302   0.19750   0.07518  -0.07442   2.30000  6
   0.07310  -1.38654   0.34527   0.26801   2.30000  7
   0.19940  -1.30004   0.27818   0.11294   2.30000  8
  -0.01030  -0.08058  -0.19941  -0.18149   2.30000  9
   0.06773   0.06800   0.00923  -0.11640   2.30000 10
  -0.01385  -1.55594  -0.45643  -0.26926   2.30000 11
   0.02862  -1.49070  -0.13508  -0.19625   2.30000 12
  -0.00764  -1.65759  -0.16403  -0.24601   2.30000 13
   0.06007  -1.62296   0.12266  -0.41216   2.30000 14
   0.49758   0.10728   0.15485  -0.03454   2.30000 15
   0.26796   0.18441  -0.06034   0.02788   2.30000 16
   0.06822  -1.21568  -0.18509  -0.10080   2.30000 17
   0.12919  -1.27045   0.08962   0.04420   2.30000 18
   0.03990  -1.19467  -0.00490   0.28534   2.30000 19
   0.13318  -1.31264   0.03170  -0.01907   2.30000 20
  -0.01606  -2.67773   0.00573   0.07978   2.40000  1
  -0.02942  -2.49467   0.00388   0.15981   2.40000  2
   0.26848  -0.94616   0.10250   0.53575   2.40000  3
   0.20925  -1.05599  -0.07453   0.07493   2.40000  4
   0.22126   0.37015   0.01075  -0.05939   2.40000  5
   0.20089   0.18965   0.08191  -0.08225   2.40000  6
   0.10804  -1.35852   0.35145   0.29335   2.40000  7
   0.22401  -1.28859   0.21339   0.11558   2.40000  8
  -0.02928  -0.09783  -0.18012  -0.16392   2.40000  9
   0.06958   0.05664   0.02764  -0.11053   2.40000 10
  -0.05745  -1.58127  -0.41459  -0.23885   2.40000 11
   0.01605  -1.50910  -0.11651  -0.17250   2.40000 12
  -0.02290  -1.67918  -0.14136  -0.18730   2.40000 13
   0.07150  -1.66138   0.10476  -0.35723   2.40000 14
   0.51163   0.10404   0.12636  -0.03036   2.40000 15
   0.26109   0.18707  -0.07689   0.02501   2.40000 16
   0.05140  -1.22764  -0.14962  -0.13632   2.40000 17
   0.13736  -1.26680   0.07366   0.02897   2.40000 18
   0.04163  -1.16861   0.03866   0.23568   2.40000 19
   0.13537  -1.31414   0.01293  -0.01021   2.40000 20
  -0.01552  -2.66895   0.00517   0.09591   2.50000  1
  -0.02896  -2.47884   0.00527   0.15688   2.50000  2
   0.27754  -0.89485   0.07932   0.49158   2.50000  3
   0.20076  -1.05077  -0.09484   0.02937   2.50000  4
   0.22237   0.36236   0.01150  -0.09638   2.50000  5
   0.20934   0.18113   0.08665  -0.08769   2.50000  6
   0.14294  -1.32780   0.34411   0.32064   2.50000  7
   0.24204  -1.27698   0.14726   0.11638   2.50000  8
  -0.04633  -0.11344  -0.16084  -0.14866   2.50000  9
   0.07322   0.04593   0.04487  -0.10364   2.50000 10
  -0.09666  -1.60394  -0.36927  -0.21543   2.50000 11
   0.00523  -1.52536  -0.10042  -0.15329   2.50000 12
  -0.03599  -1.69531  -0.12091  -0.13658   2.50000 13
   0.08090  -1.69462   0.08297  -0.30866   2.50000 14
   0.52289   0.10119   0.09893  -0.02682   2.50000 15
   0.25265   0.18936  -0.09132   0.02060   2.50000 16
   0.03862  -1.24254  -0.10454  -0.15977   2.50000 17
   0.14395  -1.26459   0.05843   0.01577   2.50000 18
   0.04748  -1.14755   0.07757   0.18565   2.50000 19
   0.13596  -1.31450   0.00010   0.00415   2.50000 20
  -0.01503  -2.65855   0.00463   0.11210   2.60000  1
  -0.02836  -2.46326   0.00661   0.15471   2.60000  2
   0.28449  -0.84764   0.06032   0.45351   2.60000  3
   0.19036  -1.05018  -0.11272  -0.01789   2.60000  4
   0.22356   0.35086   0.01236  -0.13373   2.60000  5
   0.21813   0.17220   0.08856  -0.09056   2.60000  6
   0.17637  -1.29464   0.32218   0.34067   2.60000  7
   0.25347  -1.26535   0.08155   0.11612   2.60000  8
  -0.06145  -0.12763  -0.14160  -0.13543   2.60000  9
   0.07853   0.03595   0.06125  -0.09556   2.60000 10
  -0.13130  -1.62450  -0.32371  -0.19627   2.60000 11
  -0.00411  -1.53987  -0.08684  -0.13741   2.60000 12
  -0.04717  -1.70671  -0.10305  -0.09225   2.60000 13
   0.08806  -1.72327   0.06029  -0.26508   2.60000 14
   0.53144   0.09866   0.07219  -0.02386   2.60000 15
   0.24293   0.19112  -0.10257   0.01429   2.60000 16
   0.03068  -1.25923  -0.05381  -0.17229   2.60000 17
   0.14916  -1.26351   0.04647   0.00674   2.60000 18
   0.05705  -1.13142   0.11344   0.13727   2.60000 19
   0.13564  -1.31309  -0.00554   0.02491   2.60000 20
  -0.01459  -2.64652   0.00411   0.12845   2.70000  1
  -0.02764  -2.44787   0.00788   0.15327   2.70000  2
   0.28971  -0.80396   0.04455   0.42092   2.70000  3
   0.17831  -1.05445  -0.12758  -0.06800   2.70000  4
   0.22484   0.33559   0.01315  -0.17172   2.70000  5
   0.22693   0.16310   0.08694  -0.09093   2.70000  6
   0.20697  -1.26006   0.28825   0.34894   2.70000  7
   0.25841  -1.25375   0.01763   0.11617   2.70000  8
  -0.07465  -0.14059  -0.12241  -0.12395   2.70000  9
   0.08545   0.02686   0.07703  -0.08617   2.70000 10
  -0.16143  -1.64328  -0.27901  -0.17964   2.70000 11
  -0.01220  -1.55292  -0.07523  -0.12394   2.70000 12
  -0.05668  -1.71393  -0.08746  -0.05303   2.70000 13
   0.09296  -1.74777   0.03784  -0.22532   2.70000 14
   0.53734   0.09640   0.04581  -0.02144   2.70000 15
   0.23228   0.19215  -0.10960   0.00594   2.70000 16
   0.02789  -1.27669  -0.00208  -0.17561   2.70000 17
   0.15338  -1.26301   0.03858   0.00454   2.70000 18
   0.07011  -1.12001   0.14756   0.09122   2.70000 19
   0.13503  -1.30936  -0.00598   0.05032   2.70000 20
  -0.01421  -2.63285   0.00360   0.14501   2.80000  1
  -0.02679  -2.43259   0.00907   0.15250   2.80000  2
   0.29348  -0.76330   0.03131   0.39309   2.80000  3
   0.16499  -1.06388  -0.13782  -0.12107   2.80000  4
   0.22618   0.31649   0.01361  -0.21046   2.80000  5
   0.23539   0.15408   0.08153  -0.08921   2.80000  6
   0.23374  -1.22523   0.24575   0.34617   2.80000  7
   0.25712  -1.24206  -0.04272   0.11792   2.80000  8
  -0.08593  -0.15247  -0.10328  -0.11397   2.80000  9
   0.09392   0.01877   0.09240  -0.07531   2.80000 10
  -0.18714  -1.66047  -0.23547  -0.16445   2.80000 11
  -0.01921  -1.56472  -0.06505  -0.11230   2.80000 12
  -0.06472  -1.71745  -0.07354  -0.01789   2.80000 13
   0.09565  -1.76843   0.01603  -0.18845   2.80000 14
   0.54061   0.09435   0.01947  -0.01955   2.80000 15
   0.22117   0.19225  -0.11173  -0.00438   2.80000 16
   0.03019  -1.29411   0.04758  -0.17150   2.80000 17
   0.15696  -1.26236   0.03303   0.00955   2.80000 18
   0.08651  -1.11311   0.18019   0.04704   2.80000 19
   0.13452  -1.30298  -0.00396   0.07724   2.80000 20
  -0.01387  -2.61751   0.00309   0.16188   2.90000  1
  -0.02583  -2.41735   0.01019   0.15238   2.90000  2
   0.29603  -0.72520   0.02005   0.36945   2.90000  3
   0.15099  -1.07872  -0.14070  -0.17569   2.90000  4
   0.22754   0.29348   0.01341  -0.24980   2.90000  5
   0.24312   0.14531   0.07264  -0.08610   2.90000  6
   0.25588  -1.19113   0.19605   0.33440   2.90000  7
   0.25004  -1.23009  -0.09794   0.12172   2.90000  8
  -0.09530  -0.16342  -0.08418  -0.10523   2.90000  9
   0.10392   0.01185   0.10750  -0.06287   2.90000 10
  -0.20856  -1.67619  -0.19314  -0.14999   2.90000 11
  -0.02525  -1.57543  -0.05592  -0.10218   2.90000 12
  -0.07142  -1.71762  -0.06067   0.01395   2.90000 13
   0.09620  -1.78553  -0.00503  -0.15372   2.90000 14
   0.54123   0.09247  -0.00715  -0.01819   2.90000 15
   0.21010   0.19121  -0.10878  -0.01656   2.90000 16
   0.03728  -1.31077   0.09354  -0.16067   2.90000 17
   0.15999  -1.26091   0.02748   0.02025   2.90000 18
   0.10606  -1.11058   0.21011   0.00347   2.90000 19
   0.13428  -1.29393  -0.00056   0.10352   2.90000 20
  -0.01359  -2.60046   0.00260   0.17914   3.00000  1
  -0.02475  -2.40209   0.01123   0.15284   3.00000  2
   0.29754  -0.68928   0.01034   0.34953   3.00000  3
   0.13721  -1.09897  -0.13295  -0.22882   3.00000  4
   0.22883   0.26653   0.01223  -0.28917   3.00000  5
   0.24982   0.13688   0.06096  -0.08238   3.00000  6
   0.27275  -1.15860   0.14051   0.31485   3.00000  7
   0.23771  -1.21770  -0.14776   0.12603   3.00000  8
  -0.10277  -0.17355  -0.06508  -0.09753   3.00000  9
   0.11542   0.00626   0.12244  -0.04867   3.00000 10
  -0.22581  -1.69048  -0.15194  -0.13581   3.00000 11
  -0.03042  -1.58520  -0.04756  -0.09341   3.00000 12
  -0.07687  -1.71475  -0.04827   0.04302   3.00000 13
   0.09467  -1.79923  -0.02533  -0.12054   3.00000 14
   0.53916   0.09070  -0.03438  -0.01738   3.00000 15
   0.19958   0.18886  -0.10089  -0.03083   3.00000 16
   0.04873  -1.32601   0.13456  -0.14288   3.00000 17
   0.16241  -1.25817   0.02062   0.03514   3.00000 18
   0.12834  -1.11246   0.23425  -0.04131   3.00000 19
   0.13446  -1.28233   0.00442   0.12817   3.00000 20
  -0.01335  -2.58167   0.00211   0.19688   3.10000  1
  -0.02358  -2.38676   0.01218   0.15386   3.10000  2
   0.29814  -0.65518   0.00182   0.33305   3.10000  3
   0.12482  -1.12432  -0.11281  -0.27722   3.10000  4
   0.22994   0.23568   0.00985  -0.32733   3.10000  5
   0.25524   0.12882   0.04714  -0.07891   3.10000  6
   0.28389  -1.12840   0.08227   0.28809   3.10000  7
   0.22066  -1.20496  -0.19222   0.12817   3.10000  8
  -0.10832  -0.18295  -0.04591  -0.09065   3.10000  9
   0.12840   0.00218   0.13731  -0.03254   3.10000 10
  -0.23898  -1.70335  -0.11175  -0.12157   3.10000 11
  -0.03478  -1.59415  -0.03983  -0.08588   3.10000 12
  -0.08107  -1.70910  -0.03582   0.06967   3.10000 13
   0.09115  -1.80967  -0.04490  -0.08842   3.10000 14
   0.53432   0.08897  -0.06258  -0.01721   3.10000 15
   0.19008   0.18495  -0.08830  -0.04795   3.10000 16
   0.06398  -1.33910   0.16922  -0.11765   3.10000 17
   0.16405  -1.25378   0.01201   0.05324   3.10000 18
   0.15259  -1.11893   0.24864  -0.08853   3.10000 19
   0.13524  -1.26836   0.01156   0.15090   3.10000 20
  -0.01317  -2.56107   0.00164   0.21520   3.20000  1
  -0.02232  -2.37130   0.01303   0.15538   3.20000  2
   0.29794  -0.62257  -0.00582   0.31981   3.20000  3
   0.11500  -1.15419  -0.08204  -0.31874   3.20000  4
   0.23076   0.20116   0.00642  -0.36242   3.20000  5
   0.25920   0.12106   0.03169  -0.07673   3.20000  6
   0.28924  -1.10121   0.02525   0.25457   3.20000  7
   0.19952  -1.19225  -0.22883   0.12470   3.20000  8
  -0.11195  -0.19170  -0.02659  -0.08441   3.20000  9
   0.14288  -0.00018   0.15221  -0.01427   3.20000 10
  -0.24819  -1.71479  -0.07246  -0.10702   3.20000 11
  -0.03840  -1.60241  -0.03269  -0.07947   3.20000 12
  -0.08401  -1.70089  -0.02287   0.09403   3.20000 13
   0.08572  -1.81693  -0.06375  -0.05692   3.20000 14
   0.52660   0.08723  -0.09212  -0.01781   3.20000 15
   0.18206   0.17914  -0.07146  -0.06912   3.20000 16
   0.08231  -1.34929   0.19598  -0.08497   3.20000 17
   0.16475  -1.24746   0.00172   0.07325   3.20000 18
   0.17763  -1.13019   0.24982  -0.13630   3.20000 19
   0.13685  -1.25223   0.02089   0.17123   3.20000 20
  -0.01303  -2.53861   0.00117   0.23419   3.30000  1
  -0.02098  -2.35567   0.01377   0.15738   3.30000  2
   0.29700  -0.59112  -0.01289   0.30973   3.30000  3
   0.10863  -1.18772  -0.04467  -0.34953   3.30000  4
   0.23121   0.16338   0.00259  -0.39221   3.30000  5
   0.26154   0.11338   0.01500  -0.07742   3.30000  6
   0.28910  -1.07769  -0.02722   0.21490   3.30000  7
   0.17537  -1.18037  -0.25112   0.11073   3.30000  8
  -0.11363  -0.19985  -0.00700  -0.07865   3.30000  9
   0.15885  -0.00060   0.16717   0.00632   3.30000 10
  -0.25350  -1.72474  -0.03392  -0.09197   3.30000 11
  -0.04134  -1.61008  -0.02619  -0.07395   3.30000 12
  -0.08562  -1.69037  -0.00904   0.11603   3.30000 13
   0.07843  -1.82106  -0.08191  -0.02567   3.30000 14
   0.51584   0.08538  -0.12342  -0.01943   3.30000 15
   0.17591   0.17096  -0.05115  -0.09528   3.30000 16
   0.10287  -1.35587   0.21352  -0.04561   3.30000 17
   0.16436  -1.23915  -0.00967   0.09246   3.30000 18
   0.20197  -1.14601   0.23371  -0.17862   3.30000 19
   0.13945  -1.23428   0.03126   0.18660   3.30000 20
  -0.01293  -2.51421   0.00073   0.25395   3.40000  1
  -0.01957  -2.33981   0.01439   0.15982   3.40000  2
   0.29537  -0.56052  -0.01963   0.30280   3.40000  3
   0.10612  -1.22348  -0.00596  -0.36219   3.40000  4
   0.23129   0.12297  -0.00080  -0.41459   3.40000  5
   0.26217   0.10541  -0.00239  -0.08308   3.40000  6
   0.28403  -1.05839  -0.07299   0.17036   3.40000  7
   0.14998  -1.17058  -0.25320   0.08292   3.40000  8
  -0.11333  -0.20744   0.01299  -0.07323   3.40000  9
   0.17631   0.00116   0.18204   0.02913   3.40000 10
  -0.25499  -1.73316   0.00403  -0.07626   3.40000 11
  -0.04366  -1.61722  -0.02033  -0.06886   3.40000 12
  -0.08578  -1.67778   0.00589   0.13536   3.40000 13
   0.06936  -1.82206  -0.09937   0.00568   3.40000 14
   0.50184   0.08330  -0.15689  -0.02242   3.40000 15
   0.17192   0.15992  -0.02833  -0.12635   3.40000 16
   0.12469  -1.35824   0.22112  -0.00124   3.40000 17
   0.16283  -1.22915  -0.02063   0.10618   3.40000 18
   0.22373  -1.16551   0.19848  -0.20903   3.40000 19
   0.14307  -1.21528   0.04087   0.19107   3.40000 20
  -0.01288  -2.48779   0.00030   0.27460   3.50000  1
  -0.01811  -2.32369   0.01485   0.16269   3.50000  2
   0.29307  -0.53045  -0.02626   0.29910   3.50000  3
   0.10729  -1.25945   0.02828  -0.35419   3.50000  4
   0.23108   0.08077  -0.00316  -0.42770   3.50000  5
   0.26107   0.09654  -0.01943  -0.09552   3.50000  6
   0.27473  -1.04371  -0.11185   0.12298   3.50000  7
   0.12538  -1.16410  -0.23594   0.04580   3.50000  8
  -0.11101  -0.21450   0.03358  -0.06804   3.50000  9
   0.19523   0.00527   0.19612   0.05304   3.50000 10
  -0.25271  -1.73997   0.04157  -0.05981   3.50000 11
  -0.04543  -1.62384  -0.01505  -0.06349   3.50000 12
  -0.08440  -1.66340   0.02200   0.15151   3.50000 13
   0.05858  -1.81991  -0.11610   0.03745   3.50000 14
   0.48437   0.08083  -0.19292  -0.02729   3.50000 15
   0.17030   0.14557  -0.00371  -0.16118   3.50000 16
   0.14676  -1.35603   0.21868   0.04569   3.50000 17
   0.16033  -1.21825  -0.02875   0.11001   3.50000 18
   0.24120  -1.18737   0.14922  -0.22619   3.50000 19
   0.14757  -1.19658   0.04859   0.18053   3.50000 20
  -0.01287  -2.45925  -0.00009   0.29623   3.60000  1
  -0.01661  -2.30726   0.01513   0.16601   3.60000  2
   0.29011  -0.50058  -0.03295   0.29881   3.60000  3
   0.11153  -1.29387   0.05540  -0.33267   3.60000  4
   0.23072   0.03780  -0.00378  -0.42945   3.60000  5
   0.25835   0.08608  -0.03456  -0.11464   3.60000  6
   0.26185  -1.03384  -0.14500   0.07428   3.60000  7
   0.10327  -1.16145  -0.20440   0.00765   3.60000  8
  -0.10659  -0.22105   0.05498  -0.06297   3.60000  9
   0.21544   0.01168   0.20735   0.07428   3.60000 10
  -0.24668  -1.74509   0.07893  -0.04253   3.60000 11
  -0.04668  -1.62988  -0.01002  -0.05700   3.60000 12
  -0.08135  -1.64760   0.03916   0.16390   3.60000 13
   0.04616  -1.81455  -0.13207   0.07001   3.60000 14
   0.46316   0.07775  -0.23186  -0.03471   3.60000 15
   0.17123   0.12762   0.02258  -0.19800   3.60000 16
   0.16810  -1.34913   0.20677   0.09197   3.60000 17
   0.15723  -1.20749  -0.03241   0.10378   3.60000 18
   0.25335  -1.21040   0.09322  -0.23288   3.60000 19
   0.15270  -1.17957   0.05362   0.15792   3.60000 20
  -0.01290  -2.42850  -0.00043   0.31892   3.70000  1
  -0.01509  -2.29047   0.01521   0.16981   3.70000  2
   0.28648  -0.47056  -0.03986   0.30221   3.70000  3
   0.11815  -1.32577   0.07599  -0.30453   3.70000  4
   0.23043  -0.00466  -0.00139  -0.41761   3.70000  5
   0.25429   0.07346  -0.04591  -0.13808   3.70000  6
   0.24588  -1.02889  -0.17373   0.02453   3.70000  7
   0.08480  -1.16244  -0.16385  -0.02662   3.70000  8
  -0.09998  -0.22710   0.07746  -0.05791   3.70000  9
   0.23649   0.01982   0.21232   0.08642   3.70000 10
  -0.23692  -1.74844   0.11643  -0.02433   3.70000 11
  -0.04742  -1.63518  -0.00477  -0.04863   3.70000 12
  -0.07654  -1.63077   0.05704   0.17205   3.70000 13
   0.03219  -1.80587  -0.14717   0.10369   3.70000 14
   0.43790   0.07378  -0.27393  -0.04541   3.70000 15
   0.17488   0.10597   0.05084  -0.23482   3.70000 16
   0.18784  -1.33778   0.18685   0.13400   3.70000 17
   0.15398  -1.19772  -0.03194   0.09071   3.70000 18
   0.25979  -1.23372   0.03561  -0.23270   3.70000 19
   0.15817  -1.16522   0.05523   0.12832   3.70000 20
  -0.01295  -2.39543  -0.00071   0.34271   3.80000  1
  -0.01357  -2.27328   0.01505   0.17422   3.80000  2
   0.28213  -0.44000  -0.04712   0.30974   3.80000  3
   0.12652  -1.35466   0.09042  -0.27277   3.80000  4
   0.23053  -0.04534   0.00361  -0.39456   3.80000  5
   0.24936   0.05843  -0.05156  -0.16239   3.80000  6
   0.22723  -1.02899  -0.19863  -0.02680   3.80000  7
   0.07067  -1.16660  -0.11827  -0.05574   3.80000  8
  -0.09105  -0.23263   0.10133  -0.05276   3.80000  9
   0.25763   0.02855   0.20900   0.08617   3.80000 10
  -0.22338  -1.74992   0.15439  -0.00508   3.80000 11
  -0.04761  -1.63953   0.00123  -0.03815   3.80000 12
  -0.06993  -1.61333   0.07521   0.17599   3.80000 13
   0.01676  -1.79376  -0.16118   0.13882   3.80000 14
   0.40827   0.06854  -0.31903  -0.06019   3.80000 15
   0.18147   0.08073   0.08123  -0.26936   3.80000 16
   0.20528  -1.32256   0.16120   0.16909   3.80000 17
   0.15094  -1.18947  -0.02855   0.07389   3.80000 18
   0.26051  -1.25679  -0.02086  -0.22819   3.80000 19
   0.16363  -1.15402   0.05327   0.09534   3.80000 20
  -0.01303  -2.35993  -0.00088   0.36755   3.90000  1
  -0.01209  -2.25560   0.01462   0.17947   3.90000  2
   0.27703  -0.40846  -0.05494   0.32203   3.90000  3
   0.13601  -1.38027   0.09808  -0.23932   3.90000  4
   0.23116  -0.08342   0.00881  -0.36680   3.90000  5
   0.24421   0.04106  -0.05034  -0.18466   3.90000  6
   0.20629  -1.03433  -0.21942  -0.08050   3.90000  7
   0.06123  -1.17342  -0.07020  -0.08002   3.90000  8
  -0.07965  -0.23764   0.12696  -0.04736   3.90000  9
   0.27804   0.03667   0.19810   0.07463   3.90000 10
  -0.20601  -1.74941   0.19317   0.01549   3.90000 11
  -0.04714  -1.64275   0.00829  -0.02592   3.90000 12
  -0.06150  -1.59569   0.09333   0.17637   3.90000 13
   0.00001  -1.77805  -0.17365   0.17559   3.90000 14
   0.37402   0.06158  -0.36604  -0.07984   3.90000 15
   0.19117   0.05225   0.11292  -0.29924   3.90000 16
   0.21994  -1.30424   0.13128   0.19588   3.90000 17
   0.14833  -1.18301  -0.02339   0.05518   3.90000 18
   0.25571  -1.27922  -0.07442  -0.21952   3.90000 19
   0.16871  -1.14620   0.04773   0.06099   3.90000 20
  -0.01312  -2.32189  -0.00089   0.39321   4.00000  1
  -0.01066  -2.23734   0.01389   0.18600   4.00000  2
   0.27112  -0.37541  -0.06355   0.33996   4.00000  3
   0.14590  -1.40252   0.09850  -0.20582   4.00000  4
   0.23223  -0.11869   0.01232  -0.33884   4.00000  5
   0.23950   0.02160  -0.04303  -0.20397   4.00000  6
   0.18352  -1.04518  -0.23490  -0.13706   4.00000  7
   0.05666  -1.18246  -0.02109  -0.10012   4.00000  8
  -0.06559  -0.24209   0.15477  -0.04154   4.00000  9
   0.29701   0.04313   0.17998   0.05292   4.00000 10
  -0.18471  -1.74676   0.23304   0.03789   4.00000 11
  -0.04592  -1.64468   0.01630  -0.01263   4.00000 12
  -0.05127  -1.57814   0.11120   0.17431   4.00000 13
  -0.01789  -1.75860  -0.18372   0.21378   4.00000 14
   0.33514   0.05239  -0.41047  -0.10495   4.00000 15
   0.20402   0.02110   0.14350  -0.32256   4.00000 16
   0.23137  -1.28371   0.09619   0.21303   4.00000 17
   0.14629  -1.17847  -0.01739   0.03537   4.00000 18
   0.24579  -1.30050  -0.12300  -0.20496   4.00000 19
   0.17305  -1.14184   0.03836   0.02598   4.00000 20
  -0.01320  -2.28127  -0.00068   0.41924   4.10000  1
  -0.00932  -2.21834   0.01289   0.19454   4.10000  2
   0.26429  -0.34024  -0.07323   0.36457   4.10000  3
   0.15546  -1.42145   0.09158  -0.17295   4.10000  4
   0.23354  -0.15125   0.01342  -0.31265   4.10000  5
   0.23571   0.00033  -0.03238  -0.22134   4.10000  6
   0.15955  -1.06183  -0.24311  -0.19626   4.10000  7
   0.05701  -1.19333   0.02801  -0.11663   4.10000  8
  -0.04861  -0.24593   0.18525  -0.03496   4.10000  9
   0.31371   0.04694   0.15227   0.02188   4.10000 10
  -0.15938  -1.74174   0.27370   0.06309   4.10000 11
  -0.04387  -1.64525   0.02471   0.00128   4.10000 12
  -0.03927  -1.56086   0.12875   0.17118   4.10000 13
  -0.03660  -1.73528  -0.18967   0.25238   4.10000 14
   0.29235   0.04039  -0.44218  -0.13594   4.10000 15
   0.21969  -0.01201   0.16841  -0.33825   4.10000 16
   0.23895  -1.26195   0.05423   0.22063   4.10000 17
   0.14485  -1.17596  -0.01153   0.01461   4.10000 18
   0.23133  -1.32001  -0.16517  -0.18443   4.10000 19
   0.17624  -1.14103   0.02473  -0.00997   4.10000 20
  -0.01325  -2.23806  -0.00014   0.44488   4.20000  1
  -0.00809  -2.19833   0.01164   0.20618   4.20000  2
   0.25643  -0.30224  -0.08418   0.39660   4.20000  3
   0.16396  -1.43713   0.07716  -0.14051   4.20000  4
   0.23484  -0.18131   0.01207  -0.28880   4.20000  5
   0.23300  -0.02266  -0.02226  -0.23853   4.20000  6
   0.13522  -1.08448  -0.24169  -0.25676   4.20000  7
   0.06223  -1.20568   0.07597  -0.12997   4.20000  8
  -0.02843  -0.24904   0.21893  -0.02714   4.20000  9
   0.32717   0.04727   0.11614  -0.01619   4.20000 10
  -0.13000  -1.73400   0.31340   0.09279   4.20000 11
  -0.04099  -1.64439   0.03273   0.01623   4.20000 12
  -0.02554  -1.54389   0.14590   0.16842   4.20000 13
  -0.05558  -1.70819  -0.18813   0.28889   4.20000 14
   0.24745   0.02497  -0.45187  -0.17353   4.20000 15
   0.23728  -0.04631   0.18071  -0.34688   4.20000 16
   0.24199  -1.23982   0.00546   0.22107   4.20000 17
   0.14394  -1.17560  -0.00699  -0.00764   4.20000 18
   0.21295  -1.33730  -0.20156  -0.16132   4.20000 19
   0.17785  -1.14390   0.00670  -0.04779   4.20000 20
  -0.01322  -2.19234   0.00082   0.46922   4.30000  1
  -0.00699  -2.17695   0.01029   0.22225   4.30000  2
   0.24742  -0.26072  -0.09597   0.43436   4.30000  3
   0.17063  -1.44956   0.05487  -0.10803   4.30000  4
   0.23588  -0.20903   0.00838  -0.26524   4.30000  5
   0.23113  -0.04744  -0.01590  -0.25774   4.30000  6
   0.11160  -1.11314  -0.22861  -0.31596   4.30000  7
   0.07210  -1.21923   0.12083  -0.14059   4.30000  8
  -0.00470  -0.25128   0.25632  -0.01724   4.30000  9
   0.33689   0.04359   0.07831  -0.05796   4.30000 10
  -0.09688  -1.72297   0.34759   0.12900   4.30000 11
  -0.03735  -1.64192   0.04003   0.03371   4.30000 12
  -0.01010  -1.52711   0.16271   0.16767   4.30000 13
  -0.07379  -1.67770  -0.17358   0.31968   4.30000 14
   0.20272   0.00553  -0.43962  -0.21588   4.30000 15
   0.25525  -0.08129   0.17589  -0.35265   4.30000 16
   0.23985  -1.21794  -0.04887   0.21526   4.30000 17
   0.14336  -1.17758  -0.00506  -0.03270   4.30000 18
   0.19117  -1.35230  -0.23329  -0.13890   4.30000 19
   0.17745  -1.15068  -0.01513  -0.08825   4.30000 20
  -0.01307  -2.14428   0.00232   0.49169   4.40000  1
  -0.00603  -2.15370   0.00904   0.24378   4.40000  2
   0.23728  -0.21546  -0.10623   0.46942   4.40000  3
   0.17467  -1.45872   0.02443  -0.07522   4.40000  4
   0.23642  -0.23412   0.00182  -0.23484   4.40000  5
   0.22968  -0.07434  -0.01372  -0.28097   4.40000  6
   0.08992  -1.14752  -0.20297  -0.37043   4.40000  7
   0.08617  -1.23374   0.15903  -0.14929   4.40000  8
   0.02296  -0.25238   0.29758  -0.00399   4.40000  9
   0.34291   0.03562   0.04242  -0.10151   4.40000 10
  -0.06084  -1.70797   0.37114   0.17183   4.40000 11
  -0.03297  -1.63750   0.04785   0.05563   4.40000 12
   0.00700  -1.51023   0.17940   0.17076   4.40000 13
  -0.08971  -1.64450  -0.14190   0.34307   4.40000 14
   0.16001  -0.01822  -0.41287  -0.25902   4.40000 15
   0.27196  -0.11689   0.15609  -0.35953   4.40000 16
   0.23209  -1.19706  -0.10683   0.20054   4.40000 17
   0.14281  -1.18229  -0.00667  -0.06234   4.40000 18
   0.16644  -1.36515  -0.26046  -0.11846   4.40000 19
   0.17474  -1.16163  -0.03947  -0.13113   4.40000 20
  -0.01273  -2.09405   0.00448   0.51264   4.50000  1
  -0.00517  -2.12800   0.00819   0.27104   4.50000  2
   0.22635  -0.16735  -0.11131   0.48897   4.50000  3
   0.17525  -1.46459  -0.01399  -0.04204   4.50000  4
   0.23614  -0.25564  -0.00772  -0.19438   4.50000  5
   0.22828  -0.10376  -0.01471  -0.30737   4.50000  6
   0.07139  -1.18696  -0.16596  -0.41704   4.50000  7
   0.10350  -1.24908   0.18500  -0.15768   4.50000  8
   0.05492  -0.25192   0.34185   0.01416   4.50000  9
   0.34544   0.02325   0.00842  -0.14613   4.50000 10
  -0.02302  -1.68846   0.38354   0.21899   4.50000 11
  -0.02767  -1.63061   0.05910   0.08332   4.50000 12
   0.02578  -1.49277   0.19629   0.17948   4.50000 13
  -0.10169  -1.60926  -0.09573   0.36130   4.50000 14
   0.12042  -0.04624  -0.37769  -0.30081   4.50000 15
   0.28604  -0.15310   0.12369  -0.36332   4.50000 16
   0.21849  -1.17829  -0.16459   0.17203   4.50000 17
   0.14191  -1.19025  -0.01185  -0.09776   4.50000 18
   0.13927  -1.37607  -0.28191  -0.10031   4.50000 19
   0.16952  -1.17694  -0.06509  -0.17512   4.50000 20
  -0.01214  -2.04176   0.00749   0.53336   4.60000  1
  -0.00437  -2.09932   0.00801   0.30338   4.60000  2
   0.21518  -0.11862  -0.11165   0.48022   4.60000  3
   0.17163  -1.46711  -0.05946  -0.00839   4.60000  4
   0.23483  -0.27291  -0.01857  -0.15094   4.60000  5
   0.22664  -0.13565  -0.01877  -0.32884   4.60000  6
   0.05698  -1.23064  -0.12141  -0.45517   4.60000  7
   0.12256  -1.26533   0.19254  -0.16786   4.60000  8
   0.09134  -0.24936   0.38625   0.03767   4.60000  9
   0.34460   0.00638  -0.02524  -0.19122   4.60000 10
   0.01557  -1.66408   0.38691   0.26908   4.60000 11
  -0.02095  -1.62061   0.07642   0.11776   4.60000 12
   0.04625  -1.47410   0.21278   0.19517   4.60000 13
  -0.10856  -1.57231  -0.04040   0.37739   4.60000 14
   0.08471  -0.07825  -0.33531  -0.33829   4.60000 15
   0.29641  -0.18917   0.08293  -0.35635   4.60000 16
   0.19938  -1.16324  -0.21599   0.12610   4.60000 17
   0.14033  -1.20203  -0.02022  -0.13884   4.60000 18
   0.11034  -1.38531  -0.29507  -0.08522   4.60000 19
   0.16170  -1.19665  -0.09124  -0.21899   4.60000 20
  -0.01120  -1.98733   0.01164   0.55565   4.70000  1
  -0.00354  -2.06719   0.00872   0.33984   4.70000  2
   0.20412  -0.07226  -0.10887   0.44373   4.70000  3
   0.16319  -1.46624  -0.11009   0.02614   4.70000  4
   0.23244  -0.28588  -0.02886  -0.10882   4.70000  5
   0.22446  -0.16915  -0.02496  -0.34000   4.70000  6
   0.04718  -1.27781  -0.07459  -0.48775   4.70000  7
   0.14127  -1.28277   0.17791  -0.18152   4.70000  8
   0.13201  -0.24431   0.42587   0.06302   4.70000  9
   0.34035  -0.01496  -0.06012  -0.23535   4.70000 10
   0.05410  -1.63452   0.38243   0.32299   4.70000 11
  -0.01216  -1.60680   0.10029   0.15982   4.70000 12
   0.06821  -1.45351   0.22530   0.21755   4.70000 13
  -0.10955  -1.53378   0.02158   0.39340   4.70000 14
   0.05357  -0.11359  -0.28662  -0.36680   4.70000 15
   0.30256  -0.22416   0.03991  -0.34303   4.70000 16
   0.17571  -1.15362  -0.25514   0.06384   4.70000 17
   0.13776  -1.21818  -0.03181  -0.18499   4.70000 18
   0.08068  -1.39325  -0.29556  -0.07436   4.70000 19
   0.15128  -1.22076  -0.11705  -0.26336   4.70000 20
  -0.00977  -1.93051   0.01730   0.58136   4.80000  1
  -0.00259  -2.03124   0.01045   0.37967   4.80000  2
   0.19357  -0.03025  -0.10147   0.39558   4.80000  3
   0.14955  -1.46183  -0.16241   0.06227   4.80000  4
   0.22915  -0.29473  -0.03619  -0.06867   4.80000  5
   0.22168  -0.20355  -0.03009  -0.34762   4.80000  6
   0.04200  -1.32811  -0.02943  -0.51781   4.80000  7
   0.15741  -1.30180   0.14160  -0.20017   4.80000  8
   0.17619  -0.23698   0.45566   0.08170   4.80000  9
   0.33253  -0.04059  -0.09623  -0.27663   4.80000 10
   0.09177  -1.59928   0.36926   0.38294   4.80000 11
  -0.00072  -1.58836   0.12915   0.21044   4.80000 12
   0.09093  -1.43050   0.22644   0.24243   4.80000 13
  -0.10400  -1.49360   0.09089   0.41021   4.80000 14
   0.02748  -0.15125  -0.23524  -0.38488   4.80000 15
   0.30437  -0.25769  -0.00382  -0.32692   4.80000 16
   0.14884  -1.15084  -0.27988  -0.00966   4.80000 17
   0.13385  -1.23921  -0.04701  -0.23651   4.80000 18
   0.05183  -1.40031  -0.27800  -0.06724   4.80000 19
   0.13835  -1.24941  -0.14098  -0.31049   4.80000 20
  -0.00767  -1.87088   0.02490   0.61240   4.90000  1
  -0.00141  -1.99115   0.01329   0.42264   4.90000  2
   0.18393   0.00681  -0.09096   0.34579   4.90000  3
   0.13085  -1.45372  -0.21015   0.10014   4.90000  4
   0.22541  -0.29972  -0.03741  -0.03185   4.90000  5
   0.21864  -0.23855  -0.02918  -0.35116   4.90000  6
   0.04118  -1.38113   0.01210  -0.53983   4.90000  7
   0.16897  -1.32301   0.08686  -0.22494   4.90000  8
   0.22260  -0.22850   0.46920   0.08514   4.90000  9
   0.32113  -0.07020  -0.13137  -0.31526   4.90000 10
   0.12752  -1.55768   0.34308   0.45006   4.90000 11
   0.01376  -1.56439   0.16065   0.27081   4.90000 12
   0.11290  -1.40523   0.20996   0.26091   4.90000 13
  -0.09103  -1.45176   0.17034   0.42596   4.90000 14
   0.00647  -0.19030  -0.18528  -0.39512   4.90000 15
   0.30183  -0.28939  -0.04654  -0.30605   4.90000 16
   0.12016  -1.15576  -0.29184  -0.08957   4.90000 17
   0.12823  -1.26570  -0.06587  -0.29460   4.90000 18
   0.02575  -1.40679  -0.24039  -0.06291   4.90000 19
   0.12320  -1.28302  -0.16139  -0.36255   4.90000 20
  -0.00470  -1.80778   0.03503   0.65113   5.00000  1
   0.00011  -1.94660   0.01735   0.46915   5.00000  2
   0.17537   0.03900  -0.08044   0.29881   5.00000  3
   0.10797  -1.44182  -0.24460   0.13714   5.00000  4
   0.22191  -0.30135  -0.03162  -0.00249   5.00000  5
   0.21615  -0.27350  -0.01957  -0.34653   5.00000  6
   0.04423  -1.43520   0.04797  -0.53567   5.00000  7
   0.17430  -1.34695   0.01767  -0.25413   5.00000  8
   0.26928  -0.22048   0.46071   0.07346   5.00000  9
   0.30639  -0.10366  -0.16258  -0.35430   5.00000 10
   0.15969  -1.50917   0.29605   0.51972   5.00000 11
   0.03141  -1.53384   0.19195   0.34162   5.00000 12
   0.13232  -1.37889   0.17560   0.26215   5.00000 13
  -0.06954  -1.40873   0.26112   0.43195   5.00000 14
  -0.00969  -0.23013  -0.13857  -0.40100   5.00000 15
   0.29523  -0.31867  -0.08408  -0.27863   5.00000 16
   0.09081  -1.16890  -0.29356  -0.17384   5.00000 17
   0.12058  -1.29836  -0.08752  -0.35925   5.00000 18
   0.00435  -1.41299  -0.18488  -0.06114   5.00000 19
   0.10627  -1.32206  -0.17604  -0.41816   5.00000 20
  -0.00055  -1.74029   0.04873   0.70090   5.10000  1
   0.00211  -1.89717   0.02283   0.52030   5.10000  2
   0.16779   0.06673  -0.07140   0.25668   5.10000  3
   0.08265  -1.42656  -0.25764   0.16604   5.10000  4
   0.21923  -0.30062  -0.02163   0.01507   5.10000  5
   0.21484  -0.30762  -0.00642  -0.33485   5.10000  6
   0.05054  -1.48686   0.07675  -0.49041   5.10000  7
   0.17220  -1.37375  -0.06054  -0.28057   5.10000  8
   0.31410  -0.21399   0.43299   0.05581   5.10000  9
   0.28888  -0.14113  -0.18591  -0.39538   5.10000 10
   0.18585  -1.45414   0.22286   0.57709   5.10000 11
   0.05199  -1.49590   0.21834   0.41671   5.10000 12
   0.14747  -1.35370   0.12487   0.23655   5.10000 13
  -0.03868  -1.36614   0.35540   0.41531   5.10000 14
  -0.02134  -0.27043  -0.09479  -0.40460   5.10000 15
   0.28527  -0.34497  -0.11395  -0.24699   5.10000 16
   0.06174  -1.19069  -0.28622  -0.26279   5.10000 17
   0.11071  -1.33756  -0.10963  -0.42343   5.10000 18
  -0.01068  -1.41892  -0.11289  -0.05649   5.10000 19
   0.08829  -1.36638  -0.18174  -0.46496   5.10000 20
   0.00524  -1.66708   0.06836   0.76627   5.20000  1
   0.00474  -1.84231   0.03020   0.57814   5.20000  2
   0.16104   0.09051  -0.06401   0.21980   5.20000  3
   0.05731  -1.40915  -0.24482   0.17897   5.20000  4
   0.21761  -0.29877  -0.01074   0.01987   5.20000  5
   0.21481  -0.34030   0.00537  -0.31794   5.20000  6
   0.05920  -1.53215   0.09401  -0.41223   5.20000  7
   0.16216  -1.40253  -0.13988  -0.29096   5.20000  8
   0.35543  -0.20940   0.39203   0.03531   5.20000  9
   0.26958  -0.18269  -0.19836  -0.43521   5.20000 10
   0.20350  -1.39494   0.12758   0.59909   5.20000 11
   0.07465  -1.45100   0.23175   0.47689   5.20000 12
   0.15690  -1.33255   0.06250   0.18288   5.20000 13
   0.00116  -1.32665   0.43762   0.36932   5.20000 14
  -0.02872  -0.31101  -0.05307  -0.40676   5.20000 15
   0.27265  -0.36806  -0.13756  -0.21490   5.20000 16
   0.03392  -1.22164  -0.26794  -0.35692   5.20000 17
   0.09873  -1.38235  -0.12949  -0.46670   5.20000 18
  -0.01775  -1.42406  -0.02690  -0.04549   5.20000 19
   0.07027  -1.41396  -0.17665  -0.47943   5.20000 20
   0.01348  -1.58647   0.09861   0.84762   5.30000  1
   0.00824  -1.78121   0.04049   0.64589   5.30000  2
   0.15495   0.11085  -0.05793   0.18767   5.30000  3
   0.03450  -1.39148  -0.20804   0.17103   5.30000  4
   0.21704  -0.29701  -0.00110   0.01366   5.30000  5
   0.21580  -0.37109   0.01364  -0.29750   5.30000  6
   0.06880  -1.56909   0.09530  -0.32597   5.30000  7
   0.14437  -1.43107  -0.21480  -0.27608   5.30000  8
   0.39238  -0.20703   0.34714   0.01202   5.30000  9
   0.24943  -0.22806  -0.20414  -0.47159   5.30000 10
   0.21122  -1.33590   0.02776   0.57553   5.30000 11
   0.09754  -1.40186   0.22164   0.49752   5.30000 12
   0.15989  -1.31747  -0.00271   0.11874   5.30000 13
   0.04767  -1.29319   0.48556   0.29644   5.30000 14
  -0.03199  -0.35174  -0.01267  -0.40783   5.30000 15
   0.25791  -0.38801  -0.15671  -0.18462   5.30000 16
   0.00879  -1.26208  -0.23063  -0.45056   5.30000 17
   0.08497  -1.42943  -0.14467  -0.46767   5.30000 18
  -0.01592  -1.42798   0.06313  -0.03331   5.30000 19
   0.05337  -1.46077  -0.15989  -0.45097   5.30000 20
   0.02532  -1.49770   0.13854   0.92292   5.40000  1
   0.01300  -1.71267   0.05577   0.72766   5.40000  2
   0.14942   0.12818  -0.05280   0.15953   5.40000  3
   0.01616  -1.37552  -0.15749   0.14591   5.40000  4
   0.21729  -0.29638   0.00536  -0.00310   5.40000  5
   0.21738  -0.39974   0.01702  -0.27538   5.40000  6
   0.07780  -1.59709   0.08297  -0.23292   5.40000  7
   0.11954  -1.45723  -0.27979  -0.24581   5.40000  8
   0.42497  -0.20700   0.30531  -0.01125   5.40000  9
   0.22884  -0.27690  -0.20724  -0.50447   5.40000 10
   0.20943  -1.28064  -0.06136   0.52699   5.40000 11
   0.11817  -1.35296   0.18821   0.47574   5.40000 12
   0.15644  -1.30861  -0.06550   0.05993   5.40000 13
   0.09690  -1.26785   0.49351   0.20939   5.40000 14
  -0.03127  -0.39254   0.02703  -0.40803   5.40000 15
   0.24144  -0.40509  -0.17190  -0.15757   5.40000 16
  -0.01135  -1.31119  -0.16872  -0.52827   5.40000 17
   0.06994  -1.47480  -0.15564  -0.43583   5.40000 18
  -0.00541  -1.43088   0.14461  -0.02536   5.40000 19
   0.03845  -1.50347  -0.13787  -0.40005   5.40000 20
   0.04081  -1.40375   0.16783   0.94530   5.50000  1
   0.01965  -1.63518   0.07842   0.82368   5.50000  2
   0.14437   0.14286  -0.04837   0.13463   5.50000  3
   0.00317  -1.36270  -0.10141   0.10884   5.50000  4
   0.21793  -0.29803   0.00662  -0.03191   5.50000  5
   0.21899  -0.42616   0.01408  -0.25322   5.50000  6
   0.08508  -1.61566   0.06087  -0.13838   5.50000  7
   0.08890  -1.48000  -0.32954  -0.20849   5.50000  8
   0.45360  -0.20922   0.26813  -0.03284   5.50000  9
   0.20810  -0.32873  -0.20665  -0.53097   5.50000 10
   0.19944  -1.23094  -0.13537   0.46496   5.50000 11
   0.13494  -1.30726   0.14701   0.43658   5.50000 12
   0.14703  -1.30509  -0.12089   0.01254   5.50000 13
   0.14549  -1.25112   0.47390   0.12768   5.50000 14
  -0.02659  -0.43333   0.06664  -0.40752   5.50000 15
   0.22366  -0.41969  -0.18309  -0.13540   5.50000 16
  -0.02450  -1.36696  -0.09270  -0.58204   5.50000 17
   0.05402  -1.51587  -0.16131  -0.38288   5.50000 18
   0.01235  -1.43306   0.20647  -0.01771   5.50000 19
   0.02598  -1.54019  -0.11066  -0.33286   5.50000 20
   0.05841  -1.31051   0.18446   0.91298   5.60000  1
   0.02875  -1.54814   0.10227   0.91181   5.60000  2
   0.13973   0.15519  -0.04444   0.11235   5.60000  3
  -0.00398  -1.35385  -0.04136   0.06863   5.60000  4
   0.21844  -0.30309   0.00292  -0.07039   5.60000  5
   0.21994  -0.45045   0.00365  -0.23300   5.60000  6
   0.08967  -1.62465   0.02980  -0.04111   5.60000  7
   0.05447  -1.49889  -0.35458  -0.16980   5.60000  8
   0.47873  -0.21350   0.23510  -0.05253   5.60000  9
   0.18766  -0.38284  -0.20153  -0.54986   5.60000 10
   0.18304  -1.18796  -0.18907   0.39352   5.60000 11
   0.14766  -1.26587   0.10806   0.39065   5.60000 12
   0.13265  -1.30570  -0.16469  -0.02245   5.60000 13
   0.19072  -1.24163   0.42584   0.06621   5.60000 14
  -0.01793  -0.47402   0.10667  -0.40634   5.60000 15
   0.20496  -0.43242  -0.19028  -0.12067   5.60000 16
  -0.02973  -1.42632  -0.01223  -0.59951   5.60000 17
   0.03797  -1.55114  -0.15815  -0.32073   5.60000 18
   0.03486  -1.43440   0.23812  -0.00998   5.60000 19
   0.01641  -1.56991  -0.08055  -0.25978   5.60000 20
   0.07795  -1.22188   0.20674   0.85765   5.70000  1
   0.03956  -1.45459   0.11163   0.94979   5.70000  2
   0.13546   0.16540  -0.04091   0.09219   5.70000  3
  -0.00512  -1.34886   0.01823   0.03179   5.70000  4
   0.21842  -0.31224  -0.00367  -0.11297   5.70000  5
   0.21946  -0.47292  -0.01442  -0.21749   5.70000  6
   0.09088  -1.62398  -0.00616   0.05315   5.70000  7
   0.01900  -1.51389  -0.34953  -0.12941   5.70000  8
   0.50073  -0.21967   0.20540  -0.07062   5.70000  9
   0.16791  -0.43846  -0.19323  -0.56121   5.70000 10
   0.16231  -1.15233  -0.22266   0.31943   5.70000 11
   0.15665  -1.22912   0.07216   0.34494   5.70000 12
   0.11454  -1.30914  -0.19511  -0.04497   5.70000 13
   0.22988  -1.23705   0.35505   0.02911   5.70000 14
  -0.00523  -0.51457   0.14739  -0.40443   5.70000 15
   0.18573  -0.44420  -0.19366  -0.11709   5.70000 16
  -0.02716  -1.48607   0.06203  -0.59132   5.70000 17
   0.02268  -1.57950  -0.14658  -0.24495   5.70000 18
   0.05893  -1.43527   0.23891  -0.00735   5.70000 19
   0.00984  -1.59173  -0.05160  -0.17624   5.70000 20
   0.09964  -1.13911   0.22552   0.79781   5.80000  1
   0.05107  -1.35954   0.12016   0.94772   5.80000  2
   0.13153   0.17369  -0.03772   0.07376   5.80000  3
  -0.00043  -1.34727   0.07497   0.00205   5.80000  4
   0.21766  -0.32571  -0.01181  -0.15643   5.80000  5
   0.21685  -0.49420  -0.03861  -0.20941   5.80000  6
   0.08828  -1.61442  -0.04653   0.13575   5.80000  7
  -0.01449  -1.52489  -0.31632  -0.09273   5.80000  8
   0.51990  -0.22759   0.17834  -0.08753   5.80000  9
   0.14905  -0.49480  -0.18391  -0.56439   5.80000 10
   0.13898  -1.12388  -0.24170   0.25121   5.80000 11
   0.16216  -1.19667   0.03833   0.30537   5.80000 12
   0.09406  -1.31458  -0.21290  -0.06366   5.80000 13
   0.26151  -1.23520   0.27743   0.01017   5.80000 14
   0.01156  -0.55489   0.18851  -0.40176   5.80000 15
   0.16636  -0.45630  -0.19302  -0.12732   5.80000 16
  -0.01790  -1.54375   0.11927  -0.55952   5.80000 17
   0.00881  -1.60016  -0.13028  -0.16929   5.80000 18
   0.08193  -1.43551   0.21859   0.00480   5.80000 19
   0.00589  -1.60531  -0.02832  -0.09659   5.80000 20
   0.12264  -1.06227   0.23197   0.73945   5.90000  1
   0.06382  -1.26558   0.13554   0.92913   5.90000  2
   0.12791   0.18020  -0.03482   0.05677   5.90000  3
   0.00966  -1.34791   0.12503  -0.01235   5.90000  4
   0.21602  -0.34353  -0.02109  -0.20000   5.90000  5
   0.21163  -0.51509  -0.06621  -0.20999   5.90000  6
   0.08150  -1.59735  -0.08918   0.20262   5.90000  7
  -0.04365  -1.53294  -0.26464  -0.07026   5.90000  8
   0.53647  -0.23715   0.15335  -0.10361   5.90000  9
   0.13109  -0.55116  -0.17549  -0.56246   5.90000 10
   0.11447  -1.10165  -0.24587   0.19590   5.90000 11
   0.16437  -1.16779   0.00603   0.27338   5.90000 12
   0.07235  -1.32166  -0.21884  -0.07595   5.90000 13
   0.28544  -1.23464   0.20183   0.00249   5.90000 14
   0.03244  -0.59491   0.22872  -0.39869   5.90000 15
   0.14728  -0.47007  -0.18773  -0.14989   5.90000 16
  -0.00406  -1.59753   0.15384  -0.51349   5.90000 17
  -0.00326  -1.61358  -0.11027  -0.10030   5.90000 18
   0.10232  -1.43409   0.18809   0.02390   5.90000 19
   0.00400  -1.61138  -0.01025  -0.02666   5.90000 20
   0.14557  -0.99099   0.22494   0.68807   6.00000  1
   0.07828  -1.17381   0.15378   0.90714   6.00000  2
   0.12456   0.18508  -0.03219   0.04098   6.00000  3
   0.02414  -1.34947   0.16239  -0.01856   6.00000  4
   0.21341  -0.36572  -0.03143  -0.24395   6.00000  5
   0.20359  -0.53648  -0.09448  -0.21907   6.00000  6
   0.07060  -1.57454  -0.12737   0.25066   6.00000  7
  -0.06710  -1.53917  -0.20352  -0.05497   6.00000  8
   0.55062  -0.24829   0.13000  -0.11922   6.00000  9
   0.11393  -0.60732  -0.16769  -0.56120   6.00000 10
   0.09030  -1.08428  -0.23532   0.15328   6.00000 11
   0.16339  -1.14175  -0.02541   0.24888   6.00000 12
   0.05077  -1.32955  -0.21070  -0.08190   6.00000 13
   0.30204  -1.23445   0.13099   0.00232   6.00000 14
   0.05718  -0.63466   0.26503  -0.39668   6.00000 15
   0.12899  -0.48657  -0.17726  -0.18116   6.00000 16
   0.01219  -1.64581   0.16793  -0.44907   6.00000 17
  -0.01309  -1.62049  -0.08578  -0.03922   6.00000 18
   0.11935  -1.43077   0.15156   0.04205   6.00000 19
   0.00374  -1.61104   0.00452   0.03160   6.00000 20
   0.16736  -0.92413   0.20962   0.65211   6.10000  1
   0.09451  -1.08397   0.16969   0.88976   6.10000  2
   0.12146   0.18843  -0.02979   0.02620   6.10000  3
   0.04165  -1.35164   0.18529  -0.02507   6.10000  4
   0.20970  -0.39236  -0.04279  -0.28901   6.10000  5
   0.19278  -0.55918  -0.12117  -0.23637   6.10000  6
   0.05641  -1.54772  -0.15427   0.28380   6.10000  7
  -0.08425  -1.54394  -0.13906  -0.04011   6.10000  8
   0.56251  -0.26099   0.10792  -0.13466   6.10000  9
   0.09766  -0.66358  -0.15666  -0.56515   6.10000 10
   0.06779  -1.07061  -0.21293   0.12255   6.10000 11
   0.15935  -1.11768  -0.05478   0.23451   6.10000 12
   0.03057  -1.33817  -0.19167  -0.09116   6.10000 13
   0.31183  -1.23403   0.06574   0.00669   6.10000 14
   0.08515  -0.67438   0.29248  -0.39887   6.10000 15
   0.11201  -0.50650  -0.16131  -0.21835   6.10000 16
   0.02897  -1.68692   0.16570  -0.37226   6.10000 17
  -0.02032  -1.62162  -0.05861   0.01602   6.10000 18
   0.13248  -1.42574   0.11036   0.05823   6.10000 19
   0.00480  -1.60535   0.01624   0.08111   6.10000 20
   0.18724  -0.85995   0.18649   0.63446   6.20000  1
   0.11190  -0.99592   0.17669   0.87199   6.20000  2
   0.11860   0.19035  -0.02761   0.01228   6.20000  3
   0.06072  -1.35457   0.19388  -0.03385   6.20000  4
   0.20482  -0.42360  -0.05511  -0.33623   6.20000  5
   0.17948  -0.58403  -0.14409  -0.26216   6.20000  6
   0.04017  -1.51803  -0.16840   0.30905   6.20000  7
  -0.09489  -1.54710  -0.07388  -0.02239   6.20000  8
   0.57224  -0.27523   0.08678  -0.15020   6.20000  9
   0.08291  -0.72060  -0.13638  -0.57660   6.20000 10
   0.04806  -1.05917  -0.18066   0.10884   6.20000 11
   0.15263  -1.09447  -0.07865   0.23120   6.20000 12
   0.01272  -1.34791  -0.16402  -0.10419   6.20000 13
   0.31535  -1.23306   0.00541   0.01283   6.20000 14
   0.11522  -0.71471   0.30646  -0.40947   6.20000 15
   0.09691  -0.53038  -0.13994  -0.25996   6.20000 16
   0.04505  -1.72028   0.15513  -0.29561   6.20000 17
  -0.02483  -1.61735  -0.03175   0.06942   6.20000 18
   0.14131  -1.41916   0.06572   0.07328   6.20000 19
   0.00685  -1.59492   0.02391   0.12731   6.20000 20
   0.20424  -0.79686   0.15125   0.62754   6.30000  1
   0.12965  -0.90915   0.17750   0.86655   6.30000  2
   0.11594   0.19091  -0.02560  -0.00093   6.30000  3
   0.08000  -1.35846   0.18977  -0.04408   6.30000  4
   0.19865  -0.45972  -0.06827  -0.38706   6.30000  5
   0.16418  -0.61191  -0.16059  -0.29683   6.30000  6
   0.02315  -1.48608  -0.16995   0.32923   6.30000  7
  -0.09904  -1.54826  -0.00926   0.00007   6.30000  8
   0.57989  -0.29104   0.06627  -0.16610   6.30000  9
   0.07083  -0.77909  -0.10303  -0.59338   6.30000 10
   0.03177  -1.04849  -0.14470   0.10584   6.30000 11
   0.14383  -1.07122  -0.09650   0.23456   6.30000 12
  -0.00204  -1.35909  -0.13062  -0.11990   6.30000 13
   0.31302  -1.23147  -0.05158   0.01891   6.30000 14
   0.14600  -0.75659   0.30713  -0.42887   6.30000 15
   0.08420  -0.55863  -0.11326  -0.30563   6.30000 16
   0.05991  -1.74624   0.14193  -0.22469   6.30000 17
  -0.02674  -1.60771  -0.00686   0.12345   6.30000 18
   0.14555  -1.41110   0.01899   0.08798   6.30000 19
   0.00944  -1.57989   0.02736   0.17335   6.30000 20
   0.21720  -0.73479   0.10735   0.61137   6.40000  1
   0.14722  -0.82213   0.17325   0.87333   6.40000  2
   0.11347   0.19019  -0.02373  -0.01356   6.40000  3
   0.09831  -1.36334   0.17453  -0.05305   6.40000  4
   0.19114  -0.50120  -0.08196  -0.44363   6.40000  5
   0.14768  -0.64367  -0.16733  -0.33917   6.40000  6
   0.00660  -1.45237  -0.15902   0.34381   6.40000  7
  -0.09680  -1.54688   0.05385   0.02868   6.40000  8
   0.58550  -0.30847   0.04600  -0.18257   6.40000  9
   0.06263  -0.83909  -0.06032  -0.60454   6.40000 10
   0.01916  -1.03786  -0.10728   0.10737   6.40000 11
   0.13345  -1.04743  -0.11042   0.24169   6.40000 12
  -0.01330  -1.37194  -0.09416  -0.13706   6.40000 13
   0.30509  -1.22930  -0.10690   0.02413   6.40000 14
   0.17617  -0.80033   0.29321  -0.44317   6.40000 15
   0.07445  -0.59165  -0.08047  -0.35537   6.40000 16
   0.07343  -1.76543   0.12853  -0.15996   6.40000 17
  -0.02628  -1.59260   0.01576   0.17907   6.40000 18
   0.14509  -1.40157  -0.02834   0.10241   6.40000 19
   0.01221  -1.56022   0.02747   0.22022   6.40000 20
   0.22567  -0.67498   0.06192   0.58321   6.50000  1
   0.16426  -0.73505   0.16701   0.86592   6.50000  2
   0.11119   0.18822  -0.02196  -0.02577   6.50000  3
   0.11457  -1.36891   0.14915  -0.05729   6.50000  4
   0.18228  -0.54873  -0.09511  -0.50838   6.50000  5
   0.13117  -0.67972  -0.16056  -0.38021   6.50000  6
  -0.00827  -1.41759  -0.13640   0.35004   6.50000  7
  -0.08835  -1.54228   0.11452   0.06462   6.50000  8
   0.58908  -0.32758   0.02549  -0.19975   6.50000  9
   0.05858  -0.89967  -0.02254  -0.60714   6.50000 10
   0.01040  -1.02692  -0.06739   0.11164   6.50000 11
   0.12182  -1.02277  -0.12187   0.25203   6.50000 12
  -0.02083  -1.38645  -0.05624  -0.15252   6.50000 13
   0.29165  -1.22667  -0.16187   0.02832   6.50000 14
   0.20403  -0.84450   0.26179  -0.43817   6.50000 15
   0.06838  -0.62977  -0.03939  -0.40675   6.50000 16
   0.08564  -1.77840   0.11574  -0.10029   6.50000 17
  -0.02365  -1.57183   0.03659   0.23666   6.50000 18
   0.13992  -1.39065  -0.07458   0.11582   6.50000 19
   0.01487  -1.53582   0.02569   0.26802   6.50000 20
   0.22959  -0.61848   0.01707   0.54463   6.60000  1
   0.18031  -0.64938   0.15266   0.84356   6.60000  2
   0.10908   0.18504  -0.02025  -0.03774   6.60000  3
   0.12782  -1.37455   0.11427  -0.05405   6.60000  4
   0.17225  -0.60303  -0.10441  -0.57625   6.60000  5
   0.11595  -0.71900  -0.14320  -0.40183   6.60000  6
  -0.02034  -1.38275  -0.10353   0.34492   6.60000  7
  -0.07401  -1.53368   0.17174   0.10897   6.60000  8
   0.59057  -0.34844   0.00418  -0.21757   6.60000  9
   0.05779  -0.96075   0.00554  -0.61508   6.60000 10
   0.00582  -1.01552  -0.02358   0.11601   6.60000 11
   0.10916  -0.99703  -0.13089   0.26183   6.60000 12
  -0.02453  -1.40220  -0.01765  -0.16067   6.60000 13
   0.27270  -1.22367  -0.21736   0.03160   6.60000 14
   0.22819  -0.88804   0.21995  -0.43393   6.60000 15
   0.06685  -0.67270   0.00921  -0.44953   6.60000 16
   0.09661  -1.78561   0.10378  -0.04434   6.60000 17
  -0.01898  -1.54520   0.05664   0.29628   6.60000 18
   0.13027  -1.37849  -0.11791   0.12699   6.60000 19
   0.01734  -1.50661   0.02374   0.31619   6.60000 20
   0.22939  -0.56648  -0.01861   0.49457   6.70000  1
   0.19482  -0.56731   0.13879   0.79462   6.70000  2
   0.10714   0.18067  -0.01853  -0.04968   6.70000  3
   0.13712  -1.37943   0.07013  -0.04199   6.70000  4
   0.16156  -0.66306  -0.10972  -0.61985   6.70000  5
   0.10245  -0.75985  -0.12735  -0.41594   6.70000  6
  -0.02868  -1.34894  -0.06188   0.33020   6.70000  7
  -0.05417  -1.52017   0.22409   0.16292   6.70000  8
   0.58987  -0.37110  -0.01854  -0.23566   6.70000  9
   0.05944  -1.02249   0.02622  -0.61800   6.70000 10
   0.00581  -1.00393   0.02390   0.11426   6.70000 11
   0.09581  -0.97080  -0.13500   0.26017   6.70000 12
  -0.02433  -1.41819   0.02192  -0.15695   6.70000 13
   0.24815  -1.22038  -0.27386   0.03419   6.70000 14
   0.24773  -0.93152   0.16958  -0.43646   6.70000 15
   0.07003  -0.71926   0.05242  -0.48098   6.70000 16
   0.10642  -1.78735   0.09261   0.00916   6.70000 17
  -0.01230  -1.51252   0.07719   0.35743   6.70000 18
   0.11649  -1.36535  -0.15687   0.13518   6.70000 19
   0.01968  -1.47263   0.02349   0.36281   6.70000 20
   0.22638  -0.51939  -0.03923   0.44909   6.80000  1
   0.20834  -0.49051   0.13256   0.74256   6.80000  2
   0.10537   0.17510  -0.01675  -0.06181   6.80000  3
   0.14155  -1.38263   0.01714  -0.02047   6.80000  4
   0.15008  -0.72681  -0.12122  -0.65662   6.80000  5
   0.09040  -0.80254  -0.11386  -0.44014   6.80000  6
  -0.03246  -1.31680  -0.01252   0.31245   6.80000  7
  -0.02942  -1.50075   0.26936   0.22709   6.80000  8
   0.58681  -0.39555  -0.04302  -0.25326   6.80000  9
   0.06283  -1.08413   0.04089  -0.61518   6.80000 10
   0.01059  -0.99296   0.07126   0.10421   6.80000 11
   0.08243  -0.94539  -0.13133   0.24708   6.80000 12
  -0.02007  -1.43304   0.06349  -0.13665   6.80000 13
   0.21789  -1.21686  -0.33142   0.03604   6.80000 14
   0.26189  -0.97543   0.11262  -0.44224   6.80000 15
   0.07691  -0.76906   0.08323  -0.51653   6.80000 16
   0.11516  -1.78382   0.08215   0.06132   6.80000 17
  -0.00348  -1.47374   0.09966   0.41787   6.80000 18
   0.09907  -1.35153  -0.19050   0.14110   6.80000 19
   0.02218  -1.43422   0.02748   0.40410   6.80000 20
   0.22193  -0.47623  -0.04830   0.41619   6.90000  1
   0.22146  -0.41849   0.13011   0.69916   6.90000  2
   0.10379   0.16829  -0.01483  -0.07437   6.90000  3
   0.14029  -1.38317  -0.04349   0.01149   6.90000  4
   0.13708  -0.79482  -0.13974  -0.70578   6.90000  5
   0.07969  -0.84830  -0.10030  -0.47682   6.90000  6
  -0.03092  -1.28638   0.04481   0.29639   6.90000  7
  -0.00063  -1.47444   0.30465   0.30043   6.90000  8
   0.58121  -0.42170  -0.06912  -0.26941   6.90000  9
   0.06753  -1.14592   0.05238  -0.62342   6.90000 10
   0.01997  -0.98315   0.11587   0.09220   6.90000 11
   0.06977  -0.92145  -0.12038   0.23117   6.90000 12
  -0.01158  -1.44468   0.10644  -0.09141   6.90000 13
   0.18184  -1.21323  -0.38940   0.03592   6.90000 14
   0.27008  -1.02005   0.05009  -0.45055   6.90000 15
   0.08626  -0.82293   0.10133  -0.56280   6.90000 16
   0.12287  -1.77510   0.07228   0.11316   6.90000 17
   0.00774  -1.42912   0.12536   0.47344   6.90000 18
   0.07863  -1.33713  -0.21668   0.14733   6.90000 19
   0.02543  -1.39208   0.03893   0.43766   6.90000 20
   0.21697  -0.43581  -0.05001   0.39352   7.00000  1
   0.23437  -0.35048   0.12805   0.66206   7.00000  2
   0.10242   0.16020  -0.01265  -0.08759   7.00000  3
   0.13269  -1.37991  -0.10890   0.05607   7.00000  4
   0.12194  -0.86829  -0.16386  -0.76415   7.00000  5
   0.07038  -0.89818  -0.08567  -0.52143   7.00000  6
  -0.02319  -1.25747   0.11125   0.28164   7.00000  7
   0.03108  -1.44043   0.32713   0.38072   7.00000  8
   0.57296  -0.44936  -0.09599  -0.28338   7.00000  9
   0.07310  -1.20932   0.05732  -0.64603   7.00000 10
   0.03366  -0.97451   0.15747   0.07990   7.00000 11
   0.05868  -0.89957  -0.09980   0.20189   7.00000 12
   0.00118  -1.45041   0.14832  -0.01907   7.00000 13
   0.14009  -1.20988  -0.44457   0.02920   7.00000 14
   0.27167  -1.06563  -0.01956  -0.46133   7.00000 15
   0.09665  -0.88188   0.10355  -0.61647   7.00000 16
   0.12963  -1.76117   0.06284   0.16563   7.00000 17
   0.02172  -1.37924   0.15469   0.52342   7.00000 18
   0.05619  -1.32190  -0.22880   0.15850   7.00000 19
   0.03026  -1.34683   0.05917   0.46688   7.00000 20
   0.21206  -0.39731  -0.04756   0.37741   7.10000  1
   0.24703  -0.28592   0.12487   0.62986   7.10000  2
   0.10128   0.15074  -0.01003  -0.10174   7.10000  3
   0.11856  -1.37143  -0.17255   0.11638   7.10000  4
   0.10427  -0.94753  -0.18853  -0.81929   7.10000  5
   0.06264  -0.95261  -0.06851  -0.56749   7.10000  6
  -0.00843  -1.23020   0.18428   0.26266   7.10000  7
   0.06426  -1.39811   0.33332   0.46656   7.10000  8
   0.56203  -0.47831  -0.12245  -0.29523   7.10000  9
   0.07842  -1.27493   0.04568  -0.66112   7.10000 10
   0.05129  -0.96754   0.19338   0.05553   7.10000 11
   0.05005  -0.88236  -0.07263   0.13622   7.10000 12
   0.01796  -1.44784   0.18655   0.07293   7.10000 13
   0.09340  -1.20788  -0.48520   0.00845   7.10000 14
   0.26584  -1.11237  -0.09903  -0.47362   7.10000 15
   0.10637  -0.94616   0.08820  -0.66878   7.10000 16
   0.13545  -1.74192   0.05364   0.21974   7.10000 17
   0.03869  -1.32454   0.18412   0.56945   7.10000 18
   0.03378  -1.30510  -0.21367   0.17920   7.10000 19
   0.03749  -1.29878   0.08612   0.49286   7.10000 20
   0.20752  -0.36020  -0.04318   0.36532   7.20000  1
   0.25928  -0.22435   0.11990   0.60229   7.20000  2
   0.10043   0.13981  -0.00671  -0.11706   7.20000  3
   0.09868  -1.35611  -0.22087   0.19198   7.20000  4
   0.08461  -1.03192  -0.20220  -0.86883   7.20000  5
   0.05682  -1.01188  -0.04729  -0.62002   7.20000  6
   0.01352  -1.20506   0.25283   0.24041   7.20000  7
   0.09694  -1.34717   0.31514   0.55012   7.20000  8
   0.54851  -0.50837  -0.14764  -0.30590   7.20000  9
   0.08188  -1.33972   0.02437  -0.62314   7.20000 10
   0.07176  -0.96464   0.21208  -0.00439   7.20000 11
   0.04401  -0.87310  -0.04910   0.04762   7.20000 12
   0.03828  -1.43542   0.21845   0.17697   7.20000 13
   0.04426  -1.20842  -0.48900  -0.01794   7.20000 14
   0.25143  -1.16034  -0.19172  -0.48561   7.20000 15
   0.11385  -1.01567   0.05948  -0.72262   7.20000 16
   0.14035  -1.71712   0.04435   0.27668   7.20000 17
   0.05819  -1.26591   0.20265   0.59911   7.20000 18
   0.01466  -1.28574  -0.16360   0.20975   7.20000 19
   0.04746  -1.24875   0.11206   0.50524   7.20000 20
   0.20345  -0.32415  -0.03828   0.35592   7.30000  1
   0.27094  -0.16531   0.11295   0.57927   7.30000  2
   0.09997   0.12729  -0.00228  -0.13374   7.30000  3
   0.07542  -1.33284  -0.23885   0.27382   7.30000  4
   0.06432  -1.12168  -0.20098  -0.92815   7.30000  5
   0.05325  -1.07728  -0.02383  -0.69199   7.30000  6
   0.04153  -1.18195   0.30368   0.22268   7.30000  7
   0.12626  -1.28877   0.26708   0.61499   7.30000  8
   0.53254  -0.53949  -0.17144  -0.31673   7.30000  9
   0.08366  -1.39770   0.01283  -0.53119   7.30000 10
   0.09292  -0.96942   0.20783  -0.09396   7.30000 11
   0.04011  -0.87288  -0.02917  -0.04290   7.30000 12
   0.06131  -1.41228   0.23991   0.28577   7.30000 13
  -0.00225  -1.21075  -0.43017  -0.02420   7.30000 14
   0.22692  -1.20927  -0.30124  -0.49065   7.30000 15
   0.11785  -1.09110   0.01799  -0.78836   7.30000 16
   0.14430  -1.68643   0.03443   0.33810   7.30000 17
   0.07848  -1.20528   0.19996   0.61125   7.30000 18
   0.00186  -1.26276  -0.08954   0.25165   7.30000 19
   0.05958  -1.19801   0.12912   0.50841   7.30000 20
   0.19985  -0.28894  -0.03366   0.34866   7.40000  1
   0.28181  -0.10836   0.10394   0.56038   7.40000  2
   0.10003   0.11302   0.00380  -0.15181   7.40000  3
   0.05196  -1.30121  -0.22542   0.35932   7.40000  4
   0.04528  -1.21653  -0.17459  -0.95464   7.40000  5
   0.05224  -1.15057   0.00536  -0.76926   7.40000  6
   0.07332  -1.16085   0.32629   0.19454   7.40000  7
   0.14956  -1.22468   0.19433   0.66111   7.40000  8
   0.51425  -0.57176  -0.19433  -0.32904   7.40000  9
   0.08468  -1.44549   0.00866  -0.42414   7.40000 10
   0.11285  -0.98372   0.18906  -0.19275   7.40000 11
   0.03817  -0.88163  -0.00947  -0.13222   7.40000 12
   0.08569  -1.37842   0.24442   0.39085   7.40000 13
  -0.04008  -1.21271  -0.32119  -0.01481   7.40000 14
   0.19087  -1.25758  -0.41870  -0.46885   7.40000 15
   0.11694  -1.17323  -0.03728  -0.84699   7.40000 16
   0.14718  -1.64928   0.02287   0.40631   7.40000 17
   0.09757  -1.14482   0.17880   0.58676   7.40000 18
  -0.00280  -1.23531  -0.00181   0.29504   7.40000 19
   0.07306  -1.14802   0.13895   0.48153   7.40000 20
   0.19669  -0.25435  -0.02978   0.34338   7.50000  1
   0.29165  -0.05313   0.09265   0.54462   7.50000  2
   0.10081   0.09689   0.01218  -0.17093   7.50000  3
   0.03126  -1.26152  -0.18426   0.42676   7.50000  4
   0.03007  -1.30984  -0.12753  -0.90170   7.50000  5
   0.05446  -1.22907   0.03768  -0.78965   7.50000  6
   0.10561  -1.14391   0.31430   0.14337   7.50000  7
   0.16436  -1.15855   0.10120   0.65224   7.50000  8
   0.49368  -0.60539  -0.21716  -0.34406   7.50000  9
   0.08557  -1.48267   0.00969  -0.32085   7.50000 10
   0.13041  -1.00807   0.16067  -0.29426   7.50000 11
   0.03831  -0.89938   0.01302  -0.22333   7.50000 12
   0.10944  -1.33422   0.22594   0.49092   7.50000 13
  -0.06599  -1.21403  -0.19672  -0.01343   7.50000 14
   0.14401  -1.30183  -0.51232  -0.41259   7.50000 15
   0.11066  -1.25805  -0.08626  -0.83839   7.50000 16
   0.14874  -1.60484   0.00730   0.48426   7.50000 17
   0.11395  -1.08980   0.14916   0.51064   7.50000 18
   0.00161  -1.20494   0.08868   0.30457   7.50000 19
   0.08712  -1.10338   0.14156   0.40844   7.50000 20
   0.19386  -0.22020  -0.02689   0.34011   7.60000  1
   0.30026   0.00061   0.07905   0.53027   7.60000  2
   0.10256   0.07883   0.02332  -0.19014   7.60000  3
   0.01569  -1.21779  -0.12611   0.44065   7.60000  4
   0.01998  -1.39584  -0.07437  -0.81726   7.60000  5
   0.05942  -1.30678   0.06028  -0.75886   7.60000  6
   0.13538  -1.13164   0.27811   0.10634   7.60000  7
   0.17024  -1.09504   0.01920   0.61637   7.60000  8
   0.47078  -0.64070  -0.24106  -0.36295   7.60000  9
   0.08664  -1.50986   0.01153  -0.22336   7.60000 10
   0.14468  -1.04228   0.12318  -0.38623   7.60000 11
   0.04098  -0.92645   0.04192  -0.31887   7.60000 12
   0.12981  -1.28168   0.17743   0.55011   7.60000 13
  -0.07964  -1.21558  -0.07802  -0.01755   7.60000 14
   0.09004  -1.33975  -0.55755  -0.34612   7.60000 15
   0.10017  -1.33949  -0.12096  -0.78621   7.60000 16
   0.14834  -1.55206  -0.01752   0.57286   7.60000 17
   0.12754  -1.04268   0.12322   0.43202   7.60000 18
   0.01433  -1.17551   0.16216   0.28184   7.60000 19
   0.10135  -1.06619   0.14308   0.33698   7.60000 20
   0.19127  -0.18626  -0.02521   0.33898   7.70000  1
   0.30741   0.05290   0.06386   0.51524   7.70000  2
   0.10555   0.05890   0.03683  -0.20811   7.70000  3
   0.00610  -1.17398  -0.06503   0.43495   7.70000  4
   0.01509  -1.47349  -0.02398  -0.73641   7.70000  5
   0.06614  -1.38041   0.07174  -0.71417   7.70000  6
   0.16072  -1.12184   0.22651   0.09246   7.70000  7
   0.16876  -1.03573  -0.04605   0.56639   7.70000  8
   0.44539  -0.67815  -0.26738  -0.38694   7.70000  9
   0.08772  -1.52729   0.00873  -0.12484   7.70000 10
   0.15478  -1.08399   0.07771  -0.43988   7.70000 11
   0.04705  -0.96323   0.08136  -0.41607   7.70000 12
   0.14472  -1.22540   0.12175   0.57467   7.70000 13
  -0.08201  -1.21741   0.02849  -0.01811   7.70000 14
   0.03442  -1.37162  -0.54638  -0.29530   7.70000 15
   0.08692  -1.41508  -0.14198  -0.72666   7.70000 16
   0.14466  -1.49022  -0.05948   0.66196   7.70000 17
   0.13865  -1.00352   0.09875   0.35015   7.70000 18
   0.03343  -1.14846   0.21745   0.26093   7.70000 19
   0.11566  -1.03581   0.14230   0.27076   7.70000 20
   0.18877  -0.15233  -0.02496   0.34010   7.80000  1
   0.31303   0.10360   0.04882   0.49830   7.80000  2
   0.10996   0.03727   0.05135  -0.22426   7.80000  3
   0.00292  -1.13087   0.00292   0.42657   7.80000  4
   0.01496  -1.54301   0.01937  -0.65332   7.80000  5
   0.07341  -1.44981   0.07218  -0.67343   7.80000  6
   0.18031  -1.11282   0.16372   0.08884   7.80000  7
   0.16160  -0.98247  -0.09409   0.49578   7.80000  8
   0.41717  -0.71831  -0.29791  -0.41736   7.80000  9
   0.08805  -1.53494  -0.00402  -0.03026   7.80000 10
   0.16006  -1.12882   0.02771  -0.45056   7.80000 11
   0.05760  -1.00926   0.13047  -0.50087   7.80000 12
   0.15444  -1.16649   0.07371   0.60389   7.80000 13
  -0.07437  -1.21898   0.12229  -0.01228   7.80000 14
  -0.01792  -1.39945  -0.49613  -0.26299   7.80000 15
   0.07221  -1.48490  -0.15037  -0.66875   7.80000 16
   0.13595  -1.42074  -0.11445   0.72014   7.80000 17
   0.14727  -0.97277   0.07382   0.26457   7.80000 18
   0.05746  -1.12293   0.26160   0.25123   7.80000 19
   0.12955  -1.01203   0.13399   0.20467   7.80000 20
   0.18622  -0.11817  -0.02649   0.34326   7.90000  1
   0.31724   0.15251   0.03563   0.47989   7.90000  2
   0.11581   0.01409   0.06557  -0.23935   7.90000  3
   0.00700  -1.08888   0.08009   0.41143   7.90000  4
   0.01853  -1.60415   0.05005  -0.57000   7.90000  5
   0.08022  -1.51485   0.06221  -0.62691   7.90000  6
   0.19321  -1.10395   0.09331   0.08918   7.90000  7
   0.15064  -0.93707  -0.12121   0.41052   7.90000  8
   0.38558  -0.76188  -0.33514  -0.45564   7.90000  9
   0.08667  -1.53411  -0.02399   0.04173   7.90000 10
   0.16042  -1.17286  -0.01966  -0.42493   7.90000 11
   0.07303  -1.06237   0.17652  -0.55490   7.90000 12
   0.15956  -1.10504   0.02892   0.62103   7.90000 13
  -0.05791  -1.21966   0.20536  -0.00019   7.90000 14
  -0.06437  -1.42433  -0.43215  -0.23466   7.90000 15
   0.05707  -1.54864  -0.15144  -0.60591   7.90000 16
   0.12237  -1.34716  -0.15314   0.75159   7.90000 17
   0.15350  -0.95062   0.05147   0.17889   7.90000 18
   0.08540  -1.09804   0.29503   0.24659   7.90000 19
   0.14224  -0.99489   0.11907   0.13838   7.90000 20
   0.18341  -0.08365  -0.03010   0.34708   8.00000  1
   0.32024   0.19957   0.02491   0.46135   8.00000  2
   0.12306  -0.01058   0.07925  -0.25378   8.00000  3
   0.01910  -1.04906   0.16204   0.38295   8.00000  4
   0.02461  -1.65723   0.07012  -0.49288   8.00000  5
   0.08558  -1.57519   0.04399  -0.57987   8.00000  6
   0.19890  -1.09478   0.02064   0.09525   8.00000  7
   0.13810  -0.90057  -0.12644   0.31889   8.00000  8
   0.34980  -0.80974  -0.38258  -0.50309   8.00000  9
   0.08328  -1.52763  -0.04307   0.08375   8.00000 10
   0.15634  -1.21318  -0.06124  -0.37972   8.00000 11
   0.09248  -1.11866   0.20966  -0.56319   8.00000 12
   0.16035  -1.04326  -0.01133   0.61001   8.00000 13
  -0.03351  -1.21882   0.28186   0.01786   8.00000 14
  -0.10438  -1.44644  -0.36850  -0.20805   8.00000 15
   0.04214  -1.60618  -0.14613  -0.54582   8.00000 16
   0.10604  -1.26982  -0.17002   0.79824   8.00000 17
   0.15770  -0.93686   0.03320   0.09703   8.00000 18
   0.11592  -1.07376   0.31243   0.23820   8.00000 19
   0.15327  -0.98424   0.10130   0.07578   8.00000 20
   0.18014  -0.04887  -0.03531   0.34750   8.10000  1
   0.32229   0.24481   0.01640   0.44369   8.10000  2
   0.13164  -0.03657   0.09217  -0.26491   8.10000  3
   0.03933  -1.01250   0.24188   0.34805   8.10000  4
   0.03229  -1.70300   0.08224  -0.42409   8.10000  5
   0.08891  -1.63088   0.02233  -0.53461   8.10000  6
   0.19750  -1.08472  -0.04723   0.10692   8.10000  7
   0.12591  -0.87336  -0.11496   0.22484   8.10000  8
   0.30857  -0.86282  -0.44484  -0.55987   8.10000  9
   0.07825  -1.51789  -0.05657   0.10984   8.10000 10
   0.14830  -1.24846  -0.09835  -0.32389   8.10000 11
   0.11427  -1.17395   0.22215  -0.53868   8.10000 12
   0.15782  -0.98378  -0.03641   0.57649   8.10000 13
  -0.00165  -1.21584   0.35444   0.04332   8.10000 14
  -0.13822  -1.46605  -0.30906  -0.18475   8.10000 15
   0.02803  -1.65803  -0.13510  -0.49231   8.10000 16
   0.08912  -1.18736  -0.16416   0.84814   8.10000 17
   0.16025  -0.93102   0.01838   0.02079   8.10000 18
   0.14724  -1.05041   0.31048   0.22978   8.10000 19
   0.16243  -0.97938   0.08153   0.02374   8.10000 20
