  -0.09455  -0.45195   0.14967   0.03313   0.10000  1
   0.05427  -0.32643   0.08942  -0.06068   0.10000  2
  -0.15340   2.03790   0.18581   0.01043   0.10000  3
   0.02613   2.08626  -0.09250  -0.03970   0.10000  4
   0.33566   0.69939  -0.00962   0.05661   0.10000  5
   0.38590   0.88787  -0.06222  -0.03175   0.10000  6
   0.55299  -0.04498  -0.14768  -0.08270   0.10000  7
   0.36299  -0.06310   0.04003  -0.12784   0.10000  8
   0.02271   1.88166  -0.01472   0.08631   0.10000  9
   0.12875   1.71377  -0.06674   0.08657   0.10000 10
  -0.34868  -1.45036   0.06340   0.02146   0.10000 11
  -0.15478  -1.43443  -0.04583   0.01921   0.10000 12
   0.02316   1.02801   0.05639   0.04454   0.10000 13
   0.05899   1.22036   0.01300  -0.03588   0.10000 14
   0.40946  -0.17370  -0.05101  -0.00449   0.10000 15
   0.38128  -0.36848  -0.08258   0.06461   0.10000 16
   0.27750  -0.70228  -0.04491   0.14271   0.10000 17
   0.18307  -0.53103   0.02332   0.07887   0.10000 18
  -0.04782   2.10434   0.05791  -0.08104   0.10000 19
   0.05351   2.26821  -0.06113  -0.18038   0.10000 20
  -0.07178  -0.44694   0.30806   0.06744   0.20000  1
   0.06788  -0.33557   0.18405  -0.12227   0.20000  2
  -0.12524   2.03944   0.37884   0.02005   0.20000  3
   0.01250   2.08013  -0.17779  -0.08443   0.20000  4
   0.33418   0.70801  -0.02030   0.11652   0.20000  5
   0.37657   0.88310  -0.12445  -0.06377   0.20000  6
   0.53059  -0.05769  -0.30193  -0.17367   0.20000  7
   0.36887  -0.08245   0.07643  -0.26007   0.20000  8
   0.02034   1.89500  -0.03396   0.18332   0.20000  9
   0.11871   1.72706  -0.13421   0.18133   0.20000 10
  -0.33912  -1.44712   0.12838   0.04338   0.20000 11
  -0.16171  -1.43157  -0.09328   0.03789   0.20000 12
   0.03160   1.03470   0.11239   0.08936   0.20000 13
   0.06096   1.21485   0.02648  -0.07492   0.20000 14
   0.40180  -0.17447  -0.10208  -0.01186   0.20000 15
   0.36885  -0.35874  -0.16612   0.13028   0.20000 16
   0.27073  -0.68057  -0.09081   0.29359   0.20000 17
   0.18652  -0.51900   0.04529   0.16308   0.20000 18
  -0.03930   2.09218   0.11093  -0.16205   0.20000 19
   0.04420   2.24069  -0.12593  -0.37320   0.20000 20
  -0.03230  -0.43839   0.48581   0.10403   0.30000  1
   0.09146  -0.35090   0.29008  -0.18389   0.30000  2
  -0.07751   2.04177   0.57274   0.02473   0.30000  3
  -0.00853   2.06898  -0.23428  -0.14091   0.30000  4
   0.33152   0.72291  -0.03354   0.18290   0.30000  5
   0.36103   0.87511  -0.18601  -0.09589   0.30000  6
   0.49221  -0.08036  -0.46766  -0.28430   0.30000  7
   0.37782  -0.11526   0.09817  -0.39611   0.30000  8
   0.01564   1.91910  -0.06151   0.30353   0.30000  9
   0.10186   1.75064  -0.20316   0.29453   0.30000 10
  -0.32291  -1.44165   0.19617   0.06627   0.30000 11
  -0.17353  -1.42689  -0.14361   0.05540   0.30000 12
   0.04559   1.04589   0.16705   0.13435   0.30000 13
   0.06433   1.20516   0.04146  -0.12027   0.30000 14
   0.38910  -0.17640  -0.15150  -0.02981   0.30000 15
   0.34804  -0.34240  -0.24996   0.19645   0.30000 16
   0.25928  -0.64296  -0.13853   0.46280   0.30000 17
   0.19201  -0.49803   0.06385   0.25887   0.30000 18
  -0.02606   2.07203   0.15107  -0.23976   0.30000 19
   0.02811   2.19268  -0.19663  -0.59294   0.30000 20
   0.02651  -0.42602   0.69729   0.14388   0.40000  1
   0.12651  -0.37210   0.41442  -0.23712   0.40000  2
  -0.01297   2.04359   0.69288   0.00363   0.40000  3
  -0.03138   2.05147  -0.20049  -0.21095   0.40000  4
   0.32729   0.74488  -0.05225   0.25803   0.40000  5
   0.33947   0.86397  -0.24441  -0.12635   0.40000  6
   0.43684  -0.11577  -0.63874  -0.43172   0.40000  7
   0.38693  -0.16132   0.07126  -0.52122   0.40000  8
   0.00787   1.95677  -0.09276   0.45376   0.40000  9
   0.07802   1.78708  -0.27372   0.44139   0.40000 10
  -0.29980  -1.43382   0.26621   0.09071   0.40000 11
  -0.19052  -1.42055  -0.19627   0.07100   0.40000 12
   0.06489   1.06153   0.21785   0.17808   0.40000 13
   0.06937   1.19050   0.06022  -0.17447   0.40000 14
   0.37166  -0.18147  -0.19665  -0.07967   0.40000 15
   0.31906  -0.31967  -0.32721   0.25512   0.40000 16
   0.24296  -0.58691  -0.18793   0.66536   0.40000 17
   0.19908  -0.46661   0.07619   0.37306   0.40000 18
  -0.00969   2.04465   0.17381  -0.30449   0.40000 19
   0.00503   2.12085  -0.25969  -0.84803   0.40000 20
   0.10876  -0.40940   0.95509   0.19077   0.50000  1
   0.17487  -0.39689   0.55225  -0.24473   0.50000  2
   0.05362   2.03987   0.60073  -0.09321   0.50000  3
  -0.04433   2.02655  -0.04491  -0.28940   0.50000  4
   0.32069   0.77475  -0.08234   0.33954   0.50000  5
   0.31247   0.85012  -0.29307  -0.14814   0.50000  6
   0.36545  -0.16838  -0.78039  -0.62814   0.50000  7
   0.38828  -0.21835  -0.06787  -0.61314   0.50000  8
  -0.00202   2.00857  -0.09772   0.55422   0.50000  9
   0.04715   1.84079  -0.34318   0.64395   0.50000 10
  -0.26984  -1.42344   0.33037   0.11699   0.50000 11
  -0.21261  -1.41278  -0.24315   0.08417   0.50000 12
   0.08885   1.08130   0.25911   0.21552   0.50000 13
   0.07665   1.16998   0.08743  -0.23677   0.50000 14
   0.34942  -0.19461  -0.25422  -0.19753   0.50000 15
   0.28360  -0.29272  -0.37340   0.27148   0.50000 16
   0.22186  -0.50803  -0.23082   0.92307   0.50000 17
   0.20716  -0.42283   0.08756   0.50346   0.50000 18
   0.00794   2.01189   0.17190  -0.34682   0.50000 19
  -0.02080   2.02467  -0.23336  -1.04527   0.50000 20
   0.21716  -0.38635   1.18582   0.29002   0.60000  1
   0.23511  -0.41569   0.63378  -0.09126   0.60000  2
   0.10258   2.02361   0.36812  -0.22970   0.60000  3
  -0.03962   1.99337   0.13577  -0.37203   0.60000  4
   0.31012   0.81252  -0.13310   0.41242   0.60000  5
   0.28155   0.83528  -0.32100  -0.14156   0.60000  6
   0.28270  -0.24262  -0.86269  -0.86023   0.60000  7
   0.36872  -0.28300  -0.34398  -0.67593   0.60000  8
  -0.01011   2.05780  -0.05733   0.39048   0.60000  9
   0.00973   1.91763  -0.39839   0.88383   0.60000 10
  -0.23479  -1.41040   0.36261   0.14353   0.60000 11
  -0.23809  -1.40376  -0.25819   0.09630   0.60000 12
   0.11608   1.10397   0.28149   0.23269   0.60000 13
   0.08739   1.14322   0.13049  -0.29637   0.60000 14
   0.31863  -0.22429  -0.37471  -0.41309   0.60000 15
   0.24695  -0.26933  -0.34347   0.17045   0.60000 16
   0.19958  -0.40110  -0.17976   1.20275   0.60000 17
   0.21838  -0.36652   0.15382   0.61812   0.60000 18
   0.02307   1.97597   0.12337  -0.36743   0.60000 19
  -0.03800   1.92074  -0.10265  -0.99301   0.60000 20
   0.33450  -0.34738   1.08862   0.47532   0.70000  1
   0.29744  -0.40803   0.59127   0.25400   0.70000  2
   0.12638   1.99550   0.10780  -0.32207   0.70000  3
  -0.01886   1.95401   0.26574  -0.39645   0.70000  4
   0.29329   0.85624  -0.20658   0.45702   0.70000  5
   0.24910   0.82360  -0.32491  -0.08269   0.70000  6
   0.19847  -0.33744  -0.76627  -0.97125   0.70000  7
   0.31699  -0.35157  -0.67708  -0.66669   0.70000  8
  -0.01288   2.08346   0.00064   0.12172   0.70000  9
  -0.02881   2.00960  -0.34699   0.90365   0.70000 10
  -0.19916  -1.39486   0.34231   0.16673   0.70000 11
  -0.26242  -1.39341  -0.22064   0.11136   0.70000 12
   0.14433   1.12639   0.28011   0.20716   0.70000 13
   0.10342   1.11152   0.19287  -0.33233   0.70000 14
   0.27295  -0.27944  -0.52935  -0.67909   0.70000 15
   0.21804  -0.26359  -0.22334  -0.06429   0.70000 16
   0.19423  -0.27477   0.08625   1.26061   0.70000 17
   0.24055  -0.30090   0.27975   0.66622   0.70000 18
   0.03147   1.94038   0.04319  -0.33014   0.70000 19
  -0.04188   1.83170   0.01661  -0.77881   0.70000 20
   0.42608  -0.29879   0.74332   0.47548   0.80000  1
   0.34784  -0.36894   0.39607   0.49237   0.80000  2
   0.12491   1.96071  -0.13145  -0.36999   0.80000  3
   0.01105   1.91657   0.32435  -0.35012   0.80000  4
   0.26847   0.90337  -0.29062   0.48576   0.80000  5
   0.21695   0.82027  -0.31724   0.02177   0.80000  6
   0.13593  -0.42520  -0.48834  -0.77213   0.80000  7
   0.24290  -0.40829  -0.76367  -0.44780   0.80000  8
  -0.01076   2.08343   0.03706  -0.11046   0.80000  9
  -0.05708   2.09250  -0.21671   0.74342   0.80000 10
  -0.16726  -1.37716   0.29365   0.18708   0.80000 11
  -0.28127  -1.38135  -0.15437   0.13059   0.80000 12
   0.17163   1.14383   0.26466   0.13515   0.80000 13
   0.12629   1.07760   0.26525  -0.34409   0.80000 14
   0.21943  -0.35057  -0.50789  -0.69737   0.80000 15
   0.20371  -0.27908  -0.06250  -0.22436   0.80000 16
   0.21237  -0.16179   0.24734   0.97746   0.80000 17
   0.26892  -0.24134   0.26562   0.50343   0.80000 18
   0.03274   1.91099  -0.00915  -0.25979   0.80000 19
  -0.03569   1.76424   0.10460  -0.57641   0.80000 20
   0.48558  -0.25331   0.45758   0.43458   0.90000  1
   0.37652  -0.31452   0.18656   0.58255   0.90000  2
   0.10135   1.92175  -0.33157  -0.40907   0.90000  3
   0.04454   1.88388   0.33663  -0.30441   0.90000  4
   0.23515   0.95383  -0.37477   0.52664   0.90000  5
   0.18578   0.82879  -0.30513   0.15197   0.90000  6
   0.09860  -0.49208  -0.26949  -0.56769   0.90000  7
   0.16782  -0.44197  -0.72824  -0.24092   0.90000  8
  -0.00589   2.06365   0.06080  -0.27846   0.90000  9
  -0.07281   2.15726  -0.10348   0.55083   0.90000 10
  -0.14053  -1.35742   0.24111   0.20783   0.90000 11
  -0.29316  -1.36719  -0.08342   0.15309   0.90000 12
   0.19711   1.15249   0.24395   0.03485   0.90000 13
   0.15642   1.04265   0.33581  -0.35631   0.90000 14
   0.17323  -0.41548  -0.42024  -0.59797   0.90000 15
   0.20410  -0.30602   0.05891  -0.30665   0.90000 16
   0.24060  -0.07819   0.31043   0.70620   0.90000 17
   0.29262  -0.20022   0.21217   0.32641   0.90000 18
   0.03141   1.88763  -0.00925  -0.21184   0.90000 19
  -0.02130   1.71549   0.18165  -0.40165   0.90000 20
   0.51911  -0.21154   0.21824   0.40283   1.00000  1
   0.38710  -0.25397   0.03372   0.62311   1.00000  2
   0.06114   1.87903  -0.45375  -0.44287   1.00000  3
   0.07601   1.85550   0.27828  -0.26542   1.00000  4
   0.19438   1.00895  -0.42897   0.57034   1.00000  5
   0.15629   0.85124  -0.28138   0.29906   1.00000  6
   0.07991  -0.53895  -0.11491  -0.37027   1.00000  7
   0.09924  -0.46010  -0.63295  -0.13945   1.00000  8
   0.00172   2.02806   0.09277  -0.43526   1.00000  9
  -0.07898   2.20319  -0.02540   0.37208   1.00000 10
  -0.11893  -1.33551   0.19150   0.23096   1.00000 11
  -0.29803  -1.35063  -0.01439   0.17850   1.00000 12
   0.22006   1.15030   0.21178  -0.08031   1.00000 13
   0.19250   1.00639   0.37391  -0.36236   1.00000 14
   0.13392  -0.47030  -0.37262  -0.49946   1.00000 15
   0.21303  -0.33888   0.10834  -0.34271   1.00000 16
   0.27374  -0.01862   0.35011   0.49211   1.00000 17
   0.31255  -0.17448   0.19244   0.19562   1.00000 18
   0.03209   1.86775   0.02530  -0.19042   1.00000 19
   0.00030   1.68362   0.24798  -0.23608   1.00000 20
   0.52992  -0.17236   0.00021   0.38245   1.10000  1
   0.38488  -0.19075  -0.07022   0.63732   1.10000  2
   0.01522   1.83412  -0.44139  -0.44962   1.10000  3
   0.09744   1.83006   0.14055  -0.24767   1.10000  4
   0.15271   1.06578  -0.39042   0.55739   1.10000  5
   0.13050   0.88873  -0.22814   0.44927   1.10000  6
   0.07355  -0.56639  -0.02181  -0.18133   1.10000  7
   0.04295  -0.47280  -0.48736  -0.12515   1.10000  8
   0.01276   1.97587   0.12765  -0.61275   1.10000  9
  -0.07875   2.23260   0.02681   0.22038   1.10000 10
  -0.10213  -1.31113   0.14501   0.25725   1.10000 11
  -0.29610  -1.33138   0.05271   0.20702   1.10000 12
   0.23841   1.13652   0.14856  -0.19189   1.10000 13
   0.22786   0.97254   0.31949  -0.30486   1.10000 14
   0.09786  -0.51559  -0.34992  -0.40731   1.10000 15
   0.22380  -0.37318   0.09914  -0.33833   1.10000 16
   0.31031   0.02116   0.37997   0.30614   1.10000 17
   0.33218  -0.15970   0.20405   0.10774   1.10000 18
   0.03617   1.84851   0.05163  -0.19993   1.10000 19
   0.02761   1.66843   0.29348  -0.06610   1.10000 20
   0.51943  -0.13470  -0.20914   0.37240   1.20000  1
   0.37477  -0.12746  -0.12213   0.62273   1.20000  2
  -0.02320   1.79002  -0.31112  -0.42921   1.20000  3
   0.10315   1.80521  -0.02771  -0.25282   1.20000  4
   0.11775   1.11941  -0.30647   0.51196   1.20000  5
   0.11178   0.94033  -0.14224   0.57812   1.20000  6
   0.07375  -0.57608   0.01744  -0.01827   1.20000  7
   0.00238  -0.48651  -0.32287  -0.15320   1.20000  8
   0.02705   1.90475   0.15669  -0.81175   1.20000  9
  -0.07414   2.24804   0.06324   0.09177   1.20000 10
  -0.08987  -1.28395   0.10035   0.28693   1.20000 11
  -0.28750  -1.30911   0.11933   0.23923   1.20000 12
   0.24860   1.11309   0.05138  -0.27005   1.20000 13
   0.25500   0.94659   0.22111  -0.20973   1.20000 14
   0.06416  -0.55186  -0.32096  -0.31742   1.20000 15
   0.23164  -0.40597   0.05277  -0.31630   1.20000 16
   0.34947   0.04282   0.40157   0.12665   1.20000 17
   0.35373  -0.15098   0.22641   0.07817   1.20000 18
   0.04154   1.82672   0.05305  -0.24106   1.20000 19
   0.05766   1.67068   0.29927   0.11185   1.20000 20
   0.48825  -0.09759  -0.41260   0.37126   1.30000  1
   0.36267  -0.06731  -0.10858   0.57571   1.30000  2
  -0.04456   1.74869  -0.10695  -0.39649   1.30000  3
   0.09212   1.77872  -0.18824  -0.28230   1.30000  4
   0.09127   1.16782  -0.22512   0.45619   1.30000  5
   0.10246   1.00352  -0.04350   0.68196   1.30000  6
   0.07556  -0.57147   0.01292   0.10256   1.30000  7
  -0.02159  -0.50389  -0.15667  -0.19515   1.30000  8
   0.04376   1.81384   0.17539  -0.99749   1.30000  9
  -0.06641   2.25150   0.09033  -0.02037   1.30000 10
  -0.08204  -1.25363   0.05607   0.31998   1.30000 11
  -0.27219  -1.28338   0.18715   0.27613   1.30000 12
   0.24838   1.08374  -0.05588  -0.31144   1.30000 13
   0.27215   0.93130   0.12356  -0.09340   1.30000 14
   0.03449  -0.57871  -0.26850  -0.21721   1.30000 15
   0.23358  -0.43644  -0.01728  -0.29378   1.30000 16
   0.39006   0.04621   0.40563  -0.06052   1.30000 17
   0.37696  -0.14171   0.23491   0.11770   1.30000 18
   0.04668   1.79908   0.05107  -0.32002   1.30000 19
   0.08552   1.69076   0.24628   0.28668   1.30000 20
   0.43795  -0.06023  -0.58123   0.37588   1.40000  1
   0.35512  -0.01320  -0.03445   0.50013   1.40000  2
  -0.04332   1.71063   0.13488  -0.36665   1.40000  3
   0.06751   1.74731  -0.28785  -0.35265   1.40000  4
   0.07231   1.21095  -0.15554   0.40956   1.40000  5
   0.10296   1.07595   0.05063   0.76179   1.40000  6
   0.07556  -0.55712  -0.01487   0.17708   1.40000  7
  -0.02907  -0.52549   0.00610  -0.23531   1.40000  8
   0.06145   1.70944   0.17251  -1.05646   1.40000  9
  -0.05626   2.24430   0.11198  -0.12228   1.40000 10
  -0.07868  -1.21984   0.01092   0.35617   1.40000 11
  -0.24998  -1.25367   0.25773   0.31927   1.40000 12
   0.23762   1.05203  -0.15633  -0.31504   1.40000 13
   0.28005   0.92823   0.03545   0.03275   1.40000 14
   0.01111  -0.59485  -0.19646  -0.10407   1.40000 15
   0.22751  -0.46493  -0.10766  -0.27707   1.40000 16
   0.42905   0.03065   0.36243  -0.24736   1.40000 17
   0.39998  -0.12574   0.22046   0.20850   1.40000 18
   0.05214   1.76092   0.05924  -0.44812   1.40000 19
   0.10411   1.72571   0.11208   0.38387   1.40000 20
   0.37634  -0.02291  -0.62353   0.36472   1.50000  1
   0.35644   0.03106   0.05765   0.37662   1.50000  2
  -0.01779   1.67481   0.36944  -0.35302   1.50000  3
   0.03818   1.70763  -0.28293  -0.44027   1.50000  4
   0.06005   1.25065  -0.08926   0.39080   1.50000  5
   0.11134   1.15495   0.10726   0.81613   1.50000  6
   0.07256  -0.53758  -0.04377   0.20560   1.50000  7
  -0.02068  -0.55035   0.15892  -0.25705   1.50000  8
   0.07657   1.60901   0.12246  -0.93828   1.50000  9
  -0.04411   2.22720   0.13064  -0.21931   1.50000 10
  -0.07990  -1.18230  -0.03544   0.39498   1.50000 11
  -0.22052  -1.21924   0.33206   0.37110   1.50000 12
   0.21831   1.02246  -0.22095  -0.26850   1.50000 13
   0.27930   0.93786  -0.05089   0.15919   1.50000 14
  -0.00437  -0.59947  -0.11063   0.01062   1.50000 15
   0.21131  -0.49205  -0.22031  -0.26595   1.50000 16
   0.45952  -0.00136   0.23222  -0.37672   1.50000 17
   0.41965  -0.09904   0.16555   0.32688   1.50000 18
   0.05820   1.70995   0.05679  -0.56299   1.50000 19
   0.10675   1.75975  -0.05528   0.26544   1.50000 20
   0.31761   0.01160  -0.53745   0.32194   1.60000  1
   0.36497   0.06104   0.10285   0.22146   1.60000  2
   0.02794   1.63910   0.52434  -0.36823   1.60000  3
   0.01369   1.65929  -0.19315  -0.52706   1.60000  4
   0.05473   1.29087  -0.01513   0.42482   1.60000  5
   0.12228   1.23956   0.10134   0.88170   1.60000  6
   0.06732  -0.51776  -0.05738   0.18137   1.60000  7
   0.00179  -0.57548   0.28396  -0.23662   1.60000  8
   0.08547   1.52177   0.05698  -0.81330   1.60000  9
  -0.03018   2.20046   0.14770  -0.31568   1.60000 10
  -0.08573  -1.14079  -0.08016   0.43538   1.60000 11
  -0.18348  -1.17904   0.40860   0.43529   1.60000 12
   0.19527   0.99940  -0.23201  -0.18893   1.60000 13
   0.26964   0.95976  -0.14364   0.27639   1.60000 14
  -0.01032  -0.59325  -0.00387   0.10942   1.60000 15
   0.18264  -0.51818  -0.35676  -0.25668   1.60000 16
   0.47405  -0.04133   0.05784  -0.40703   1.60000 17
   0.43224  -0.06103   0.08478   0.42500   1.60000 18
   0.06234   1.64971   0.02303  -0.63818   1.60000 19
   0.09485   1.77535  -0.17185   0.03894   1.60000 20
   0.27023   0.04108  -0.40754   0.26628   1.70000  1
   0.37532   0.07560   0.09868   0.07244   1.70000  2
   0.08195   1.59909   0.53046  -0.44480   1.70000  3
   0.00207   1.60199  -0.03010  -0.62145   1.70000  4
   0.05744   1.33835   0.07125   0.54000   1.70000  5
   0.12964   1.33299   0.03546   0.99697   1.70000  6
   0.06186  -0.50315  -0.04862   0.10228   1.70000  7
   0.03450  -0.59571   0.36145  -0.15850   1.70000  8
   0.08868   1.44448   0.01216  -0.74113   1.70000  9
  -0.01461   2.16398   0.16351  -0.41450   1.70000 10
  -0.09548  -1.09520  -0.11039   0.47671   1.70000 11
  -0.13906  -1.13162   0.47675   0.51621   1.70000 12
   0.17305   0.98543  -0.20903  -0.08623   1.70000 13
   0.25038   0.99259  -0.24189   0.37751   1.70000 14
  -0.00415  -0.57867   0.13181   0.17618   1.70000 15
   0.13936  -0.54330  -0.51008  -0.24507   1.70000 16
   0.47180  -0.07985  -0.09708  -0.35119   1.70000 17
   0.43642  -0.01646  -0.00309   0.45387   1.70000 18
   0.06319   1.58241   0.00064  -0.70983   1.70000 19
   0.07454   1.76702  -0.22434  -0.20575   1.70000 20
   0.23616   0.06465  -0.27468   0.20439   1.80000  1
   0.38407   0.07625   0.07442  -0.05493   1.80000  2
   0.12991   1.54751   0.41264  -0.59851   1.80000  3
   0.00897   1.53415   0.17441  -0.73983   1.80000  4
   0.06906   1.40111   0.15775   0.71592   1.80000  5
   0.12699   1.43953  -0.09922   1.11928   1.80000  6
   0.05793  -0.49872  -0.03023  -0.01862   1.80000  7
   0.07199  -0.60571   0.37406  -0.03713   1.80000  8
   0.08910   1.37459   0.00082  -0.62685   1.80000  9
   0.00247   2.11739   0.17782  -0.51856   1.80000 10
  -0.10634  -1.04526  -0.09697   0.52418   1.80000 11
  -0.08930  -1.07523   0.51017   0.61383   1.80000 12
   0.15374   0.98311  -0.17761   0.04515   1.80000 13
   0.22138   1.03488  -0.33692   0.46783   1.80000 14
   0.01651  -0.55922   0.27960   0.20602   1.80000 15
   0.08151  -0.56694  -0.63256  -0.22459   1.80000 16
   0.45582  -0.11019  -0.21750  -0.25380   1.80000 17
   0.43111   0.02801  -0.10526   0.43024   1.80000 18
   0.06425   1.50689   0.03111  -0.80396   1.80000 19
   0.05181   1.73425  -0.22185  -0.45005   1.80000 20
   0.21510   0.08182  -0.14754   0.13840   1.90000  1
   0.38977   0.06578   0.03649  -0.14709   1.90000  2
   0.16110   1.47977   0.19507  -0.73186   1.90000  3
   0.03813   1.45520   0.40573  -0.81465   1.90000  4
   0.08724   1.47845   0.19566   0.79271   1.90000  5
   0.10989   1.54959  -0.22650   1.02811   1.90000  6
   0.05563  -0.50727  -0.01580  -0.15050   1.90000  7
   0.10579  -0.60318   0.28676   0.08361   1.90000  8
   0.08924   1.32395   0.00454  -0.38390   1.90000  9
   0.02091   2.05996   0.19074  -0.63213   1.90000 10
  -0.11292  -0.98968  -0.02673   0.59179   1.90000 11
  -0.03862  -1.00851   0.49731   0.72227   1.90000 12
   0.13719   0.99558  -0.15587   0.21023   1.90000 13
   0.18335   1.08655  -0.42149   0.57049   1.90000 14
   0.04976  -0.53921   0.36727   0.18481   1.90000 15
   0.01818  -0.58699  -0.60264  -0.16984   1.90000 16
   0.42905  -0.13071  -0.31501  -0.15828   1.90000 17
   0.41527   0.06860  -0.21025   0.37550   1.90000 18
   0.07118   1.42484   0.10830  -0.80133   1.90000 19
   0.03189   1.67653  -0.16605  -0.70834   1.90000 20
   0.20652   0.09221  -0.02441   0.06868   2.00000  1
   0.39046   0.04843  -0.02815  -0.19271   2.00000  2
   0.16833   1.40518  -0.04427  -0.75778   2.00000  3
   0.08646   1.37523   0.53742  -0.78513   2.00000  4
   0.10643   1.55204   0.17595   0.66486   2.00000  5
   0.08465   1.64032  -0.26952   0.78259   2.00000  6
   0.05522  -0.52771   0.01134  -0.25035   2.00000  7
   0.12778  -0.58993   0.15040   0.17668   2.00000  8
   0.09079   1.29629   0.03194  -0.18075   2.00000  9
   0.04062   1.99035   0.20353  -0.76433   2.00000 10
  -0.11062  -0.92595   0.07596   0.68785   2.00000 11
   0.00940  -0.93027   0.46083   0.84622   2.00000 12
   0.12200   1.02653  -0.15074   0.41686   2.00000 13
   0.13758   1.15078  -0.49023   0.72774   2.00000 14
   0.08658  -0.52367   0.35731   0.12112   2.00000 15
  -0.03480  -0.60078  -0.44744  -0.11075   2.00000 16
   0.39328  -0.14224  -0.39825  -0.07413   2.00000 17
   0.38962   0.10171  -0.29915   0.28018   2.00000 18
   0.08543   1.34963   0.17599  -0.70890   2.00000 19
   0.02144   1.59289  -0.02853  -0.94797   2.00000 20
   0.21017   0.09540   0.09705  -0.00579   2.10000  1
   0.38311   0.02817  -0.12340  -0.21010   2.10000  2
   0.15352   1.32669  -0.24547  -0.81923   2.10000  3
   0.14057   1.29683   0.51204  -0.78300   2.10000  4
   0.12034   1.61036   0.09959   0.50047   2.10000  5
   0.05820   1.70644  -0.24939   0.55179   2.10000  6
   0.05856  -0.55563   0.05710  -0.30018   2.10000  7
   0.13582  -0.56899   0.01194   0.23455   2.10000  8
   0.09691   1.28475   0.09453  -0.06868   2.10000  9
   0.06163   1.90592   0.21656  -0.93211   2.10000 10
  -0.09723  -0.85102   0.19417   0.81705   2.10000 11
   0.05320  -0.83827   0.41326   1.00013   2.10000 12
   0.10673   1.08098  -0.15375   0.68487   2.10000 13
   0.08733   1.23509  -0.49028   0.96206   2.10000 14
   0.11965  -0.51573   0.29836   0.03523   2.10000 15
  -0.07048  -0.61043  -0.26380  -0.08871   2.10000 16
   0.34987  -0.14592  -0.46741  -0.00142   2.10000 17
   0.35605   0.12366  -0.37006   0.15568   2.10000 18
   0.10610   1.28154   0.23064  -0.65391   2.10000 19
   0.02711   1.49120   0.13830  -1.07872   2.10000 20
   0.22575   0.09082   0.21219  -0.08713   2.20000  1
   0.36501   0.00663  -0.24171  -0.22013   2.20000  2
   0.12147   1.24334  -0.37369  -0.82018   2.20000  3
   0.18183   1.22182   0.28962  -0.69703   2.20000  4
   0.12651   1.65346   0.02391   0.37150   2.20000  5
   0.03629   1.75338  -0.18088   0.39290   2.20000  6
   0.06649  -0.58644   0.09880  -0.31030   2.20000  7
   0.13084  -0.54505  -0.10591   0.23171   2.20000  8
   0.10864   1.27929   0.12681  -0.05418   2.20000  9
   0.08356   1.80218   0.21723  -1.14714   2.20000 10
  -0.07126  -0.76113   0.32858   0.98815   2.20000 11
   0.09147  -0.72880   0.34795   1.19615   2.20000 12
   0.09247   1.16629  -0.11805   1.02456   2.20000 13
   0.04635   1.33530  -0.31404   0.98762   2.20000 14
   0.14511  -0.51686   0.20425  -0.05796   2.20000 15
  -0.08692  -0.61948  -0.06025  -0.09431   2.20000 16
   0.30045  -0.14288  -0.51696   0.06045   2.20000 17
   0.31594   0.13236  -0.43020   0.01590   2.20000 18
   0.12857   1.22169   0.20295  -0.52626   2.20000 19
   0.04856   1.37510   0.28941  -1.25433   2.20000 20
   0.25143   0.07764   0.29007  -0.17872   2.30000  1
   0.33427  -0.01572  -0.37454  -0.22606   2.30000  2
   0.08471   1.16948  -0.33272  -0.62711   2.30000  3
   0.19676   1.16079   0.01273  -0.51106   2.30000  4
   0.12484   1.68585  -0.05824   0.26994   2.30000  5
   0.02335   1.78360  -0.07785   0.19977   2.30000  6
   0.07751  -0.61583   0.11663  -0.25530   2.30000  7
   0.11610  -0.52528  -0.18070   0.15340   2.30000  8
   0.11942   1.27143   0.08008  -0.11152   2.30000  9
   0.10409   1.67784   0.19213  -1.32291   2.30000 10
  -0.03071  -0.65248   0.48724   1.18010   2.30000 11
   0.12167  -0.59881   0.25048   1.38795   2.30000 12
   0.08552   1.27935  -0.02314   1.16428   2.30000 13
   0.02384   1.42545  -0.14337   0.80953   2.30000 14
   0.15888  -0.52711   0.06174  -0.14330   2.30000 15
  -0.08128  -0.62855   0.17992  -0.07416   2.30000 16
   0.24746  -0.13420  -0.53695   0.11095   2.30000 17
   0.27076   0.12624  -0.46662  -0.14190   2.30000 18
   0.14417   1.17872   0.10225  -0.32550   2.30000 19
   0.08434   1.24263   0.42086  -1.35837   2.30000 20
   0.28036   0.05439   0.26788  -0.29075   2.40000  1
   0.29022  -0.03842  -0.50356  -0.22792   2.40000  2
   0.05922   1.11855  -0.16322  -0.40527   2.40000  3
   0.18606   1.11997  -0.21658  -0.31203   2.40000  4
   0.11530   1.70438  -0.12987   0.09332   2.40000  5
   0.01999   1.79273   0.00717  -0.01574   2.40000  6
   0.08848  -0.63128   0.09900  -0.03195   2.40000  7
   0.09648  -0.51409  -0.20374   0.08594   2.40000  8
   0.12494   1.25673   0.03718  -0.17985   2.40000  9
   0.12113   1.53977   0.13887  -1.44179   2.40000 10
   0.02726  -0.52916   0.67459   1.25873   2.40000 11
   0.14121  -0.45884   0.14069   1.36912   2.40000 12
   0.08624   1.39023   0.02792   1.06033   2.40000 13
   0.01692   1.49995   0.00779   0.69198   2.40000 14
   0.15581  -0.54243  -0.12613  -0.13528   2.40000 15
  -0.05033  -0.63023   0.43590   0.05859   2.40000 16
   0.19442  -0.12134  -0.51643   0.14131   2.40000 17
   0.22449   0.10337  -0.44926  -0.31776   2.40000 18
   0.14905   1.15482   0.00051  -0.17340   2.40000 19
   0.12990   1.11193   0.47129  -1.22759   2.40000 20
   0.30111   0.01882   0.13100  -0.42218   2.50000  1
   0.23455  -0.06188  -0.60416  -0.24791   2.50000  2
   0.05323   1.08606   0.04313  -0.25007   2.50000  3
   0.15644   1.09627  -0.35748  -0.17012   2.50000  4
   0.09902   1.70462  -0.19568  -0.08673   2.50000  5
   0.02434   1.78055   0.07868  -0.22914   2.50000  6
   0.09729  -0.62084   0.07676   0.23907   2.50000  7
   0.07725  -0.50456  -0.16728   0.11519   2.50000  8
   0.12779   1.23583   0.02157  -0.23739   2.50000  9
   0.13038   1.39028   0.05046  -1.52966   2.50000 10
   0.10194  -0.40524   0.79299   1.21041   2.50000 11
   0.15065  -0.32779   0.05698   1.26181   2.50000 12
   0.09009   1.49380   0.04416   1.00375   2.50000 13
   0.02555   1.56361   0.15725   0.58045   2.50000 14
   0.13459  -0.55009  -0.28667  -0.00907   2.50000 15
   0.00478  -0.61499   0.65988   0.25086   2.50000 16
   0.14570  -0.10737  -0.45003   0.12889   2.50000 17
   0.18207   0.06214  -0.39725  -0.51128   2.50000 18
   0.14556   1.14064  -0.06628  -0.11731   2.50000 19
   0.17481   1.00118   0.41197  -0.97955   2.50000 20
   0.30407  -0.03023  -0.08174  -0.56048   2.60000  1
   0.17049  -0.08996  -0.66881  -0.32514   2.60000  2
   0.06722   1.06849   0.23102  -0.09785   2.60000  3
   0.11787   1.08576  -0.39852  -0.03714   2.60000  4
   0.07651   1.68716  -0.24931  -0.26079   2.60000  5
   0.03560   1.74631   0.14632  -0.45938   2.60000  6
   0.10360  -0.58422   0.04929   0.48847   2.60000  7
   0.06505  -0.49124  -0.06992   0.14636   2.60000  8
   0.12919   1.20893   0.00450  -0.30886   2.60000  9
   0.13321   1.23272   0.01015  -1.63887   2.60000 10
   0.18099  -0.28446   0.76806   1.22991   2.60000 11
   0.15479  -0.20307   0.03581   1.25105   2.60000 12
   0.09314   1.59176   0.00864   0.96953   2.60000 13
   0.04666   1.61789   0.25696   0.51732   2.60000 14
   0.10128  -0.54419  -0.36241   0.12511   2.60000 15
   0.07931  -0.57920   0.80768   0.46766   2.60000 16
   0.10631  -0.09768  -0.32572   0.05457   2.60000 17
   0.14502  -0.00026  -0.34443  -0.74558   2.60000 18
   0.13598   1.13116  -0.12537  -0.07139   2.60000 19
   0.21087   0.91538   0.30779  -0.74448   2.60000 20
   0.28268  -0.09361  -0.35553  -0.70281   2.70000  1
   0.10478  -0.12713  -0.61429  -0.39772   2.70000  2
   0.09756   1.06701   0.36037   0.06161   2.70000  3
   0.08059   1.08846  -0.32376   0.07539   2.70000  4
   0.05152   1.65471  -0.23336  -0.36345   2.70000  5
   0.05365   1.68896   0.21377  -0.67064   2.70000  6
   0.10762  -0.52436   0.03463   0.70177   2.70000  7
   0.06437  -0.47519   0.05907   0.18224   2.70000  8
   0.12806   1.17075  -0.03144  -0.46751   2.70000  9
   0.13167   1.06434  -0.04754  -1.68211   2.70000 10
   0.25093  -0.15583   0.60409   1.33764   2.70000 11
   0.15815  -0.07719   0.02346   1.22828   2.70000 12
   0.09045   1.68787  -0.06588   0.93035   2.70000 13
   0.07470   1.66823   0.28800   0.48351   2.70000 14
   0.06695  -0.52426  -0.30015   0.28344   2.70000 15
   0.15906  -0.52202   0.75039   0.66887   2.70000 16
   0.08321  -0.09758  -0.12732  -0.05240   2.70000 17
   0.11383  -0.08784  -0.26844  -0.98829   2.70000 18
   0.12092   1.12486  -0.17059  -0.07595   2.70000 19
   0.23646   0.85083   0.20451  -0.55221   2.70000 20
   0.23396  -0.16624  -0.60449  -0.72917   2.80000  1
   0.05168  -0.16676  -0.43789  -0.40258   2.80000  2
   0.13442   1.07688   0.35016   0.12004   2.80000  3
   0.05630   1.09674  -0.15566   0.07955   2.80000  4
   0.03246   1.61864  -0.14133  -0.35262   2.80000  5
   0.07675   1.61897   0.23543  -0.70283   2.80000  6
   0.11086  -0.44512   0.03032   0.87900   2.80000  7
   0.07645  -0.45207   0.17593   0.29887   2.80000  8
   0.12226   1.11598  -0.08455  -0.61245   2.80000  9
   0.12517   0.90510  -0.06669  -1.49591   2.80000 10
   0.29854  -0.02437   0.34950   1.25481   2.80000 11
   0.15930   0.03292   0.00586   0.96359   2.80000 12
   0.08138   1.77160  -0.10278   0.72952   2.80000 13
   0.10140   1.71167   0.23825   0.37398   2.80000 14
   0.04407  -0.48554  -0.15030   0.49911   2.80000 15
   0.22500  -0.44634   0.55705   0.84401   2.80000 16
   0.07999  -0.10868   0.04852  -0.17848   2.80000 17
   0.09229  -0.18946  -0.16913  -1.01921   2.80000 18
   0.10326   1.11316  -0.17432  -0.15866   2.80000 19
   0.25160   0.80396   0.09610  -0.39056   2.80000 20
   0.16311  -0.24088  -0.80482  -0.77902   2.90000  1
   0.01896  -0.21056  -0.20689  -0.48710   2.90000  2
   0.16357   1.08876   0.22028   0.10630   2.90000  3
   0.04970   1.10300   0.02074   0.03880   2.90000  4
   0.02368   1.58344  -0.03468  -0.35790   2.90000  5
   0.09886   1.54984   0.20149  -0.68230   2.90000  6
   0.11359  -0.34858   0.02138   1.05192   2.90000  7
   0.09765  -0.41110   0.23594   0.54226   2.90000  8
   0.11201   1.05287  -0.11358  -0.62486   2.90000  9
   0.12047   0.76322  -0.02178  -1.35180   2.90000 10
   0.32330   0.09414   0.15770   1.12264   2.90000 11
   0.16040   0.11780   0.02020   0.74996   2.90000 12
   0.07164   1.83401  -0.08719   0.52533   2.90000 13
   0.12185   1.74275   0.17092   0.25154   2.90000 14
   0.03791  -0.42275   0.03185   0.76629   2.90000 15
   0.26818  -0.35324   0.29083   1.01247   2.90000 16
   0.08997  -0.13550   0.13855  -0.37037   2.90000 17
   0.07954  -0.29125  -0.08139  -1.01785   2.90000 18
   0.08764   1.09385  -0.13190  -0.22275   2.90000 19
   0.25511   0.77123  -0.02768  -0.27357   2.90000 20
   0.07714  -0.32123  -0.87538  -0.78834   3.00000  1
   0.01256  -0.26542   0.08897  -0.60145   3.00000  2
   0.17733   1.09652   0.05394   0.04498   3.00000  3
   0.05931   1.10332   0.16443  -0.03655   3.00000  4
   0.02524   1.54581   0.06375  -0.40035   3.00000  5
   0.11654   1.48156   0.15122  -0.68884   3.00000  6
   0.11353  -0.23988  -0.03085   1.06863   3.00000  7
   0.12012  -0.34137   0.18832   0.83793   3.00000  8
   0.10081   0.99455  -0.10536  -0.53208   3.00000  9
   0.12109   0.63323   0.03286  -1.25577   3.00000 10
   0.33167   0.20166   0.01430   1.03451   3.00000 11
   0.16395   0.18578   0.05289   0.62213   3.00000 12
   0.06444   1.87794  -0.05576   0.35868   3.00000 13
   0.13576   1.76290   0.10863   0.15582   3.00000 14
   0.05138  -0.33156   0.23570   1.03777   3.00000 15
   0.28028  -0.24759  -0.05222   1.07547   3.00000 16
   0.10550  -0.18524   0.16218  -0.63085   3.00000 17
   0.07644  -0.38688   0.01020  -0.83245   3.00000 18
   0.07777   1.06965  -0.06223  -0.25592   3.00000 19
   0.24627   0.74728  -0.14557  -0.21333   3.00000 20
  -0.00310  -0.38921  -0.70290  -0.55733   3.10000  1
   0.03590  -0.32488   0.35304  -0.55007   3.10000  2
   0.17458   1.09743  -0.10663  -0.02760   3.10000  3
   0.08110   1.09527   0.26379  -0.12468   3.10000  4
   0.03599   1.50235   0.14895  -0.47361   3.10000  5
   0.12908   1.41095   0.09992  -0.72916   3.10000  6
   0.10887  -0.14253  -0.04523   0.86208   3.10000  7
   0.13187  -0.24991   0.04958   0.96236   3.10000  8
   0.09180   0.94725  -0.07093  -0.41346   3.10000  9
   0.12673   0.50994   0.08008  -1.22367   3.10000 10
   0.32650   0.30228  -0.11882   0.98345   3.10000 11
   0.17114   0.24443   0.09016   0.56119   3.10000 12
   0.06060   1.90664  -0.02079   0.21879   3.10000 13
   0.14386   1.77462   0.05480   0.08139   3.10000 14
   0.08179  -0.22415   0.36079   1.06972   3.10000 15
   0.25882  -0.14204  -0.36614   1.02084   3.10000 16
   0.12024  -0.25740   0.12047  -0.75744   3.10000 17
   0.07873  -0.45117   0.02302  -0.45834   3.10000 18
   0.07572   1.04357   0.02333  -0.26195   3.10000 19
   0.22693   0.72760  -0.23648  -0.18250   3.10000 20
  -0.06173  -0.43461  -0.47082  -0.36420   3.20000  1
   0.07700  -0.37202   0.44432  -0.39346   3.20000  2
   0.15682   1.09084  -0.24157  -0.10545   3.20000  3
   0.11049   1.07859   0.31483  -0.20670   3.20000  4
   0.05456   1.45008   0.21998  -0.57726   3.20000  5
   0.13666   1.33448   0.05272  -0.80701   3.20000  6
   0.10716  -0.06618   0.02040   0.68211   3.20000  7
   0.13287  -0.15289  -0.01407   0.97948   3.20000  8
   0.08728   0.91172  -0.01654  -0.29842   3.20000  9
   0.13786   0.38563   0.14916  -1.27244   3.20000 10
   0.30716   0.39899  -0.27281   0.94886   3.20000 11
   0.18145   0.30001   0.11065   0.55830   3.20000 12
   0.06027   1.92227   0.01403   0.09626   3.20000 13
   0.14701   1.77971   0.00940   0.02299   3.20000 14
   0.12187  -0.12063   0.42905   1.01035   3.20000 15
   0.20983  -0.04503  -0.59911   0.91771   3.20000 16
   0.12817  -0.32740   0.03550  -0.63380   3.20000 17
   0.07984  -0.48102  -0.00108  -0.14971   3.20000 18
   0.08269   1.01785   0.11618  -0.25022   3.20000 19
   0.19987   0.71061  -0.30023  -0.15736   3.20000 20
  -0.09815  -0.46405  -0.26278  -0.23135   3.30000  1
   0.12119  -0.40482   0.42483  -0.27019   3.30000  2
   0.12854   1.07597  -0.30782  -0.19385   3.30000  3
   0.14173   1.05450   0.29604  -0.27230   3.30000  4
   0.07945   1.38572   0.27498  -0.71652   3.30000  5
   0.13983   1.24801   0.01178  -0.93099   3.30000  6
   0.11408  -0.00210   0.11810   0.62233   3.30000  7
   0.13124  -0.05141  -0.01212   1.06428   3.30000  8
   0.08900   0.88722   0.05284  -0.19341   3.30000  9
   0.15667   0.25601   0.21512  -1.31444   3.30000 10
   0.27220   0.49085  -0.41848   0.88722   3.30000 11
   0.19187   0.35527   0.09400   0.53123   3.30000 12
   0.06336   1.92625   0.04744  -0.01532   3.30000 13
   0.14599   1.77968  -0.02849  -0.02141   3.30000 14
   0.16429  -0.01906   0.39720   1.03394   3.30000 15
   0.14283   0.04171  -0.71143   0.82157   3.30000 16
   0.12738  -0.38578  -0.04836  -0.54285   3.30000 17
   0.07914  -0.48296  -0.00749   0.10201   3.30000 18
   0.09863   0.99388   0.19878  -0.22790   3.30000 19
   0.16786   0.69614  -0.33414  -0.13205   3.30000 20
  -0.11515  -0.48177  -0.08043  -0.12589   3.40000  1
   0.15925  -0.42735   0.32488  -0.18499   3.40000  2
   0.09902   1.05177  -0.26346  -0.29172   3.40000  3
   0.16695   1.02448   0.19685  -0.32808   3.40000  4
   0.10887   1.30528   0.30936  -0.90059   3.40000  5
   0.13923   1.14644  -0.02288  -1.10963   3.40000  6
   0.12966   0.06303   0.18647   0.69972   3.40000  7
   0.13119   0.06194   0.01533   1.20431   3.40000  8
   0.09810   0.87269   0.12955  -0.09884   3.40000  9
   0.17701   0.11972   0.16754  -1.41855   3.40000 10
   0.22474   0.57777  -0.52723   0.86158   3.40000 11
   0.19988   0.40568   0.06206   0.48415   3.40000 12
   0.06969   1.91942   0.07872  -0.12051   3.40000 13
   0.14152   1.77588  -0.06006  -0.05217   3.40000 14
   0.19705   0.08779   0.24313   1.10325   3.40000 15
   0.07544   0.12105  -0.59606   0.76924   3.40000 16
   0.11944  -0.43663  -0.10526  -0.47107   3.40000 17
   0.07955  -0.46275   0.02095   0.28812   3.40000 18
   0.12124   0.97237   0.24540  -0.20286   3.40000 19
   0.13448   0.68423  -0.32488  -0.10548   3.40000 20
  -0.11470  -0.48961   0.08802  -0.03215   3.50000  1
   0.18463  -0.44224   0.17893  -0.11251   3.50000  2
   0.07940   1.01679  -0.11344  -0.41672   3.50000  3
   0.17930   0.98832   0.04325  -0.40223   3.50000  4
   0.14039   1.20366   0.31546  -1.14333   3.50000  5
   0.13561   1.02498  -0.04561  -1.31735   3.50000  6
   0.14997   0.13809   0.20793   0.79722   3.50000  7
   0.13500   0.18524   0.05611   1.24129   3.50000  8
   0.11475   0.86722   0.20121  -0.01137   3.50000  9
   0.18790  -0.01689   0.06116  -1.27432   3.50000 10
   0.16728   0.66533  -0.61769   0.89962   3.50000 11
   0.20314   0.45341  -0.00272   0.47492   3.50000 12
   0.07900   1.90224   0.10699  -0.22283   3.50000 13
   0.13416   1.76969  -0.08618  -0.06948   3.50000 14
   0.21176   0.19787   0.05387   1.09040   3.50000 15
   0.02768   0.19566  -0.35718   0.73385   3.50000 16
   0.10735  -0.47835  -0.13151  -0.35295   3.50000 17
   0.08386  -0.42880   0.06487   0.37319   3.50000 18
   0.14583   0.95280   0.23551  -0.19490   3.50000 19
   0.10482   0.67560  -0.25898  -0.06036   3.50000 20
  -0.09765  -0.48837   0.25325   0.05637   3.60000  1
   0.19481  -0.44954   0.02517  -0.03103   3.60000  2
   0.07860   0.96580   0.10424  -0.61753   3.60000  3
   0.17491   0.94161  -0.12953  -0.54587   3.60000  4
   0.17051   1.07390   0.27669  -1.46747   3.60000  5
   0.13143   0.88602  -0.03209  -1.43456   3.60000  6
   0.16921   0.22455   0.17018   0.94692   3.60000  7
   0.14171   0.31033   0.07706   1.26874   3.60000  8
   0.13720   0.86981   0.23587   0.05243   3.60000  9
   0.19111  -0.13814   0.00560  -1.17736   3.60000 10
   0.10361   0.75960  -0.63080   0.99649   3.60000 11
   0.19831   0.50129  -0.09810   0.48550   3.60000 12
   0.09093   1.87487   0.13036  -0.32478   3.60000 13
   0.12448   1.76239  -0.10641  -0.07477   3.60000 14
   0.20853   0.30765  -0.11518   1.11771   3.60000 15
   0.00370   0.27083  -0.12421   0.78430   3.60000 16
   0.09400  -0.50567  -0.13242  -0.18928   3.60000 17
   0.09210  -0.39071   0.09775   0.38137   3.60000 18
   0.16573   0.93041   0.14848  -0.27628   3.60000 19
   0.08391   0.67442  -0.15590   0.04910   3.60000 20
  -0.06380  -0.47842   0.42581   0.14246   3.70000  1
   0.18990  -0.44784  -0.12189   0.06851   3.70000  2
   0.10049   0.89098   0.32459  -0.88179   3.70000  3
   0.15474   0.87754  -0.26131  -0.73562   3.70000  4
   0.19211   0.90789   0.12589  -1.84226   3.70000  5
   0.12861   0.74476  -0.02942  -1.36264   3.70000  6
   0.18284   0.33034   0.09614   1.18377   3.70000  7
   0.15011   0.44127   0.08745   1.36545   3.70000  8
   0.15842   0.87314   0.17236  -0.01451   3.70000  9
   0.18864  -0.25681  -0.06107  -1.21326   3.70000 10
   0.04955   0.86335  -0.40249   1.02990   3.70000 11
   0.18281   0.55147  -0.21461   0.52672   3.70000 12
   0.10477   1.83730   0.14447  -0.42600   3.70000 13
   0.11318   1.75498  -0.11751  -0.07301   3.70000 14
   0.18944   0.42423  -0.26234   1.23111   3.70000 15
   0.00268   0.35544   0.10462   0.92370   3.70000 16
   0.08131  -0.51576  -0.11932  -0.01075   3.70000 17
   0.10327  -0.35323   0.12682   0.36547   3.70000 18
   0.17322   0.89356  -0.00600  -0.47555   3.70000 19
   0.07487   0.68683  -0.01219   0.19829   3.70000 20
  -0.01188  -0.45996   0.61601   0.22559   3.80000  1
   0.17077  -0.43527  -0.25840   0.18169   3.80000  2
   0.13941   0.79124   0.42521  -1.11328   3.80000  3
   0.12693   0.79420  -0.26806  -0.94417   3.80000  4
   0.19119   0.71494  -0.14798  -1.98007   3.80000  5
   0.12680   0.61352   0.00903  -1.26035   3.80000  6
   0.18684   0.46506  -0.02790   1.53596   3.80000  7
   0.15760   0.58741   0.04756   1.57594   3.80000  8
   0.16949   0.85841   0.04162  -0.32406   3.80000  9
   0.17714  -0.38211  -0.17676  -1.28188   3.80000 10
   0.02611   0.95249  -0.08941   0.71495   3.80000 11
   0.15528   0.60969  -0.32995   0.65608   3.80000 12
   0.11924   1.78995   0.14124  -0.51829   3.80000 13
   0.10152   1.74758  -0.11226  -0.07808   3.80000 14
   0.15718   0.55841  -0.37511   1.47911   3.80000 15
   0.02541   0.45955   0.35867   1.18477   3.80000 16
   0.07073  -0.50735  -0.08685   0.18172   3.80000 17
   0.11776  -0.31946   0.15989   0.29130   3.80000 18
   0.16447   0.83168  -0.16238  -0.78121   3.80000 19
   0.08514   0.71104   0.23584   0.25430   3.80000 20
   0.05949  -0.43409   0.80245   0.28343   3.90000  1
   0.13894  -0.41417  -0.37287   0.22095   3.90000  2
   0.17705   0.66818   0.27223  -1.28950   3.90000  3
   0.10667   0.68659  -0.10865  -1.16731   3.90000  4
   0.16280   0.52249  -0.39281  -1.75137   3.90000  5
   0.13128   0.50496   0.06642  -0.84419   3.90000  6
   0.17349   0.64102  -0.25785   1.94746   3.90000  7
   0.15631   0.74984  -0.08571   1.57223   3.90000  8
   0.16600   0.80242  -0.11608  -0.81486   3.90000  9
   0.15248  -0.50767  -0.31463  -1.19131   3.90000 10
   0.02679   1.00520   0.08802   0.34363   3.90000 11
   0.12143   0.68261  -0.31467   0.77933   3.90000 12
   0.13223   1.73452   0.11483  -0.58504   3.90000 13
   0.09148   1.73834  -0.08512  -0.11356   3.90000 14
   0.11878   0.71740  -0.35511   1.61822   3.90000 15
   0.07763   0.59761   0.69866   1.57868   3.90000 16
   0.06578  -0.47957  -0.00098   0.36519   3.90000 17
   0.13342  -0.29782   0.14412   0.13777   3.90000 18
   0.14278   0.73391  -0.25885  -1.16653   3.90000 19
   0.12231   0.72929   0.47659   0.07676   3.90000 20
   0.14292  -0.40441   0.82561   0.31312   4.00000  1
   0.09886  -0.39248  -0.40420   0.21567   4.00000  2
   0.18918   0.55216  -0.01145  -1.00994   4.00000  3
   0.10608   0.57998   0.08163  -0.92669   4.00000  4
   0.12080   0.37060  -0.42062  -1.31307   4.00000  5
   0.13861   0.44377   0.07429  -0.41277   4.00000  6
   0.13693   0.83475  -0.43173   1.82997   4.00000  7
   0.14156   0.88495  -0.19826   1.12547   4.00000  8
   0.14555   0.70340  -0.27349  -1.05554   4.00000  9
   0.11722  -0.61532  -0.37162  -0.95991   4.00000 10
   0.04246   1.02148   0.22648  -0.02123   4.00000 11
   0.09824   0.75857  -0.13342   0.72149   4.00000 12
   0.14172   1.67387   0.07387  -0.62513   4.00000 13
   0.08495   1.72344  -0.04443  -0.19098   4.00000 14
   0.09185   0.86308  -0.18023   1.27302   4.00000 15
   0.15766   0.76612   0.81384   1.70197   4.00000 16
   0.07175  -0.43685   0.12017   0.48148   4.00000 17
   0.14538  -0.29174   0.09216  -0.01318   4.00000 18
   0.11687   0.61713  -0.23249  -1.08466   4.00000 19
   0.16855   0.72855   0.39389  -0.04910   4.00000 20
   0.21872  -0.37036   0.67628   0.37148   4.10000  1
   0.06271  -0.36983  -0.30403   0.24428   4.10000  2
   0.17762   0.46257  -0.21221  -0.79854   4.10000  3
   0.11973   0.49734   0.17585  -0.75063   4.10000  4
   0.08124   0.25534  -0.36501  -1.01078   4.10000  5
   0.14490   0.41807   0.04591  -0.11450   4.10000  6
   0.09347   1.00468  -0.41946   1.57604   4.10000  7
   0.11830   0.98137  -0.25846   0.83816   4.10000  8
   0.11763   0.60065  -0.26725  -1.01822   4.10000  9
   0.08027  -0.70159  -0.36322  -0.77699   4.10000 10
   0.07319   1.00076   0.39070  -0.37326   4.10000 11
   0.09345   0.82885   0.02098   0.70380   4.10000 12
   0.14699   1.60956   0.03207  -0.66314   4.10000 13
   0.08259   1.69906  -0.00339  -0.30124   4.10000 14
   0.08155   0.97733  -0.03275   1.04035   4.10000 15
   0.22733   0.93012   0.55519   1.58252   4.10000 16
   0.08895  -0.38383   0.21691   0.57693   4.10000 17
   0.15177  -0.29934   0.03675  -0.12965   4.10000 18
   0.09908   0.51641  -0.11758  -0.95232   4.10000 19
   0.19766   0.72387   0.19273  -0.04429   4.10000 20
   0.27692  -0.32999   0.48553   0.43478   4.20000  1
   0.03986  -0.34236  -0.14801   0.31028   4.20000  2
   0.14856   0.39103  -0.35566  -0.63257   4.20000  3
   0.13801   0.42656   0.17211  -0.67409   4.20000  4
   0.04840   0.16542  -0.28952  -0.79974   4.20000  5
   0.14638   0.41735  -0.02453   0.07115   4.20000  6
   0.05657   1.14813  -0.30773   1.29543   4.20000  7
   0.09246   1.05689  -0.24239   0.68488   4.20000  8
   0.09439   0.49539  -0.18679  -1.10142   4.20000  9
   0.04485  -0.77259  -0.34502  -0.65027   4.20000 10
   0.11719   0.95794   0.46215  -0.43655   4.20000 11
   0.09985   0.90250   0.09951   0.77849   4.20000 12
   0.14827   1.54035  -0.00580  -0.72801   4.20000 13
   0.08411   1.66231   0.03288  -0.43845   4.20000 14
   0.08407   1.07310   0.07604   0.87848   4.20000 15
   0.26767   1.08261   0.25946   1.46285   4.20000 16
   0.11373  -0.32229   0.27211   0.64658   4.20000 17
   0.15299  -0.31487  -0.01104  -0.16170   4.20000 18
   0.09412   0.42429   0.01931  -0.89146   4.20000 19
   0.20873   0.71926   0.03739  -0.04864   4.20000 20
   0.31579  -0.28355   0.29234   0.49460   4.30000  1
   0.03346  -0.30704   0.01943   0.39877   4.30000  2
   0.10994   0.33558  -0.39703  -0.48611   4.30000  3
   0.15060   0.36166   0.06473  -0.62766   4.30000  4
   0.02383   0.09342  -0.19887  -0.64803   4.30000  5
   0.13908   0.42444  -0.11846   0.03079   4.30000  6
   0.03270   1.26655  -0.16710   1.08891   4.30000  7
   0.07211   1.12133  -0.15751   0.61937   4.30000  8
   0.08228   0.38011  -0.05008  -1.19111   4.30000  9
   0.01124  -0.83274  -0.32755  -0.55689   4.30000 10
   0.16180   0.91712   0.42034  -0.37335   4.30000 11
   0.11262   0.98429   0.15211   0.85023   4.30000 12
   0.14586   1.46204  -0.04296  -0.85034   4.30000 13
   0.08900   1.61021   0.06424  -0.61073   4.30000 14
   0.09494   1.15497   0.13262   0.77123   4.30000 15
   0.28141   1.22288   0.02333   1.34843   4.30000 16
   0.14200  -0.25623   0.28588   0.66822   4.30000 17
   0.15000  -0.32733  -0.04550  -0.06754   4.30000 18
   0.10174   0.33910   0.11977  -0.80708   4.30000 19
   0.20675   0.71420  -0.06973  -0.05171   4.30000 20
   0.33537  -0.23073   0.09822   0.56453   4.40000  1
   0.04341  -0.26201   0.17711   0.50575   4.40000  2
   0.07323   0.29021  -0.31794  -0.44412   4.40000  3
   0.14928   0.29953  -0.09227  -0.62561   4.40000  4
   0.00950   0.03454  -0.08201  -0.53464   4.40000  5
   0.12444   0.41861  -0.16501  -0.15590   4.40000  6
   0.02424   1.36835   0.00607   0.95044   4.40000  7
   0.06208   1.18355  -0.03765   0.63779   4.40000  8
   0.08367   0.26081   0.06783  -1.17817   4.40000  9
  -0.02073  -0.88465  -0.31222  -0.48409   4.40000 10
   0.20067   0.88291   0.35696  -0.31838   4.40000 11
   0.12886   1.07267   0.16452   0.92606   4.40000 12
   0.13944   1.36809  -0.08659  -1.02876   4.40000 13
   0.09683   1.53826   0.09178  -0.83996   4.40000 14
   0.10928   1.22981   0.14985   0.73807   4.40000 15
   0.27267   1.35338  -0.20247   1.26039   4.40000 16
   0.16949  -0.18871   0.25752   0.68699   4.40000 17
   0.14446  -0.32553  -0.06329   0.11298   4.40000 18
   0.11479   0.26283   0.12576  -0.72409   4.40000 19
   0.19613   0.70911  -0.13617  -0.04926   4.40000 20
   0.33484  -0.16989  -0.11399   0.65688   4.50000  1
   0.06820  -0.20475   0.31402   0.64766   4.50000  2
   0.04915   0.24281  -0.15583  -0.51794   4.50000  3
   0.13305   0.23420  -0.22337  -0.69269   4.50000  4
   0.00893  -0.01413   0.08001  -0.43954   4.50000  5
   0.10742   0.39288  -0.17093  -0.35891   4.50000  6
   0.03471   1.45508   0.20166   0.77024   4.50000  7
   0.06585   1.25103   0.11999   0.71536   4.50000  8
   0.09373   0.14649   0.12508  -1.10701   4.50000  9
  -0.05128  -0.93002  -0.29903  -0.42511   4.50000 10
   0.23303   0.85198   0.28844  -0.30593   4.50000 11
   0.14399   1.17208   0.13003   1.07600   4.50000 12
   0.12825   1.26031  -0.13738  -1.09345   4.50000 13
   0.10723   1.44047   0.11502  -1.11041   4.50000 14
   0.12418   1.30400   0.14243   0.73731   4.50000 15
   0.24063   1.47236  -0.43234   1.10215   4.50000 16
   0.19214  -0.11743   0.18711   0.74657   4.50000 17
   0.13764  -0.30320  -0.07188   0.34121   4.50000 18
   0.12473   0.19230   0.06672  -0.69920   4.50000 19
   0.18074   0.70447  -0.16578  -0.04317   4.50000 20
   0.31095  -0.09830  -0.37592   0.78037   4.60000  1
   0.10491  -0.13027   0.41083   0.85520   4.60000  2
   0.04295   0.18448   0.03478  -0.65866   4.60000  3
   0.10710   0.15880  -0.27951  -0.82592   4.60000  4
   0.02766  -0.05281   0.30603  -0.32615   4.60000  5
   0.09093   0.34650  -0.15563  -0.57238   4.60000  6
   0.06317   1.51979   0.35788   0.52306   4.60000  7
   0.08631   1.32495   0.28347   0.75095   4.60000  8
   0.10776   0.03834   0.15589  -1.06328   4.60000  9
  -0.08060  -0.97000  -0.28775  -0.37591   4.60000 10
   0.25790   0.82101   0.20640  -0.31531   4.60000 11
   0.15280   1.28765   0.03749   1.21605   4.60000 12
   0.11401   1.15771  -0.13494  -0.93150   4.60000 13
   0.11955   1.32069   0.13010  -1.24949   4.60000 14
   0.13627   1.37443   0.09496   0.65627   4.60000 15
   0.18877   1.57091  -0.58844   0.86264   4.60000 16
   0.20462  -0.03804   0.04619   0.84396   4.60000 17
   0.13040  -0.25547  -0.07129   0.62481   4.60000 18
   0.12762   0.12019  -0.00737  -0.75818   4.60000 19
   0.16406   0.70049  -0.16316  -0.03653   4.60000 20
   0.25624  -0.01355  -0.73772   0.90495   4.70000  1
   0.14741  -0.03209   0.41565   1.09413   4.70000  2
   0.05684   0.10888   0.24933  -0.86362   4.70000  3
   0.08167   0.06735  -0.19742  -1.00262   4.70000  4
   0.07173  -0.07631   0.57347  -0.12276   4.70000  5
   0.07717   0.27711  -0.11273  -0.82519   4.70000  6
   0.10455   1.56100   0.45829   0.30836   4.70000  7
   0.12026   1.39904   0.37977   0.73650   4.70000  8
   0.12554  -0.06449   0.19724  -0.95396   4.70000  9
  -0.10887  -1.00543  -0.27790  -0.33367   4.70000 10
   0.27381   0.78875   0.10940  -0.32989   4.70000 11
   0.15152   1.41059  -0.05468   1.22979   4.70000 12
   0.10232   1.07280  -0.09595  -0.78401   4.70000 13
   0.13298   1.20011   0.13487  -1.15236   4.70000 14
   0.14330   1.43418   0.04829   0.55181   4.70000 15
   0.12596   1.64446  -0.65039   0.60632   4.70000 16
   0.19746   0.04843  -0.20305   0.84628   4.70000 17
   0.12362  -0.17514  -0.06347   1.00121   4.70000 18
   0.12473   0.03818  -0.03668  -0.88144   4.70000 19
   0.14892   0.69717  -0.13632  -0.02981   4.70000 20
   0.16332   0.07645  -1.07807   0.84757   4.80000  1
   0.18162   0.07860   0.24071   1.05950   4.80000  2
   0.09433   0.01256   0.49439  -1.02861   4.80000  3
   0.07416  -0.03639   0.06344  -1.01981   4.80000  4
   0.13727  -0.07380   0.68280   0.18069   4.80000  5
   0.07092   0.17885   0.00899  -1.15234   4.80000  6
   0.15163   1.58229   0.46578   0.12107   4.80000  7
   0.15897   1.47504   0.37781   0.79466   4.80000  8
   0.14417  -0.14240   0.15778  -0.56711   4.80000  9
  -0.13620  -1.03689  -0.26875  -0.29610   4.80000 10
   0.27936   0.75503  -0.00036  -0.34445   4.80000 11
   0.14369   1.53277  -0.09170   1.20560   4.80000 12
   0.09543   0.99792  -0.03872  -0.72620   4.80000 13
   0.14592   1.08675   0.12170  -1.13377   4.80000 14
   0.14663   1.48859   0.02333   0.55516   4.80000 15
   0.06278   1.69228  -0.59430   0.35547   4.80000 16
   0.16511   0.12213  -0.42075   0.59802   4.80000 17
   0.11826  -0.05375  -0.03929   1.39387   4.80000 18
   0.12244  -0.04957  -0.01159  -0.82106   4.80000 19
   0.13734   0.69456  -0.09318  -0.02217   4.80000 20
   0.05576   0.14993  -1.00455   0.61577   4.90000  1
   0.19289   0.17338  -0.01202   0.82496   4.90000  2
   0.14795  -0.08631   0.53420  -0.91335   4.90000  3
   0.09282  -0.12654   0.29046  -0.76306   4.90000  4
   0.19681  -0.04376   0.47548   0.38091   4.90000  5
   0.08296   0.04978   0.22730  -1.36849   4.90000  6
   0.19439   1.58784   0.37666   0.01317   4.90000  7
   0.19305   1.55858   0.29423   0.87054   4.90000  8
   0.15569  -0.17641   0.07124  -0.12538   4.90000  9
  -0.16262  -1.06475  -0.25956  -0.26150   4.90000 10
   0.27327   0.71990  -0.12422  -0.35792   4.90000 11
   0.13516   1.64859  -0.07319   1.09276   4.90000 12
   0.09523   0.92516   0.03804  -0.74130   4.90000 13
   0.15688   0.97045   0.09534  -1.20344   4.90000 14
   0.14926   1.54781   0.03589   0.63471   4.90000 15
   0.00989   1.71738  -0.45355   0.15836   4.90000 16
   0.11855   0.16624  -0.48420   0.28925   4.90000 17
   0.11641   0.08916  -0.00032   1.41165   4.90000 18
   0.12216  -0.11821   0.01302  -0.54491   4.90000 19
   0.13061   0.69279  -0.04026  -0.01272   4.90000 20
  -0.03107   0.20299  -0.72744   0.46990   5.00000  1
   0.18159   0.24463  -0.20294   0.61587   5.00000  2
   0.19535  -0.16819   0.39305  -0.71955   5.00000  3
   0.12896  -0.18872   0.41674  -0.48083   5.00000  4
   0.23085  -0.00457   0.21261   0.37909   5.00000  5
   0.11329  -0.08707   0.37221  -1.36905   5.00000  6
   0.22574   1.58986   0.24941   0.04870   5.00000  7
   0.21670   1.64654   0.17601   0.87301   5.00000  8
   0.15880  -0.17133  -0.00270   0.19858   5.00000  9
  -0.18810  -1.08926  -0.24983  -0.22895   5.00000 10
   0.25387   0.68360  -0.26750  -0.36672   5.00000 11
   0.12909   1.74912  -0.04953   0.91327   5.00000 12
   0.10354   0.84699   0.12977  -0.83678   5.00000 13
   0.16466   0.84422   0.05897  -1.32898   5.00000 14
   0.15476   1.61527   0.07565   0.70909   5.00000 15
  -0.02659   1.72666  -0.27281   0.04087   5.00000 16
   0.07273   0.18478  -0.41739   0.11801   5.00000 17
   0.11685   0.22397   0.00350   1.28022   5.00000 18
   0.12664  -0.16060   0.08356  -0.31555   5.00000 19
   0.12948   0.69213   0.01866  -0.00020   5.00000 20
  -0.09032   0.24720  -0.46191   0.42419   5.10000  1
   0.15423   0.30040  -0.33450   0.51987   5.10000  2
   0.22421  -0.22920   0.18245  -0.49986   5.10000  3
   0.17277  -0.22316   0.44298  -0.21903   5.10000  4
   0.24185   0.02995   0.01894   0.31131   5.10000  5
   0.15586  -0.22158   0.46579  -1.28195   5.10000  6
   0.24465   1.60028   0.13214   0.16557   5.10000  7
   0.22801   1.73107   0.04999   0.81255   5.10000  8
   0.15727  -0.14467  -0.01349   0.29036   5.10000  9
  -0.21256  -1.11060  -0.23937  -0.19813   5.10000 10
   0.21902   0.64671  -0.43226  -0.37255   5.10000 11
   0.12538   1.83097  -0.02253   0.72423   5.10000 12
   0.12120   0.75476   0.22136  -1.02175   5.10000 13
   0.16846   0.70367   0.01580  -1.47864   5.10000 14
   0.16405   1.68846   0.10660   0.74968   5.10000 15
  -0.04460   1.72797  -0.08901  -0.00469   5.10000 16
   0.03638   0.19558  -0.30880   0.11443   5.10000 17
   0.11676   0.34546  -0.00418   1.15761   5.10000 18
   0.13997  -0.18414   0.18667  -0.17310   5.10000 19
   0.13456   0.69191   0.08333  -0.02010   5.10000 20
  -0.12396   0.28918  -0.21107   0.42014   5.20000  1
   0.11687   0.35248  -0.40051   0.53951   5.20000  2
   0.23320  -0.26909   0.01077  -0.30411   5.20000  3
   0.21501  -0.23632   0.39247  -0.06143   5.20000  4
   0.23627   0.05839  -0.12471   0.26204   5.20000  5
   0.20379  -0.33660   0.48235  -1.00441   5.20000  6
   0.25282   1.62333   0.03387   0.29524   5.20000  7
   0.22679   1.80860  -0.07323   0.73711   5.20000  8
   0.15825  -0.11776   0.03772   0.24518   5.20000  9
  -0.23594  -1.12894  -0.22809  -0.16902   5.20000 10
   0.16809   0.60703  -0.57251  -0.44300   5.20000 11
   0.12512   1.89417   0.02034   0.54090   5.20000 12
   0.14658   0.64117   0.27289  -1.24919   5.20000 13
   0.16733   0.55155  -0.04605  -1.54930   5.20000 14
   0.17526   1.76448   0.11347   0.76813   5.20000 15
  -0.04486   1.72733   0.08108  -0.00146   5.20000 16
   0.01096   0.20979  -0.19916   0.17780   5.20000 17
   0.11639   0.45848   0.00189   1.12297   5.20000 18
   0.16392  -0.19784   0.28793  -0.10577   5.20000 19
   0.14525   0.68161   0.12054  -0.22132   5.20000 20
  -0.13205   0.33183   0.05408   0.43349   5.30000  1
   0.07736   0.41092  -0.36896   0.62519   5.30000  2
   0.22962  -0.29062  -0.06672  -0.12604   5.30000  3
   0.24968  -0.23741   0.29440   0.03512   5.30000  4
   0.21785   0.08345  -0.23968   0.24610   5.30000  5
   0.25069  -0.42246   0.45011  -0.71967   5.30000  6
   0.25180   1.65918  -0.05310   0.42114   5.30000  7
   0.21377   1.87840  -0.18397   0.65857   5.30000  8
   0.16508  -0.09499   0.09813   0.21548   5.30000  9
  -0.25816  -1.14446  -0.21612  -0.14169   5.30000 10
   0.10905   0.55360  -0.58409  -0.63253   5.30000 11
   0.13003   1.93941   0.08060   0.36544   5.30000 12
   0.17060   0.50657   0.17749  -1.41873   5.30000 13
   0.15660   0.39728  -0.17554  -1.51442   5.30000 14
   0.18594   1.84163   0.09578   0.77231   5.30000 15
  -0.02895   1.72879   0.23433   0.03533   5.30000 16
  -0.00308   0.23267  -0.07744   0.28690   5.30000 17
   0.11893   0.56934   0.04775   1.05360   5.30000 18
   0.19625  -0.20552   0.35094  -0.04760   5.30000 19
   0.15611   0.64344   0.08199  -0.54799   5.30000 20
  -0.11200   0.37541   0.35183   0.43275   5.40000  1
   0.04598   0.47272  -0.25923   0.58149   5.40000  2
   0.22248  -0.29382  -0.06582   0.06498   5.40000  3
   0.27295  -0.22952   0.16811   0.12374   5.40000  4
   0.18900   0.10945  -0.33510   0.28580   5.40000  5
   0.29316  -0.48224   0.39778  -0.48405   5.40000  6
   0.24227   1.70747  -0.13798   0.54437   5.40000  7
   0.19098   1.94020  -0.26459   0.57640   5.40000  8
   0.17748  -0.07341   0.14655   0.22314   5.40000  9
  -0.27916  -1.15734  -0.20378  -0.11614   5.40000 10
   0.05432   0.48184  -0.50817  -0.79711   5.40000 11
   0.14164   1.96774   0.15206   0.20546   5.40000 12
   0.17842   0.36245  -0.02446  -1.45564   5.40000 13
   0.13304   0.25062  -0.28361  -1.42169   5.40000 14
   0.19347   1.91827   0.04969   0.75535   5.40000 15
   0.00150   1.73525   0.37225   0.09806   5.40000 16
  -0.00307   0.26803   0.08670   0.41772   5.40000 17
   0.12360   0.66113   0.03686   0.76918   5.40000 18
   0.23236  -0.20720   0.36144   0.01577   5.40000 19
   0.15873   0.57399  -0.04051  -0.81959   5.40000 20
  -0.06132   0.41678   0.65746   0.38227   5.50000  1
   0.02440   0.52180  -0.17650   0.37970   5.50000  2
   0.21793  -0.27704  -0.02037   0.27362   5.50000  3
   0.28308  -0.21223   0.03458   0.22500   5.50000  4
   0.15101   0.14251  -0.42199   0.37307   5.50000  5
   0.33014  -0.52062   0.34173  -0.28899   5.50000  6
   0.22404   1.76808  -0.22756   0.66796   5.50000  7
   0.16288   1.99323  -0.28470   0.48063   5.50000  8
   0.19327  -0.04883   0.16060   0.27608   5.50000  9
  -0.29892  -1.16774  -0.19145  -0.09219   5.50000 10
   0.00746   0.39604  -0.42444  -0.90831   5.50000 11
   0.15988   1.98202   0.20568   0.09119   5.50000 12
   0.16643   0.21524  -0.20691  -1.49079   5.50000 13
   0.10398   0.11283  -0.27107  -1.32791   5.50000 14
   0.19500   1.99109  -0.02143   0.69027   5.50000 15
   0.04507   1.74924   0.49698   0.18629   5.50000 16
   0.01465   0.31412   0.25813   0.49209   5.50000 17
   0.12527   0.72408  -0.00583   0.50159   5.50000 18
   0.26643  -0.20173   0.30864   0.09838   5.50000 19
   0.14645   0.48218  -0.21156  -1.00994   5.50000 20
   0.01587   0.44829   0.85662   0.23228   5.60000  1
   0.01033   0.54670  -0.10282   0.11698   5.60000  2
   0.21875  -0.23834   0.03465   0.50496   5.60000  3
   0.27987  -0.18379  -0.09987   0.34758   5.60000  4
   0.10659   0.18071  -0.45643   0.37787   5.60000  5
   0.36149  -0.54090   0.28510  -0.11999   5.60000  6
   0.19674   1.84100  -0.31594   0.78916   5.60000  7
   0.13665   2.03557  -0.22888   0.36325   5.60000  8
   0.20699  -0.01745   0.09687   0.34604   5.60000  9
  -0.31746  -1.17581  -0.17939  -0.06939   5.60000 10
  -0.02680   0.30354  -0.23655  -0.92410   5.60000 11
   0.18071   1.98824   0.19964   0.04146   5.60000 12
   0.14005   0.06543  -0.29759  -1.49633   5.60000 13
   0.08299  -0.01368  -0.13278  -1.20135   5.60000 14
   0.18927   2.05396  -0.09055   0.55660   5.60000 15
   0.10028   1.77368   0.60216   0.31011   5.60000 16
   0.04515   0.36377   0.33662   0.48112   5.60000 17
   0.12235   0.76340  -0.05160   0.29155   5.60000 18
   0.29157  -0.18638   0.18034   0.21442   5.60000 19
   0.11576   0.37311  -0.39960  -1.16222   5.60000 20
   0.10321   0.46155   0.85789   0.03337   5.70000  1
   0.00502   0.54599   0.00319  -0.12415   5.70000  2
   0.22326  -0.17527   0.03952   0.75466   5.70000  3
   0.26237  -0.14226  -0.25609   0.48094   5.70000  4
   0.06090   0.21914  -0.45056   0.39344   5.70000  5
   0.38704  -0.54515   0.22478   0.03290   5.70000  6
   0.16253   1.92535  -0.35313   0.89396   5.70000  7
   0.11865   2.06562  -0.12623   0.23756   5.70000  8
   0.21009   0.01647  -0.03649   0.30906   5.70000  9
  -0.33480  -1.18164  -0.16764  -0.04709   5.70000 10
  -0.03750   0.21199   0.02620  -0.90854   5.70000 11
   0.19781   1.99118   0.13328   0.02043   5.70000 12
   0.11269  -0.08334  -0.22322  -1.46887   5.70000 13
   0.07981  -0.12694   0.07628  -1.05746   5.70000 14
   0.17758   2.10092  -0.13995   0.37770   5.70000 15
   0.16359   1.81293   0.65004   0.48178   5.70000 16
   0.07974   0.40626   0.34455   0.35832   5.70000 17
   0.11533   0.78324  -0.08606   0.10782   5.70000 18
   0.29958  -0.15796  -0.03466   0.35527   5.70000 19
   0.07026   0.25297  -0.48170  -1.23111   5.70000 20
   0.18306   0.45619   0.72626  -0.13274   5.80000  1
   0.01181   0.52327   0.13459  -0.32467   5.80000  2
   0.22309  -0.09130  -0.05151   0.89581   5.80000  3
   0.22833  -0.08951  -0.41602   0.56387   5.80000  4
   0.01879   0.25567  -0.37693   0.31610   5.80000  5
   0.40610  -0.53466   0.15386   0.17556   5.80000  6
   0.12940   2.01857  -0.29673   0.96093   5.80000  7
   0.11193   2.08327  -0.00766   0.11853   5.80000  8
   0.20046   0.04241  -0.15374   0.20721   5.80000  9
  -0.35099  -1.18522  -0.15594  -0.02455   5.80000 10
  -0.02182   0.12216   0.28156  -0.88833   5.80000 11
   0.20595   1.99361   0.02709   0.03827   5.80000 12
   0.09857  -0.22349  -0.06236  -1.30265   5.80000 13
   0.09787  -0.22265   0.26957  -0.84382   5.80000 14
   0.16183   2.12889  -0.17258   0.18020   5.80000 15
   0.22735   1.87061   0.61173   0.67066   5.80000 16
   0.11311   0.43556   0.32160   0.23009   5.80000 17
   0.10574   0.78532  -0.10255  -0.06516   5.80000 18
   0.28263  -0.11591  -0.30654   0.48142   5.80000 19
   0.02393   0.12825  -0.42370  -1.25675   5.80000 20
   0.24695   0.43625   0.54742  -0.26206   5.90000  1
   0.03205   0.48185   0.26966  -0.50091   5.90000  2
   0.21160   0.00065  -0.19064   0.93168   5.90000  3
   0.18168  -0.02949  -0.50830   0.64161   5.90000  4
  -0.01195   0.28168  -0.22864   0.20900   5.90000  5
   0.41715  -0.51029   0.06322   0.31063   5.90000  6
   0.10476   2.11471  -0.19118   0.94148   5.90000  7
   0.11674   2.09098   0.09954   0.04964   5.90000  8
   0.17957   0.05713  -0.26115   0.08307   5.90000  9
  -0.36598  -1.18652  -0.14385  -0.00119   5.90000 10
   0.01772   0.03310   0.50710  -0.89824   5.90000 11
   0.20403   2.00084  -0.05716   0.11538   5.90000 12
   0.09773  -0.34124   0.03627  -1.05363   5.90000 13
   0.12927  -0.29534   0.33766  -0.61750   5.90000 14
   0.14360   2.13727  -0.18824  -0.00566   5.90000 15
   0.28341   1.94612   0.49711   0.83085   5.90000 16
   0.14374   0.45217   0.28862   0.09877   5.90000 17
   0.09540   0.77032  -0.10159  -0.23463   5.90000 18
   0.23906  -0.06165  -0.55852   0.60824   5.90000 19
  -0.00941   0.00250  -0.21734  -1.24654   5.90000 20
   0.29187   0.40415   0.34700  -0.37968   6.00000  1
   0.06528   0.42344   0.39049  -0.66660   6.00000  2
   0.18316   0.09142  -0.37578   0.86394   6.00000  3
   0.12817   0.03798  -0.54547   0.69124   6.00000  4
  -0.02544   0.29824  -0.03402   0.12296   6.00000  5
   0.41782  -0.47284  -0.05506   0.43645   6.00000  6
   0.09150   2.20245  -0.07660   0.79721   6.00000  7
   0.13083   2.09578   0.17753   0.05384   6.00000  8
   0.14944   0.05953  -0.33394  -0.02198   6.00000  9
  -0.37973  -1.18542  -0.13090   0.02326   6.00000 10
   0.07917  -0.05526   0.70541  -0.83661   6.00000 11
   0.19594   2.01839  -0.10108   0.24237   6.00000 12
   0.10486  -0.43508   0.10398  -0.82739   6.00000 13
   0.16252  -0.34809   0.31898  -0.44652   6.00000 14
   0.12556   2.13050  -0.16208  -0.11317   6.00000 15
   0.32466   2.03434   0.32095   0.91978   6.00000 16
   0.17026   0.45423   0.23879  -0.06476   6.00000 17
   0.08593   0.73827  -0.08544  -0.40774   6.00000 18
   0.17225   0.00619  -0.76588   0.74203   6.00000 19
  -0.01690  -0.11717   0.06311  -1.12863   6.00000 20
   0.31521   0.36035   0.11214  -0.49527   6.10000  1
   0.10872   0.34835   0.46717  -0.83799   6.10000  2
   0.13853   0.17218  -0.50522   0.75955   6.10000  3
   0.07712   0.10688  -0.46086   0.69192   6.10000  4
  -0.01727   0.30548   0.20437   0.01293   6.10000  5
   0.40506  -0.42344  -0.20550   0.54908   6.10000  6
   0.08861   2.27291   0.01523   0.61273   6.10000  7
   0.15124   2.10231   0.22450   0.07778   6.10000  8
   0.11400   0.05754  -0.37090   0.01252   6.10000  9
  -0.39212  -1.18183  -0.11672   0.04874   6.10000 10
   0.15137  -0.12961   0.70653  -0.65644   6.10000 11
   0.18400   2.05003  -0.13771   0.39051   6.10000 12
   0.11821  -0.50732   0.16154  -0.61922   6.10000 13
   0.19232  -0.38591   0.27635  -0.31335   6.10000 14
   0.11341   2.11730  -0.07158  -0.14052   6.10000 15
   0.34705   2.12751   0.12731   0.93236   6.10000 16
   0.19084   0.43758   0.16884  -0.27657   6.10000 17
   0.07874   0.68835  -0.05645  -0.59388   6.10000 18
   0.09165   0.08428  -0.80906   0.81566   6.10000 19
   0.00046  -0.22192   0.27002  -0.97057   6.10000 20
   0.31257   0.30572  -0.17324  -0.59202   6.20000  1
   0.15461   0.25590   0.41664  -0.99310   6.20000  2
   0.08483   0.24540  -0.54845   0.70339   6.20000  3
   0.03746   0.17848  -0.32530   0.74864   6.20000  4
   0.01619   0.29833   0.46162  -0.16870   6.20000  5
   0.37565  -0.36359  -0.38743   0.64472   6.20000  6
   0.09408   2.32554   0.09306   0.44278   6.20000  7
   0.17422   2.11171   0.22640   0.11378   6.20000  8
   0.07631   0.06711  -0.37396   0.19557   6.20000  9
  -0.40302  -1.17565  -0.10112   0.07492   6.20000 10
   0.21809  -0.19009   0.62742  -0.57069   6.20000 11
   0.16866   2.09563  -0.16515   0.51258   6.20000 12
   0.13678  -0.55905   0.20761  -0.41519   6.20000 13
   0.21790  -0.41093   0.23575  -0.18543   6.20000 14
   0.11244   2.10431   0.05445  -0.10902   6.20000 15
   0.35063   2.21896  -0.05175   0.88946   6.20000 16
   0.20283   0.39748   0.06169  -0.53013   6.20000 17
   0.07493   0.61855  -0.01909  -0.80884   6.20000 18
   0.01655   0.17010  -0.66516   0.90352   6.20000 19
   0.03542  -0.31286   0.42603  -0.85624   6.20000 20
   0.27937   0.24327  -0.49313  -0.64943   6.30000  1
   0.18713   0.15781   0.23114  -0.93354   6.30000  2
   0.03307   0.30933  -0.46840   0.55700   6.30000  3
   0.01379   0.25594  -0.14165   0.78562   6.30000  4
   0.07079   0.27198   0.59456  -0.33509   6.30000  5
   0.32703  -0.29518  -0.58235   0.71805   6.30000  6
   0.10715   2.36194   0.16856   0.28675   6.30000  7
   0.19472   2.12605   0.17600   0.17783   6.30000  8
   0.04184   0.09850  -0.29928   0.43481   6.30000  9
  -0.41230  -1.16684  -0.08409   0.10137   6.30000 10
   0.27731  -0.24645   0.55712  -0.56427   6.30000 11
   0.15235   2.15007  -0.15249   0.56359   6.30000 12
   0.15921  -0.59022   0.23833  -0.20683   6.30000 13
   0.23924  -0.42233   0.18799  -0.03942   6.30000 14
   0.12395   2.09774   0.17066  -0.01163   6.30000 15
   0.33753   2.30429  -0.20640   0.81299   6.30000 16
   0.20064   0.33176  -0.11903  -0.77589   6.30000 17
   0.07485   0.52459   0.01467  -1.08411   6.30000 18
  -0.03617   0.26295  -0.37150   0.93271   6.30000 19
   0.08564  -0.39416   0.57931  -0.77050   6.30000 20
   0.21454   0.17773  -0.79250  -0.64844   6.40000  1
   0.20244   0.07282   0.08229  -0.75933   6.40000  2
  -0.00613   0.35516  -0.30728   0.35916   6.40000  3
   0.00916   0.33168   0.04092   0.70982   6.40000  4
   0.12940   0.23669   0.56399  -0.36221   6.40000  5
   0.26216  -0.22218  -0.69036   0.73130   6.40000  6
   0.12788   2.38310   0.24638   0.13752   6.40000  7
   0.20840   2.14796   0.09508   0.26220   6.40000  8
   0.01976   0.15334  -0.12734   0.65353   6.40000  9
  -0.41980  -1.15538  -0.06575   0.12772   6.40000 10
   0.32762  -0.30223   0.43129  -0.53936   6.40000 11
   0.13978   2.20654  -0.09275   0.56164   6.40000 12
   0.18402  -0.60007   0.25657   0.01198   6.40000 13
   0.25479  -0.41883   0.12196   0.10432   6.40000 14
   0.14522   2.10366   0.24790   0.13529   6.40000 15
   0.31002   2.38088  -0.34103   0.71542   6.40000 16
   0.17725   0.24542  -0.34786  -0.92958   6.40000 17
   0.07626   0.39872  -0.00231  -1.43938   6.40000 18
  -0.05661   0.35232  -0.03998   0.83494   6.40000 19
   0.15098  -0.46631   0.72078  -0.66655   6.40000 20
   0.12605   0.11691  -0.93645  -0.55260   6.50000  1
   0.20418   0.00569  -0.04892  -0.59086   6.50000  2
  -0.02747   0.38035  -0.12160   0.14342   6.50000  3
   0.01890   0.39263   0.13028   0.48474   6.50000  4
   0.17913   0.19813   0.39844  -0.42216   6.50000  5
   0.19181  -0.14716  -0.71114   0.79184   6.50000  6
   0.15631   2.38975   0.31934  -0.00183   6.50000  7
   0.21365   2.17867   0.01118   0.35252   6.50000  8
   0.01853   0.22605   0.10372   0.77059   6.50000  9
  -0.42541  -1.14130  -0.04642   0.15384   6.50000 10
   0.36173  -0.35379   0.24815  -0.49451   6.50000 11
   0.13472   2.26222  -0.00474   0.55287   6.50000 12
   0.21067  -0.58749   0.27991   0.23920   6.50000 13
   0.26437  -0.40322   0.07713   0.19813   6.50000 14
   0.17228   2.12543   0.28734   0.30204   6.50000 15
   0.26986   2.44651  -0.45840   0.59108   6.50000 16
   0.13385   0.15068  -0.49632  -0.94133   6.50000 17
   0.07302   0.24225  -0.04363  -1.64749   6.50000 18
  -0.04639   0.42500   0.22199   0.59740   6.50000 19
   0.22735  -0.52627   0.79015  -0.52689   6.50000 20
   0.03572   0.06746  -0.83162  -0.45346   6.60000  1
   0.19160  -0.04673  -0.21087  -0.45689   6.60000  2
  -0.03100   0.38539   0.05015  -0.03201   6.60000  3
   0.03150   0.42794   0.11271   0.22712   6.60000  4
   0.20548   0.15037   0.12783  -0.53899   6.60000  5
   0.12078  -0.05909  -0.70567   0.98550   6.60000  6
   0.19034   2.38365   0.34935  -0.11469   6.60000  7
   0.21122   2.21868  -0.05514   0.44959   6.60000  8
   0.03634   0.29960   0.21952   0.68585   6.60000  9
  -0.42906  -1.12461  -0.02649   0.17998   6.60000 10
   0.37699  -0.40141   0.05701  -0.45769   6.60000 11
   0.13947   2.31723   0.10251   0.54620   6.60000 12
   0.24116  -0.55309   0.33550   0.44151   6.60000 13
   0.27158  -0.38072   0.07033   0.24675   6.60000 14
   0.20151   2.16439   0.29115   0.47857   6.60000 15
   0.21971   2.49759  -0.53403   0.42321   6.60000 16
   0.08280   0.05952  -0.50351  -0.88628   6.60000 17
   0.07200   0.07494   0.03326  -1.68544   6.60000 18
  -0.01655   0.47022   0.35836   0.30618   6.60000 19
   0.30556  -0.57028   0.75966  -0.34501   6.60000 20
  -0.03469   0.02200  -0.56504  -0.46176   6.70000  1
   0.16124  -0.08476  -0.39166  -0.30838   6.70000  2
  -0.01750   0.37597   0.21856  -0.14653   6.70000  3
   0.04099   0.43918   0.07952   0.00259   6.70000  4
   0.20556   0.08987  -0.12199  -0.66789   6.70000  5
   0.05112   0.04660  -0.67844   1.06673   6.70000  6
   0.22347   2.36780   0.30141  -0.19714   6.70000  7
   0.20391   2.26908  -0.08265   0.56068   6.70000  8
   0.05778   0.36397   0.19482   0.60543   6.70000  9
  -0.43070  -1.10528  -0.00608   0.20685   6.70000 10
   0.37347  -0.44506  -0.12369  -0.41196   6.70000 11
   0.15553   2.37068   0.21753   0.51592   6.70000 12
   0.27805  -0.50023   0.39915   0.61335   6.70000 13
   0.27821  -0.35452   0.05746   0.27541   6.70000 14
   0.22917   2.22140   0.25512   0.66254   6.70000 15
   0.16550   2.53024  -0.53842   0.22852   6.70000 16
   0.03692  -0.02763  -0.40129  -0.84647   6.70000 17
   0.07885  -0.09055   0.09532  -1.58642   6.70000 18
   0.02280   0.48633   0.41857   0.01676   6.70000 19
   0.37743  -0.59405   0.67181  -0.12823   6.70000 20
  -0.07757  -0.02398  -0.29963  -0.45609   6.80000  1
   0.11572  -0.11154  -0.50162  -0.24253   6.80000  2
   0.01180   0.35793   0.35851  -0.20647   6.80000  3
   0.04840   0.42951   0.07473  -0.18918   6.80000  4
   0.18238   0.01809  -0.33144  -0.76351   6.80000  5
  -0.01285   0.14816  -0.59385   0.97095   6.80000  6
   0.24895   2.34593   0.20347  -0.22485   6.80000  7
   0.19663   2.33077  -0.05334   0.66831   6.80000  8
   0.07361   0.42002   0.11908   0.50454   6.80000  9
  -0.43025  -1.08318   0.01527   0.23557   6.80000 10
   0.35370  -0.48209  -0.25936  -0.31299   6.80000 11
   0.18187   2.41874   0.29968   0.43701   6.80000 12
   0.31917  -0.43135   0.40531   0.75360   6.80000 13
   0.28157  -0.32579   0.00085   0.29856   6.80000 14
   0.25119   2.29674   0.17891   0.83937   6.80000 15
   0.11421   2.54350  -0.47650   0.03966   6.80000 16
   0.00375  -0.10824  -0.25761  -0.76688   6.80000 17
   0.09089  -0.23981   0.14951  -1.40208   6.80000 18
   0.06517   0.47381   0.41785  -0.26379   6.80000 19
   0.43882  -0.59620   0.55018   0.08081   6.80000 20
  -0.09554  -0.06987  -0.06132  -0.46702   6.90000  1
   0.06411  -0.13482  -0.51731  -0.22689   6.90000  2
   0.05144   0.33592   0.41693  -0.22742   6.90000  3
   0.05687   0.40290   0.09662  -0.33574   6.90000  4
   0.14143  -0.06289  -0.47732  -0.85811   6.90000  5
  -0.06588   0.24364  -0.45370   0.94891   6.90000  6
   0.26400   2.32760   0.10045  -0.11611   6.90000  7
   0.19457   2.40097   0.01426   0.72601   6.90000  8
   0.08220   0.46149   0.05961   0.30592   6.90000  9
  -0.42758  -1.05806   0.03862   0.26743   6.90000 10
   0.32432  -0.50473  -0.32028  -0.13243   6.90000 11
   0.21330   2.45679   0.31882   0.32101   6.90000 12
   0.35431  -0.35210   0.27567   0.81985   6.90000 13
   0.27692  -0.29529  -0.09771   0.30762   6.90000 14
   0.26384   2.38656   0.06953   0.93690   6.90000 15
   0.07232   2.53921  -0.35150  -0.11807   6.90000 16
  -0.01380  -0.18084  -0.09068  -0.68095   6.90000 17
   0.11006  -0.37152   0.23933  -1.22991   6.90000 18
   0.10380   0.43528   0.34083  -0.49293   6.90000 19
   0.48646  -0.57920   0.39916   0.25194   6.90000 20
  -0.08971  -0.11839   0.17985  -0.50824   7.00000  1
   0.01460  -0.15777  -0.46216  -0.23820   7.00000  2
   0.09224   0.31394   0.38954  -0.20697   7.00000  3
   0.06766   0.36370   0.11903  -0.44075   7.00000  4
   0.08890  -0.15338  -0.56302  -0.94499   7.00000  5
  -0.10095   0.33770  -0.23989   0.92240   7.00000  6
   0.26991   2.32550   0.02191   0.07748   7.00000  7
   0.19928   2.47423   0.07764   0.73005   7.00000  8
   0.08665   0.47866   0.03214   0.03290   7.00000  9
  -0.42241  -1.02955   0.06548   0.30368   7.00000 10
   0.28967  -0.50819  -0.37739   0.06154   7.00000 11
   0.24382   2.48354   0.28289   0.22381   7.00000 12
   0.37170  -0.26952   0.06614   0.82222   7.00000 13
   0.26189  -0.26462  -0.20364   0.30601   7.00000 14
   0.26458   2.48061  -0.05382   0.92867   7.00000 15
   0.04556   2.52179  -0.17763  -0.21891   7.00000 16
  -0.01429  -0.24316   0.07918  -0.55842   7.00000 17
   0.13870  -0.48503   0.32965  -1.03790   7.00000 18
   0.13108   0.37815   0.19851  -0.63694   7.00000 19
   0.51825  -0.54717   0.23556   0.38255   7.00000 20
  -0.05943  -0.17248   0.42169  -0.57785   7.10000  1
  -0.02637  -0.18391  -0.34702  -0.29169   7.10000  2
   0.12819   0.29440   0.32476  -0.19067   7.10000  3
   0.08110   0.31626   0.15411  -0.50271   7.10000  4
   0.03107  -0.24909  -0.57943  -0.94971   7.10000  5
  -0.11390   0.42562  -0.02537   0.82579   7.10000  6
   0.26902   2.34281  -0.03746   0.26621   7.10000  7
   0.20958   2.54502   0.12554   0.67714   7.10000  8
   0.08877   0.46834   0.01034  -0.23522   7.10000  9
  -0.41431  -0.99715   0.09749   0.34540   7.10000 10
   0.24781  -0.49343  -0.46173   0.22658   7.10000 11
   0.26820   2.50440   0.19780   0.20633   7.10000 12
   0.36724  -0.18922  -0.15412   0.77821   7.10000 13
   0.23574  -0.23413  -0.32187   0.30178   7.10000 14
   0.25405   2.56920  -0.14898   0.82951   7.10000 15
   0.03738   2.49796   0.01359  -0.24579   7.10000 16
   0.00126  -0.29131   0.22471  -0.40143   7.10000 17
   0.17488  -0.57856   0.38522  -0.82796   7.10000 18
   0.14342   0.31005   0.05321  -0.71516   7.10000 19
   0.53343  -0.50375   0.06751   0.48125   7.10000 20
  -0.00773  -0.23441   0.59507  -0.65854   7.20000  1
  -0.05231  -0.21723  -0.15865  -0.37747   7.20000  2
   0.15620   0.27355   0.23076  -0.23936   7.20000  3
   0.09932   0.26358   0.21224  -0.55179   7.20000  4
  -0.02296  -0.33904  -0.47718  -0.83113   7.20000  5
  -0.10777   0.50158   0.13864   0.68984   7.20000  6
   0.26271   2.37828  -0.08810   0.44139   7.20000  7
   0.22372   2.60845   0.15320   0.58798   7.20000  8
   0.08890   0.43268  -0.00493  -0.47281   7.20000  9
  -0.40268  -0.96025   0.13624   0.39385   7.20000 10
   0.19754  -0.46373  -0.54401   0.36984   7.20000 11
   0.28258   2.52636   0.08818   0.23583   7.20000 12
   0.34134  -0.11449  -0.36163   0.71569   7.20000 13
   0.19720  -0.20489  -0.44922   0.27902   7.20000 14
   0.23652   2.64471  -0.19315   0.67596   7.20000 15
   0.04774   2.47457   0.18994  -0.21465   7.20000 16
   0.02833  -0.32381   0.30357  -0.25440   7.20000 17
   0.21335  -0.65004   0.37333  -0.60376   7.20000 18
   0.14347   0.23689  -0.04145  -0.74128   7.20000 19
   0.53168  -0.45173  -0.10287   0.55577   7.20000 20
   0.05634  -0.30255   0.67158  -0.69140   7.30000  1
  -0.05616  -0.25929   0.08703  -0.45996   7.30000  2
   0.17375   0.24406   0.11927  -0.36105   7.30000  3
   0.12338   0.20532   0.26532  -0.61791   7.30000  4
  -0.06057  -0.41323  -0.26580  -0.64862   7.30000  5
  -0.08800   0.56328   0.24813   0.54446   7.30000  6
   0.25147   2.43075  -0.13661   0.60589   7.30000  7
   0.23919   2.66223   0.15049   0.48606   7.30000  8
   0.08879   0.37449   0.00924  -0.68993   7.30000  9
  -0.38677  -0.91809   0.18358   0.45097   7.30000 10
   0.13809  -0.41800  -0.65056   0.55293   7.30000 11
   0.28579   2.55163  -0.02344   0.26872   7.30000 12
   0.29526  -0.04585  -0.55866   0.66035   7.30000 13
   0.14635  -0.17948  -0.55965   0.22188   7.30000 14
   0.21709   2.70398  -0.18773   0.50902   7.30000 15
   0.07472   2.45612   0.34700  -0.14936   7.30000 16
   0.06025  -0.34334   0.33102  -0.14059   7.30000 17
   0.24815  -0.70034   0.31880  -0.40747   7.30000 18
   0.13735   0.16242  -0.07029  -0.74930   7.30000 19
   0.51269  -0.39309  -0.27873   0.61532   7.30000 20
   0.12261  -0.36943   0.62617  -0.62276   7.40000  1
  -0.03443  -0.30796   0.34727  -0.50373   7.40000  2
   0.18020   0.19936   0.01148  -0.54305   7.40000  3
   0.15123   0.13879   0.28381  -0.71949   7.40000  4
  -0.07580  -0.46833  -0.04208  -0.45064   7.40000  5
  -0.05963   0.61088   0.31338   0.41057   7.40000  6
   0.23554   2.49879  -0.17916   0.74924   7.40000  7
   0.25272   2.70533   0.11496   0.37392   7.40000  8
   0.09217   0.29424   0.06515  -0.92036   7.40000  9
  -0.36560  -0.86968   0.24205   0.51931   7.40000 10
   0.06820  -0.35281  -0.72278   0.73343   7.40000 11
   0.27803   2.57988  -0.13091   0.29552   7.40000 12
   0.22972   0.01881  -0.75164   0.64061   7.40000 13
   0.08823  -0.16161  -0.58481   0.13524   7.40000 14
   0.20030   2.74656  -0.14257   0.34290   7.40000 15
   0.11662   2.44591   0.48707  -0.04679   7.40000 16
   0.09355  -0.35256   0.32295  -0.04321   7.40000 17
   0.27664  -0.73240   0.24943  -0.23678   7.40000 18
   0.13148   0.08617  -0.03793  -0.78040   7.40000 19
   0.47537  -0.32893  -0.47184   0.66645   7.40000 20
   0.17763  -0.42285   0.47125  -0.43788   7.50000  1
   0.01182  -0.35666   0.55773  -0.44607   7.50000  2
   0.17616   0.13347  -0.09562  -0.78112   7.50000  3
   0.17760   0.06069   0.22093  -0.83494   7.50000  4
  -0.07021  -0.50294   0.14733  -0.24158   7.50000  5
  -0.02625   0.64604   0.35063   0.29576   7.50000  6
   0.21685   2.57912  -0.18539   0.84960   7.50000  7
   0.26123   2.73657   0.05063   0.24855   7.50000  8
   0.10302   0.18876   0.15606  -1.19990   7.50000  9
  -0.33787  -0.81377   0.31527   0.60128   7.50000 10
  -0.00009  -0.27676  -0.61690   0.77085   7.50000 11
   0.25996   2.61081  -0.22729   0.32529   7.50000 12
   0.14654   0.08219  -0.88212   0.60322   7.50000 13
   0.03300  -0.15167  -0.50251   0.06891   7.50000 14
   0.18941   2.77257  -0.07233   0.17674   7.50000 15
   0.17069   2.44863   0.58346   0.10968   7.50000 16
   0.12212  -0.35147   0.24232   0.06494   7.50000 17
   0.29779  -0.74804   0.17217  -0.07665   7.50000 18
   0.13056   0.00648   0.01223  -0.80381   7.50000 19
   0.41721  -0.26014  -0.69784   0.70711   7.50000 20
   0.21671  -0.45644   0.30823  -0.23247   7.60000  1
   0.07324  -0.39408   0.65881  -0.29514   7.60000  2
   0.16000   0.04368  -0.22594  -1.01240   7.60000  3
   0.19114  -0.02633   0.03996  -0.90847   7.60000  4
  -0.04725  -0.51688   0.30940  -0.03816   7.60000  5
   0.00993   0.67057   0.37063   0.19709   7.60000  6
   0.20030   2.66739  -0.13847   0.90930   7.60000  7
   0.26190   2.75473  -0.04208   0.11455   7.60000  8
   0.12241   0.05373   0.21509  -1.48719   7.60000  9
  -0.30188  -0.74891   0.40840   0.69880   7.60000 10
  -0.05093  -0.19871  -0.38421   0.79660   7.60000 11
   0.23368   2.64583  -0.28997   0.38174   7.60000 12
   0.06126   0.13182  -0.79782   0.35485   7.60000 13
  -0.00907  -0.14680  -0.32437   0.03298   7.60000 14
   0.18626   2.78168   0.01061   0.00426   7.60000 15
   0.23088   2.46883   0.60871   0.29561   7.60000 16
   0.14195  -0.33986   0.15683   0.16752   7.60000 17
   0.31082  -0.74763   0.08705   0.08642   7.60000 18
   0.13154  -0.07373   0.00040  -0.80369   7.60000 19
   0.33425  -0.18787  -0.97125   0.73781   7.60000 20
   0.23853  -0.46900   0.12337  -0.01605   7.70000  1
   0.14133  -0.41412   0.68851  -0.09670   7.70000  2
   0.13307  -0.07077  -0.29793  -1.28650   7.70000  3
   0.18478  -0.12256  -0.17007  -1.01900   7.70000  4
  -0.00856  -0.51044   0.46446   0.17010   7.70000  5
   0.04747   0.68585   0.37838   0.11019   7.70000  6
   0.19000   2.75882  -0.06572   0.90026   7.70000  7
   0.25193   2.76013  -0.15957   0.00152   7.70000  8
   0.14339  -0.10717   0.19311  -1.71871   7.70000  9
  -0.25527  -0.67340   0.52953   0.81492   7.70000 10
  -0.07380  -0.11836  -0.05995   0.78968   7.70000 11
   0.20410   2.68855  -0.28969   0.47762   7.70000 12
  -0.01234   0.15161  -0.67926   0.04890   7.70000 13
  -0.02909  -0.14437  -0.06203   0.01558   7.70000 14
   0.19146   2.77378   0.09057  -0.15358   7.70000 15
   0.29040   2.50753   0.57294   0.47576   7.70000 16
   0.15401  -0.31706   0.08504   0.29787   7.70000 17
   0.31485  -0.73021  -0.00862   0.26618   7.70000 18
   0.13053  -0.15449  -0.01710  -0.80785   7.70000 19
   0.22035  -0.11331  -1.31595   0.72983   7.70000 20
   0.24037  -0.45864  -0.09252   0.23101   7.80000  1
   0.20692  -0.41196   0.59505   0.14363   7.80000  2
   0.10277  -0.21116  -0.29677  -1.49314   7.80000  3
   0.15606  -0.22933  -0.39619  -1.12146   7.80000  4
   0.04585  -0.48140   0.62587   0.42305   7.80000  5
   0.08530   0.69290   0.37702   0.03203   7.80000  6
   0.18695   2.84231   0.00023   0.74826   7.80000  7
   0.23053   2.75742  -0.25985  -0.04267   7.80000  8
   0.15735  -0.28239   0.07233  -1.75029   7.80000  9
  -0.19453  -0.58501   0.69504   0.95900   7.80000 10
  -0.06299  -0.04653   0.26024   0.62396   7.80000 11
   0.17813   2.74114  -0.21842   0.56481   7.80000 12
  -0.07505   0.14279  -0.57333  -0.22305   7.80000 13
  -0.01960  -0.14535   0.25045  -0.04974   7.80000 14
   0.20320   2.75458   0.13604  -0.20855   7.80000 15
   0.34392   2.56333   0.49029   0.63627   7.80000 16
   0.15807  -0.27864  -0.01566   0.45674   7.80000 17
   0.30853  -0.69321  -0.12147   0.48191   7.80000 18
   0.12776  -0.23538  -0.04293  -0.82548   7.80000 19
   0.07759  -0.05445  -1.48542   0.41371   7.80000 20
   0.21802  -0.42198  -0.36849   0.48857   7.90000  1
   0.25242  -0.38777   0.27402   0.30338   7.90000  2
   0.07894  -0.36408  -0.15380  -1.53516   7.90000  3
   0.11141  -0.34631  -0.45688  -1.20291   7.90000  4
   0.11682  -0.42292   0.78161   0.74557   7.90000  5
   0.12266   0.69248   0.36938  -0.03950   7.90000  6
   0.18891   2.90672   0.03398   0.53964   7.90000  7
   0.20253   2.75384  -0.28521  -0.01942   7.90000  8
   0.15885  -0.45060  -0.03187  -1.57258   7.90000  9
  -0.11333  -0.48005   0.95116   1.14761   7.90000 10
  -0.02705   0.00432   0.41905   0.38802   7.90000 11
   0.16196   2.79840  -0.10249   0.56436   7.90000 12
  -0.12589   0.10710  -0.43539  -0.48960   7.90000 13
   0.01722  -0.15712   0.45616  -0.20000   7.90000 14
   0.21710   2.73572   0.13643  -0.15525   7.90000 15
   0.38704   2.63376   0.36536   0.76574   7.90000 16
   0.14813  -0.23848  -0.18394   0.28412   7.90000 17
   0.28933  -0.63162  -0.27280   0.76396   7.90000 18
   0.12211  -0.32276  -0.06542  -0.92946   7.90000 19
  -0.07007  -0.02762  -1.43084   0.15293   7.90000 20
   0.16677  -0.36847  -0.62766   0.54277   8.00000  1
   0.25797  -0.35827  -0.16223   0.27025   8.00000  2
   0.07433  -0.50906   0.05604  -1.31389   8.00000  3
   0.07208  -0.46371  -0.30723  -1.09868   8.00000  4
   0.19226  -0.34354   0.67445   0.77600   8.00000  5
   0.15907   0.68516   0.35848  -0.10614   8.00000  6
   0.19304   2.95072   0.04640   0.34357   8.00000  7
   0.17619   2.75505  -0.23114   0.04875   8.00000  8
   0.15249  -0.58804  -0.08948  -1.16010   8.00000  9
   0.00104  -0.35726   1.34416   1.26731   8.00000 10
   0.01452   0.03055   0.40351   0.13477   8.00000 11
   0.15730   2.85193   0.00580   0.50132   8.00000 12
  -0.16118   0.04581  -0.27231  -0.72733   8.00000 13
   0.06791  -0.18840   0.55070  -0.43917   8.00000 14
   0.22985   2.72526   0.11692  -0.04853   8.00000 15
   0.41596   2.71485   0.20991   0.84721   8.00000 16
   0.12355  -0.22535  -0.29198  -0.01829   8.00000 17
   0.25040  -0.53805  -0.52897   1.10524   8.00000 18
   0.11653  -0.41919  -0.03803  -0.95841   8.00000 19
  -0.20296  -0.01897  -1.21735   0.03335   8.00000 20
   0.10149  -0.31559  -0.62646   0.52787   8.10000  1
   0.22204  -0.33335  -0.53888   0.24472   8.10000  2
   0.08785  -0.62305   0.19321  -0.96828   8.10000  3
   0.05254  -0.56145  -0.08537  -0.85598   8.10000  4
   0.24493  -0.27245   0.35466   0.64180   8.10000  5
   0.19433   0.67133   0.34661  -0.17043   8.10000  6
   0.19798   2.97597   0.05244   0.16371   8.10000  7
   0.15771   2.76426  -0.13424   0.13740   8.10000  8
   0.14048  -0.68256  -0.15585  -0.74335   8.10000  9
   0.14838  -0.23430   1.52990   1.15458   8.10000 10
   0.05387   0.03061   0.38809  -0.13768   8.10000 11
   0.16249   2.89831   0.09567   0.42611   8.10000 12
  -0.18113  -0.03581  -0.12618  -0.89146   8.10000 13
   0.12627  -0.24659   0.60949  -0.71419   8.10000 14
   0.24019   2.72683   0.08810   0.08299   8.10000 15
   0.42875   2.80155   0.04579   0.87965   8.10000 16
   0.09431  -0.24097  -0.25512  -0.28023   8.10000 17
   0.18233  -0.41464  -0.80767   1.33999   8.10000 18
   0.11511  -0.50698   0.00663  -0.78113   8.10000 19
  -0.31277  -0.02009  -0.98083  -0.05609   8.10000 20
