  -0.34644  -0.92988  -0.06891   0.03221   0.10000  1
  -0.40889  -0.74859   0.01840  -0.11367   0.10000  2
   0.26210  -1.01344  -0.10966  -0.01249   0.10000  3
   0.08053  -1.08635  -0.04040   0.04822   0.10000  4
  -0.07702  -2.39815   0.02665   0.05610   0.10000  5
   0.02154  -2.23021  -0.03004  -0.03350   0.10000  6
  -0.11569   1.86767   0.09873  -0.12114   0.10000  7
   0.04082   1.97988  -0.06474  -0.14748   0.10000  8
  -0.06277   1.55260   0.08732   0.00874   0.10000  9
  -0.07144   1.74999   0.04057  -0.04180   0.10000 10
   0.17974   0.92688  -0.15539   0.08038   0.10000 11
  -0.00986   0.94833   0.02953   0.07083   0.10000 12
  -0.10564   0.88349   0.13614   0.12527   0.10000 13
   0.02431   1.02037  -0.01520  -0.04246   0.10000 14
   0.01934   1.43010  -0.00552   0.07282   0.10000 15
   0.17013   1.54782  -0.15405  -0.02099   0.10000 16
  -0.49766  -0.81419   0.16519  -0.03784   0.10000 17
  -0.36166  -0.68631  -0.06045  -0.18708   0.10000 18
  -0.36590  -1.07145  -0.03005   0.14465   0.10000 19
  -0.55400  -1.11176   0.13187   0.11922   0.10000 20
  -0.35685  -0.92480  -0.13939   0.07107   0.20000  1
  -0.40616  -0.76606   0.03614  -0.23871   0.20000  2
   0.24549  -1.01527  -0.22347  -0.02392   0.20000  3
   0.07442  -1.07909  -0.08215   0.09726   0.20000  4
  -0.07300  -2.38967   0.05400   0.11372   0.20000  5
   0.01701  -2.23530  -0.06072  -0.06856   0.20000  6
  -0.10085   1.84935   0.19814  -0.24619   0.20000  7
   0.03110   1.95737  -0.12953  -0.30543   0.20000  8
  -0.04967   1.55392   0.17476   0.01775   0.20000  9
  -0.06521   1.74362   0.08500  -0.08640   0.20000 10
   0.15609   0.93904  -0.31980   0.16359   0.20000 11
  -0.00535   0.95885   0.06128   0.13860   0.20000 12
  -0.08502   0.90250   0.27731   0.25638   0.20000 13
   0.02209   1.01402  -0.02860  -0.08398   0.20000 14
   0.01858   1.44133  -0.00904   0.15381   0.20000 15
   0.14677   1.54476  -0.31469  -0.03948   0.20000 16
  -0.47283  -0.82010   0.33109  -0.08241   0.20000 17
  -0.37065  -0.71480  -0.11829  -0.38545   0.20000 18
  -0.37053  -1.04943  -0.06330   0.29794   0.20000 19
  -0.53394  -1.09344   0.27127   0.25042   0.20000 20
  -0.37421  -0.91521  -0.20530   0.12304   0.30000  1
  -0.40164  -0.79711   0.05494  -0.38705   0.30000  2
   0.21711  -1.01813  -0.34603  -0.03261   0.30000  3
   0.06399  -1.06685  -0.12730   0.14757   0.30000  4
  -0.06618  -2.37531   0.08255   0.17412   0.30000  5
   0.00935  -2.24402  -0.09252  -0.10648   0.30000  6
  -0.07611   1.81817   0.29568  -0.37916   0.30000  7
   0.01500   1.91802  -0.19135  -0.48666   0.30000  8
  -0.02790   1.55618   0.25940   0.02746   0.30000  9
  -0.05418   1.73245   0.13709  -0.13883   0.30000 10
   0.11524   0.95973  -0.49951   0.25059   0.30000 11
   0.00252   0.97579   0.09663   0.19831   0.30000 12
  -0.04995   0.93505   0.42427   0.39543   0.30000 13
   0.01877   1.00388  -0.03626  -0.11529   0.30000 14
   0.01766   1.46142  -0.00883   0.25140   0.30000 15
   0.10685   1.54019  -0.48473  -0.04958   0.30000 16
  -0.43192  -0.83133   0.48006  -0.14768   0.30000 17
  -0.38492  -0.76412  -0.16283  -0.60469   0.30000 18
  -0.37872  -1.01125  -0.10095   0.46930   0.30000 19
  -0.49926  -1.06072   0.42498   0.41080   0.30000 20
  -0.39656  -0.90012  -0.22819   0.17348   0.40000  1
  -0.39497  -0.84436   0.07893  -0.55995   0.40000  2
   0.17582  -1.02159  -0.48263  -0.03513   0.40000  3
   0.04872  -1.04956  -0.17985   0.19827   0.40000  4
  -0.05646  -2.35475   0.11186   0.23731   0.40000  5
  -0.00152  -2.25669  -0.12499  -0.14722   0.40000  6
  -0.04219   1.77308   0.37779  -0.52572   0.40000  7
  -0.00663   1.85873  -0.23605  -0.70677   0.40000  8
   0.00150   1.55948   0.32000   0.03930   0.40000  9
  -0.03750   1.71523   0.19763  -0.21031   0.40000 10
   0.05635   0.98907  -0.66866   0.33438   0.40000 11
   0.01394   0.99812   0.12959   0.24704   0.40000 12
  -0.00083   0.98128   0.54696   0.52308   0.40000 13
   0.01533   0.99250  -0.02898  -0.09848   0.40000 14
   0.01684   1.49233  -0.00868   0.36983   0.40000 15
   0.05021   1.53570  -0.63946  -0.03292   0.40000 16
  -0.37999  -0.85135   0.53089  -0.26366   0.40000 17
  -0.40152  -0.83605  -0.15548  -0.82950   0.40000 18
  -0.39049  -0.95486  -0.12960   0.65900   0.40000 19
  -0.44854  -1.00938   0.58891   0.62796   0.40000 20
  -0.41579  -0.88385  -0.13320   0.12841   0.50000  1
  -0.38608  -0.90731   0.09812  -0.66892   0.50000  2
   0.11995  -1.02472  -0.63808  -0.02425   0.50000  3
   0.02749  -1.02733  -0.24872   0.24490   0.50000  4
  -0.04391  -2.32793   0.13781   0.29748   0.50000  5
  -0.01554  -2.27338  -0.15407  -0.18481   0.50000  6
  -0.00231   1.71215   0.40648  -0.69856   0.50000  7
  -0.03034   1.77510  -0.22386  -0.97250   0.50000  8
   0.03273   1.56452   0.28157   0.06728   0.50000  9
  -0.01485   1.68901   0.25113  -0.32379   0.50000 10
  -0.01289   1.02602  -0.67500   0.40173   0.50000 11
   0.02726   1.02532   0.12825   0.29982   0.50000 12
   0.05434   1.03736   0.52304   0.58560   0.50000 13
   0.01352   0.98801  -0.00720   0.02763   0.50000 14
   0.01516   1.53553  -0.03065   0.49216   0.50000 15
  -0.01670   1.53577  -0.66564   0.04659   0.50000 16
  -0.33221  -0.88505   0.39871  -0.40161   0.50000 17
  -0.41281  -0.92565  -0.05398  -0.91152   0.50000 18
  -0.40225  -0.88308  -0.08698   0.72478   0.50000 19
  -0.38328  -0.93367   0.69229   0.86960   0.50000 20
  -0.41981  -0.87657   0.05918   0.02058   0.60000  1
  -0.37425  -0.96974   0.14516  -0.55482   0.60000  2
   0.04759  -1.02556  -0.81162   0.01322   0.60000  3
  -0.00214  -1.00107  -0.35149   0.27677   0.60000  4
  -0.02943  -2.29604   0.14749   0.33378   0.60000  5
  -0.03181  -2.29286  -0.16709  -0.19803   0.60000  6
   0.03564   1.63268   0.33272  -0.88449   0.60000  7
  -0.04778   1.66385  -0.10545  -1.24549   0.60000  8
   0.05382   1.57439   0.12638   0.13316   0.60000  9
   0.01101   1.64817   0.25398  -0.50312   0.60000 10
  -0.07308   1.06913  -0.51797   0.46120   0.60000 11
   0.03831   1.05882   0.09010   0.37376   0.60000 12
   0.09961   1.09701   0.37446   0.60634   0.60000 13
   0.01355   1.00038   0.00623   0.22516   0.60000 14
   0.01007   1.58974  -0.06958   0.57804   0.60000 15
  -0.07651   1.54657  -0.50464   0.16851   0.60000 16
  -0.30172  -0.92735   0.22103  -0.42078   0.60000 17
  -0.41022  -1.00775   0.10565  -0.71058   0.60000 18
  -0.40491  -0.82004   0.03972   0.51705   0.60000 19
  -0.31642  -0.84695   0.62573   0.80973   0.60000 20
  -0.40411  -0.87870   0.25158  -0.06046   0.70000  1
  -0.35627  -1.01750   0.21781  -0.40300   0.70000  2
  -0.04267  -1.02074  -0.99489   0.08952   0.70000  3
  -0.04479  -0.97284  -0.51279   0.28335   0.70000  4
  -0.01536  -2.26271   0.12995   0.32615   0.70000  5
  -0.04803  -2.31142  -0.15336  -0.16636   0.70000  6
   0.06085   1.54077   0.16356  -0.92226   0.70000  7
  -0.04907   1.53239   0.07706  -1.33513   0.70000  8
   0.05664   1.58841  -0.06709   0.11698   0.70000  9
   0.03348   1.58868   0.18591  -0.67293   0.70000 10
  -0.11582   1.11881  -0.33597   0.53681   0.70000 11
   0.04515   1.10087   0.04641   0.47216   0.70000 12
   0.12863   1.15909   0.20409   0.63997   0.70000 13
   0.01460   1.03356   0.01446   0.44077   0.70000 14
   0.00247   1.64235  -0.07451   0.42240   0.70000 15
  -0.11374   1.56649  -0.22939   0.20187   0.70000 16
  -0.28524  -0.96710   0.12105  -0.37278   0.70000 17
  -0.39210  -1.06747   0.25573  -0.48574   0.70000 18
  -0.39408  -0.77997   0.17656   0.28787   0.70000 19
  -0.25904  -0.77615   0.52383   0.60080   0.70000 20
  -0.37004  -0.88866   0.42875  -0.14115   0.80000  1
  -0.32990  -1.05068   0.31374  -0.25932   0.80000  2
  -0.15182  -1.00673  -1.19096   0.19148   0.80000  3
  -0.10699  -0.94523  -0.74112   0.26463   0.80000  4
  -0.00395  -2.23168   0.09704   0.29252   0.80000  5
  -0.06199  -2.32522  -0.12492  -0.10746   0.80000  6
   0.06853   1.45087  -0.00481  -0.88118   0.80000  7
  -0.03416   1.40287   0.21555  -1.25557   0.80000  8
   0.04264   1.59191  -0.20008  -0.06222   0.80000  9
   0.04723   1.51647   0.08783  -0.76572   0.80000 10
  -0.13986   1.17764  -0.13976   0.64654   0.80000 11
   0.04751   1.15460  -0.00031   0.61206   0.80000 12
   0.13976   1.22631   0.01211   0.71234   0.80000 13
   0.01641   1.08927   0.02154   0.67945   0.80000 14
  -0.00394   1.66926  -0.05460   0.11434   0.80000 15
  -0.12256   1.58166   0.04548   0.08853   0.80000 16
  -0.27533  -1.00198   0.08696  -0.32313   0.80000 17
  -0.35912  -1.10490   0.40377  -0.25977   0.80000 18
  -0.36969  -0.76186   0.31127   0.07548   0.80000 19
  -0.21122  -0.72712   0.43251   0.37813   0.80000 20
  -0.31843  -0.90791   0.59932  -0.25055   0.90000  1
  -0.29342  -1.06808   0.40598  -0.07746   0.90000  2
  -0.27955  -0.98392  -1.32887   0.24965   0.90000  3
  -0.19405  -0.92107  -0.99697   0.21004   0.90000  4
   0.00398  -2.20432   0.06170   0.25489   0.90000  5
  -0.07296  -2.33276  -0.09471  -0.04328   0.90000  6
   0.06115   1.36201  -0.13554  -0.90812   0.90000  7
  -0.00660   1.27977   0.33235  -1.20218   0.90000  8
   0.01856   1.57498  -0.27453  -0.27661   0.90000  9
   0.05123   1.43476  -0.00542  -0.87877   0.90000 10
  -0.14175   1.24925   0.11779   0.78559   0.90000 11
   0.04457   1.22580  -0.06262   0.82447   0.90000 12
   0.12881   1.30275  -0.24670   0.81349   0.90000 13
   0.01880   1.17142   0.02518   0.97715   0.90000 14
  -0.00896   1.66557  -0.04867  -0.18762   0.90000 15
  -0.10602   1.58283   0.27969  -0.07055   0.90000 16
  -0.26704  -1.03028   0.07132  -0.22994   0.90000 17
  -0.31184  -1.11799   0.53228   0.00868   0.90000 18
  -0.33184  -0.76520   0.44409  -0.14711   0.90000 19
  -0.17312  -0.70080   0.32434   0.14821   0.90000 20
  -0.25508  -0.93872   0.62524  -0.35314   1.00000  1
  -0.25304  -1.06484   0.38188   0.13954   1.00000  2
  -0.40470  -0.95865  -1.12457   0.25331   1.00000  3
  -0.30171  -0.90523  -1.10399   0.09873   1.00000  4
   0.00844  -2.18060   0.02786   0.21999   1.00000  5
  -0.08100  -2.33394  -0.06635   0.01927   1.00000  6
   0.04243   1.27129  -0.23712  -0.85755   1.00000  7
   0.02991   1.17115   0.37489  -0.91280   1.00000  8
  -0.01087   1.53645  -0.30431  -0.49650   1.00000  9
   0.04647   1.33959  -0.09357  -1.00473   1.00000 10
  -0.11329   1.33290   0.46040   0.87515   1.00000 11
   0.03486   1.31814  -0.12654   0.99150   1.00000 12
   0.08864   1.38428  -0.55047   0.78154   1.00000 13
   0.02159   1.28514   0.03387   1.26939   1.00000 14
  -0.01410   1.63126  -0.05480  -0.50477   1.00000 15
  -0.06776   1.56607   0.47779  -0.27579   1.00000 16
  -0.26303  -1.04595   0.01073  -0.07932   1.00000 17
  -0.25660  -1.10189   0.54969   0.31045   1.00000 18
  -0.28235  -0.79248   0.52974  -0.40157   1.00000 19
  -0.14730  -0.69715   0.18962  -0.07271   1.00000 20
  -0.19869  -0.97680   0.49447  -0.40265   1.10000  1
  -0.21892  -1.04153   0.29968   0.31910   1.10000  2
  -0.50226  -0.93347  -0.83354   0.24898   1.10000  3
  -0.40523  -0.90138  -0.94753  -0.01647   1.10000  4
   0.00961  -2.16022  -0.00409   0.18808   1.10000  5
  -0.08630  -2.32898  -0.03988   0.07961   1.10000  6
   0.01614   1.19997  -0.27090  -0.56299   1.10000  7
   0.06513   1.09891   0.32000  -0.54709   1.10000  8
  -0.03866   1.47517  -0.22174  -0.71977   1.10000  9
   0.03175   1.24584  -0.19068  -0.82789   1.10000 10
  -0.04999   1.42266   0.78724   0.92000   1.10000 11
   0.01871   1.41896  -0.20641   1.02490   1.10000 12
   0.02167   1.45605  -0.76902   0.66096   1.10000 13
   0.02355   1.41761  -0.01973   1.36012   1.10000 14
  -0.01930   1.56252  -0.04056  -0.88305   1.10000 15
  -0.01320   1.52454   0.59060  -0.57098   1.10000 16
  -0.26225  -1.04567   0.02303   0.08736   1.10000 17
  -0.20552  -1.05783   0.45964   0.55685   1.10000 18
  -0.22967  -0.84446   0.51202  -0.62840   1.10000 19
  -0.13509  -0.71508   0.05739  -0.28667   1.10000 20
  -0.15706  -1.01611   0.33546  -0.35502   1.20000  1
  -0.19224  -1.00264   0.24098   0.44831   1.20000  2
  -0.57320  -0.90923  -0.59378   0.23356   1.20000  3
  -0.49115  -0.90698  -0.77777  -0.08658   1.20000  4
   0.00767  -2.14293  -0.03457   0.15792   1.20000  5
  -0.08902  -2.31805  -0.01466   0.13886   1.20000  6
  -0.00923   1.15659  -0.22895  -0.31605   1.20000  7
   0.09237   1.05894   0.21851  -0.26345   1.20000  8
  -0.04989   1.40324  -0.00415  -0.65870   1.20000  9
   0.01088   1.17412  -0.21722  -0.61561   1.20000 10
   0.03391   1.51413   0.81353   0.86482   1.20000 11
  -0.00626   1.52062  -0.26908   0.95714   1.20000 12
  -0.05521   1.51569  -0.69744   0.51193   1.20000 13
   0.01418   1.55028  -0.15599   1.22054   1.20000 14
  -0.01953   1.45776   0.04280  -1.12593   1.20000 15
   0.04241   1.45573   0.47543  -0.73171   1.20000 16
  -0.25521  -1.02824   0.13046   0.25970   1.20000 17
  -0.16597  -0.99399   0.32935   0.69678   1.20000 18
  -0.18087  -0.91707   0.46031  -0.81899   1.20000 19
  -0.13508  -0.75505  -0.05321  -0.51753   1.20000 20
  -0.13133  -1.04219   0.18422  -0.15106   1.30000  1
  -0.16934  -0.95514   0.22150   0.47982   1.30000  2
  -0.62252  -0.88734  -0.39949   0.20089   1.30000  3
  -0.56219  -0.91696  -0.64881  -0.10515   1.30000  4
   0.00273  -2.12862  -0.06418   0.12811   1.30000  5
  -0.08925  -2.30119   0.00998   0.19864   1.30000  6
  -0.02861   1.13510  -0.15478  -0.11934   1.30000  7
   0.10780   1.04461   0.08586  -0.02843   1.30000  8
  -0.04230   1.34445   0.14563  -0.53804   1.30000  9
  -0.01020   1.12198  -0.19770  -0.42582   1.30000 10
   0.10439   1.59109   0.59086   0.68159   1.30000 11
  -0.03089   1.60499  -0.21785   0.73847   1.30000 12
  -0.11208   1.55844  -0.44373   0.35842   1.30000 13
  -0.00349   1.65609  -0.18634   0.90601   1.30000 14
  -0.01242   1.34884   0.09229  -1.05470   1.30000 15
   0.07909   1.38524   0.26179  -0.68653   1.30000 16
  -0.23422  -0.99498   0.29537   0.39376   1.30000 17
  -0.13952  -0.92452   0.20231   0.66060   1.30000 18
  -0.13919  -1.00316   0.36330  -0.85041   1.30000 19
  -0.14496  -0.81992  -0.14020  -0.78683   1.30000 20
  -0.11889  -1.04599   0.07074   0.06925   1.40000  1
  -0.14816  -0.90984   0.19674   0.41201   1.40000  2
  -0.65445  -0.86973  -0.24579   0.14825   1.40000  3
  -0.62170  -0.92667  -0.54369  -0.08394   1.40000  4
  -0.00515  -2.11734  -0.09347   0.09736   1.40000  5
  -0.08702  -2.27824   0.03454   0.26077   1.40000  6
  -0.03937   1.13193  -0.05485   0.05231   1.40000  7
   0.10875   1.05265  -0.07101   0.18854   1.40000  8
  -0.02218   1.29116   0.25053  -0.54786   1.40000  9
  -0.02736   1.08979  -0.13851  -0.21254   1.40000 10
   0.15312   1.65250   0.39098   0.55494   1.40000 11
  -0.04993   1.67077  -0.16490   0.58746   1.40000 12
  -0.14569   1.59008  -0.23698   0.28450   1.40000 13
  -0.02224   1.73397  -0.18738   0.66161   1.40000 14
  -0.00168   1.24491   0.12045  -1.03094   1.40000 15
   0.09541   1.31565   0.06624  -0.71803   1.40000 16
  -0.19622  -0.95205   0.45694   0.45197   1.40000 17
  -0.12535  -0.86617   0.08150   0.48741   1.40000 18
  -0.10881  -1.07892   0.24637  -0.64470   1.40000 19
  -0.16156  -0.91166  -0.17847  -1.01838   1.40000 20
  -0.11639  -1.03003  -0.01870   0.23878   1.50000  1
  -0.13102  -0.87579   0.14608   0.26280   1.50000  2
  -0.67297  -0.85818  -0.13076   0.08108   1.50000  3
  -0.67113  -0.93303  -0.44494  -0.04116   1.50000  4
  -0.01596  -2.10922  -0.12266   0.06450   1.50000  5
  -0.08234  -2.24889   0.05917   0.32702   1.50000  6
  -0.03806   1.14420   0.09039   0.17818   1.50000  7
   0.09260   1.08253  -0.25791   0.40939   1.50000  8
   0.00648   1.23158   0.31467  -0.65594   1.50000  9
  -0.03623   1.08046  -0.02859   0.02803   1.50000 10
   0.18386   1.70330   0.22881   0.46551   1.50000 11
  -0.06426   1.72396  -0.12324   0.48161   1.50000 12
  -0.16092   1.61680  -0.07359   0.25526   1.50000 13
  -0.04083   1.78988  -0.18380   0.46192   1.50000 14
   0.01117   1.14259   0.13363  -1.00290   1.50000 15
   0.09240   1.23951  -0.12727  -0.81314   1.50000 16
  -0.14602  -0.90819   0.52503   0.40654   1.50000 17
  -0.12234  -0.82973  -0.01244   0.24039   1.50000 18
  -0.08936  -1.13083   0.14403  -0.39477   1.50000 19
  -0.17719  -1.01411  -0.11790  -0.99310   1.50000 20
  -0.12173  -1.00103  -0.07940   0.33073   1.60000  1
  -0.11830  -0.85678   0.11208   0.12233   1.60000  2
  -0.68171  -0.85365  -0.04874   0.00960   1.60000  3
  -0.71061  -0.93472  -0.34399   0.00754   1.60000  4
  -0.02966  -2.10452  -0.15097   0.02927   1.60000  5
  -0.07521  -2.21267   0.08293   0.39816   1.60000  6
  -0.02002   1.16293   0.27001   0.17052   1.60000  7
   0.05679   1.13244  -0.44789   0.55850   1.60000  8
   0.03855   1.15916   0.31062  -0.78263   1.60000  9
  -0.03079   1.09431   0.14704   0.23494   1.60000 10
   0.19963   1.74625   0.08928   0.39574   1.60000 11
  -0.07482   1.76781  -0.08900   0.39741   1.60000 12
  -0.16138   1.64203   0.06029   0.25331   1.60000 13
  -0.05887   1.82718  -0.17623   0.28710   1.60000 14
   0.02460   1.05035   0.13155  -0.80429   1.60000 15
   0.06976   1.15251  -0.32412  -0.91530   1.60000 16
  -0.09511  -0.87193   0.47583   0.31808   1.60000 17
  -0.12580  -0.81737  -0.04607   0.01235   1.60000 18
  -0.07997  -1.15889   0.04333  -0.17359   1.60000 19
  -0.18383  -1.10661  -0.01655  -0.84978   1.60000 20
  -0.13036  -0.96451  -0.08493   0.40058   1.70000  1
  -0.10808  -0.85047   0.09312   0.00715   1.70000  2
  -0.68353  -0.85611   0.00893  -0.05752   1.70000  3
  -0.73975  -0.93164  -0.23777   0.05280   1.70000  4
  -0.04600  -2.10331  -0.17429  -0.00372   1.70000  5
  -0.06591  -2.16922   0.10153   0.47007   1.70000  6
   0.01342   1.17393   0.37285   0.03843   1.70000  7
   0.00804   1.18507  -0.49729   0.45883   1.70000  8
   0.06427   1.08066   0.18657  -0.75675   1.70000  9
  -0.00664   1.12324   0.32251   0.31664   1.70000 10
   0.20206   1.78277  -0.03959   0.33560   1.70000 11
  -0.08220   1.80362  -0.05903   0.31849   1.70000 12
  -0.14956   1.66815   0.17301   0.27229   1.70000 13
  -0.07582   1.84782  -0.16108   0.12809   1.70000 14
   0.03683   0.98567   0.11151  -0.48867   1.70000 15
   0.03013   1.06292  -0.43955  -0.84091   1.70000 16
  -0.05385  -0.84497   0.33801   0.21782   1.70000 17
  -0.12960  -0.82592  -0.02239  -0.17587   1.70000 18
  -0.08072  -1.16718  -0.05741  -0.00093   1.70000 19
  -0.18121  -1.18371   0.06529  -0.69241   1.70000 20
  -0.13733  -0.92081  -0.04831   0.47029   1.80000  1
  -0.09989  -0.85491   0.06830  -0.09390   1.80000  2
  -0.68046  -0.86482   0.05032  -0.11464   1.80000  3
  -0.75796  -0.92446  -0.12527   0.08903   1.80000  4
  -0.06398  -2.10457  -0.18154  -0.01545   1.80000  5
  -0.05545  -2.11923   0.10371   0.52436   1.80000  6
   0.04927   1.17104   0.32680  -0.08832   1.80000  7
  -0.03776   1.22239  -0.40280   0.29199   1.80000  8
   0.07522   1.01076   0.03675  -0.63720   1.80000  9
   0.02882   1.15338   0.36387   0.27518   1.80000 10
   0.19178   1.81347  -0.16631   0.27846   1.80000 11
  -0.08669   1.83122  -0.03088   0.23099   1.80000 12
  -0.12741   1.69716   0.26672   0.31140   1.80000 13
  -0.09064   1.85328  -0.13238  -0.01606   1.80000 14
   0.04649   0.95113   0.07894  -0.21322   1.80000 15
  -0.01165   0.98754  -0.37252  -0.66519   1.80000 16
  -0.02897  -0.82909   0.15547   0.09640   1.80000 17
  -0.12938  -0.85097   0.02839  -0.31599   1.80000 18
  -0.09093  -1.16064  -0.14241   0.12563   1.80000 19
  -0.17156  -1.24504   0.12312  -0.53377   1.80000 20
  -0.13885  -0.87250   0.02263   0.47651   1.90000  1
  -0.09499  -0.86856   0.02740  -0.17366   1.90000  2
  -0.67379  -0.87857   0.08195  -0.15767   1.90000  3
  -0.76459  -0.91428  -0.00643   0.11205   1.90000  4
  -0.08145  -2.10482  -0.16421   0.01832   1.90000  5
  -0.04604  -2.06578   0.08079   0.53752   1.90000  6
   0.07724   1.15797   0.23084  -0.16528   1.90000  7
  -0.07113   1.24513  -0.26372   0.17076   1.90000  8
   0.07280   0.95336  -0.07940  -0.50953   1.90000  9
   0.06325   1.17732   0.31704   0.20047   1.90000 10
   0.16863   1.83838  -0.29809   0.21897   1.90000 11
  -0.08829   1.84916   0.00006   0.12423   1.90000 12
  -0.09702   1.73111   0.33606   0.37048   1.90000 13
  -0.10156   1.84528  -0.08125  -0.13968   1.90000 14
   0.05216   0.94042   0.03340  -0.01464   1.90000 15
  -0.04194   0.92929  -0.22854  -0.50241   1.90000 16
  -0.02314  -0.82620  -0.03922  -0.04031   1.90000 17
  -0.12410  -0.88667   0.07437  -0.38157   1.90000 18
  -0.10814  -1.14274  -0.19615   0.23210   1.90000 19
  -0.15756  -1.29050   0.15247  -0.37666   1.90000 20
  -0.13251  -0.83001   0.10183   0.35423   2.00000  1
  -0.09456  -0.88835  -0.01805  -0.21644   2.00000  2
  -0.66420  -0.89577   0.10984  -0.18326   2.00000  3
  -0.75906  -0.90262   0.11766   0.11805   2.00000  4
  -0.09641  -2.09977  -0.13431   0.08600   2.00000  5
  -0.03973  -2.01268   0.04461   0.52214   2.00000  6
   0.09547   1.13925   0.13448  -0.20441   2.00000  7
  -0.09071   1.25773  -0.12968   0.08538   2.00000  8
   0.06039   0.90941  -0.16372  -0.36588   2.00000  9
   0.09130   1.19292   0.24092   0.10934   2.00000 10
   0.13173   1.85697  -0.44298   0.15063   2.00000 11
  -0.08623   1.85541   0.04484  -0.00123   2.00000 12
  -0.06148   1.77149   0.36689   0.43502   2.00000 13
  -0.10573   1.82649   0.00454  -0.22806   2.00000 14
   0.05311   0.94557  -0.01410   0.10611   2.00000 15
  -0.05715   0.88677  -0.07665  -0.34877   2.00000 16
  -0.03667  -0.83731  -0.22928  -0.18147   2.00000 17
  -0.11516  -0.92414   0.10082  -0.35728   2.00000 18
  -0.12905  -1.11381  -0.21652   0.35049   2.00000 19
  -0.14184  -1.32075   0.15886  -0.23057   2.00000 20
  -0.11958  -0.80433   0.14869   0.15020   2.10000  1
  -0.09838  -0.91125  -0.05820  -0.24086   2.10000  2
  -0.65171  -0.91457   0.14128  -0.18937   2.10000  3
  -0.74095  -0.89134   0.24489   0.10400   2.10000  4
  -0.10833  -2.08730  -0.10447   0.16399   2.10000  5
  -0.03713  -1.96146   0.00775   0.50279   2.10000  6
   0.10428   1.11772   0.04198  -0.22443   2.10000  7
  -0.09741   1.26273  -0.00579   0.01600   2.10000  8
   0.04098   0.88077  -0.22039  -0.20522   2.10000  9
   0.11095   1.19889   0.15007   0.00904   2.10000 10
   0.07936   1.86789  -0.60704   0.06356   2.10000 11
  -0.07834   1.84903   0.11824  -0.12246   2.10000 12
  -0.02527   1.81673   0.35034   0.45858   2.10000 13
  -0.09938   1.80185   0.12679  -0.25243   2.10000 14
   0.04950   0.95994  -0.05656   0.17579   2.10000 15
  -0.05762   0.85950   0.06496  -0.19595   2.10000 16
  -0.06800  -0.86222  -0.38864  -0.31481   2.10000 17
  -0.10500  -0.95708   0.09473  -0.29889   2.10000 18
  -0.15025  -1.07163  -0.20037   0.49787   2.10000 19
  -0.12623  -1.33705   0.15174  -0.09742   2.10000 20
  -0.10483  -0.80126   0.13510  -0.09281   2.20000  1
  -0.10657  -0.93662  -0.10976  -0.26643   2.20000  2
  -0.63551  -0.93299   0.18558  -0.17595   2.20000  3
  -0.71005  -0.88253   0.37315   0.06876   2.20000  4
  -0.11742  -2.06693  -0.07798   0.24343   2.20000  5
  -0.03810  -1.91192  -0.02658   0.48936   2.20000  6
   0.10378   1.09455  -0.05296  -0.23826   2.20000  7
  -0.09210   1.26100   0.11126  -0.05135   2.20000  8
   0.01715   0.86843  -0.25131  -0.04191   2.20000  9
   0.12090   1.19461   0.04683  -0.09495   2.20000 10
   0.01060   1.86875  -0.75565  -0.05000   2.20000 11
  -0.06174   1.83238   0.21395  -0.20113   2.20000 12
   0.00733   1.86048   0.29224   0.40167   2.20000 13
  -0.08024   1.77833   0.25277  -0.20844   2.20000 14
   0.04226   0.98015  -0.08529   0.22691   2.20000 15
  -0.04473   0.84782   0.18878  -0.03584   2.20000 16
  -0.11191  -0.89986  -0.47483  -0.43568   2.20000 17
  -0.09821  -0.98331   0.02990  -0.22062   2.20000 18
  -0.16736  -1.01377  -0.13200   0.65574   2.20000 19
  -0.11175  -1.34051   0.13677   0.02749   2.20000 20
  -0.09471  -0.82322   0.05714  -0.34624   2.30000  1
  -0.12129  -0.96386  -0.18722  -0.27042   2.30000  2
  -0.61383  -0.94918   0.25271  -0.14538   2.30000  3
  -0.66631  -0.87825   0.50202   0.01363   2.30000  4
  -0.12403  -2.03860  -0.05477   0.32336   2.30000  5
  -0.04237  -1.86332  -0.05851   0.48408   2.30000  6
   0.09340   1.07020  -0.15615  -0.24739   2.30000  7
  -0.07528   1.25211   0.22447  -0.12936   2.30000  8
  -0.00799   0.87231  -0.24293   0.11958   2.30000  9
   0.11985   1.17980  -0.07051  -0.20194   2.30000 10
  -0.06650   1.85747  -0.75431  -0.17535   2.30000 11
  -0.03698   1.81070   0.26740  -0.22595   2.30000 12
   0.03091   1.89421   0.17334   0.26292   2.30000 13
  -0.05038   1.76152   0.33215  -0.12467   2.30000 14
   0.03318   1.00517  -0.09225   0.27269   2.30000 15
  -0.02102   0.85288   0.27745   0.14047   2.30000 16
  -0.15993  -0.94823  -0.46991  -0.51668   2.30000 17
  -0.10101  -0.99994  -0.09216  -0.10753   2.30000 18
  -0.17509  -0.94339  -0.02221   0.72228   2.30000 19
  -0.09912  -1.33157   0.11425   0.15190   2.30000 20
  -0.09539  -0.86988  -0.08012  -0.57875   2.40000  1
  -0.14369  -0.98888  -0.25566  -0.22458   2.40000  2
  -0.58392  -0.96169   0.35144  -0.10354   2.40000  3
  -0.60955  -0.88038   0.63409  -0.05892   2.40000  4
  -0.12847  -2.00219  -0.03442   0.40526   2.40000  5
  -0.04974  -1.81482  -0.08883   0.48721   2.40000  6
   0.07235   1.04559  -0.26448  -0.24059   2.40000  7
  -0.04734   1.23424   0.33331  -0.23437   2.40000  8
  -0.02934   0.89257  -0.17310   0.28797   2.40000  9
   0.10621   1.15407  -0.20565  -0.31345   2.40000 10
  -0.13528   1.83446  -0.60962  -0.27799   2.40000 11
  -0.01092   1.78766   0.24670  -0.23501   2.40000 12
   0.04232   1.91210   0.06036   0.09301   2.40000 13
  -0.01646   1.75305   0.33619  -0.05038   2.40000 14
   0.02463   1.03432  -0.07529   0.30701   2.40000 15
   0.00879   0.87667   0.30826   0.33945   2.40000 16
  -0.20287  -0.99885  -0.37830  -0.47906   2.40000 17
  -0.11710  -1.00484  -0.22890   0.00476   2.40000 18
  -0.17339  -0.87652   0.04539   0.58730   2.40000 19
  -0.08933  -1.30985   0.07862   0.28468   2.40000 20
  -0.11198  -0.93637  -0.25460  -0.73715   2.50000  1
  -0.17141  -1.00859  -0.29464  -0.17142   2.50000  2
  -0.54217  -0.96987   0.49126  -0.06114   2.50000  3
  -0.53917  -0.89058   0.77596  -0.14799   2.50000  4
  -0.13101  -1.95741  -0.01688   0.49144   2.50000  5
  -0.06011  -1.76559  -0.11848   0.49881   2.50000  6
   0.04120   1.02329  -0.35079  -0.19765   2.50000  7
  -0.00914   1.20359   0.42518  -0.38881   2.50000  8
  -0.04064   0.93062  -0.04442   0.47743   2.50000  9
   0.07813   1.11706  -0.35722  -0.42548   2.50000 10
  -0.18787   1.80317  -0.44395  -0.34288   2.50000 11
   0.01189   1.76370   0.20978  -0.24343   2.50000 12
   0.04410   1.91267  -0.01972  -0.08187   2.50000 13
   0.01563   1.75018   0.30196  -0.01309   2.50000 14
   0.01856   1.06552  -0.04544   0.30970   2.50000 15
   0.03867   0.92173   0.27939   0.56685   2.50000 16
  -0.23470  -1.04227  -0.25762  -0.38357   2.50000 17
  -0.14618  -1.00058  -0.34785   0.06956   2.50000 18
  -0.16809  -0.82939   0.04923   0.34625   2.50000 19
  -0.08419  -1.27407   0.01885   0.43444   2.50000 20
  -0.14680  -1.01455  -0.44288  -0.80923   2.60000  1
  -0.20206  -1.02387  -0.31745  -0.13940   2.60000  2
  -0.48382  -0.97444   0.68668  -0.03499   2.60000  3
  -0.45362  -0.91066   0.94022  -0.25806   2.60000  4
  -0.13196  -1.90367  -0.00268   0.58487   2.60000  5
  -0.07345  -1.71476  -0.14845   0.51942   2.60000  6
   0.00487   1.00822  -0.35769  -0.08818   2.60000  7
   0.03546   1.15435   0.44741  -0.60261   2.60000  8
  -0.03676   0.98878   0.12763   0.68509   2.60000  9
   0.03558   1.07000  -0.47958  -0.50329   2.60000 10
  -0.22464   1.76652  -0.29432  -0.38825   2.60000 11
   0.03118   1.73932   0.17663  -0.24196   2.60000 12
   0.03933   1.89563  -0.07121  -0.25958   2.60000 13
   0.04339   1.74935   0.25083  -0.00832   2.60000 14
   0.01539   1.09424  -0.01928   0.25078   2.60000 15
   0.06211   0.99049   0.17253   0.80280   2.60000 16
  -0.25459  -1.07438  -0.14197  -0.25244   2.60000 17
  -0.18551  -0.99385  -0.43393   0.04752   2.60000 18
  -0.16563  -0.80778  -0.00853   0.08649   2.60000 19
  -0.08696  -1.22212  -0.08395   0.60936   2.60000 20
  -0.19975  -1.09386  -0.60370  -0.74978   2.70000  1
  -0.23514  -1.03756  -0.34636  -0.13696   2.70000  2
  -0.40233  -0.97840   0.95637  -0.05607   2.70000  3
  -0.34991  -0.94348   1.13816  -0.40797   2.70000  4
  -0.13170  -1.84006   0.00676   0.68951   2.70000  5
  -0.08985  -1.66135  -0.18001   0.55097   2.70000  6
  -0.02654   1.00907  -0.25463   0.11506   2.70000  7
   0.07494   1.08447   0.31337  -0.76275   2.70000  8
  -0.01504   1.06508   0.29721   0.80928   2.70000  9
  -0.01279   1.02149  -0.45885  -0.42862   2.70000 10
  -0.24717   1.72575  -0.15767  -0.42671   2.70000 11
   0.04727   1.71573   0.14484  -0.22812   2.70000 12
   0.03076   1.86063  -0.09547  -0.44105   2.70000 13
   0.06528   1.74760   0.18417  -0.03124   2.70000 14
   0.01455   1.11266   0.00259   0.10852   2.70000 15
   0.06986   1.07838  -0.02429   0.91837   2.70000 16
  -0.26355  -1.09155  -0.04067  -0.08557   2.70000 17
  -0.23247  -0.99416  -0.50361  -0.06228   2.70000 18
  -0.17117  -0.81209  -0.10776  -0.17523   2.70000 19
  -0.10373  -1.15153  -0.27046   0.80062   2.70000 20
  -0.26325  -1.15761  -0.63770  -0.49430   2.80000  1
  -0.27035  -1.05042  -0.33555  -0.11148   2.80000  2
  -0.29135  -0.98920   1.24544  -0.18122   2.80000  3
  -0.22883  -0.99421   1.23267  -0.60476   2.80000  4
  -0.13086  -1.76521   0.00844   0.81070   2.80000  5
  -0.10955  -1.60407  -0.21443   0.59766   2.80000  6
  -0.04430   1.03046  -0.09919   0.29975   2.80000  7
   0.09490   1.01198   0.08785  -0.65005   2.80000  8
   0.01906   1.14369   0.36336   0.74208   2.80000  9
  -0.05236   0.98937  -0.32506  -0.20752   2.80000 10
  -0.25630   1.68117  -0.02475  -0.46539   2.80000 11
   0.05991   1.69384   0.10599  -0.21020   2.80000 12
   0.02126   1.80743  -0.08889  -0.62158   2.80000 13
   0.07962   1.74211   0.09945  -0.08448   2.80000 14
   0.01573   1.11720   0.01841   0.00193   2.80000 15
   0.05864   1.16620  -0.18741   0.81500   2.80000 16
  -0.26372  -1.09080   0.03315   0.10162   2.80000 17
  -0.28381  -1.00664  -0.48529  -0.18606   2.80000 18
  -0.18786  -0.84416  -0.22502  -0.47737   2.80000 19
  -0.14509  -1.06432  -0.57146   0.92567   2.80000 20
  -0.32172  -1.19103  -0.51304  -0.18390   2.90000  1
  -0.29599  -1.05929  -0.16156  -0.06745   2.90000  2
  -0.16471  -1.01549   1.21500  -0.32180   2.90000  3
  -0.11589  -1.05852   0.98398  -0.63961   2.90000  4
  -0.13043  -1.67716  -0.00254   0.95488   2.90000  5
  -0.13279  -1.54108  -0.24994   0.66661   2.90000  6
  -0.04690   1.06651   0.04269   0.41203   2.90000  7
   0.09434   0.95714  -0.08926  -0.44424   2.90000  8
   0.05368   1.21240   0.31269   0.63615   2.90000  9
  -0.07734   0.97974  -0.17435   0.01122   2.90000 10
  -0.25189   1.63249   0.11501  -0.50945   2.90000 11
   0.06790   1.67323   0.05004  -0.20651   2.90000 12
   0.01407   1.73693  -0.05019  -0.78305   2.90000 13
   0.08461   1.72919  -0.00159  -0.18313   2.90000 14
   0.01737   1.11695   0.00885   0.00632   2.90000 15
   0.03524   1.24018  -0.26550   0.66748   2.90000 16
  -0.25695  -1.07224   0.10014   0.25588   2.90000 17
  -0.32061  -1.03078  -0.23172  -0.28745   2.90000 18
  -0.21454  -0.90994  -0.29596  -0.84298   2.90000 19
  -0.21595  -0.97243  -0.79274   0.85899   2.90000 20
  -0.36396  -1.19683  -0.32579   0.05814   3.00000  1
  -0.30326  -1.06410   0.00677  -0.03255   3.00000  2
  -0.05624  -1.05063   0.95191  -0.38328   3.00000  3
  -0.03287  -1.11887   0.68826  -0.56681   3.00000  4
  -0.13199  -1.57322  -0.03232   1.12957   3.00000  5
  -0.15926  -1.46961  -0.27710   0.76981   3.00000  6
  -0.03684   1.11168   0.15252   0.48793   3.00000  7
   0.07873   0.92322  -0.21584  -0.23418   3.00000  8
   0.07915   1.27232   0.18841   0.56981   3.00000  9
  -0.08733   0.99088  -0.02635   0.20844   3.00000 10
  -0.23267   1.57893   0.27376  -0.56407   3.00000 11
   0.06916   1.65098  -0.02793  -0.24998   3.00000 12
   0.01176   1.65228   0.00385  -0.90216   3.00000 13
   0.07925   1.70347  -0.10410  -0.34127   3.00000 14
   0.01645   1.12007  -0.03125   0.06163   3.00000 15
   0.00817   1.30103  -0.26595   0.55854   3.00000 16
  -0.24588  -1.04343   0.10551   0.29613   3.00000 17
  -0.33047  -1.06147   0.02487  -0.31545   3.00000 18
  -0.24595  -1.00913  -0.33369  -1.10538   3.00000 19
  -0.29446  -0.90075  -0.75554   0.55514   3.00000 20
  -0.38534  -1.18105  -0.09129   0.24781   3.10000  1
  -0.29662  -1.06828   0.11422  -0.07145   3.10000  2
   0.02683  -1.09296   0.71473  -0.46598   3.10000  3
   0.02379  -1.17240   0.45156  -0.50678   3.10000  4
  -0.13775  -1.44990  -0.08765   1.34442   3.10000  5
  -0.18752  -1.38535  -0.28443   0.92614   3.10000  6
  -0.01784   1.16374   0.21864   0.55333   3.10000  7
   0.05240   0.91039  -0.30511  -0.02127   3.10000  8
   0.09017   1.32791   0.02700   0.54984   3.10000  9
  -0.08282   1.02101   0.11519   0.39324   3.10000 10
  -0.19596   1.51910   0.46836  -0.63603   3.10000 11
   0.06196   1.62046  -0.11640  -0.37558   3.10000 12
   0.01413   1.55762   0.03711  -0.98992   3.10000 13
   0.06430   1.65914  -0.19185  -0.55336   3.10000 14
   0.01073   1.13048  -0.08278   0.15344   3.10000 15
  -0.01659   1.35389  -0.22427   0.50941   3.10000 16
  -0.23875  -1.01944   0.02866   0.15464   3.10000 17
  -0.31793  -1.09322   0.21175  -0.32391   3.10000 18
  -0.28067  -1.12343  -0.35191  -1.14220   3.10000 19
  -0.36504  -0.86089  -0.65153   0.25420   3.10000 20
  -0.38017  -1.15065   0.20035   0.33765   3.20000  1
  -0.28254  -1.08164   0.16154  -0.20484   3.20000  2
   0.08702  -1.14387   0.48732  -0.54906   3.20000  3
   0.05802  -1.22037   0.23350  -0.44895   3.20000  4
  -0.15077  -1.30298  -0.18284   1.59339   3.20000  5
  -0.21601  -1.28204  -0.29071   1.14732   3.20000  6
   0.00490   1.22294   0.22525   0.63763   3.20000  7
   0.01883   0.91936  -0.36055   0.20346   3.20000  8
   0.08332   1.38379  -0.17264   0.57162   3.20000  9
  -0.06475   1.06972   0.24262   0.58430   3.20000 10
  -0.13694   1.45099   0.72413  -0.72782   3.20000 11
   0.04597   1.57283  -0.20306  -0.59260   3.20000 12
   0.01752   1.45356   0.02136  -1.09166   3.20000 13
   0.04143   1.59115  -0.26331  -0.81592   3.20000 14
   0.00030   1.15226  -0.12251   0.29059   3.20000 15
  -0.03555   1.40489  -0.14657   0.51248   3.20000 16
  -0.24033  -1.01556  -0.05709  -0.08598   3.20000 17
  -0.29133  -1.12755   0.30761  -0.36574   3.20000 18
  -0.31319  -1.23229  -0.27445  -1.01363   3.20000 19
  -0.42422  -0.84771  -0.52997   0.01776   3.20000 20
  -0.34500  -1.11733   0.50335   0.31850   3.30000  1
  -0.26441  -1.10987   0.20413  -0.35139   3.30000  2
   0.12376  -1.20123   0.24747  -0.58701   3.30000  3
   0.07096  -1.26059   0.03255  -0.34731   3.30000  4
  -0.17740  -1.13488  -0.36744   1.72899   3.30000  5
  -0.24700  -1.15715  -0.32608   1.32829   3.30000  6
   0.02484   1.29347   0.15983   0.78315   3.30000  7
  -0.01843   0.95181  -0.37745   0.44993   3.30000  8
   0.05398   1.44023  -0.41427   0.52604   3.30000  9
  -0.03534   1.13924   0.33856   0.81786   3.30000 10
  -0.04967   1.37466   1.01031  -0.78242   3.30000 11
   0.02143   1.49878  -0.28568  -0.90065   3.30000 12
   0.01669   1.34252  -0.04371  -1.09963   3.30000 13
   0.01213   1.49385  -0.31774  -1.13670   3.30000 14
  -0.01283   1.19065  -0.13289   0.49069   3.30000 15
  -0.04337   1.45295   0.00669   0.41326   3.30000 16
  -0.24898  -1.03830  -0.10707  -0.37606   3.30000 17
  -0.25756  -1.16513   0.36366  -0.35845   3.30000 18
  -0.33180  -1.32074  -0.10189  -0.73515   3.30000 19
  -0.47053  -0.85614  -0.39234  -0.18194   3.30000 20
  -0.28132  -1.08717   0.73923   0.28894   3.40000  1
  -0.24278  -1.14452   0.21539  -0.30346   3.40000  2
   0.13713  -1.25940   0.02340  -0.56986   3.40000  3
   0.06626  -1.28930  -0.11989  -0.22884   3.40000  4
  -0.22446  -0.96914  -0.54948   1.53285   3.40000  5
  -0.27831  -1.02529  -0.28363   1.25615   3.40000  6
   0.03392   1.37623   0.01165   0.82019   3.40000  7
  -0.05509   1.01051  -0.34637   0.73179   3.40000  8
   0.00400   1.47977  -0.55122   0.22208   3.40000  9
   0.00131   1.23623   0.38377   1.12712   3.40000 10
   0.05533   1.29794   1.00359  -0.73513   3.40000 11
  -0.00913   1.39372  -0.30351  -1.17524   3.40000 12
   0.00899   1.23923  -0.10325  -0.93310   3.40000 13
  -0.01913   1.36710  -0.28090  -1.36041   3.40000 14
  -0.02351   1.25299  -0.05976   0.75530   3.40000 15
  -0.03293   1.48008   0.18857   0.09862   3.40000 16
  -0.25975  -1.08772  -0.10166  -0.56164   3.40000 17
  -0.22194  -1.19135   0.33280  -0.15321   3.40000 18
  -0.33549  -1.37982   0.02251  -0.45716   3.40000 19
  -0.50157  -0.88326  -0.22124  -0.35499   3.40000 20
  -0.20591  -1.06129   0.73579   0.21048   3.50000  1
  -0.22192  -1.16913   0.20527  -0.19603   3.50000  2
   0.12891  -1.31401  -0.18640  -0.51601   3.50000  3
   0.04773  -1.30696  -0.24933  -0.12722   3.50000  4
  -0.28243  -0.83049  -0.59574   1.25034   3.50000  5
  -0.30282  -0.90973  -0.21290   1.06326   3.50000  6
   0.02683   1.44693  -0.14500   0.57305   3.50000  7
  -0.08513   1.09993  -0.23643   1.06344   3.50000  8
  -0.04928   1.48263  -0.48253  -0.15458   3.50000  9
   0.03649   1.35664   0.28745   1.21061   3.50000 10
   0.13862   1.23089   0.65030  -0.59744   3.50000 11
  -0.03466   1.27120  -0.19468  -1.22377   3.50000 12
  -0.00242   1.16227  -0.12590  -0.60210   3.50000 13
  -0.03992   1.23129  -0.13276  -1.30124   3.50000 14
  -0.02287   1.33553   0.06316   0.84263   3.50000 15
  -0.00969   1.47109   0.25783  -0.26993   3.50000 16
  -0.26674  -1.14356  -0.02082  -0.54477   3.50000 17
  -0.19213  -1.19721   0.26246   0.02255   3.50000 18
  -0.32782  -1.41390   0.12990  -0.23016   3.50000 19
  -0.51333  -0.92531  -0.00968  -0.47310   3.50000 20
  -0.13728  -1.04764   0.63123   0.05538   3.60000  1
  -0.20104  -1.18558   0.21478  -0.14214   3.60000  2
   0.10009  -1.36125  -0.38875  -0.42181   3.60000  3
   0.01628  -1.31516  -0.38166  -0.03757   3.60000  4
  -0.34176  -0.71705  -0.58335   1.02744   3.60000  5
  -0.32240  -0.81066  -0.18416   0.92594   3.60000  6
   0.00739   1.48963  -0.22809   0.27879   3.60000  7
  -0.09813   1.21972  -0.01436   1.27664   3.60000  8
  -0.08723   1.45259  -0.25955  -0.41978   3.60000  9
   0.05564   1.47172   0.08836   1.06846   3.60000 10
   0.18714   1.17785   0.33288  -0.46900   3.60000 11
  -0.04934   1.15415  -0.10922  -1.10493   3.60000 12
  -0.01736   1.11741  -0.17279  -0.30466   3.60000 13
  -0.04845   1.11127  -0.04839  -1.08019   3.60000 14
  -0.01313   1.41723   0.12160   0.78992   3.60000 15
   0.01550   1.43034   0.22973  -0.50600   3.60000 16
  -0.26172  -1.19597   0.12638  -0.50064   3.60000 17
  -0.16940  -1.18991   0.19369   0.10684   3.60000 18
  -0.30955  -1.42649   0.23620  -0.02291   3.60000 19
  -0.50377  -0.97537   0.19549  -0.51977   3.60000 20
  -0.08035  -1.05116   0.50371  -0.12901   3.70000  1
  -0.17858  -1.19923   0.23565  -0.13850   3.70000  2
   0.05139  -1.39693  -0.58422  -0.28424   3.70000  3
  -0.02919  -1.31433  -0.53109   0.05638   3.70000  4
  -0.39792  -0.62325  -0.53573   0.85688   3.70000  5
  -0.34036  -0.72316  -0.17753   0.83039   3.70000  6
  -0.01597   1.50380  -0.22927   0.01672   3.70000  7
  -0.08980   1.35004   0.17470   1.33494   3.70000  8
  -0.10043   1.40398  -0.01075  -0.53104   3.70000  9
   0.05491   1.56553  -0.09263   0.79685   3.70000 10
   0.20742   1.13625   0.08167  -0.36614   3.70000 11
  -0.05651   1.05267  -0.03378  -0.92302   3.70000 12
  -0.03558   1.09717  -0.18223  -0.12544   3.70000 13
  -0.05015   1.01677   0.01084  -0.81381   3.70000 14
  -0.00068   1.49028   0.11709   0.65156   3.70000 15
   0.03277   1.37772   0.10291  -0.52417   3.70000 16
  -0.24111  -1.24306   0.28544  -0.43852   3.70000 17
  -0.15281  -1.17919   0.14186   0.09124   3.70000 18
  -0.28024  -1.41836   0.35293   0.18786   3.70000 19
  -0.47531  -1.02873   0.37042  -0.54893   3.70000 20
  -0.03749  -1.07393   0.34704  -0.32814   3.80000  1
  -0.15391  -1.21483   0.25542  -0.18149   3.80000  2
  -0.01665  -1.41647  -0.77642  -0.09677   3.80000  3
  -0.09046  -1.30328  -0.69405   0.16716   3.80000  4
  -0.44838  -0.54422  -0.47195   0.72992   3.80000  5
  -0.35836  -0.64350  -0.18454   0.76727   3.80000  6
  -0.03729   1.49583  -0.19301  -0.15804   3.80000  7
  -0.06401   1.48373   0.33410   1.31166   3.80000  8
  -0.09107   1.35137   0.18803  -0.50059   3.80000  9
   0.03909   1.63072  -0.21550   0.50871   3.80000 10
   0.20479   1.10408  -0.12977  -0.27969   3.80000 11
  -0.05657   0.96952   0.02950  -0.74093   3.80000 12
  -0.05208   1.08878  -0.14084  -0.05083   3.80000 13
  -0.04709   0.94731   0.04721  -0.58192   3.80000 14
   0.00853   1.54573   0.06016   0.45704   3.80000 15
   0.03544   1.32806  -0.04343  -0.46361   3.80000 16
  -0.20490  -1.28328   0.43636  -0.36412   3.80000 17
  -0.14029  -1.17472   0.11113  -0.01618   3.80000 18
  -0.23809  -1.38823   0.49569   0.41889   3.80000 19
  -0.42970  -1.08586   0.54487  -0.59836   3.80000 20
  -0.01259  -1.11697   0.14116  -0.53273   3.90000  1
  -0.12905  -1.23693   0.22720  -0.26341   3.90000  2
  -0.10343  -1.41361  -0.94922   0.17213   3.90000  3
  -0.16537  -1.28152  -0.76780   0.25542   3.90000  4
  -0.49214  -0.47621  -0.40294   0.63480   3.90000  5
  -0.37764  -0.56895  -0.20264   0.72690   3.90000  6
  -0.05317   1.47682  -0.11794  -0.20720   3.90000  7
  -0.02522   1.60861   0.42771   1.17437   3.90000  8
  -0.06485   1.30401   0.32717  -0.45452   3.90000  9
   0.01324   1.66778  -0.29395   0.23667   3.90000 10
   0.18203   1.07994  -0.32417  -0.20426   3.90000 11
  -0.05109   0.90421   0.07834  -0.56625   3.90000 12
  -0.06274   1.08654  -0.06837   0.00730   3.90000 13
  -0.04115   0.89919   0.07022  -0.38571   3.90000 14
   0.01066   1.58304  -0.01649   0.30257   3.90000 15
   0.02555   1.28434  -0.14885  -0.41794   3.90000 16
  -0.15547  -1.31485   0.53129  -0.25531   3.90000 17
  -0.13063  -1.18498   0.07855  -0.19910   3.90000 18
  -0.18036  -1.33421   0.65262   0.65601   3.90000 19
  -0.36506  -1.14946   0.75811  -0.67975   3.90000 20
  -0.01149  -1.18029  -0.13146  -0.73126   4.00000  1
  -0.11149  -1.26623   0.11638  -0.30499   4.00000  2
  -0.20034  -1.37894  -0.94288   0.52124   4.00000  3
  -0.23452  -1.25491  -0.58330   0.26714   4.00000  4
  -0.52892  -0.41652  -0.33265   0.56214   4.00000  5
  -0.39919  -0.49760  -0.22981   0.70213   4.00000  6
  -0.06054   1.45476  -0.03108  -0.23749   4.00000  7
   0.01829   1.71694   0.42470   0.98335   4.00000  8
  -0.02756   1.25878   0.40707  -0.45840   4.00000  9
  -0.01733   1.68008  -0.30140   0.02588   4.00000 10
   0.14006   1.06311  -0.51513  -0.13198   4.00000 11
  -0.04121   0.85630   0.11780  -0.39077   4.00000 12
  -0.06499   1.09070   0.02728   0.07831   4.00000 13
  -0.03318   0.86932   0.08894  -0.21466   4.00000 14
   0.00620   1.60899  -0.06720   0.22532   4.00000 15
   0.00671   1.24309  -0.22099  -0.41362   4.00000 16
  -0.10483  -1.33103   0.45355  -0.05083   4.00000 17
  -0.12553  -1.21553   0.02135  -0.40816   4.00000 18
  -0.11335  -1.26118   0.64775   0.77037   4.00000 19
  -0.27527  -1.22301   1.05107  -0.79374   4.00000 20
  -0.04080  -1.26098  -0.45204  -0.85609   4.10000  1
  -0.10539  -1.29357   0.01419  -0.22948   4.10000  2
  -0.28426  -1.31285  -0.70365   0.76490   4.10000  3
  -0.27820  -1.23149  -0.28278   0.18348   4.10000  4
  -0.55865  -0.36325  -0.26163   0.50561   4.10000  5
  -0.42385  -0.42817  -0.26454   0.68787   4.10000  6
  -0.05990   1.42859   0.04095  -0.28944   4.10000  7
   0.05758   1.80483   0.35868   0.78006   4.10000  8
   0.01359   1.21077   0.39831  -0.50861   4.10000  9
  -0.04468   1.67556  -0.24024  -0.11010   4.10000 10
   0.07916   1.05390  -0.69968  -0.04883   4.10000 11
  -0.02788   0.82647   0.14663  -0.20307   4.10000 12
  -0.05648   1.10254   0.14633   0.15835   4.10000 13
  -0.02341   0.85590   0.10614  -0.05420   4.10000 14
  -0.00215   1.62870  -0.09872   0.16808   4.10000 15
  -0.01662   1.20034  -0.23318  -0.44766   4.10000 16
  -0.06790  -1.32311   0.27622   0.20349   4.10000 17
  -0.12540  -1.26327  -0.00785  -0.52370   4.10000 18
  -0.05622  -1.18931   0.48150   0.61779   4.10000 19
  -0.15703  -1.30478   1.27537  -0.79845   4.10000 20
  -0.09672  -1.34514  -0.61700  -0.79207   4.20000  1
  -0.10557  -1.31272  -0.00310  -0.16342   4.20000  2
  -0.33936  -1.23346  -0.40628   0.79634   4.20000  3
  -0.29299  -1.21914  -0.02810   0.06757   4.20000  4
  -0.58120  -0.31498  -0.18917   0.46152   4.20000  5
  -0.45231  -0.35982  -0.30564   0.67985   4.20000  6
  -0.05303   1.39611   0.09293  -0.36448   4.20000  7
   0.09024   1.87447   0.29679   0.62019   4.20000  8
   0.04837   1.15620   0.27852  -0.58222   4.20000  9
  -0.06493   1.65873  -0.16385  -0.22379   4.20000 10
   0.00220   1.05437  -0.81777   0.06306   4.20000 11
  -0.01245   0.81632   0.15845   0.00344   4.20000 12
  -0.03572   1.12136   0.26199   0.20604   4.20000 13
  -0.01220   0.85866   0.11553   0.11117   4.20000 14
  -0.01351   1.64216  -0.12844   0.09811   4.20000 15
  -0.03753   1.15252  -0.17493  -0.51061   4.20000 16
  -0.05072  -1.29598   0.06980   0.29522   4.20000 17
  -0.12397  -1.31636   0.04829  -0.51931   4.20000 18
  -0.01755  -1.14191   0.29754   0.33457   4.20000 19
  -0.02955  -1.37459   1.21445  -0.58117   4.20000 20
  -0.15621  -1.41390  -0.55335  -0.57246   4.30000  1
  -0.10558  -1.32747  -0.00134  -0.13308   4.30000  2
  -0.36755  -1.15737  -0.16835   0.71364   4.30000  3
  -0.28628  -1.21668   0.15452  -0.01266   4.30000  4
  -0.59642  -0.27056  -0.11499   0.42906   4.30000  5
  -0.48514  -0.29214  -0.35159   0.67371   4.30000  6
  -0.04200   1.35474   0.12415  -0.46805   4.30000  7
   0.11738   1.93014   0.24790   0.49830   4.30000  8
   0.06630   1.09586   0.07279  -0.61257   4.30000  9
  -0.07746   1.63138  -0.08758  -0.32027   4.30000 10
  -0.07784   1.06624  -0.74795   0.16436   4.30000 11
   0.00304   0.82779   0.14744   0.22915   4.30000 12
  -0.00737   1.14031   0.28421   0.15624   4.30000 13
  -0.00094   0.87857   0.10636   0.28937   4.30000 14
  -0.02777   1.64759  -0.15589   0.00655   4.30000 15
  -0.05031   1.09909  -0.07956  -0.54804   4.30000 16
  -0.05215  -1.26970  -0.08873   0.22050   4.30000 17
  -0.11613  -1.36393   0.09783  -0.42065   4.30000 18
   0.00446  -1.12056   0.14648   0.10098   4.30000 19
   0.07951  -1.42258   0.96765  -0.39408   4.30000 20
  -0.20541  -1.45953  -0.42602  -0.34400   4.40000  1
  -0.10650  -1.33908  -0.01918  -0.09648   4.40000  2
  -0.37501  -1.09185   0.01079   0.59525   4.40000  3
  -0.26286  -1.22117   0.31251  -0.07740   4.40000  4
  -0.60423  -0.22870  -0.04206   0.41098   4.40000  5
  -0.52266  -0.22521  -0.39810   0.66362   4.40000  6
  -0.02883   1.30136   0.13633  -0.60564   4.40000  7
   0.14017   1.97501   0.20960   0.40277   4.40000  8
   0.06294   1.03549  -0.13606  -0.59057   4.40000  9
  -0.08276   1.59524  -0.02079  -0.40012   4.40000 10
  -0.14244   1.08440  -0.53118   0.18641   4.40000 11
   0.01635   0.86292   0.11561   0.47826   4.40000 12
   0.01808   1.15064   0.21534   0.04662   4.40000 13
   0.00852   0.91707   0.08054   0.48349   4.40000 14
  -0.04437   1.64268  -0.17403  -0.10867   4.40000 15
  -0.05388   1.04504   0.00779  -0.52547   4.40000 16
  -0.06688  -1.25242  -0.19928   0.12531   4.40000 17
  -0.10649  -1.39890   0.08708  -0.27335   4.40000 18
   0.01211  -1.12045   0.00683  -0.09440   4.40000 19
   0.16566  -1.45572   0.76426  -0.27660   4.40000 20
  -0.24092  -1.48358  -0.28277  -0.14091   4.50000  1
  -0.10971  -1.34614  -0.04600  -0.04130   4.50000  2
  -0.36674  -1.03833   0.14945   0.47543   4.50000  3
  -0.22378  -1.23249   0.46952  -0.15138   4.50000  4
  -0.60524  -0.18767   0.01805   0.41343   4.50000  5
  -0.56438  -0.15982  -0.43272   0.64167   4.50000  6
  -0.01523   1.23243   0.13386  -0.77848   4.50000  7
   0.15957   2.01130   0.17945   0.32578   4.50000  8
   0.04002   0.97860  -0.31468  -0.53344   4.50000  9
  -0.08217   1.55163   0.02942  -0.47168   4.50000 10
  -0.18301   1.10210  -0.27789   0.16416   4.50000 11
   0.02532   0.92442   0.05725   0.75148   4.50000 12
   0.03437   1.14933   0.10516  -0.07467   4.50000 13
   0.01459   0.97506   0.03638   0.66443   4.50000 14
  -0.06206   1.62518  -0.17700  -0.24435   4.50000 15
  -0.04779   0.99500   0.12103  -0.46620   4.50000 16
  -0.09093  -1.24453  -0.27689   0.03274   4.50000 17
  -0.09979  -1.41783   0.04331  -0.10236   4.50000 18
   0.00562  -1.13879  -0.13879  -0.27029   4.50000 19
   0.23379  -1.47905   0.60385  -0.19406   4.50000 20
  -0.26166  -1.48825  -0.13009   0.04592   4.60000  1
  -0.11578  -1.34660  -0.07446   0.03589   4.60000  2
  -0.34598  -0.99675   0.26202   0.35587   4.60000  3
  -0.16916  -1.25191   0.61669  -0.23835   4.60000  4
  -0.60172  -0.14522   0.04573   0.43898   4.60000  5
  -0.60811  -0.09741  -0.43517   0.60445   4.60000  6
  -0.00230   1.14478   0.12369  -0.97452   4.60000  7
   0.17627   2.04061   0.15558   0.26212   4.60000  8
   0.00297   0.93460  -0.40718  -0.31689   4.60000  9
  -0.07749   1.50070   0.06142  -0.54951   4.60000 10
  -0.19761   1.11680  -0.01190   0.12790   4.60000 11
   0.02597   1.01027  -0.05105   0.94073   4.60000 12
   0.03818   1.13484  -0.03258  -0.22172   4.60000 13
   0.01473   1.04565  -0.03598   0.72958   4.60000 14
  -0.07921   1.59325  -0.16315  -0.39692   4.60000 15
  -0.02919   0.95566   0.24222  -0.29605   4.60000 16
  -0.12109  -1.24598  -0.31684  -0.06370   4.60000 17
  -0.09836  -1.41881  -0.01656   0.08594   4.60000 18
  -0.01624  -1.17429  -0.30194  -0.43972   4.60000 19
   0.28729  -1.49514   0.46956  -0.13002   4.60000 20
  -0.26644  -1.47451   0.03778   0.22953   4.70000  1
  -0.12396  -1.33842  -0.08286   0.12771   4.70000  2
  -0.31503  -0.96736   0.35347   0.23040   4.70000  3
  -0.10371  -1.27997   0.66380  -0.31903   4.70000  4
  -0.59738  -0.09945   0.03584   0.47717   4.70000  5
  -0.65012  -0.03910  -0.39972   0.56207   4.70000  6
   0.00887   1.04144   0.09021  -1.03892   4.70000  7
   0.19084   2.06405   0.13648   0.20807   4.70000  8
  -0.03781   0.91795  -0.39154  -0.01562   4.70000  9
  -0.07038   1.44087   0.07898  -0.65352   4.70000 10
  -0.18492   1.12731   0.26742   0.08123   4.70000 11
   0.01515   1.10752  -0.15965   0.96797   4.70000 12
   0.02746   1.10460  -0.18068  -0.36890   4.70000 13
   0.00771   1.11778  -0.10147   0.68562   4.70000 14
  -0.09415   1.54516  -0.13281  -0.56887   4.70000 15
  -0.00304   0.93923   0.26013  -0.02721   4.70000 16
  -0.15119  -1.25794  -0.26522  -0.17921   4.70000 17
  -0.10326  -1.39999  -0.08070   0.29326   4.70000 18
  -0.05536  -1.22695  -0.48015  -0.61503   4.70000 19
   0.32821  -1.50540   0.35068  -0.07673   4.70000 20
  -0.25329  -1.44196   0.23029   0.42471   4.80000  1
  -0.13105  -1.32220  -0.05709   0.18373   4.80000  2
  -0.27602  -0.95101   0.42278   0.09472   4.80000  3
  -0.04349  -1.31446   0.50601  -0.36286   4.80000  4
  -0.59528  -0.04978   0.00411   0.51591   4.80000  5
  -0.68730   0.01524  -0.34155   0.52642   4.80000  6
   0.01348   0.94484  -0.00384  -0.87391   4.80000  7
   0.20368   2.08245   0.12084   0.16085   4.80000  8
  -0.07216   0.93057  -0.28200   0.25898   4.80000  9
  -0.06188   1.36816   0.09126  -0.81274   4.80000 10
  -0.14411   1.13330   0.54596   0.04264   4.80000 11
  -0.00508   1.19778  -0.24470   0.83011   4.80000 12
   0.00309   1.06625  -0.29887  -0.37927   4.80000 13
  -0.00570   1.17958  -0.17085   0.55288   4.80000 14
  -0.10513   1.47841  -0.08294  -0.77348   4.80000 15
   0.01944   0.94971   0.17566   0.22611   4.80000 16
  -0.17118  -1.28229  -0.12765  -0.30832   4.80000 17
  -0.11393  -1.36034  -0.12923   0.48976   4.80000 18
  -0.11031  -1.29672  -0.59888  -0.76609   4.80000 19
   0.35772  -1.51070   0.24066  -0.03016   4.80000 20
  -0.21924  -1.38901   0.45374   0.63096   4.90000  1
  -0.13657  -1.30552  -0.06285   0.13103   4.90000  2
  -0.23120  -0.94877   0.47045  -0.05176   4.90000  3
  -0.00630  -1.35056   0.23483  -0.34815   4.90000  4
  -0.59681   0.00362  -0.03535   0.55168   4.90000  5
  -0.71813   0.06652  -0.27416   0.50084   4.90000  6
   0.00822   0.87051  -0.09667  -0.60054   4.90000  7
   0.21509   2.09638   0.10755   0.11851   4.90000  8
  -0.09253   0.96775  -0.12155   0.47744   4.90000  9
  -0.05187   1.27603   0.10901  -1.03031   4.90000 10
  -0.07791   1.13708   0.75370   0.03988   4.90000 11
  -0.03367   1.27366  -0.32294   0.68120   4.90000 12
  -0.03049   1.03083  -0.36094  -0.31810   4.90000 13
  -0.02714   1.22987  -0.25781   0.45670   4.90000 14
  -0.10957   1.38855   0.00295  -1.03506   4.90000 15
   0.02964   0.98159   0.01774   0.40165   4.90000 16
  -0.17667  -1.31880   0.01170  -0.40975   4.90000 17
  -0.12930  -1.30765  -0.18145   0.52208   4.90000 18
  -0.17052  -1.37368  -0.58344  -0.73012   4.90000 19
   0.37650  -1.51159   0.13548   0.01183   4.90000 20
  -0.16495  -1.32013   0.60476   0.71315   5.00000  1
  -0.14446  -1.29762  -0.09171   0.02945   5.00000  2
  -0.18252  -0.96185   0.50031  -0.21305   5.00000  3
   0.00419  -1.38226  -0.01933  -0.27828   5.00000  4
  -0.60240   0.06048  -0.07645   0.58526   5.00000  5
  -0.74201   0.11572  -0.20288   0.48448   5.00000  6
  -0.00481   0.82514  -0.15941  -0.31004   5.00000  7
   0.22524   2.10627   0.09570   0.07973   5.00000  8
  -0.09599   1.02514   0.05351   0.66519   5.00000  9
  -0.04121   1.16656   0.09880  -1.13592   5.00000 10
  -0.00129   1.14185   0.73043   0.04896   5.00000 11
  -0.06767   1.32967  -0.34377   0.41518   5.00000 12
  -0.06601   1.00582  -0.33296  -0.16293   5.00000 13
  -0.05582   1.26877  -0.30349   0.29944   5.00000 14
  -0.10218   1.27056   0.15381  -1.30927   5.00000 15
   0.02148   1.02943  -0.18460   0.55667   5.00000 16
  -0.17062  -1.35975   0.10267  -0.38077   5.00000 17
  -0.14948  -1.26230  -0.21099   0.36920   5.00000 18
  -0.22288  -1.43621  -0.44689  -0.50705   5.00000 19
   0.38489  -1.50844   0.03247   0.05062   5.00000 20
  -0.10424  -1.25180   0.58281   0.63526   5.10000  1
  -0.15296  -1.29775  -0.06631  -0.02059   5.10000  2
  -0.13174  -0.99218   0.51179  -0.39831   5.10000  3
  -0.00889  -1.40475  -0.23528  -0.16497   5.10000  4
  -0.61209   0.12065  -0.11728   0.61791   5.10000  5
  -0.75861   0.16369  -0.12862   0.47622   5.10000  6
  -0.02301   0.80791  -0.20224  -0.03575   5.10000  7
   0.23425   2.11241   0.08455   0.04356   5.10000  8
  -0.08193   1.09869   0.22321   0.78009   5.10000  9
  -0.03265   1.05249   0.06425  -1.10876   5.10000 10
   0.05993   1.14380   0.46821  -0.02250   5.10000 11
  -0.09982   1.35486  -0.29114   0.09349   5.10000 12
  -0.09415   1.00155  -0.21678   0.08506   5.10000 13
  -0.08517   1.28616  -0.27138   0.04287   5.10000 14
  -0.07912   1.13121   0.30169  -1.46215   5.10000 15
  -0.00711   1.09243  -0.37967   0.68250   5.10000 16
  -0.15700  -1.39099   0.16555  -0.23678   5.10000 17
  -0.16845  -1.23440  -0.15292   0.19433   5.10000 18
  -0.25871  -1.47565  -0.26981  -0.28936   5.10000 19
   0.38299  -1.50152  -0.07064   0.08790   5.10000 20
  -0.05162  -1.19473   0.46284   0.50589   5.20000  1
  -0.15618  -1.30044   0.00563  -0.03137   5.20000  2
  -0.08098  -1.04256   0.49873  -0.61438   5.20000  3
  -0.04147  -1.41433  -0.40971  -0.02359   5.20000  4
  -0.62582   0.18405  -0.15717   0.65010   5.20000  5
  -0.76761   0.21122  -0.05057   0.47582   5.20000  6
  -0.04472   0.81833  -0.22795   0.24857   5.20000  7
   0.24216   2.11504   0.07361   0.00924   5.20000  8
  -0.05443   1.17322   0.30266   0.69115   5.20000  9
  -0.02992   0.95194  -0.00986  -0.89592   5.20000 10
   0.09048   1.13710   0.14577  -0.10504   5.20000 11
  -0.12495   1.34946  -0.20722  -0.19876   5.20000 12
  -0.10708   1.02080  -0.03577   0.27159   5.20000 13
  -0.10853   1.27806  -0.18962  -0.19919   5.20000 14
  -0.04489   0.98627   0.35561  -1.39487   5.20000 15
  -0.05043   1.15850  -0.45952   0.61812   5.20000 16
  -0.13829  -1.40685   0.20521  -0.08112   5.20000 17
  -0.17787  -1.22213  -0.02936   0.05553   5.20000 18
  -0.27702  -1.49531  -0.09705  -0.10795   5.20000 19
   0.37068  -1.49083  -0.17625   0.12618   5.20000 20
  -0.01216  -1.15029   0.32627   0.38000   5.30000  1
  -0.15142  -1.30412   0.09087  -0.04398   5.30000  2
  -0.03313  -1.11571   0.45078  -0.84543   5.30000  3
  -0.08928  -1.40903  -0.53469   0.13125   5.30000  4
  -0.64346   0.25062  -0.19504   0.68072   5.30000  5
  -0.76857   0.25914   0.03214   0.48426   5.30000  6
  -0.06689   0.85773  -0.20224   0.52278   5.30000  7
   0.24897   2.11430   0.06264  -0.02392   5.30000  8
  -0.02680   1.23624   0.22621   0.56328   5.30000  9
  -0.03367   0.87170  -0.06001  -0.71580   5.30000 10
   0.09045   1.12443  -0.13955  -0.14078   5.30000 11
  -0.14011   1.31534  -0.08882  -0.48140   5.30000 12
  -0.10262   1.05163   0.11219   0.34033   5.30000 13
  -0.12171   1.24791  -0.06912  -0.39057   5.30000 14
  -0.01175   0.85468   0.29406  -1.22889   5.30000 15
  -0.09538   1.21636  -0.42820   0.54110   5.30000 16
  -0.11681  -1.40728   0.21730   0.07307   5.30000 17
  -0.17362  -1.22303   0.11649  -0.07531   5.30000 18
  -0.27808  -1.49767   0.07701   0.06045   5.30000 19
   0.34753  -1.47614  -0.28829   0.16883   5.30000 20
   0.01408  -1.12115   0.20232   0.18895   5.40000  1
  -0.13800  -1.30971   0.17554  -0.07026   5.40000  2
   0.00701  -1.20891   0.33784  -1.00078   5.40000  3
  -0.14468  -1.38798  -0.54824   0.28673   5.40000  4
  -0.66467   0.32002  -0.22775   0.70598   5.40000  5
  -0.76105   0.30846   0.11838   0.50443   5.40000  6
  -0.08358   0.91728  -0.13332   0.65488   5.40000  7
   0.25468   2.11028   0.05149  -0.05649   5.40000  8
  -0.01224   1.28364   0.05925   0.37247   5.40000  9
  -0.04095   0.80884  -0.08058  -0.54066   5.40000 10
   0.06356   1.11022  -0.39606  -0.13812   5.40000 11
  -0.14147   1.25470   0.06371  -0.71462   5.40000 12
  -0.08711   1.08962   0.18651   0.42354   5.40000 13
  -0.12244   1.20359   0.05042  -0.47948   5.40000 14
   0.01250   0.74277   0.19182  -1.00689   5.40000 15
  -0.13414   1.26484  -0.33602   0.40792   5.40000 16
  -0.09682  -1.39198   0.17307   0.23429   5.40000 17
  -0.15449  -1.23802   0.26390  -0.23001   5.40000 18
  -0.26123  -1.48292   0.26248   0.23785   5.40000 19
   0.31255  -1.45677  -0.41476   0.22026   5.40000 20
   0.02893  -1.11381   0.09622  -0.04346   5.50000  1
  -0.11710  -1.31838   0.23771  -0.10234   5.50000  2
   0.03157  -1.31285   0.14283  -1.06089   5.50000  3
  -0.19334  -1.35354  -0.39796   0.38557   5.50000  4
  -0.68855   0.39142  -0.24620   0.71945   5.50000  5
  -0.74500   0.36059   0.20084   0.54144   5.50000  6
  -0.09428   0.98993  -0.08190   0.81198   5.50000  7
   0.25926   2.10301   0.03999  -0.08888   5.50000  8
  -0.01471   1.30875  -0.10420   0.12320   5.50000  9
  -0.04903   0.76278  -0.07943  -0.38623   5.50000 10
   0.01127   1.09792  -0.64897  -0.10026   5.50000 11
  -0.12768   1.17644   0.21102  -0.83423   5.50000 12
  -0.06782   1.13611   0.18409   0.49217   5.50000 13
  -0.11225   1.15373   0.15274  -0.51350   5.50000 14
   0.02726   0.65211   0.10593  -0.81333   5.50000 15
  -0.16044   1.29391  -0.18308   0.16410   5.50000 16
  -0.08305  -1.36057   0.10450   0.38650   5.50000 17
  -0.12201  -1.27001   0.37581  -0.41019   5.50000 18
  -0.22510  -1.44910   0.46197   0.44385   5.50000 19
   0.26358  -1.43163  -0.57191   0.28506   5.50000 20
   0.03333  -1.13000  -0.00948  -0.28271   5.60000  1
  -0.09124  -1.32982   0.27653  -0.12354   5.60000  2
   0.03505  -1.41605  -0.06536  -0.97170   5.60000  3
  -0.21991  -1.31483  -0.11991   0.37188   5.60000  4
  -0.71283   0.46336  -0.23232   0.71675   5.60000  5
  -0.72156   0.41744   0.26300   0.59861   5.60000  6
  -0.09979   1.08191  -0.02598   1.01815   5.60000  7
   0.26266   2.09250   0.02799  -0.12131   5.60000  8
  -0.03211   1.30743  -0.23983  -0.15265   5.60000  9
  -0.05683   0.73068  -0.07747  -0.25866   5.60000 10
  -0.06473   1.09190  -0.84679  -0.01398   5.60000 11
  -0.09978   1.09130   0.33409  -0.84045   5.60000 12
  -0.05338   1.18241   0.09324   0.40481   5.60000 13
  -0.09244   1.10213   0.23216  -0.50541   5.60000 14
   0.03410   0.57893   0.03264  -0.65502   5.60000 15
  -0.17007   1.29748  -0.00745  -0.09135   5.60000 16
  -0.07482  -1.31844   0.06586   0.42634   5.60000 17
  -0.08182  -1.31838   0.41505  -0.53705   5.60000 18
  -0.16854  -1.39365   0.67106   0.66047   5.60000 19
   0.19623  -1.39948  -0.78702   0.35680   5.60000 20
   0.02651  -1.17128  -0.13126  -0.54974   5.70000  1
  -0.06211  -1.34185   0.30810  -0.10609   5.70000  2
   0.02113  -1.50142  -0.19923  -0.71469   5.70000  3
  -0.21602  -1.28102   0.19984   0.30080   5.70000  4
  -0.73347   0.53445  -0.17328   0.70477   5.70000  5
  -0.69348   0.48075   0.29388   0.66864   5.70000  6
  -0.09963   1.18511   0.02147   1.01218   5.70000  7
   0.26484   2.07874   0.01540  -0.15392   5.70000  8
  -0.06200   1.27784  -0.35429  -0.43809   5.70000  9
  -0.06475   0.71072  -0.08182  -0.14118   5.70000 10
  -0.14853   1.09522  -0.78057   0.07872   5.70000 11
  -0.06617   1.01567   0.31427  -0.65450   5.70000 12
  -0.05071   1.21497  -0.04565   0.25028   5.70000 13
  -0.06995   1.05702   0.19882  -0.38179   5.70000 14
   0.03409   0.52039  -0.03131  -0.51838   5.70000 15
  -0.16158   1.27572   0.17836  -0.34331   5.70000 16
  -0.06828  -1.28092   0.07663   0.30654   5.70000 17
  -0.04101  -1.37142   0.39805  -0.48984   5.70000 18
  -0.09123  -1.32087   0.86262   0.76013   5.70000 19
   0.10385  -1.36099  -1.07004   0.40946   5.70000 20
   0.00590  -1.24098  -0.28418  -0.83640   5.80000  1
  -0.02883  -1.34825   0.35230  -0.00865   5.80000  2
  -0.00239  -1.55728  -0.26096  -0.40364   5.80000  3
  -0.17976  -1.25509   0.52672   0.21372   5.80000  4
  -0.74630   0.60444  -0.07887   0.69628   5.80000  5
  -0.66342   0.55117   0.30589   0.73920   5.80000  6
  -0.09726   1.28003   0.01784   0.85121   5.80000  7
   0.26572   2.06170   0.00209  -0.18692   5.80000  8
  -0.10145   1.22248  -0.42011  -0.63889   5.80000  9
  -0.07332   0.70253  -0.08984  -0.02138   5.80000 10
  -0.21618   1.10734  -0.56411   0.16033   5.80000 11
  -0.03903   0.95999   0.22448  -0.46629   5.80000 12
  -0.06331   1.23353  -0.20622   0.12161   5.80000 13
  -0.05431   1.02575   0.11180  -0.24945   5.80000 14
   0.02811   0.47485  -0.08702  -0.39388   5.80000 15
  -0.13497   1.23035   0.34103  -0.54440   5.80000 16
  -0.05664  -1.25834   0.16632   0.14381   5.80000 17
  -0.00238  -1.41073   0.36298  -0.27811   5.80000 18
  -0.00144  -1.24892   0.89030   0.64701   5.80000 19
  -0.01722  -1.31775  -1.31046   0.45485   5.80000 20
  -0.02829  -1.33078  -0.37598  -0.90879   5.90000  1
   0.00406  -1.34254   0.28531   0.11390   5.90000  2
  -0.02925  -1.58301  -0.26854  -0.11546   5.90000  3
  -0.11128  -1.24020   0.82202   0.07087   5.90000  4
  -0.74859   0.67403   0.03567   0.69723   5.90000  5
  -0.63227   0.62845   0.31862   0.80574   5.90000  6
  -0.09678   1.35051  -0.00863   0.55800   5.90000  7
   0.26522   2.04133  -0.01218  -0.22060   5.90000  8
  -0.14266   1.15515  -0.39010  -0.69540   5.90000  9
  -0.08272   0.70684  -0.09803   0.11032   5.90000 10
  -0.26031   1.12583  -0.31580   0.19823   5.90000 11
  -0.02191   0.92129   0.11469  -0.31140   5.90000 12
  -0.09050   1.23816  -0.32432  -0.03734   5.90000 13
  -0.04790   1.00610   0.01445  -0.14745   5.90000 14
   0.01694   0.44141  -0.13522  -0.27566   5.90000 15
  -0.09848   1.17099   0.35922  -0.63028   5.90000 16
  -0.03675  -1.25270   0.21111  -0.03112   5.90000 17
   0.02841  -1.42616   0.24332  -0.03496   5.90000 18
   0.07769  -1.19586   0.67578   0.41219   5.90000 19
  -0.14313  -1.27203  -1.15140   0.44198   5.90000 20
  -0.06319  -1.41586  -0.29876  -0.77817   6.00000  1
   0.02637  -1.32849   0.16146   0.15618   6.00000  2
  -0.05487  -1.58104  -0.23891   0.15301   6.00000  3
  -0.02223  -1.24225   0.93281  -0.11281   6.00000  4
  -0.73870   0.74421   0.16439   0.70807   6.00000  5
  -0.59921   0.71222   0.34589   0.86949   6.00000  6
  -0.09910   1.39319  -0.03851   0.30454   6.00000  7
   0.26324   2.01755  -0.02766  -0.25511   6.00000  8
  -0.17759   1.08490  -0.30212  -0.70327   6.00000  9
  -0.09288   0.72532  -0.10507   0.26402   6.00000 10
  -0.27945   1.14437  -0.07089   0.15943   6.00000 11
  -0.01680   0.89724  -0.01645  -0.17072   6.00000 12
  -0.12553   1.22500  -0.36704  -0.22767   6.00000 13
  -0.05187   0.99561  -0.09588  -0.06580   6.00000 14
   0.00129   0.41964  -0.17668  -0.15990   6.00000 15
  -0.06744   1.10516   0.24965  -0.68769   6.00000 16
  -0.01598  -1.26370   0.20965  -0.18269   6.00000 17
   0.04509  -1.41908   0.08784   0.16841   6.00000 18
   0.13401  -1.16530   0.45571   0.20430   6.00000 19
  -0.24365  -1.23191  -0.86944   0.35636   6.00000 20
  -0.08630  -1.48593  -0.16361  -0.62413   6.10000  1
   0.03791  -1.31254   0.08189   0.15582   6.10000  2
  -0.07616  -1.55265  -0.18248   0.41160   6.10000  3
   0.07065  -1.26223   0.89953  -0.27873   6.10000  4
  -0.71518   0.81594   0.30927   0.72777   6.10000  5
  -0.56219   0.80231   0.40044   0.93180   6.10000  6
  -0.10460   1.41287  -0.07196   0.09439   6.10000  7
   0.25965   1.99028  -0.04449  -0.29054   6.10000  8
  -0.20194   1.01550  -0.17995  -0.68125   6.10000  9
  -0.10374   0.76082  -0.11235   0.45338   6.10000 10
  -0.27567   1.15552   0.13989   0.05491   6.10000 11
  -0.02604   0.88715  -0.17271  -0.03014   6.10000 12
  -0.16290   1.19256  -0.37774  -0.42133   6.10000 13
  -0.06731   0.99189  -0.21285  -0.01765   6.10000 14
  -0.01820   0.40944  -0.21238  -0.04364   6.10000 15
  -0.04990   1.03290   0.09562  -0.75806   6.10000 16
   0.00714  -1.28814   0.26060  -0.30088   6.10000 17
   0.04664  -1.39379  -0.04768   0.33239   6.10000 18
   0.16967  -1.15456   0.26126   0.01039   6.10000 19
  -0.32002  -1.20053  -0.67031   0.27391   6.10000 20
  -0.09662  -1.53994  -0.04729  -0.44689   6.20000  1
   0.04534  -1.29942   0.07589   0.09540   6.20000  2
  -0.09027  -1.50060  -0.09232   0.61345   6.20000  3
   0.15264  -1.29510   0.72075  -0.36065   6.20000  4
  -0.67608   0.88998   0.47745   0.75371   6.20000  5
  -0.51760   0.89838   0.50103   0.98707   6.20000  6
  -0.11355   1.41278  -0.10739  -0.09432   6.20000  7
   0.25429   1.95941  -0.06282  -0.32711   6.20000  8
  -0.21282   0.94925  -0.03479  -0.63890   6.20000  9
  -0.11553   0.81775  -0.12533   0.69365   6.20000 10
  -0.25291   1.15376   0.30606  -0.09939   6.20000 11
  -0.05225   0.89143  -0.35552   0.11518   6.20000 12
  -0.20058   1.14076  -0.37086  -0.61345   6.20000 13
  -0.09419   0.98941  -0.32379  -0.04716   6.20000 14
  -0.04104   0.41104  -0.24373   0.07648   6.20000 15
  -0.04964   0.95441  -0.09843  -0.80156   6.20000 16
   0.03636  -1.32241   0.31705  -0.37191   6.20000 17
   0.03844  -1.35398  -0.09899   0.45017   6.20000 18
   0.18697  -1.16350   0.08782  -0.19097   6.20000 19
  -0.37946  -1.17659  -0.52476   0.20721   6.20000 20
  -0.09658  -1.57381   0.04531  -0.22988   6.30000  1
   0.05390  -1.29491   0.09539  -0.00648   6.30000  2
  -0.09287  -1.43299   0.04954   0.72900   6.30000  3
   0.21262  -1.33102   0.47509  -0.34589   6.30000  4
  -0.61855   0.96666   0.67991   0.77856   6.30000  5
  -0.45970   0.99862   0.66934   1.00804   6.30000  6
  -0.12614   1.39406  -0.14474  -0.28142   6.30000  7
   0.24703   1.92481  -0.08284  -0.36527   6.30000  8
  -0.20842   0.88984   0.12326  -0.52860   6.30000  9
  -0.12960   0.89970  -0.16498   0.92528   6.30000 10
  -0.21714   1.13328   0.39198  -0.32289   6.30000 11
  -0.09761   0.90926  -0.55156   0.23293   6.30000 12
  -0.23520   1.07034  -0.30835  -0.79190   6.30000 13
  -0.13214   0.98009  -0.43528  -0.14378   6.30000 14
  -0.06687   0.42504  -0.27281   0.20572   6.30000 15
  -0.07130   0.87634  -0.34104  -0.72749   6.30000 16
   0.06817  -1.35885   0.30654  -0.33650   6.30000 17
   0.03010  -1.30799  -0.05563   0.44599   6.30000 18
   0.18768  -1.19296  -0.07312  -0.39821   6.30000 19
  -0.42585  -1.15868  -0.40600   0.15279   6.30000 20
  -0.08777  -1.58651   0.13106  -0.02771   6.40000  1
   0.06415  -1.30005   0.10804  -0.09023   6.40000  2
  -0.07868  -1.35645   0.24126   0.79235   6.40000  3
   0.24745  -1.36283   0.22102  -0.28634   6.40000  4
  -0.53847   1.04500   0.93070   0.78135   6.40000  5
  -0.38151   1.09663   0.89892   0.92642   6.40000  6
  -0.14268   1.35588  -0.18774  -0.48721   6.40000  7
   0.23765   1.88627  -0.10501  -0.40585   6.40000  8
  -0.19006   0.84877   0.22263  -0.27457   6.40000  9
  -0.15195   0.99496  -0.30057   0.94014   6.40000 10
  -0.17812   1.08721   0.36933  -0.60310   6.40000 11
  -0.16165   0.93699  -0.71803   0.32028   6.40000 12
  -0.25936   0.98421  -0.15818  -0.90556   6.40000 13
  -0.18049   0.96209  -0.52262  -0.19639   6.40000 14
  -0.09563   0.45277  -0.30269   0.35290   6.40000 15
  -0.11707   0.81542  -0.56292  -0.47394   6.40000 16
   0.09611  -1.38658   0.24936  -0.20784   6.40000 17
   0.02862  -1.26848   0.02806   0.33066   6.40000 18
   0.17208  -1.24278  -0.24149  -0.59362   6.40000 19
  -0.46112  -1.14571  -0.30115   0.10825   6.40000 20
  -0.07013  -1.57984   0.22389   0.16007   6.50000  1
   0.07530  -1.31171   0.11458  -0.13817   6.50000  2
  -0.04358  -1.27714   0.46263   0.77530   6.50000  3
   0.25659  -1.38785  -0.04015  -0.21302   6.50000  4
  -0.43079   1.12057   1.22812   0.71361   6.50000  5
  -0.28174   1.17873   1.07628   0.69854   6.50000  6
  -0.16444   1.29509  -0.25433  -0.73926   6.50000  7
   0.22592   1.84351  -0.13029  -0.45015   6.50000  8
  -0.16940   0.83545   0.16214  -0.00040   6.50000  9
  -0.19017   1.08141  -0.45028   0.76965   6.50000 10
  -0.14838   1.01518   0.19514  -0.80137   6.50000 11
  -0.23693   0.97210  -0.75427   0.36659   6.50000 12
  -0.26464   0.89674   0.04885  -0.81039   6.50000 13
  -0.23384   0.94451  -0.52522  -0.14695   6.50000 14
  -0.12757   0.49662  -0.33737   0.53012   6.50000 15
  -0.18090   0.78302  -0.69398  -0.16994   6.50000 16
   0.11795  -1.39908   0.18740  -0.03897   6.50000 17
   0.03551  -1.24403   0.10594   0.14978   6.50000 18
   0.13912  -1.30970  -0.41407  -0.72725   6.50000 19
  -0.48636  -1.13675  -0.20503   0.07221   6.50000 20
  -0.04235  -1.55431   0.33632   0.35371   6.60000  1
   0.08696  -1.32735   0.11705  -0.17618   6.60000  2
   0.01249  -1.20624   0.64133   0.61791   6.60000  3
   0.23899  -1.40527  -0.31332  -0.13398   6.60000  4
  -0.29331   1.18406   1.50516   0.53920   6.60000  5
  -0.17237   1.23499   1.06703   0.42304   6.60000  6
  -0.19518   1.20625  -0.36197  -1.03147   6.60000  7
   0.21144   1.79605  -0.16030  -0.50031   6.60000  8
  -0.16178   0.84636  -0.01955   0.20634   6.60000  9
  -0.23894   1.14957  -0.50344   0.60546   6.60000 10
  -0.14210   0.93308  -0.06875  -0.82585   6.60000 11
  -0.30595   1.00764  -0.60192   0.33924   6.60000 12
  -0.25207   0.82551   0.18764  -0.60952   6.60000 13
  -0.28139   0.93278  -0.40792  -0.09111   6.60000 14
  -0.16340   0.56030  -0.38088   0.75266   6.60000 15
  -0.25131   0.78165  -0.68927   0.13822   6.60000 16
   0.13292  -1.39482   0.10476   0.11444   6.60000 17
   0.04886  -1.23934   0.15805  -0.05433   6.60000 18
   0.09236  -1.38303  -0.49360  -0.70994   6.60000 19
  -0.50238  -1.13105  -0.11641   0.04247   6.60000 20
  -0.00173  -1.50812   0.48123   0.57472   6.70000  1
   0.09839  -1.34730   0.11030  -0.22299   6.70000  2
   0.08031  -1.15684   0.69523   0.36289   6.70000  3
   0.19395  -1.41407  -0.58427  -0.03753   6.70000  4
  -0.13966   1.22593   1.51608   0.30249   6.70000  5
  -0.07484   1.26407   0.87649   0.17250   6.70000  6
  -0.23437   1.09473  -0.40805  -1.17845   6.70000  7
   0.19364   1.74313  -0.19690  -0.56032   6.70000  8
  -0.17354   0.87359  -0.21312   0.31778   6.70000  9
  -0.28449   1.20097  -0.38853   0.40498   6.70000 10
  -0.16112   0.85209  -0.30583  -0.78009   6.70000 11
  -0.35417   1.03880  -0.35526   0.27407   6.70000 12
  -0.23058   0.77595   0.22581  -0.37569   6.70000 13
  -0.31319   0.92521  -0.22328  -0.06607   6.70000 14
  -0.20404   0.64947  -0.43199   1.04476   6.70000 15
  -0.31335   0.80817  -0.52847   0.37613   6.70000 16
   0.13750  -1.37909  -0.01766   0.18605   6.70000 17
   0.06724  -1.25414   0.21121  -0.23999   6.70000 18
   0.04544  -1.44761  -0.42867  -0.57102   6.70000 19
  -0.50987  -1.12815  -0.03432   0.01577   6.70000 20
   0.05391  -1.43971   0.62297   0.78203   6.80000  1
   0.10838  -1.37153   0.08206  -0.25552   6.80000  2
   0.14852  -1.13381   0.65743   0.10021   6.80000  3
   0.12400  -1.41185  -0.79462   0.08486   6.80000  4
   0.00599   1.24843   1.39271   0.16515   6.80000  5
   0.00433   1.27243   0.71834   0.00657   6.80000  6
  -0.27599   0.96983  -0.42172  -1.32575   6.80000  7
   0.17182   1.68344  -0.24065  -0.63680   6.80000  8
  -0.20415   0.90602  -0.40191   0.31730   6.80000  9
  -0.31733   1.22893  -0.27708   0.15505   6.80000 10
  -0.20198   0.78049  -0.50293  -0.63011   6.80000 11
  -0.37696   1.05962  -0.10635   0.12584   6.80000 12
  -0.20994   0.75143   0.16757  -0.10409   6.80000 13
  -0.32584   0.91852  -0.03093  -0.07326   6.80000 14
  -0.24887   0.77129  -0.45393   1.38319   6.80000 15
  -0.35402   0.85423  -0.27496   0.53564   6.80000 16
   0.12894  -1.36005  -0.15421   0.18353   6.80000 17
   0.09105  -1.28781   0.26036  -0.43814   6.80000 18
   0.00906  -1.49520  -0.28576  -0.36524   6.80000 19
  -0.50938  -1.12788   0.04360  -0.01044   6.80000 20
   0.11888  -1.35542   0.64059   0.86974   6.90000  1
   0.11286  -1.39542   0.00259  -0.19925   6.90000  2
   0.20989  -1.13599   0.56196  -0.13889   6.90000  3
   0.04323  -1.39718  -0.76641   0.20153   6.90000  4
   0.13796   1.26141   1.24255   0.10279   6.90000  5
   0.07120   1.26755   0.62860  -0.09411   6.90000  6
  -0.31646   0.83400  -0.37015  -1.32110   6.90000  7
   0.14539   1.61494  -0.28782  -0.73810   6.90000  8
  -0.25461   0.93418  -0.60335   0.23553   6.90000  9
  -0.34104   1.23211  -0.19978  -0.09295   6.90000 10
  -0.25835   0.73233  -0.60235  -0.31364   6.90000 11
  -0.37713   1.06155   0.09611  -0.09441   6.90000 12
  -0.20106   0.75660  -0.00554   0.20019   6.90000 13
  -0.32058   0.90923   0.12103  -0.11018   6.90000 14
  -0.29462   0.91944  -0.46855   1.52481   6.90000 15
  -0.36679   0.91254   0.01877   0.60692   6.90000 16
   0.10775  -1.34442  -0.25349   0.12168   6.90000 17
   0.11689  -1.34138   0.23791  -0.61318   6.90000 18
  -0.01072  -1.51897  -0.11312  -0.10973   6.90000 19
  -0.50118  -1.13028   0.12046  -0.03766   6.90000 20
   0.17642  -1.27328   0.50323   0.75443   7.00000  1
   0.10931  -1.40842  -0.06988  -0.06072   7.00000  2
   0.25949  -1.16057   0.42324  -0.34730   7.00000  3
  -0.02286  -1.37475  -0.54654   0.23068   7.00000  4
   0.25403   1.27018   1.07812   0.07612   7.00000  5
   0.13106   1.25547   0.56996  -0.13935   7.00000  6
  -0.34762   0.71469  -0.25201  -1.05747   7.00000  7
   0.11450   1.53487  -0.32762  -0.86730   7.00000  8
  -0.32148   0.95493  -0.70455   0.19747   7.00000  9
  -0.35743   1.20939  -0.12726  -0.36910   7.00000 10
  -0.31935   0.71793  -0.60646   0.01447   7.00000 11
  -0.35869   1.04037   0.26342  -0.31788   7.00000 12
  -0.21298   0.78849  -0.23476   0.42288   7.00000 13
  -0.30623   0.90068   0.14430  -0.04284   7.00000 14
  -0.34151   1.06585  -0.45795   1.37593   7.00000 15
  -0.35335   0.97298   0.22576   0.60009   7.00000 16
   0.08236  -1.33640  -0.24054   0.03690   7.00000 17
   0.13557  -1.40260   0.12637  -0.57692   7.00000 18
  -0.01451  -1.51748   0.03348   0.13713   7.00000 19
  -0.48521  -1.13549   0.19969  -0.06723   7.00000 20
   0.22069  -1.20506   0.39115   0.60872   7.10000  1
   0.09938  -1.40905  -0.12775   0.03891   7.10000  2
   0.29316  -1.20384   0.24406  -0.50517   7.10000  3
  -0.06598  -1.35310  -0.31784   0.19688   7.10000  4
   0.35369   1.27689   0.91687   0.05728   7.10000  5
   0.18500   1.24098   0.50610  -0.14592   7.10000  6
  -0.36860   0.62328  -0.17878  -0.77237   7.10000  7
   0.08035   1.44103  -0.35376  -1.00958   7.10000  8
  -0.38798   0.97602  -0.58877   0.22655   7.10000  9
  -0.36636   1.15741  -0.05193  -0.66109   7.10000 10
  -0.37718   0.73202  -0.53812   0.25541   7.10000 11
  -0.32850   1.00258   0.31815  -0.41772   7.10000 12
  -0.24721   0.83980  -0.44293   0.60394   7.10000 13
  -0.29452   0.90208   0.08230   0.07341   7.10000 14
  -0.38344   1.19146  -0.37028   1.12665   7.10000 15
  -0.32713   1.03093   0.27365   0.54386   7.10000 16
   0.06051  -1.33740  -0.19687  -0.05830   7.10000 17
   0.14114  -1.45325  -0.01696  -0.42706   7.10000 18
  -0.00446  -1.49213   0.16660   0.36622   7.10000 19
  -0.46104  -1.14385   0.28508  -0.10063   7.10000 20
   0.25552  -1.15257   0.30469   0.43691   7.20000  1
   0.08378  -1.40214  -0.18429   0.09421   7.20000  2
   0.30778  -1.25844   0.04888  -0.57338   7.20000  3
  -0.08673  -1.33606  -0.09778   0.14166   7.20000  4
   0.43803   1.28135   0.77390   0.03086   7.20000  5
   0.23160   1.22666   0.42273  -0.14141   7.20000  6
  -0.38484   0.55871  -0.14953  -0.52881   7.20000  7
   0.04365   1.33333  -0.38355  -1.14087   7.20000  8
  -0.43457   0.99925  -0.33170   0.23014   7.20000  9
  -0.36731   1.07995   0.03861  -0.88071   7.20000 10
  -0.42515   0.76824  -0.41406   0.47006   7.20000 11
  -0.29843   0.95993   0.26881  -0.42242   7.20000 12
  -0.29958   0.90970  -0.58812   0.79152   7.20000 13
  -0.29090   0.91600  -0.01589   0.20994   7.20000 14
  -0.41493   1.29013  -0.26167   0.85427   7.20000 15
  -0.30213   1.07867   0.21468   0.39531   7.20000 16
   0.04275  -1.34819  -0.15877  -0.15666   7.20000 17
   0.13226  -1.48657  -0.15799  -0.23216   7.20000 18
   0.01855  -1.44534   0.29015   0.56091   7.20000 19
  -0.42785  -1.15580   0.38090  -0.13938   7.20000 20
   0.28120  -1.11763   0.20690   0.26505   7.30000  1
   0.06292  -1.39068  -0.22735   0.13519   7.30000  2
   0.30292  -1.31698  -0.14828  -0.59292   7.30000  3
  -0.08551  -1.32507   0.12271   0.07696   7.30000  4
   0.50931   1.28293   0.65589   0.00061   7.30000  5
   0.26926   1.21220   0.33105  -0.15047   7.30000  6
  -0.39881   0.51580  -0.13028  -0.33611   7.30000  7
   0.00223   1.21374  -0.45581  -1.24636   7.30000  8
  -0.45303   1.01993  -0.03522   0.17101   7.30000  9
  -0.35841   0.98411   0.13287  -1.00559   7.30000 10
  -0.45856   0.82651  -0.24550   0.69737   7.30000 11
  -0.27835   0.92223   0.11721  -0.30706   7.30000 12
  -0.36000   0.99462  -0.59458   0.87226   7.30000 13
  -0.29886   0.94462  -0.14635   0.35745   7.30000 14
  -0.43643   1.36421  -0.17171   0.63440   7.30000 15
  -0.28540   1.10717   0.11844   0.16783   7.30000 16
   0.02914  -1.36775  -0.10858  -0.22269   7.30000 17
   0.11055  -1.49821  -0.26892   0.00575   7.30000 18
   0.05167  -1.38299   0.35530   0.66239   7.30000 19
  -0.38434  -1.17196   0.49221  -0.18508   7.30000 20
   0.29652  -1.09890   0.09756   0.11221   7.40000  1
   0.03998  -1.37496  -0.22283   0.17761   7.40000  2
   0.27733  -1.37595  -0.36798  -0.57857   7.40000  3
  -0.06217  -1.32093   0.34299   0.00412   7.40000  4
   0.56993   1.28154   0.55974  -0.02793   7.40000  5
   0.29823   1.19620   0.25110  -0.17009   7.40000  6
  -0.41082   0.49049  -0.10892  -0.17336   7.40000  7
  -0.05034   1.08505  -0.61165  -1.32058   7.40000  8
  -0.44251   1.03213   0.23464   0.07490   7.40000  9
  -0.34335   0.88826   0.15679  -0.87159   7.40000 10
  -0.47197   0.90720  -0.01102   0.90508   7.40000 11
  -0.27603   0.90109  -0.06820  -0.11348   7.40000 12
  -0.41422   1.07644  -0.47626   0.74095   7.40000 13
  -0.31953   0.98427  -0.25714   0.41595   7.40000 14
  -0.44994   1.41792  -0.10169   0.44265   7.40000 15
  -0.27879   1.11238   0.01055  -0.05976   7.40000 16
   0.02209  -1.38919  -0.03015  -0.18897   7.40000 17
   0.08002  -1.48460  -0.33468   0.26833   7.40000 18
   0.08576  -1.31853   0.31144   0.60225   7.40000 19
  -0.32867  -1.19311   0.62570  -0.23971   7.40000 20
   0.30025  -1.09482  -0.02595  -0.02980   7.50000  1
   0.01972  -1.35613  -0.17608   0.19243   7.50000  2
   0.22871  -1.43049  -0.60532  -0.49885   7.50000  3
  -0.01762  -1.32465   0.53968  -0.08039   7.50000  4
   0.62181   1.27747   0.48015  -0.05275   7.50000  5
   0.31998   1.17823   0.18590  -0.18854   7.50000  6
  -0.42036   0.48073  -0.08048  -0.02276   7.50000  7
  -0.12304   0.95181  -0.85322  -1.32817   7.50000  8
  -0.40899   1.03610   0.42050   0.01195   7.50000  9
  -0.32774   0.81413   0.15756  -0.60516   7.50000 10
  -0.45957   1.00428   0.26028   1.01891   7.50000 11
  -0.29035   0.89912  -0.20520   0.07099   7.50000 12
  -0.45336   1.14017  -0.30046   0.52661   7.50000 13
  -0.34819   1.02565  -0.30738   0.40570   7.50000 14
  -0.45734   1.45307  -0.04878   0.26103   7.50000 15
  -0.28432   1.09584  -0.12886  -0.26790   7.50000 16
   0.02287  -1.40305   0.04274  -0.07860   7.50000 17
   0.04498  -1.44466  -0.35806   0.52653   7.50000 18
   0.11216  -1.26568   0.21067   0.44580   7.50000 19
  -0.25811  -1.22032   0.79231  -0.30702   7.50000 20
   0.29061  -1.10488  -0.17121  -0.17233   7.60000  1
   0.00629  -1.33781  -0.08484   0.16856   7.60000  2
   0.15663  -1.47261  -0.83023  -0.32532   7.60000  3
   0.04218  -1.33675   0.62639  -0.15369   7.60000  4
   0.66636   1.27111   0.41247  -0.07381   7.60000  5
   0.33571   1.15868   0.12985  -0.20152   7.60000  6
  -0.42655   0.48598  -0.04123   0.12912   7.60000  7
  -0.22134   0.82347  -1.10086  -1.21795   7.60000  8
  -0.36171   1.03632   0.50475   0.00002   7.60000  9
  -0.31145   0.76690   0.16897  -0.34444   7.60000 10
  -0.42099   1.10600   0.49243   0.98270   7.60000 11
  -0.31434   0.91451  -0.26487   0.23081   7.60000 12
  -0.47368   1.18136  -0.10365   0.29959   7.60000 13
  -0.37906   1.06410  -0.29582   0.35766   7.60000 14
  -0.46007   1.47013  -0.00700   0.07928   7.60000 15
  -0.30623   1.06038  -0.31283  -0.42464   7.60000 16
   0.02984  -1.40308   0.09201   0.08638   7.60000 17
   0.01073  -1.38144  -0.31037   0.71730   7.60000 18
   0.12698  -1.23036   0.08283   0.25779   7.60000 19
  -0.16842  -1.25521   1.01322  -0.39551   7.60000 20
   0.26493  -1.12971  -0.34871  -0.32766   7.70000  1
   0.00346  -1.32266   0.02859   0.13703   7.70000  2
   0.06562  -1.49166  -0.96396  -0.03894   7.70000  3
   0.10066  -1.35224   0.51282  -0.13735   7.70000  4
   0.70458   1.26282   0.35315  -0.09171   7.70000  5
   0.34606   1.13811   0.07745  -0.20921   7.70000  6
  -0.42814   0.50708   0.01183   0.29727   7.70000  7
  -0.33784   0.71066  -1.19285  -1.03539   7.70000  8
  -0.31318   1.03621   0.43792  -0.00663   7.70000  9
  -0.29520   0.74335   0.13780  -0.14275   7.70000 10
  -0.36766   1.19501   0.53914   0.78246   7.70000 11
  -0.34240   0.94458  -0.29202   0.37117   7.70000 12
  -0.47369   1.20125   0.10307   0.10562   7.70000 13
  -0.40430   1.09663  -0.19921   0.29144   7.70000 14
  -0.45880   1.46864   0.03290  -0.11093   7.70000 15
  -0.34443   1.01563  -0.42461  -0.44786   7.70000 16
   0.04029  -1.38505   0.11106   0.27228   7.70000 17
  -0.01396  -1.30700  -0.17275   0.73934   7.70000 18
   0.12839  -1.21456  -0.05537   0.05600   7.70000 19
  -0.05289  -1.30027   1.30377  -0.50420   7.70000 20
   0.21942  -1.17141  -0.56878  -0.51340   7.80000  1
   0.01339  -1.31022   0.18262   0.11138   7.80000  2
  -0.02933  -1.47898  -0.89834   0.28547   7.80000  3
   0.14086  -1.36084   0.28398  -0.02124   7.80000  4
   0.73718   1.25286   0.29973  -0.10711   7.80000  5
   0.35120   1.11699   0.02494  -0.21258   7.80000  6
  -0.42415   0.54655   0.06225   0.49544   7.80000  7
  -0.45490   0.61490  -1.13546  -0.89227   7.80000  8
  -0.27822   1.03471   0.25095  -0.02004   7.80000  9
  -0.28666   0.73596   0.03030  -0.00882   7.80000 10
  -0.31765   1.26222   0.44983   0.56657   7.80000 11
  -0.37151   0.98819  -0.28432   0.49188   7.80000 12
  -0.45384   1.20361   0.28728  -0.05530   7.80000 13
  -0.41843   1.12217  -0.08507   0.21901   7.80000 14
  -0.45314   1.44748   0.08309  -0.31476   7.80000 15
  -0.38629   0.97401  -0.39646  -0.37198   7.80000 16
   0.05153  -1.34966   0.12277   0.42490   7.80000 17
  -0.02062  -1.23996   0.05221   0.58119   7.80000 18
   0.11620  -1.21988  -0.18230  -0.16644   7.80000 19
   0.08649  -1.35188   1.42080  -0.49191   7.80000 20
   0.15056  -1.23378  -0.80255  -0.73386   7.90000  1
   0.04064  -1.29921   0.35763   0.11891   7.90000  2
  -0.10925  -1.43819  -0.69056   0.51207   7.90000  3
   0.15861  -1.35504   0.08285   0.14002   7.90000  4
   0.76467   1.24146   0.25067  -0.12045   7.90000  5
   0.35097   1.09571  -0.02997  -0.21233   7.90000  6
  -0.41777   0.60475   0.06199   0.65871   7.90000  7
  -0.56265   0.53197  -1.01687  -0.76182   7.90000  8
  -0.26367   1.03332   0.04041  -0.00171   7.90000  9
  -0.28902   0.74141  -0.07678   0.11809   7.90000 10
  -0.27893   1.30915   0.32096   0.37412   7.90000 11
  -0.39826   1.04086  -0.24550   0.55499   7.90000 12
  -0.41804   1.19054   0.41709  -0.20481   7.90000 13
  -0.42158   1.14042   0.02202   0.14556   7.90000 14
  -0.44148   1.40517   0.15419  -0.53423   7.90000 15
  -0.42182   0.94321  -0.30857  -0.23945   7.90000 16
   0.06727  -1.30263   0.19503   0.50589   7.90000 17
  -0.00345  -1.19258   0.28602   0.35777   7.90000 18
   0.09414  -1.24743  -0.24720  -0.37284   7.90000 19
   0.22059  -1.39230   1.22914  -0.30462   7.90000 20
   0.06368  -1.31295  -0.88546  -0.79369   8.00000  1
   0.08247  -1.28548   0.45187   0.14792   8.00000  2
  -0.16648  -1.37949  -0.45065   0.64900   8.00000  3
   0.15757  -1.33283  -0.11208   0.29781   8.00000  4
   0.78743   1.22882   0.20499  -0.13205   8.00000  5
   0.34507   1.07463  -0.08897  -0.20891   8.00000  6
  -0.41082   0.67828   0.08323   0.81767   8.00000  7
  -0.65935   0.46201  -0.92368  -0.64384   8.00000  8
  -0.26989   1.03550  -0.16327   0.05075   8.00000  9
  -0.30200   0.75982  -0.18309   0.25267   8.00000 10
  -0.25393   1.33694   0.17802   0.17877   8.00000 11
  -0.41911   1.09860  -0.16038   0.59556   8.00000 12
  -0.37339   1.16323   0.45777  -0.33469   8.00000 13
  -0.41385   1.15103   0.13316   0.06522   8.00000 14
  -0.42153   1.34003   0.24794  -0.77221   8.00000 15
  -0.44714   0.92610  -0.19345  -0.10545   8.00000 16
   0.08900  -1.25237   0.21929   0.46457   8.00000 17
   0.03450  -1.17078   0.45557   0.06751   8.00000 18
   0.06922  -1.29006  -0.23654  -0.44938   8.00000 19
   0.33006  -1.41420   0.96573  -0.14723   8.00000 20
  -0.01814  -1.38397  -0.73821  -0.61304   8.10000  1
   0.12485  -1.27169   0.37637   0.12709   8.10000  2
  -0.19891  -1.31116  -0.19798   0.70221   8.10000  3
   0.13582  -1.29761  -0.31285   0.39632   8.10000  4
   0.80576   1.21510   0.16204  -0.14214   8.10000  5
   0.33298   1.05403  -0.15407  -0.20257   8.10000  6
  -0.40026   0.76969   0.12995   1.01765   8.10000  7
  -0.74839   0.40202  -0.86085  -0.56085   8.10000  8
  -0.29589   1.04454  -0.35254   0.13498   8.10000  9
  -0.32568   0.79291  -0.28974   0.41705   8.10000 10
  -0.24331   1.34395   0.03573  -0.04458   8.10000 11
  -0.42767   1.15774   0.00149   0.56930   8.10000 12
  -0.33023   1.12590   0.38953  -0.39874   8.10000 13
  -0.39521   1.15348   0.23658  -0.01500   8.10000 14
  -0.39179   1.24981   0.34319  -1.03611   8.10000 15
  -0.45946   0.92151  -0.04629   0.01164   8.10000 16
   0.10815  -1.21447   0.16127   0.28633   8.10000 17
   0.08402  -1.17942   0.51984  -0.23336   8.10000 18
   0.04906  -1.33172  -0.16249  -0.36411   8.10000 19
   0.41579  -1.42383   0.75905  -0.05208   8.10000 20
