   0.01793   1.78455   0.09542   0.03415   0.10000  1
   0.21121   1.77363  -0.03120   0.07163   0.10000  2
  -0.23014   0.04458  -0.03970   0.02153   0.10000  3
  -0.42026   0.05071   0.15376  -0.04309   0.10000  4
   0.25518  -0.34984  -0.04037   0.02734   0.10000  5
   0.07111  -0.41764   0.03352   0.04916   0.10000  6
   0.33585   1.91093  -0.09804  -0.04080   0.10000  7
   0.14455   1.93809   0.03295  -0.08578   0.10000  8
  -0.01206   0.30236  -0.02594  -0.08266   0.10000  9
  -0.18269   0.19997   0.00455  -0.09515   0.10000 10
  -0.31050  -1.34759   0.05759   0.04978   0.10000 11
  -0.14181  -1.24632  -0.00399   0.02595   0.10000 12
   0.11041  -1.01846  -0.00358   0.04679   0.10000 13
   0.23625  -0.86677  -0.05170   0.01100   0.10000 14
   0.53152  -0.21419  -0.07167   0.04148   0.10000 15
   0.57763  -0.02340  -0.08302  -0.03238   0.10000 16
   0.35965   0.30388  -0.06715  -0.02071   0.10000 17
   0.28115   0.48305  -0.02973  -0.10025   0.10000 18
  -0.36452   0.02809   0.07760   0.00266   0.10000 19
  -0.41996  -0.15808   0.09070   0.11934   0.10000 20
   0.03243   1.78976   0.19574   0.07062   0.20000  1
   0.20650   1.78445  -0.06313   0.14507   0.20000  2
  -0.23608   0.04767  -0.07877   0.03908   0.20000  3
  -0.39713   0.04436   0.30899  -0.08301   0.20000  4
   0.24907  -0.34568  -0.08225   0.05626   0.20000  5
   0.07615  -0.41017   0.06743   0.10081   0.20000  6
   0.32096   1.90474  -0.20107  -0.08340   0.20000  7
   0.14953   1.92514   0.06671  -0.17370   0.20000  8
  -0.01601   0.28985  -0.05357  -0.16837   0.20000  9
  -0.18219   0.18558   0.00410  -0.19360   0.20000 10
  -0.30183  -1.34007   0.11605   0.10081   0.20000 11
  -0.14243  -1.24244  -0.00856   0.05156   0.20000 12
   0.10988  -1.01140  -0.00685   0.09465   0.20000 13
   0.22849  -0.86515  -0.10359   0.02131   0.20000 14
   0.52071  -0.20793  -0.14481   0.08402   0.20000 15
   0.56509  -0.02829  -0.16825  -0.06579   0.20000 16
   0.34951   0.30074  -0.13617  -0.04228   0.20000 17
   0.27667   0.46791  -0.06007  -0.20334   0.20000 18
  -0.35267   0.02845   0.16084   0.00423   0.20000 19
  -0.40614  -0.13994   0.18722   0.24504   0.20000 20
   0.05741   1.79884   0.30602   0.11185   0.30000  1
   0.19856   1.80269  -0.09558   0.21937   0.30000  2
  -0.24573   0.05202  -0.11230   0.04497   0.30000  3
  -0.35847   0.03442   0.46335  -0.11326   0.30000  4
   0.23863  -0.33847  -0.12717   0.08866   0.30000  5
   0.08461  -0.39730   0.10197   0.15786   0.30000  6
   0.29530   1.89413  -0.31406  -0.12959   0.30000  7
   0.15791   1.90328   0.10090  -0.26327   0.30000  8
  -0.02289   0.26847  -0.08497  -0.26056   0.30000  9
  -0.18224   0.16105  -0.00752  -0.29821   0.30000 10
  -0.28724  -1.32734   0.17617   0.15443   0.30000 11
  -0.14356  -1.23604  -0.01418   0.07647   0.30000 12
   0.10905  -0.99946  -0.00961   0.14469   0.30000 13
   0.21552  -0.86256  -0.15574   0.03013   0.30000 14
   0.50245  -0.19732  -0.22116   0.12864   0.30000 15
   0.54382  -0.03662  -0.25825  -0.10117   0.30000 16
   0.33229   0.29536  -0.20889  -0.06595   0.30000 17
   0.26909   0.44219  -0.09187  -0.31222   0.30000 18
  -0.33197   0.02887   0.25527   0.00400   0.30000 19
  -0.38206  -0.10865   0.29762   0.38316   0.30000 20
   0.09407   1.81235   0.42873   0.15923   0.40000  1
   0.18751   1.82796  -0.12384   0.28137   0.40000  2
  -0.25770   0.05577  -0.11869   0.02397   0.40000  3
  -0.30497   0.02253   0.60115  -0.11832   0.40000  4
   0.22349  -0.32774  -0.17649   0.12719   0.40000  5
   0.09655  -0.37830   0.13679   0.22408   0.40000  6
   0.25774   1.87867  -0.43838  -0.18010   0.40000  7
   0.16955   1.87280   0.12971  -0.34189   0.40000  8
  -0.03323   0.23738  -0.12332  -0.36358   0.40000  9
  -0.18432   0.12570  -0.03752  -0.40977   0.40000 10
  -0.26653  -1.30905   0.23844   0.21215   0.40000 11
  -0.14531  -1.22719  -0.02106   0.10033   0.40000 12
   0.10798  -0.98235  -0.01189   0.19805   0.40000 13
   0.19734  -0.85920  -0.20796   0.03657   0.40000 14
   0.47630  -0.18211  -0.30308   0.17600   0.40000 15
   0.51318  -0.04861  -0.35632  -0.13910   0.40000 16
   0.30755   0.28740  -0.28700  -0.09428   0.40000 17
   0.25819   0.40517  -0.12671  -0.42987   0.40000 18
  -0.30117   0.02923   0.36256   0.00354   0.40000 19
  -0.34573  -0.06284   0.43487   0.53443   0.40000 20
   0.14304   1.83066   0.54419   0.20449   0.50000  1
   0.17446   1.85712  -0.13207   0.28811   0.50000  2
  -0.26674   0.05551  -0.04351  -0.03358   0.50000  3
  -0.24009   0.01246   0.68460  -0.07338   0.50000  4
   0.20318  -0.31268  -0.23025   0.17633   0.50000  5
   0.11191  -0.35201   0.16961   0.30443   0.50000  6
   0.20791   1.85817  -0.55048  -0.22744   0.50000  7
   0.18302   1.83673   0.13340  -0.36576   0.50000  8
  -0.04797   0.19519  -0.17424  -0.48386   0.50000  9
  -0.19039   0.07908  -0.08501  -0.51958   0.50000 10
  -0.23949  -1.28472   0.30232   0.27549   0.50000 11
  -0.14778  -1.21601  -0.02834   0.12306   0.50000 12
   0.10667  -0.95970  -0.01446   0.25561   0.50000 13
   0.17396  -0.85535  -0.25937   0.03978   0.50000 14
   0.44153  -0.16204  -0.39433   0.22532   0.50000 15
   0.47214  -0.06450  -0.46710  -0.17848   0.50000 16
   0.27469   0.27615  -0.37121  -0.13351   0.50000 17
   0.24353   0.35586  -0.16832  -0.55800   0.50000 18
  -0.25934   0.02983   0.47336   0.01081   0.50000 19
  -0.29372  -0.00216   0.61122   0.67015   0.50000 20
   0.19949   1.85183   0.56017   0.20844   0.60000  1
   0.16220   1.88274  -0.10884   0.21398   0.60000  2
  -0.26224   0.04921   0.15204  -0.08669   0.60000  3
  -0.17040   0.00946   0.69955   0.01655   0.60000  4
   0.17744  -0.29185  -0.28336   0.24457   0.60000  5
   0.13016  -0.31675   0.19248   0.40439   0.60000  6
   0.15125   1.83445  -0.55809  -0.23766   0.60000  7
   0.19493   1.80266   0.10047  -0.30403   0.60000  8
  -0.06885   0.13974  -0.24822  -0.62940   0.60000  9
  -0.20007   0.02401  -0.08841  -0.55727   0.60000 10
  -0.20612  -1.25374   0.36416   0.34509   0.60000 11
  -0.15087  -1.20257  -0.03212   0.14605   0.60000 12
   0.10500  -0.93110  -0.01989   0.31698   0.60000 13
   0.14557  -0.85135  -0.30747   0.03989   0.60000 14
   0.39690  -0.13715  -0.50185   0.27097   0.60000 15
   0.41912  -0.08416  -0.59698  -0.21272   0.60000 16
   0.23316   0.25983  -0.45963  -0.19954   0.60000 17
   0.22400   0.29333  -0.22622  -0.69304   0.60000 18
  -0.20682   0.03194   0.57450   0.03266   0.60000 19
  -0.22336   0.06704   0.78772   0.68081   0.60000 20
   0.25113   1.87069   0.46378   0.16489   0.70000  1
   0.15320   1.89894  -0.07025   0.10918   0.70000  2
  -0.23390   0.03924   0.42060  -0.11153   0.70000  3
  -0.10135   0.01538   0.67868   0.09629   0.70000  4
   0.14703  -0.26260  -0.32073   0.34807   0.70000  5
   0.14946  -0.27032   0.18695   0.52874   0.70000  6
   0.10007   1.81210  -0.45749  -0.20615   0.70000  7
   0.20277   1.77711   0.05627  -0.20548   0.70000  8
  -0.09820   0.06918  -0.32927  -0.77111   0.70000  9
  -0.20248  -0.02683   0.06214  -0.44324   0.70000 10
  -0.16707  -1.21558   0.41355   0.41816   0.70000 11
  -0.15375  -1.18661  -0.02194   0.17506   0.70000 12
   0.10239  -0.89632  -0.03448   0.37767   0.70000 13
   0.11276  -0.84736  -0.34636   0.04067   0.70000 14
   0.34017  -0.10847  -0.63933   0.29804   0.70000 15
   0.35183  -0.10627  -0.75427  -0.22367   0.70000 16
   0.18272   0.23437  -0.54981  -0.32136   0.70000 17
   0.19713   0.21736  -0.31867  -0.82565   0.70000 18
  -0.14487   0.03605   0.66314   0.04533   0.70000 19
  -0.13857   0.12753   0.89750   0.50608   0.70000 20
   0.29180   1.88460   0.35004   0.11352   0.80000  1
   0.14810   1.90481  -0.03232   0.01001   0.80000  2
  -0.17774   0.02641   0.70166  -0.15060   0.80000  3
  -0.03501   0.02664   0.65053   0.11492   0.80000  4
   0.11423  -0.22031  -0.33129   0.50916   0.80000  5
   0.16596  -0.20990   0.13405   0.68678   0.80000  6
   0.06011   1.79338  -0.34236  -0.16846   0.80000  7
   0.20632   1.76139   0.01554  -0.11060   0.80000  8
  -0.12909  -0.00991  -0.25392  -0.78552   0.80000  9
  -0.18513  -0.06355   0.29253  -0.29104   0.80000 10
  -0.12431  -1.17023   0.43642   0.48782   0.80000 11
  -0.15431  -1.16698   0.01596   0.22138   0.80000 12
   0.09748  -0.85595  -0.06747   0.42658   0.80000 13
   0.07690  -0.84286  -0.36734   0.05217   0.80000 14
   0.26730  -0.07857  -0.82885   0.29577   0.80000 15
   0.26694  -0.12734  -0.95131  -0.18845   0.80000 16
   0.12275   0.19295  -0.65403  -0.52068   0.80000 17
   0.15847   0.12807  -0.46474  -0.96265   0.80000 18
  -0.07473   0.03939   0.73638   0.01036   0.80000 19
  -0.04556   0.16555   0.96052   0.24953   0.80000 20
   0.32137   1.89348   0.24265   0.06449   0.90000  1
   0.14660   1.90129   0.00152  -0.07880   0.90000  2
  -0.09417   0.00792   0.96893  -0.22212   0.90000  3
   0.03060   0.03599   0.66925   0.05744   0.90000  4
   0.08112  -0.15824  -0.33239   0.74504   0.90000  5
   0.17346  -0.13169  -0.01068   0.87812   0.90000  6
   0.03137   1.77832  -0.23351  -0.13314   0.90000  7
   0.20601   1.75465  -0.02107  -0.02578   0.90000  8
  -0.14379  -0.08454  -0.01979  -0.69659   0.90000  9
  -0.14270  -0.08559   0.56232  -0.15467   0.90000 10
  -0.08067  -1.11814   0.43321   0.55424   0.90000 11
  -0.14969  -1.14153   0.07948   0.29123   0.90000 12
   0.08820  -0.81170  -0.12075   0.45511   0.90000 13
   0.03998  -0.83630  -0.36832   0.08185   0.90000 14
   0.17202  -0.04957  -1.08752   0.28665   0.90000 15
   0.16039  -0.14119  -1.17755  -0.06425   0.90000 16
   0.05154   0.12752  -0.75784  -0.79975   0.90000 17
   0.10250   0.02457  -0.65483  -1.10219   0.90000 18
   0.00313   0.03658   0.82735  -0.07422   0.90000 19
   0.05322   0.17575   0.99953  -0.06267   0.90000 20
   0.34054   1.89758   0.14137   0.01773   1.00000  1
   0.14829   1.88931   0.03182  -0.15972   1.00000  2
   0.01628  -0.01839   1.21960  -0.30918   1.00000  3
   0.09574   0.03284   0.59474  -0.14537   1.00000  4
   0.04653  -0.07023  -0.36748   0.99641   1.00000  5
   0.15631  -0.03643  -0.36149   1.00298   1.00000  6
   0.01323   1.76668  -0.12976  -0.09993   1.00000  7
   0.20219   1.75598  -0.05497   0.05133   1.00000  8
  -0.12975  -0.14715   0.31130  -0.54217   1.00000  9
  -0.07096  -0.09517   0.88172  -0.03500   1.00000 10
  -0.03816  -1.05910   0.41497   0.62891   1.00000 11
  -0.13810  -1.10807   0.15268   0.38115   1.00000 12
   0.07301  -0.76539  -0.18372   0.47005   1.00000 13
   0.00365  -0.82612  -0.35647   0.12247   1.00000 14
   0.05049  -0.02074  -1.30329   0.27983   1.00000 15
   0.03452  -0.13368  -1.31052   0.23894   1.00000 16
  -0.02105   0.03141  -0.64330  -1.11801   1.00000 17
   0.03159  -0.08709  -0.73069  -1.07724   1.00000 18
   0.08782   0.02091   0.81824  -0.25937   1.00000 19
   0.14831   0.15043   0.87527  -0.44379   1.00000 20
   0.34973   1.89705   0.04259  -0.02835   1.10000  1
   0.15286   1.86956   0.05894  -0.23413   1.10000  2
   0.13510  -0.05091   1.09689  -0.30537   1.10000  3
   0.14388   0.00802   0.36146  -0.32469   1.10000  4
   0.00997   0.02845  -0.33601   0.90620   1.10000  5
   0.10358   0.06032  -0.63422   0.87149   1.10000  6
   0.00538   1.75832  -0.02714  -0.06732   1.10000  7
   0.19508   1.76471  -0.08688   0.12222   1.10000  8
  -0.08215  -0.18962   0.61481  -0.29278   1.10000  9
   0.02865  -0.09153   1.03748   0.10638   1.10000 10
   0.00185  -0.99177   0.38189   0.72089   1.10000 11
  -0.11921  -1.06472   0.22427   0.48886   1.10000 12
   0.05154  -0.71772  -0.24430   0.48395   1.10000 13
  -0.03092  -0.81180  -0.33228   0.16380   1.10000 14
  -0.07398  -0.00016  -1.13434   0.10837   1.10000 15
  -0.09165  -0.09646  -1.15643   0.45155   1.10000 16
  -0.07088  -0.08960  -0.35818  -1.24524   1.10000 17
  -0.03972  -0.18128  -0.68362  -0.79349   1.10000 18
   0.15763  -0.01243   0.56038  -0.37294   1.10000 19
   0.22377   0.08917   0.61470  -0.75941   1.10000 20
   0.34901   1.89187  -0.05745  -0.07541   1.20000  1
   0.15991   1.84282   0.08095  -0.29788   1.20000  2
   0.23235  -0.07689   0.84627  -0.21689   1.20000  3
   0.17033  -0.02890   0.18866  -0.41022   1.20000  4
  -0.01820   0.10606  -0.22924   0.65071   1.20000  5
   0.03831   0.13203  -0.65638   0.56714   1.20000  6
   0.00790   1.75325   0.07826  -0.03373   1.20000  7
   0.18493   1.78009  -0.11520   0.18273   1.20000  8
  -0.01496  -0.20680   0.69509  -0.07309   1.20000  9
   0.12981  -0.07577   0.98808   0.19681   1.20000 10
   0.03739  -0.91444   0.32407   0.82715   1.20000 11
  -0.09351  -1.00963   0.28803   0.61666   1.20000 12
   0.02458  -0.66832  -0.29200   0.50605   1.20000 13
  -0.06205  -0.79328  -0.28585   0.20821   1.20000 14
  -0.17410   0.00164  -0.87718  -0.05876   1.20000 15
  -0.19243  -0.05169  -0.86715   0.43035   1.20000 16
  -0.09696  -0.20964  -0.17742  -1.14225   1.20000 17
  -0.10269  -0.24771  -0.56443  -0.55191   1.20000 18
   0.20116  -0.05041   0.32665  -0.38408   1.20000 19
   0.26972   0.00329   0.30622  -0.94157   1.20000 20
   0.33809   1.88188  -0.16204  -0.12485   1.30000  1
   0.16864   1.81090   0.09067  -0.33356   1.30000  2
   0.30386  -0.09571   0.58031  -0.17066   1.30000  3
   0.18580  -0.07357   0.13915  -0.47926   1.30000  4
  -0.03714   0.16045  -0.15772   0.44601   1.30000  5
  -0.02659   0.17622  -0.63829   0.32943   1.30000  6
   0.02123   1.75165   0.18959   0.00240   1.30000  7
   0.17240   1.80034  -0.13271   0.21517   1.30000  8
   0.05468  -0.20788   0.70238   0.04220   1.30000  9
   0.22643  -0.05594   0.93424   0.17144   1.30000 10
   0.06569  -0.82626   0.23774   0.93596   1.30000 11
  -0.06210  -0.94057   0.33673   0.76894   1.30000 12
  -0.00614  -0.61599  -0.31828   0.54383   1.30000 13
  -0.08718  -0.76955  -0.21255   0.27078   1.30000 14
  -0.25163  -0.00942  -0.68294  -0.15143   1.30000 15
  -0.26763  -0.01100  -0.64800   0.38137   1.30000 16
  -0.10844  -0.31761  -0.06221  -1.02079   1.30000 17
  -0.15161  -0.29549  -0.41302  -0.42273   1.30000 18
   0.22620  -0.08912   0.18928  -0.38981   1.30000 19
   0.28594  -0.09576   0.02767  -1.01446   1.30000 20
   0.31637   1.86680  -0.27356  -0.17747   1.40000  1
   0.17733   1.77786   0.07941  -0.31821   1.40000  2
   0.34801  -0.11341   0.30462  -0.19183   1.40000  3
   0.20035  -0.12433   0.15471  -0.53693   1.40000  4
  -0.05147   0.19662  -0.13701   0.28224   1.40000  5
  -0.08865   0.19999  -0.59958   0.15429   1.40000  6
   0.04604   1.75385   0.30761   0.04226   1.40000  7
   0.15911   1.82137  -0.12914   0.19617   1.40000  8
   0.12724  -0.19937   0.75784   0.12342   1.40000  9
   0.31326  -0.04666   0.78856   0.00181   1.40000 10
   0.08427  -0.72725   0.13133   1.04504   1.40000 11
  -0.02702  -0.85494   0.35953   0.94794   1.40000 12
  -0.03824  -0.55875  -0.31965   0.60552   1.40000 13
  -0.10385  -0.73800  -0.11774   0.36704   1.40000 14
  -0.31213  -0.02668  -0.53200  -0.18573   1.40000 15
  -0.32374   0.02393  -0.48070   0.31375   1.40000 16
  -0.11068  -0.41522   0.01588  -0.94119   1.40000 17
  -0.18529  -0.33538  -0.26088  -0.38668   1.40000 18
   0.24123  -0.12885   0.11616  -0.41038   1.40000 19
   0.27835  -0.19399  -0.16538  -0.93104   1.40000 20
   0.28311   1.84628  -0.39284  -0.23331   1.50000  1
   0.18398   1.74881   0.05185  -0.25651   1.50000  2
   0.36572  -0.13500   0.05502  -0.24308   1.50000  3
   0.21665  -0.18105   0.17083  -0.59453   1.50000  4
  -0.06582   0.21762  -0.15447   0.14021   1.50000  5
  -0.14600   0.20836  -0.54618   0.01767   1.50000  6
   0.08282   1.76022   0.42737   0.08531   1.50000  7
   0.14730   1.83803  -0.10349   0.13098   1.50000  8
   0.20702  -0.18510   0.83093   0.14482   1.50000  9
   0.38276  -0.05594   0.59808  -0.18462   1.50000 10
   0.09152  -0.61695   0.01166   1.16247   1.50000 11
   0.00858  -0.75013   0.34587   1.15245   1.50000 12
  -0.06936  -0.49460  -0.29818   0.67006   1.50000 13
  -0.11021  -0.69446  -0.00747   0.51389   1.50000 14
  -0.35870  -0.04547  -0.40169  -0.18681   1.50000 15
  -0.36476   0.05131  -0.34318   0.23305   1.50000 16
  -0.10474  -0.50753   0.10765  -0.90511   1.50000 17
  -0.20364  -0.37453  -0.10349  -0.40234   1.50000 18
   0.24956  -0.17229   0.05060  -0.46128   1.50000 19
   0.25469  -0.27999  -0.29886  -0.78332   1.50000 20
   0.23769   1.82009  -0.51454  -0.29020   1.60000  1
   0.18757   1.72765   0.02051  -0.16170   1.60000  2
   0.36001  -0.16278  -0.16417  -0.31679   1.60000  3
   0.23444  -0.24201   0.18090  -0.61888   1.60000  4
  -0.08294   0.22506  -0.18949   0.01007   1.60000  5
  -0.19788   0.20415  -0.49209  -0.09996   1.60000  6
   0.13100   1.77084   0.53068   0.12563   1.60000  7
   0.13916   1.84660  -0.05535   0.03665   1.60000  8
   0.28979  -0.17427   0.80361   0.05772   1.60000  9
   0.43229  -0.08290   0.38936  -0.35107   1.60000 10
   0.08672  -0.49501  -0.10022   1.27111   1.60000 11
   0.04061  -0.62372   0.28645   1.37590   1.60000 12
  -0.09610  -0.42764  -0.22665   0.65898   1.60000 13
  -0.10508  -0.63321   0.11117   0.71713   1.60000 14
  -0.39271  -0.06370  -0.27887  -0.17700   1.60000 15
  -0.39285   0.07056  -0.21975   0.15250   1.60000 16
  -0.08869  -0.59409   0.21323  -0.81013   1.60000 17
  -0.20506  -0.41638   0.08155  -0.43281   1.60000 18
   0.25206  -0.22093   0.00466  -0.50903   1.60000 19
   0.22045  -0.35072  -0.38101  -0.63812   1.60000 20
   0.18149   1.78873  -0.59337  -0.33051   1.70000  1
   0.18828   1.71731  -0.00543  -0.04266   1.70000  2
   0.33449  -0.19906  -0.33580  -0.41163   1.70000  3
   0.25068  -0.30409   0.12801  -0.61714   1.70000  4
  -0.10392   0.21975  -0.23076  -0.11644   1.70000  5
  -0.24460   0.18852  -0.44304  -0.21295   1.70000  6
   0.18673   1.78461   0.56489   0.14277   1.70000  7
   0.13696   1.84477   0.01346  -0.07509   1.70000  8
   0.36449  -0.17474   0.67659  -0.06802   1.70000  9
   0.46003  -0.12543   0.16279  -0.49571   1.70000 10
   0.07501  -0.36461  -0.11308   1.31764   1.70000 11
   0.06569  -0.47632   0.22572   1.56363   1.70000 12
  -0.11291  -0.36413  -0.10047   0.60619   1.70000 13
  -0.08797  -0.55196   0.22858   0.90107   1.70000 14
  -0.41440  -0.08079  -0.15369  -0.16436   1.70000 15
  -0.40877   0.08196  -0.09815   0.07635   1.70000 16
  -0.06324  -0.66462   0.28685  -0.58317   1.70000 17
  -0.18616  -0.45950   0.29949  -0.41680   1.70000 18
   0.25053  -0.27400  -0.04193  -0.55183   1.70000 19
   0.17809  -0.40882  -0.47066  -0.52133   1.70000 20
   0.12354   1.75588  -0.54695  -0.31804   1.80000  1
   0.18648   1.71900  -0.03152   0.07281   1.80000  2
   0.29429  -0.24558  -0.46883  -0.51945   1.80000  3
   0.25681  -0.36313  -0.01585  -0.54653   1.80000  4
  -0.12911   0.20156  -0.27253  -0.24951   1.80000  5
  -0.28655   0.16139  -0.39542  -0.33079   1.80000  6
   0.23961   1.79769   0.47815   0.11273   1.80000  7
   0.14170   1.83151   0.07799  -0.18873   1.80000  8
   0.42304  -0.18749   0.48908  -0.18339   1.80000  9
   0.46441  -0.18110  -0.07600  -0.61104   1.80000 10
   0.06677  -0.23698  -0.04998   1.21091   1.80000 11
   0.08898  -0.31432   0.24990   1.64267   1.80000 12
  -0.11454  -0.30669   0.07315   0.54493   1.80000 13
  -0.05992  -0.45367   0.33336   1.05779   1.80000 14
  -0.42308  -0.09641  -0.01766  -0.14663   1.80000 15
  -0.41219   0.08594   0.03194   0.00361   1.80000 16
  -0.03255  -0.71064   0.32445  -0.34317   1.80000 17
  -0.14527  -0.49673   0.51360  -0.31229   1.80000 18
   0.24151  -0.33022  -0.14810  -0.55884   1.80000 19
   0.12656  -0.45243  -0.54878  -0.33704   1.80000 20
   0.07415   1.72610  -0.43614  -0.27527   1.90000  1
   0.18186   1.73080  -0.06050   0.15708   1.90000  2
   0.24012  -0.30176  -0.61262  -0.59373   1.90000  3
   0.24714  -0.41064  -0.17591  -0.39733   1.90000  4
  -0.15819   0.16928  -0.30668  -0.39927   1.90000  5
  -0.32334   0.12214  -0.33725  -0.45446   1.90000  6
   0.28121   1.80665   0.35241   0.06592   1.90000  7
   0.15178   1.80762   0.12000  -0.28476   1.90000  8
   0.46157  -0.21077   0.27827  -0.27941   1.90000  9
   0.44515  -0.24582  -0.30573  -0.67295   1.90000 10
   0.06409  -0.12496  -0.01099   1.02622   1.90000 11
   0.11493  -0.15436   0.25460   1.53359   1.90000 12
  -0.09798  -0.25444   0.25677   0.50343   1.90000 13
  -0.02045  -0.34289   0.45705   1.14380   1.90000 14
  -0.41743  -0.10966   0.13328  -0.11532   1.90000 15
  -0.40185   0.08269   0.17752  -0.06926   1.90000 16
   0.00144  -0.73412   0.35467  -0.12823   1.90000 17
  -0.08487  -0.51990   0.68888  -0.14749   1.90000 18
   0.22061  -0.38253  -0.26645  -0.47689   1.90000 19
   0.07056  -0.47588  -0.56117  -0.13567   1.90000 20
   0.03656   1.70099  -0.31618  -0.22696   2.00000  1
   0.17472   1.74908  -0.07955   0.20085   2.00000  2
   0.17323  -0.36271  -0.71561  -0.61977   2.00000  3
   0.22178  -0.44242  -0.33139  -0.24057   2.00000  4
  -0.18973   0.12112  -0.31950  -0.56521   2.00000  5
  -0.35289   0.07083  -0.24529  -0.56752   2.00000  6
   0.31016   1.81087   0.22763   0.01851   2.00000  7
   0.16504   1.77572   0.14195  -0.34560   2.00000  8
   0.47827  -0.24277   0.05555  -0.35703   2.00000  9
   0.40410  -0.31385  -0.51268  -0.68139   2.00000 10
   0.06304  -0.03133  -0.01659   0.85004   2.00000 11
   0.13651  -0.00974   0.16508   1.35513   2.00000 12
  -0.06388  -0.20552   0.41923   0.47660   2.00000 13
   0.03020  -0.22775   0.54179   1.14486   2.00000 14
  -0.39600  -0.11872   0.29673  -0.06161   2.00000 15
  -0.37632   0.07172   0.33301  -0.15369   2.00000 16
   0.03828  -0.73622   0.38152   0.08808   2.00000 17
  -0.00803  -0.52610   0.84362   0.02549   2.00000 18
   0.18877  -0.42476  -0.36881  -0.36669   2.00000 19
   0.01669  -0.48088  -0.50053   0.02647   2.00000 20
   0.01066   1.68059  -0.20348  -0.18175   2.10000  1
   0.16670   1.76918  -0.07670   0.19192   2.10000  2
   0.09948  -0.42493  -0.74305  -0.62251   2.10000  3
   0.18079  -0.45988  -0.48764  -0.11759   2.10000  4
  -0.22115   0.05653  -0.30520  -0.72190   2.10000  5
  -0.37025   0.00987  -0.09050  -0.64519   2.10000  6
   0.32697   1.81039   0.10971  -0.02782   2.10000  7
   0.17945   1.74034   0.14250  -0.35249   2.10000  8
   0.47287  -0.28143  -0.16238  -0.41248   2.10000  9
   0.34263  -0.38136  -0.71894  -0.66684   2.10000 10
   0.05982   0.04556  -0.04973   0.68838   2.10000 11
   0.14686   0.11631   0.04190   1.16468   2.10000 12
  -0.01599  -0.15895   0.52597   0.45484   2.10000 13
   0.08404  -0.11608   0.51663   1.08322   2.10000 14
  -0.35791  -0.12111   0.46498   0.01756   2.10000 15
  -0.33565   0.05092   0.47781  -0.26792   2.10000 16
   0.07761  -0.71580   0.40407   0.32537   2.10000 17
   0.08199  -0.51411   0.94301   0.21696   2.10000 18
   0.14708  -0.45632  -0.46251  -0.26967   2.10000 19
  -0.02552  -0.47216  -0.32644   0.14325   2.10000 20
  -0.00445   1.66448  -0.10004  -0.14136   2.20000  1
   0.16006   1.78594  -0.05385   0.13820   2.20000  2
   0.02899  -0.48558  -0.64707  -0.57287   2.20000  3
   0.12568  -0.46800  -0.59737  -0.05244   2.20000  4
  -0.25014  -0.02179  -0.26944  -0.83572   2.20000  5
  -0.36895  -0.05701   0.12492  -0.68628   2.20000  6
   0.33234   1.80533  -0.00122  -0.07344   2.20000  7
   0.19295   1.70684   0.12545  -0.31171   2.20000  8
   0.44597  -0.32465  -0.37554  -0.44980   2.20000  9
   0.25944  -0.44707  -0.94940  -0.64625   2.20000 10
   0.05327   0.10629  -0.07815   0.52626   2.20000 11
   0.14555   0.22309  -0.06322   0.97122   2.20000 12
   0.03843  -0.11474   0.54856   0.42758   2.20000 13
   0.13084  -0.01161   0.41079   1.00424   2.20000 14
  -0.30337  -0.11477   0.62187   0.10759   2.20000 15
  -0.28134   0.01707   0.60348  -0.41406   2.20000 16
   0.11857  -0.66987   0.40909   0.60003   2.20000 17
   0.17544  -0.48373   0.89183   0.37306   2.20000 18
   0.09819  -0.47952  -0.49930  -0.19394   2.20000 19
  -0.04697  -0.45313  -0.10138   0.22969   2.20000 20
  -0.00957   1.65219  -0.00314  -0.10479   2.30000  1
   0.15623   1.79621  -0.02182   0.06538   2.30000  2
  -0.02765  -0.53574  -0.47857  -0.41486   2.30000  3
   0.06483  -0.47127  -0.61067  -0.01656   2.30000  4
  -0.27290  -0.10859  -0.16912  -0.88809   2.30000  5
  -0.34407  -0.12606   0.37506  -0.68911   2.30000  6
   0.32689   1.79570  -0.10704  -0.11914   2.30000  7
   0.20429   1.67868   0.10080  -0.24954   2.30000  8
   0.39746  -0.37111  -0.59819  -0.47848   2.30000  9
   0.15368  -0.50922  -1.14648  -0.58191   2.30000 10
   0.04508   0.15099  -0.08100   0.36937   2.30000 11
   0.13534   0.31078  -0.13519   0.78437   2.30000 12
   0.09132  -0.07384   0.49941   0.38826   2.30000 13
   0.16527   0.08441   0.27619   0.91417   2.30000 14
  -0.23498  -0.10133   0.73505   0.14282   2.30000 15
  -0.21643  -0.03256   0.68717  -0.57806   2.30000 16
   0.15727  -0.59494   0.34851   0.89595   2.30000 17
   0.25528  -0.44380   0.69195   0.41011   2.30000 18
   0.04963  -0.49460  -0.46673  -0.10542   2.30000 19
  -0.04649  -0.42832   0.10381   0.25554   2.30000 20
  -0.00516   1.64345   0.09131  -0.07019   2.40000  1
   0.15581   1.79879   0.01375  -0.01464   2.40000  2
  -0.06611  -0.56629  -0.29194  -0.18915   2.40000  3
   0.00458  -0.47136  -0.59071   0.01883   2.40000  4
  -0.28108  -0.19748   0.01464  -0.88715   2.40000  5
  -0.29423  -0.19445   0.61741  -0.68134   2.40000  6
   0.31102   1.78146  -0.21028  -0.16589   2.40000  7
   0.21299   1.65720   0.07260  -0.17910   2.40000  8
   0.32556  -0.41987  -0.83977  -0.48866   2.40000  9
   0.03404  -0.55937  -1.22862  -0.39537   2.40000 10
   0.03796   0.18061  -0.05744   0.22555   2.40000 11
   0.11958   0.38034  -0.17507   0.60889   2.40000 12
   0.13679  -0.03754   0.40442   0.33516   2.40000 13
   0.18612   0.17086   0.14267   0.81330   2.40000 14
  -0.15785  -0.09040   0.80645   0.05904   2.40000 15
  -0.14488  -0.09758   0.74126  -0.71482   2.40000 16
   0.18435  -0.49430   0.18438   1.08902   2.40000 17
   0.31414  -0.40254   0.48631   0.41243   2.40000 18
   0.00525  -0.49993  -0.42310   0.00257   2.40000 19
  -0.02839  -0.40404   0.24172   0.22154   2.40000 20
   0.00876   1.63817   0.18795  -0.03530   2.50000  1
   0.15902   1.79307   0.05062  -0.10108   2.50000  2
  -0.08728  -0.57277  -0.14393   0.06193   2.50000  3
  -0.05262  -0.46639  -0.54928   0.08593   2.50000  4
  -0.26827  -0.28636   0.25105  -0.89408   2.50000  5
  -0.22156  -0.26359   0.83241  -0.71034   2.50000  6
   0.28488   1.76246  -0.31222  -0.21437   2.50000  7
   0.21866   1.64305   0.03973  -0.10294   2.50000  8
   0.23069  -0.46556  -1.05189  -0.40471   2.50000  9
  -0.08843  -0.58550  -1.19813  -0.12362   2.50000 10
   0.03426   0.19661  -0.01365   0.09694   2.50000 11
   0.10124   0.43300  -0.18773   0.44648   2.50000 12
   0.17142  -0.00748   0.28596   0.26207   2.50000 13
   0.19437   0.24680   0.02567   0.70465   2.50000 14
  -0.07370  -0.09196   0.87501  -0.09790   2.50000 15
  -0.06852  -0.17444   0.78374  -0.82249   2.50000 16
   0.19502  -0.38145   0.02979   1.14717   2.50000 17
   0.35094  -0.36209   0.24424   0.39848   2.50000 18
  -0.03608  -0.49344  -0.40876   0.13060   2.50000 19
  -0.00231  -0.38456   0.25943   0.17260   2.50000 20
   0.03268   1.63649   0.29221   0.00267   2.60000  1
   0.16585   1.77824   0.08465  -0.19755   2.60000  2
  -0.09787  -0.55327  -0.07809   0.33307   2.60000  3
  -0.10430  -0.45322  -0.47675   0.18067   2.60000  4
  -0.22904  -0.37722   0.54195  -0.92794   2.60000  5
  -0.12812  -0.33867   1.03219  -0.80168   2.60000  6
   0.24872   1.73855  -0.40928  -0.26389   2.60000  7
   0.22062   1.63681  -0.00275  -0.02102   2.60000  8
   0.11568  -0.49790  -1.25139  -0.23293   2.60000  9
  -0.20103  -0.58426  -1.03549   0.14469   2.60000 10
   0.03566   0.20045   0.04329  -0.01820   2.60000 11
   0.08277   0.47007  -0.17839   0.29698   2.60000 12
   0.19382   0.01399   0.16244   0.16245   2.60000 13
   0.19198   0.31174  -0.06982   0.59449   2.60000 14
   0.01653  -0.11080   0.92502  -0.28041   2.60000 15
   0.01097  -0.26305   0.79735  -0.95403   2.60000 16
   0.18884  -0.26765  -0.16016   1.12290   2.60000 17
   0.36301  -0.32171  -0.00138   0.41470   2.60000 18
  -0.07675  -0.47312  -0.40101   0.27835   2.60000 19
   0.02046  -0.36792   0.18541   0.16670   2.60000 20
   0.06765   1.63892   0.40962   0.04729   2.70000  1
   0.17544   1.75310   0.10276  -0.30755   2.70000  2
  -0.10317  -0.50546  -0.02162   0.61698   2.70000  3
  -0.14485  -0.43160  -0.31217   0.22845   2.70000  4
  -0.15926  -0.47145   0.84248  -0.93322   2.70000  5
  -0.01928  -0.42352   1.10126  -0.86880   2.70000  6
   0.20372   1.70979  -0.48469  -0.31017   2.70000  7
   0.21748   1.63891  -0.06417   0.06244   2.70000  8
  -0.01963  -0.50968  -1.44149   0.01027   2.70000  9
  -0.29258  -0.55817  -0.78334   0.36224   2.70000 10
   0.04311   0.19325   0.10586  -0.12516   2.70000 11
   0.06613   0.49278  -0.15183   0.15900   2.70000 12
   0.20418   0.02400   0.04666   0.03295   2.70000 13
   0.18106   0.36585  -0.14589   0.48889   2.70000 14
   0.11013  -0.14786   0.93823  -0.45428   2.70000 15
   0.08691  -0.36345   0.68893  -1.02851   2.70000 16
   0.16319  -0.15858  -0.33972   1.04856   2.70000 17
   0.35069  -0.27859  -0.24597   0.44746   2.70000 18
  -0.11395  -0.43893  -0.32195   0.38079   2.70000 19
   0.03352  -0.35175   0.07704   0.14238   2.70000 20
   0.11488   1.64620   0.53193   0.09807   2.80000  1
   0.18510   1.71653   0.08287  -0.42240   2.80000  2
  -0.10113  -0.43616   0.05882   0.73251   2.80000  3
  -0.16422  -0.41160  -0.07871   0.16720   2.80000  4
  -0.06750  -0.55497   0.95224  -0.70585   2.80000  5
   0.08402  -0.50456   0.95119  -0.72581   2.80000  6
   0.15369   1.67694  -0.50214  -0.34316   2.80000  7
   0.20691   1.64877  -0.15059   0.12935   2.80000  8
  -0.16434  -0.49670  -1.40131   0.23237   2.80000  9
  -0.35692  -0.51532  -0.50653   0.48143   2.80000 10
   0.05673   0.17528   0.16544  -0.23643   2.80000 11
   0.05283   0.50217  -0.11237   0.03002   2.80000 12
   0.20343   0.01997  -0.06171  -0.11314   2.80000 13
   0.16324   0.40979  -0.20887   0.39112   2.80000 14
   0.20064  -0.19813   0.85525  -0.53517   2.80000 15
   0.14454  -0.46317   0.46076  -0.94709   2.80000 16
   0.12575  -0.05972  -0.38632   0.92705   2.80000 17
   0.31366  -0.23275  -0.49385   0.46531   2.80000 18
  -0.13807  -0.40309  -0.15968   0.32200   2.80000 19
   0.03726  -0.34191   0.00359   0.05262   2.80000 20
   0.17165   1.65769   0.58335   0.12298   2.90000  1
   0.19075   1.66980   0.02703  -0.50036   2.90000  2
  -0.09292  -0.36287   0.10210   0.72354   2.90000  3
  -0.16325  -0.39646   0.08603   0.14947   2.90000  4
   0.02783  -0.61225   0.95726  -0.44961   2.90000  5
   0.17184  -0.56779   0.80804  -0.54424   2.90000  6
   0.10683   1.64243  -0.41862  -0.33927   2.90000  7
   0.18747   1.66312  -0.23140   0.14652   2.90000  8
  -0.29450  -0.46621  -1.20097   0.36493   2.90000  9
  -0.39478  -0.46348  -0.25470   0.54974   2.90000 10
   0.07582   0.14517   0.21301  -0.37091   2.90000 11
   0.04396   0.49900  -0.06394  -0.09228   2.90000 12
   0.19161   0.00232  -0.17525  -0.23241   2.90000 13
   0.13950   0.44429  -0.26517   0.29948   2.90000 14
   0.27918  -0.25282   0.70378  -0.54772   2.90000 15
   0.18060  -0.55135   0.27157  -0.81491   2.90000 16
   0.08831   0.02794  -0.35734   0.82975   2.90000 17
   0.25322  -0.18689  -0.69956   0.44345   2.90000 18
  -0.14732  -0.37401  -0.03035   0.26827   2.90000 19
   0.03470  -0.34004  -0.05486  -0.00641   2.90000 20
   0.22735   1.66881   0.51489   0.09161   3.00000  1
   0.19064   1.61965  -0.02622  -0.48752   3.00000  2
  -0.08064  -0.29295   0.14538   0.66921   3.00000  3
  -0.14836  -0.37902   0.20874   0.20947   3.00000  4
   0.12482  -0.64674   0.98470  -0.24849   3.00000  5
   0.24546  -0.61502   0.66186  -0.40858   3.00000  6
   0.07169   1.61017  -0.28354  -0.30378   3.00000  7
   0.16296   1.67572  -0.24682   0.09583   3.00000  8
  -0.40565  -0.42569  -1.02481   0.44006   3.00000  9
  -0.40901  -0.40634  -0.03959   0.58847   3.00000 10
   0.09811   0.10051   0.22299  -0.51918   3.00000 11
   0.04014   0.48395  -0.01271  -0.20729   3.00000 12
   0.16857  -0.02519  -0.28415  -0.31451   3.00000 13
   0.11034   0.46964  -0.31709   0.20609   3.00000 14
   0.33961  -0.30652   0.50553  -0.52782   3.00000 15
   0.20122  -0.62616   0.15265  -0.68099   3.00000 16
   0.05490   0.10605  -0.30732   0.72548   3.00000 17
   0.17672  -0.14455  -0.82404   0.40821   3.00000 18
  -0.14445  -0.34761   0.08817   0.26715   3.00000 19
   0.02608  -0.34110  -0.11862  -0.00344   3.00000 20
   0.27307   1.67520   0.39799   0.03518   3.10000  1
   0.18597   1.57411  -0.06611  -0.41964   3.10000  2
  -0.06342  -0.22958   0.20115   0.59890   3.10000  3
  -0.12183  -0.35311   0.32098   0.31397   3.10000  4
   0.22428  -0.66377   0.99636  -0.10241   3.10000  5
   0.30395  -0.65077   0.50872  -0.31023   3.10000  6
   0.04973   1.58177  -0.15815  -0.26447   3.10000  7
   0.13957   1.68112  -0.21788   0.00971   3.10000  8
  -0.49919  -0.37888  -0.84533   0.49326   3.10000  9
  -0.40502  -0.34646   0.11105   0.60766   3.10000 10
   0.11848   0.04220   0.17538  -0.64827   3.10000 11
   0.04103   0.45794   0.02660  -0.31057   3.10000 12
   0.13466  -0.06023  -0.39710  -0.38379   3.10000 13
   0.07645   0.48497  -0.35775   0.09656   3.10000 14
   0.38108  -0.35894   0.32820  -0.52326   3.10000 15
   0.21367  -0.68717   0.11085  -0.53564   3.10000 16
   0.02702   0.17155  -0.25347   0.58388   3.10000 17
   0.08959  -0.10456  -0.90901   0.38988   3.10000 18
  -0.12943  -0.31936   0.21407   0.30319   3.10000 19
   0.01083  -0.33849  -0.18656   0.06609   3.10000 20
   0.30717   1.67592   0.28592  -0.02003   3.20000  1
   0.17748   1.53590  -0.10371  -0.34474   3.20000  2
  -0.04007  -0.17253   0.26581   0.54583   3.20000  3
  -0.08439  -0.31538   0.42533   0.44428   3.20000  4
   0.32202  -0.66905   0.94937  -0.00955   3.20000  5
   0.34785  -0.67740   0.37500  -0.22221   3.20000  6
   0.03956   1.55719  -0.04739  -0.22780   3.20000  7
   0.11958   1.67745  -0.18197  -0.08353   3.20000  8
  -0.57531  -0.32760  -0.68173   0.53000   3.20000  9
  -0.38727  -0.28483   0.24567   0.62547   3.20000 10
   0.13064  -0.02963   0.05280  -0.78675   3.20000 11
   0.04434   0.42219   0.03289  -0.40398   3.20000 12
   0.08850  -0.10128  -0.52784  -0.43554   3.20000 13
   0.03962   0.48806  -0.37445  -0.03881   3.20000 14
   0.40601  -0.41167   0.17401  -0.53381   3.20000 15
   0.22601  -0.73282   0.14407  -0.37751   3.20000 16
   0.00342   0.22373  -0.22174   0.46596   3.20000 17
  -0.00223  -0.06871  -0.91129   0.30982   3.20000 18
  -0.10134  -0.28600   0.34826   0.36885   3.20000 19
  -0.01110  -0.32596  -0.24901   0.19405   3.20000 20
   0.33066   1.67137   0.18573  -0.07028   3.30000  1
   0.16519   1.50505  -0.14224  -0.27265   3.30000  2
  -0.01113  -0.12051   0.30239   0.48350   3.30000  3
  -0.03786  -0.26371   0.49567   0.59070   3.30000  4
   0.41266  -0.66645   0.85645   0.05939   3.30000  5
   0.38050  -0.69491   0.28612  -0.12608   3.30000  6
   0.03990   1.53612   0.05270  -0.19383   3.30000  7
   0.10314   1.66440  -0.14702  -0.17747   3.30000  8
  -0.63652  -0.27323  -0.54684   0.55591   3.30000  9
  -0.35510  -0.22123   0.40316   0.64739   3.30000 10
   0.12635  -0.11407  -0.14959  -0.89441   3.30000 11
   0.04618   0.37696  -0.00311  -0.50217   3.30000 12
   0.02921  -0.14752  -0.65269  -0.48936   3.30000 13
   0.00233   0.47656  -0.36858  -0.19363   3.30000 14
   0.41658  -0.46623   0.04160  -0.56010   3.30000 15
   0.24314  -0.76302   0.19942  -0.22850   3.30000 16
  -0.01762   0.26596  -0.19858   0.38331   3.30000 17
  -0.08957  -0.04568  -0.82144   0.14440   3.30000 18
  -0.06011  -0.24460   0.47093   0.46351   3.30000 19
  -0.03744  -0.29771  -0.26406   0.38038   3.30000 20
   0.34459   1.66197   0.09382  -0.11722   3.40000  1
   0.14902   1.48134  -0.18091  -0.20138   3.40000  2
   0.01727  -0.07955   0.25092   0.32259   3.40000  3
   0.01192  -0.19770   0.48067   0.71445   3.40000  4
   0.49200  -0.65747   0.72470   0.11839   3.40000  5
   0.40633  -0.70236   0.23415  -0.02247   3.40000  6
   0.04981   1.51835   0.14375  -0.16206   3.40000  7
   0.09018   1.64191  -0.11185  -0.27270   3.40000  8
  -0.68538  -0.21663  -0.43300   0.57522   3.40000  9
  -0.30526  -0.15524   0.60140   0.67219   3.40000 10
   0.09904  -0.20603  -0.39857  -0.92161   3.40000 11
   0.04238   0.32160  -0.07868  -0.60393   3.40000 12
  -0.03885  -0.19802  -0.67956  -0.50117   3.40000 13
  -0.03372   0.44889  -0.35096  -0.36224   3.40000 14
   0.41542  -0.52417  -0.05800  -0.60015   3.40000 15
   0.26591  -0.77884   0.25598  -0.08896   3.40000 16
  -0.03595   0.30080  -0.16616   0.31179   3.40000 17
  -0.16441  -0.03944  -0.67012  -0.01398   3.40000 18
  -0.00938  -0.19317   0.52374   0.55529   3.40000 19
  -0.06043  -0.24868  -0.18131   0.59796   3.40000 20
   0.34956   1.64796   0.00584  -0.16313   3.50000  1
   0.12916   1.46488  -0.21457  -0.12711   3.50000  2
   0.03729  -0.05633   0.14582   0.14819   3.50000  3
   0.05428  -0.12559   0.35280   0.71413   3.50000  4
   0.55669  -0.64344   0.56646   0.15727   3.50000  5
   0.42755  -0.69942   0.18912   0.08016   3.50000  6
   0.06822   1.50363   0.22126  -0.13284   3.50000  7
   0.08090   1.60978  -0.07269  -0.37028   3.50000  8
  -0.72355  -0.15836  -0.33218   0.58924   3.50000  9
  -0.23348  -0.08722   0.83347   0.68159   3.50000 10
   0.04925  -0.29172  -0.57244  -0.76686   3.50000 11
   0.02980   0.25665  -0.17311  -0.69438   3.50000 12
  -0.10162  -0.24205  -0.56570  -0.35852   3.50000 13
  -0.06755   0.40364  -0.32317  -0.54455   3.50000 14
   0.40655  -0.58621  -0.11196  -0.63883   3.50000 15
   0.29431  -0.78088   0.31198   0.04848   3.50000 16
  -0.05076   0.32725  -0.13233   0.20999   3.50000 17
  -0.22320  -0.04716  -0.50075  -0.13198   3.50000 18
   0.03990  -0.13684   0.44337   0.56336   3.50000 19
  -0.07280  -0.18098  -0.07123   0.73606   3.50000 20
   0.34576   1.62930  -0.08211  -0.21042   3.60000  1
   0.10672   1.45607  -0.22936  -0.04886   3.60000  2
   0.04629  -0.04742   0.03438   0.04856   3.60000  3
   0.08108  -0.05519   0.17900   0.69427   3.60000  4
   0.60526  -0.62701   0.40664   0.16737   3.60000  5
   0.44364  -0.68694   0.12919   0.16340   3.60000  6
   0.09312   1.49164   0.27009  -0.10797   3.60000  7
   0.07595   1.56787  -0.02419  -0.46700   3.60000  8
  -0.75207  -0.09896  -0.23905   0.59784   3.60000  9
  -0.14083  -0.02120   1.00721   0.62880   3.60000 10
  -0.01111  -0.35809  -0.62151  -0.56365   3.60000 11
   0.00817   0.18195  -0.25601  -0.80844   3.60000 12
  -0.15153  -0.26829  -0.43240  -0.16931   3.60000 13
  -0.09767   0.33996  -0.27469  -0.72691   3.60000 14
   0.39426  -0.65126  -0.12874  -0.65688   3.60000 15
   0.32832  -0.76901   0.36825   0.18972   3.60000 16
  -0.06327   0.34113  -0.12214   0.05779   3.60000 17
  -0.26244  -0.06318  -0.27569  -0.17349   3.60000 18
   0.07696  -0.07982   0.28993   0.58337   3.60000 19
  -0.07615  -0.10399   0.00122   0.80179   3.60000 20
   0.33301   1.60574  -0.17366  -0.26182   3.70000  1
   0.08458   1.45493  -0.20619   0.02312   3.70000  2
   0.04411  -0.04188  -0.07787   0.08770   3.70000  3
   0.08908   0.01304  -0.02552   0.66717   3.70000  4
   0.63849  -0.61048   0.26043   0.16166   3.70000  5
   0.45279  -0.66860   0.05292   0.19379   3.70000  6
   0.12063   1.48179   0.27202  -0.09077   3.70000  7
   0.07649   1.51691   0.03659  -0.54685   3.70000  8
  -0.77151  -0.03899  -0.15045   0.60064   3.70000  9
  -0.03356   0.03830   1.12281   0.56208   3.70000 10
  -0.07342  -0.40534  -0.61966  -0.38524   3.70000 11
  -0.02029   0.09264  -0.30100  -0.98298   3.70000 12
  -0.18839  -0.27709  -0.30732  -0.01231   3.70000 13
  -0.12147   0.25856  -0.19473  -0.90220   3.70000 14
   0.38161  -0.71591  -0.12046  -0.62424   3.70000 15
   0.36782  -0.74302   0.41885   0.32576   3.70000 16
  -0.07557   0.33678  -0.12245  -0.15325   3.70000 17
  -0.27846  -0.08001  -0.04883  -0.15758   3.70000 18
   0.09626  -0.01936   0.08679   0.62678   3.70000 19
  -0.07170  -0.02043   0.09776   0.86854   3.70000 20
   0.31080   1.57670  -0.27208  -0.32042   3.80000  1
   0.06697   1.45956  -0.13916   0.06097   3.80000  2
   0.03115  -0.02578  -0.17759   0.24248   3.80000  3
   0.07524   0.07683  -0.24432   0.59832   3.80000  4
   0.65773  -0.59483   0.12565   0.15111   3.80000  5
   0.45457  -0.64956  -0.01361   0.18375   3.80000  6
   0.14618   1.47304   0.23481  -0.08677   3.80000  7
   0.08335   1.46026   0.09941  -0.57391   3.80000  8
  -0.78225   0.02096  -0.06477   0.59733   3.80000  9
   0.07724   0.08950   1.05269   0.44979   3.80000 10
  -0.13437  -0.43565  -0.59664  -0.22237   3.80000 11
  -0.04785  -0.01015  -0.23507  -1.02089   3.80000 12
  -0.21353  -0.27149  -0.19747   0.12284   3.80000 13
  -0.13464   0.15908  -0.05540  -1.08583   3.80000 14
   0.37104  -0.77334  -0.08721  -0.51298   3.80000 15
   0.41090  -0.70573   0.43552   0.40933   3.80000 16
  -0.08689   0.30939  -0.09739  -0.39782   3.80000 17
  -0.27293  -0.09394   0.15704  -0.11869   3.80000 18
   0.09278   0.04490  -0.15658   0.65034   3.80000 19
  -0.05501   0.06785   0.23217   0.87341   3.80000 20
   0.27830   1.54132  -0.37935  -0.38906   3.90000  1
   0.05781   1.46527  -0.04046   0.04560   3.90000  2
   0.00917   0.00578  -0.26008   0.37936   3.90000  3
   0.04327   0.13116  -0.38233   0.48393   3.90000  4
   0.66377  -0.58029  -0.00476   0.13956   3.90000  5
   0.45105  -0.63193  -0.05093   0.17070   3.90000  6
   0.16726   1.46398   0.18703  -0.09602   3.90000  7
   0.09593   1.40467   0.14991  -0.52718   3.90000  8
  -0.78456   0.08026   0.01820   0.58761   3.90000  9
   0.17063   0.12864   0.79993   0.34207   3.90000 10
  -0.19225  -0.44990  -0.55834  -0.06239   3.90000 11
  -0.06837  -0.10509  -0.19151  -0.86972   3.90000 12
  -0.22803  -0.25244  -0.09132   0.26014   3.90000 13
  -0.13035   0.04426   0.14077  -1.18524   3.90000 14
   0.36431  -0.81765  -0.04906  -0.37419   3.90000 15
   0.45391  -0.66234   0.42077   0.45590   3.90000 16
  -0.09336   0.25672  -0.02123  -0.65660   3.90000 17
  -0.24730  -0.10346   0.35519  -0.07111   3.90000 18
   0.06694   0.10875  -0.34791   0.61654   3.90000 19
  -0.02764   0.14985   0.30549   0.75010   3.90000 20
   0.23476   1.49855  -0.49082  -0.46727   4.00000  1
   0.05930   1.46766   0.07134  -0.00101   4.00000  2
  -0.02037   0.04808  -0.32508   0.45708   4.00000  3
   0.00070   0.17332  -0.45866   0.35837   4.00000  4
   0.65669  -0.56690  -0.13780   0.12859   4.00000  5
   0.44567  -0.61474  -0.05067   0.17733   4.00000  6
   0.18368   1.45362   0.14087  -0.11221   4.00000  7
   0.11298   1.35627   0.18954  -0.43656   4.00000  8
  -0.77873   0.13829   0.09776   0.57197   4.00000  9
   0.23744   0.15934   0.54468   0.27599   4.00000 10
  -0.24535  -0.44806  -0.49941   0.09950   4.00000 11
  -0.08901  -0.18394  -0.22985  -0.70686   4.00000 12
  -0.23098  -0.21909   0.03944   0.40670   4.00000 13
  -0.10962  -0.07406   0.24798  -1.16899   4.00000 14
   0.36083  -0.84868  -0.02236  -0.24906   4.00000 15
   0.49430  -0.61501   0.38371   0.48810   4.00000 16
  -0.08860   0.17914   0.12656  -0.87827   4.00000 17
  -0.20213  -0.10830   0.54439  -0.02827   4.00000 18
   0.02493   0.16652  -0.48399   0.53178   4.00000 19
   0.00401   0.21557   0.31237   0.55312   4.00000 20
   0.18091   1.44804  -0.57768  -0.53918   4.10000  1
   0.07224   1.46456   0.18752  -0.06411   4.10000  2
  -0.05433   0.09592  -0.34532   0.49073   4.10000  3
  -0.04581   0.20190  -0.45688   0.20783   4.10000  4
   0.63596  -0.55443  -0.27788   0.12232   4.10000  5
   0.44174  -0.59565  -0.02561   0.20780   4.10000  6
   0.19485   1.44110   0.07682  -0.14196   4.10000  7
   0.13346   1.31797   0.21736  -0.32712   4.10000  8
  -0.76511   0.19451   0.17407   0.55197   4.10000  9
   0.28131   0.18428   0.34037   0.22378   4.10000 10
  -0.29114  -0.43007  -0.41084   0.25909   4.10000 11
  -0.11446  -0.24583  -0.27138  -0.52711   4.10000 12
  -0.21839  -0.17223   0.21901   0.51781   4.10000 13
  -0.08572  -0.18771   0.21402  -1.09282   4.10000 14
   0.35951  -0.86792  -0.00545  -0.13754   4.10000 15
   0.53022  -0.56532   0.33347   0.50254   4.10000 16
  -0.06891   0.08625   0.24579  -0.95232   4.10000 17
  -0.14047  -0.11009   0.67071  -0.01167   4.10000 18
  -0.02724   0.21305  -0.54129   0.38742   4.10000 19
   0.03186   0.25922   0.23319   0.32257   4.10000 20
   0.12179   1.39207  -0.58861  -0.57167   4.20000  1
   0.09630   1.45390   0.28746  -0.15488   4.20000  2
  -0.08732   0.14363  -0.30714   0.45736   4.20000  3
  -0.08871   0.21492  -0.39669   0.05689   4.20000  4
   0.60112  -0.54190  -0.41668   0.13243   4.20000  5
   0.44075  -0.57269   0.00568   0.25321   4.20000  6
   0.19783   1.42432  -0.02109  -0.19751   4.20000  7
   0.15555   1.29114   0.21813  -0.20918   4.20000  8
  -0.74397   0.24858   0.24883   0.52903   4.20000  9
   0.30672   0.20418   0.17243   0.17417   4.20000 10
  -0.32633  -0.39677  -0.28723   0.40264   4.20000 11
  -0.14084  -0.28954  -0.24455  -0.35319   4.20000 12
  -0.18725  -0.11820   0.39842   0.55545   4.20000 13
  -0.06787  -0.29030   0.14463  -0.95167   4.20000 14
   0.35951  -0.87645   0.00436  -0.03402   4.20000 15
   0.56064  -0.51523   0.27120   0.49493   4.20000 16
  -0.04443  -0.00826   0.22640  -0.93909   4.20000 17
  -0.07209  -0.11020   0.67939   0.01663   4.20000 18
  -0.08027   0.24290  -0.50994   0.20872   4.20000 19
   0.04937   0.28146   0.11499   0.12974   4.20000 20
   0.06642   1.33518  -0.50675  -0.56121   4.30000  1
   0.12789   1.43266   0.33526  -0.27195   4.30000  2
  -0.11527   0.18726  -0.25199   0.41382   4.30000  3
  -0.12479   0.21443  -0.32395  -0.06006   4.30000  4
   0.55363  -0.52702  -0.52691   0.16872   4.30000  5
   0.44278  -0.54478   0.03391   0.30572   4.30000  6
   0.19059   1.40121  -0.12095  -0.26525   4.30000  7
   0.17570   1.27577   0.17875  -0.10159   4.30000  8
  -0.71531   0.30023   0.32472   0.50355   4.30000  9
   0.31650   0.21907   0.02568   0.12316   4.30000 10
  -0.34767  -0.35063  -0.13621   0.51398   4.30000 11
  -0.16191  -0.31798  -0.17337  -0.22190   4.30000 12
  -0.13979  -0.06169   0.54407   0.57175   4.30000 13
  -0.05604  -0.37747   0.09652  -0.79125   4.30000 14
   0.36019  -0.87483   0.00827   0.06632   4.30000 15
   0.58316  -0.46723   0.17168   0.46178   4.30000 16
  -0.02527  -0.10218   0.15665  -0.93333   4.30000 17
  -0.00712  -0.10579   0.61047   0.06980   4.30000 18
  -0.12808   0.25495  -0.44177   0.03416   4.30000 19
   0.05487   0.28641  -0.00408  -0.02622   4.30000 20
   0.02160   1.28031  -0.38842  -0.53545   4.40000  1
   0.16190   1.39954   0.33819  -0.38939   4.40000  2
  -0.13788   0.22549  -0.20083   0.34339   4.40000  3
  -0.15326   0.20435  -0.24377  -0.13409   4.40000  4
   0.49680  -0.50776  -0.60544   0.21758   4.40000  5
   0.44710  -0.51150   0.04853   0.35949   4.40000  6
   0.17468   1.37126  -0.18977  -0.33350   4.40000  7
   0.19051   1.27012   0.11514  -0.01472   4.40000  8
  -0.67889   0.34917   0.40447   0.47443   4.40000  9
   0.31218   0.22867  -0.11125   0.06786   4.40000 10
  -0.35322  -0.29520   0.02568   0.58915   4.40000 11
  -0.17523  -0.33472  -0.09206  -0.11530   4.40000 12
  -0.08065  -0.00440   0.62461   0.57474   4.40000 13
  -0.04754  -0.44868   0.07853  -0.63406   4.40000 14
   0.36095  -0.86317   0.00593   0.16717   4.40000 15
   0.59376  -0.42309   0.03686   0.42156   4.40000 16
  -0.01199  -0.19250   0.11471  -0.86607   4.40000 17
   0.04867  -0.09752   0.50311   0.09116   4.40000 18
  -0.16775   0.25033  -0.34689  -0.12184   4.40000 19
   0.04875   0.27688  -0.11735  -0.16211   4.40000 20
  -0.01146   1.22811  -0.27469  -0.50872   4.50000  1
   0.19412   1.35514   0.29898  -0.49579   4.50000  2
  -0.15546   0.25421  -0.14998   0.22320   4.50000  3
  -0.17310   0.18908  -0.15090  -0.16483   4.50000  4
   0.43354  -0.48331  -0.65372   0.27268   4.50000  5
   0.45113  -0.47306   0.02303   0.40791   4.50000  6
   0.15446   1.33456  -0.20531  -0.39988   4.50000  7
   0.19846   1.27216   0.04327   0.05112   4.50000  8
  -0.63422   0.39492   0.48997   0.43913   4.50000  9
   0.29427   0.23236  -0.24746   0.00415   4.50000 10
  -0.34262  -0.23374   0.18500   0.63657   4.50000 11
  -0.18004  -0.34131  -0.00242  -0.01779   4.50000 12
  -0.01753   0.05384   0.62667   0.59214   4.50000 13
  -0.03941  -0.50452   0.08822  -0.48363   4.50000 14
   0.36111  -0.84129  -0.00423   0.27115   4.50000 15
   0.59016  -0.38270  -0.10988   0.38732   4.50000 16
  -0.00176  -0.27547   0.09087  -0.79600   4.50000 17
   0.09376  -0.08756   0.40131   0.11008   4.50000 18
  -0.19648   0.23193  -0.22349  -0.23822   4.50000 19
   0.03157   0.25423  -0.22523  -0.29058   4.50000 20
  -0.03374   1.17846  -0.17261  -0.48494   4.60000  1
   0.22035   1.30129   0.21991  -0.57432   4.60000  2
  -0.16759   0.26889  -0.09079   0.06609   4.60000  3
  -0.18316   0.17240  -0.04978  -0.16535   4.60000  4
   0.36708  -0.45295  -0.67308   0.33549   4.60000  5
   0.44994  -0.43013  -0.05324   0.45035   4.60000  6
   0.13521   1.29159  -0.17423  -0.45696   4.60000  7
   0.19925   1.27895  -0.02575   0.07417   4.60000  8
  -0.58070   0.43668   0.58138   0.39421   4.60000  9
   0.26243   0.22904  -0.39152  -0.07341   4.60000 10
  -0.31657  -0.16823   0.33439   0.67385   4.60000 11
  -0.17532  -0.33862   0.09853   0.06957   4.60000 12
   0.04285   0.11400   0.57281   0.60815   4.60000 13
  -0.02918  -0.54551   0.11950  -0.33625   4.60000 14
   0.35976  -0.80878  -0.02475   0.38004   4.60000 15
   0.57164  -0.34544  -0.26138   0.35868   4.60000 16
   0.00641  -0.35209   0.07472  -0.73713   4.60000 17
   0.12945  -0.07507   0.31434   0.14126   4.60000 18
  -0.21180   0.20430  -0.08089  -0.30722   4.60000 19
   0.00418   0.21879  -0.31756  -0.41627   4.60000 20
  -0.04630   1.13098  -0.07991  -0.46557   4.70000  1
   0.23721   1.24198   0.11455  -0.60367   4.70000  2
  -0.17325   0.26686  -0.02082  -0.10877   4.70000  3
  -0.18303   0.15622   0.05260  -0.15944   4.70000  4
   0.29883  -0.41614  -0.69411   0.40047   4.70000  5
   0.43974  -0.38298  -0.15289   0.49283   4.70000  6
   0.12019   1.24385  -0.12553  -0.49445   4.70000  7
   0.19386   1.28438  -0.07921   0.02199   4.70000  8
  -0.51780   0.47333   0.67691   0.33667   4.70000  9
   0.21540   0.21705  -0.55225  -0.16919   4.70000 10
  -0.27600  -0.09847   0.47662   0.72621   4.70000 11
  -0.16011  -0.32783   0.20630   0.14465   4.70000 12
   0.09552   0.17397   0.47649   0.57961   4.70000 13
  -0.01497  -0.57163   0.16703  -0.18489   4.70000 14
   0.35571  -0.76507  -0.05886   0.49510   4.70000 15
   0.53768  -0.31084  -0.41912   0.33387   4.70000 16
   0.01389  -0.42280   0.07936  -0.67556   4.70000 17
   0.15682  -0.05916   0.23276   0.17685   4.70000 18
  -0.21241   0.17157   0.06959  -0.34372   4.70000 19
  -0.03047   0.17228  -0.36952  -0.50300   4.70000 20
  -0.04991   1.08517   0.00706  -0.45143   4.80000  1
   0.24306   1.18168   0.00267  -0.59979   4.80000  2
  -0.17140   0.24673   0.05997  -0.29643   4.80000  3
  -0.17253   0.13982   0.15823  -0.17427   4.80000  4
   0.22775  -0.37303  -0.72936   0.46022   4.80000  5
   0.41910  -0.33149  -0.26108   0.53725   4.80000  6
   0.10992   1.19318  -0.08149  -0.51787   4.80000  7
   0.18386   1.28145  -0.11894  -0.08640   4.80000  8
  -0.44528   0.50354   0.77347   0.26498   4.80000  9
   0.15173   0.19505  -0.71672  -0.26774   4.80000 10
  -0.22104  -0.02156   0.62491   0.82099   4.80000 11
  -0.13402  -0.30983   0.31570   0.21578   4.80000 12
   0.13802   0.22749   0.37036   0.47887   4.80000 13
   0.00458  -0.58214   0.22519  -0.02339   4.80000 14
   0.34740  -0.70951  -0.11083   0.61735   4.80000 15
   0.48752  -0.27851  -0.58546   0.31384   4.80000 16
   0.02321  -0.48675   0.11099  -0.60017   4.80000 17
   0.17568  -0.03988   0.14138   0.20704   4.80000 18
  -0.19770   0.13593   0.22579  -0.36895   4.80000 19
  -0.06947   0.12028  -0.41184  -0.52986   4.80000 20
  -0.04496   1.04051   0.09194  -0.44277   4.90000  1
   0.23781   1.12219  -0.10754  -0.59031   4.90000  2
  -0.16062   0.20690   0.16079  -0.50385   4.90000  3
  -0.15115   0.12000   0.27122  -0.22698   4.90000  4
   0.15297  -0.32427  -0.76437   0.51603   4.90000  5
   0.38708  -0.27555  -0.38304   0.58103   4.90000  6
   0.10350   1.14032  -0.04886  -0.53993   4.90000  7
   0.17033   1.26647  -0.15066  -0.21497   4.90000  8
  -0.36319   0.52588   0.86770   0.17974   4.90000  9
   0.07363   0.16408  -0.84216  -0.35314   4.90000 10
  -0.15059   0.06721   0.77904   0.94737   4.90000 11
  -0.09686  -0.28429   0.42853   0.29812   4.90000 12
   0.16810   0.26790   0.22607   0.32576   4.90000 13
   0.03012  -0.57609   0.28475   0.14387   4.90000 14
   0.33275  -0.64136  -0.18661   0.74694   4.90000 15
   0.42033  -0.24772  -0.75912   0.30482   4.90000 16
   0.03654  -0.54189   0.15646  -0.49644   4.90000 17
   0.18422  -0.01827   0.02402   0.22166   4.90000 18
  -0.16693   0.09782   0.39140  -0.38891   4.90000 19
  -0.11258   0.06774  -0.43956  -0.50804   4.90000 20
  -0.03147   0.99644   0.17818  -0.43950   5.00000  1
   0.22155   1.06342  -0.21799  -0.58626   5.00000  2
  -0.13739   0.14589   0.31530  -0.70711   5.00000  3
  -0.11765   0.09484   0.40094  -0.27066   5.00000  4
   0.07535  -0.26904  -0.78547   0.59570   5.00000  5
   0.34140  -0.21553  -0.53808   0.61773   5.00000  6
   0.09979   1.08495  -0.02712  -0.56897   5.00000  7
   0.15391   1.23822  -0.17689  -0.35098   5.00000  8
  -0.27189   0.53913   0.95756   0.08394   5.00000  9
  -0.01749   0.12360  -0.97960  -0.45635   5.00000 10
  -0.06889   0.16112   0.83366   0.88434   5.00000 11
  -0.04807  -0.24934   0.54788   0.40623   5.00000 12
   0.18308   0.29264   0.07410   0.16938   5.00000 13
   0.06112  -0.55392   0.33234   0.29578   5.00000 14
   0.30906  -0.55997  -0.29268   0.88097   5.00000 15
   0.33571  -0.21671  -0.93273   0.32087   5.00000 16
   0.05457  -0.58449   0.20430  -0.34680   5.00000 17
   0.17931   0.00357  -0.12797   0.21011   5.00000 18
  -0.11953   0.06036   0.55026  -0.34988   5.00000 19
  -0.15197   0.02240  -0.31597  -0.38853   5.00000 20
  -0.00916   0.95243   0.26906  -0.44147   5.10000  1
   0.19411   1.00461  -0.33138  -0.59211   5.10000  2
  -0.09668   0.06839   0.49011  -0.83162   5.10000  3
  -0.07184   0.06577   0.50229  -0.32048   5.10000  4
  -0.00299  -0.20312  -0.76721   0.73490   5.10000  5
   0.27765  -0.15228  -0.74695   0.64691   5.10000  6
   0.09775   1.02612  -0.01520  -0.60995   5.10000  7
   0.13510   1.19602  -0.19869  -0.49476   5.10000  8
  -0.17185   0.54246   1.04229  -0.01807   5.10000  9
  -0.11707   0.07335  -0.95597  -0.55194   5.10000 10
   0.01322   0.23791   0.80469   0.64886   5.10000 11
   0.01199  -0.20177   0.64017   0.55280   5.10000 12
   0.18290   0.30168  -0.07887   0.00998   5.10000 13
   0.09597  -0.51736   0.36138   0.43654   5.10000 14
   0.27317  -0.46517  -0.42984   1.01524   5.10000 15
   0.23385  -0.18218  -1.10533   0.37780   5.10000 16
   0.07725  -0.60970   0.24712  -0.15204   5.10000 17
   0.15756   0.02264  -0.31214   0.16517   5.10000 18
  -0.05946   0.02821   0.63308  -0.30092   5.10000 19
  -0.17097  -0.01043  -0.04862  -0.27483   5.10000 20
   0.02254   0.90798   0.36534  -0.44855   5.20000  1
   0.15526   0.94451  -0.44439  -0.61282   5.20000  2
  -0.04128  -0.01856   0.61634  -0.89670   5.20000  3
  -0.01869   0.02793   0.56255  -0.44910   5.20000  4
  -0.07408  -0.11939  -0.63293   0.94714   5.20000  5
   0.18974  -0.08590  -1.02363   0.68234   5.20000  6
   0.09640   0.96245  -0.01386  -0.66609   5.20000  7
   0.11433   1.13884  -0.21576  -0.65149   5.20000  8
  -0.06365   0.53545   1.11996  -0.12243   5.20000  9
  -0.19915   0.01312  -0.66098  -0.64759   5.20000 10
   0.09257   0.29229   0.78194   0.44502   5.20000 11
   0.07645  -0.13727   0.62946   0.74151   5.20000 12
   0.16703   0.29429  -0.23828  -0.15866   5.20000 13
   0.13252  -0.46563   0.36264   0.60543   5.20000 14
   0.22231  -0.35662  -0.59032   1.15990   5.20000 15
   0.11421  -0.13909  -1.28425   0.49945   5.20000 16
   0.10323  -0.61437   0.26775   0.05880   5.20000 17
   0.11592   0.03486  -0.52284   0.06542   5.20000 18
   0.00488  -0.00301   0.65055  -0.33909   5.20000 19
  -0.16003  -0.03428   0.27071  -0.21249   5.20000 20
   0.06358   0.86246   0.44870  -0.46413   5.30000  1
   0.10607   0.88131  -0.52922  -0.65501   5.30000  2
   0.02645  -0.10586   0.72015  -0.80308   5.30000  3
   0.04090  -0.02483   0.61288  -0.58777   5.30000  4
  -0.12454  -0.01769  -0.35570   1.03831   5.30000  5
   0.07176  -0.01636  -1.30722   0.68791   5.30000  6
   0.09453   0.89243  -0.02551  -0.73592   5.30000  7
   0.09219   1.06506  -0.22534  -0.82805   5.30000  8
   0.05149   0.51776   1.17609  -0.23316   5.30000  9
  -0.24700  -0.05389  -0.29143  -0.67421   5.30000 10
   0.16780   0.32752   0.70671   0.26252   5.30000 11
   0.13080  -0.05447   0.41498   0.89022   5.30000 12
   0.13642   0.27021  -0.36220  -0.32149   5.30000 13
   0.16641  -0.39475   0.30272   0.81845   5.30000 14
   0.15457  -0.23137  -0.76853   1.36103   5.30000 15
  -0.01817  -0.07854  -1.31061   0.70724   5.30000 16
   0.12988  -0.59822   0.26132   0.26236   5.30000 17
   0.05459   0.03188  -0.67875  -0.14015   5.30000 18
   0.06936  -0.04063   0.61384  -0.39781   5.30000 19
  -0.11660  -0.05448   0.59712  -0.18727   5.30000 20
   0.10939   0.81420   0.44753  -0.50844   5.40000  1
   0.05294   0.81293  -0.51162  -0.71379   5.40000  2
   0.09705  -0.17211   0.67118  -0.51176   5.40000  3
   0.09765  -0.08265   0.50062  -0.54293   5.40000  4
  -0.14372   0.07974  -0.03279   0.89061   5.40000  5
  -0.05941   0.04562  -1.26949   0.53960   5.40000  6
   0.09106   0.81520  -0.04337  -0.80761   5.40000  7
   0.06975   0.97242  -0.22012  -1.02857   5.40000  8
   0.16932   0.48847   1.16573  -0.35366   5.40000  9
  -0.25800  -0.11757   0.06240  -0.58092   5.40000 10
   0.23116   0.34617   0.55406   0.12061   5.40000 11
   0.15564   0.03291   0.09102   0.82663   5.40000 12
   0.09670   0.22947  -0.42718  -0.50049   5.40000 13
   0.19063  -0.30093   0.17010   1.06331   5.40000 14
   0.06834  -0.08177  -0.93609   1.61099   5.40000 15
  -0.13777  -0.00366  -1.05480   0.76523   5.40000 16
   0.15486  -0.56223   0.23581   0.45671   5.40000 17
  -0.01386   0.00785  -0.67009  -0.31323   5.40000 18
   0.12139  -0.07801   0.41167  -0.33876   5.40000 19
  -0.04264  -0.06847   0.85545  -0.07353   5.40000 20
   0.14982   0.75914   0.35084  -0.60085   5.50000  1
   0.00693   0.73833  -0.40032  -0.78060   5.50000  2
   0.15879  -0.20888   0.56265  -0.22854   5.50000  3
   0.13960  -0.13016   0.34793  -0.40581   5.50000  4
  -0.13412   0.15858   0.20484   0.68395   5.50000  5
  -0.17660   0.09299  -1.05622   0.42392   5.50000  6
   0.08615   0.73116  -0.05392  -0.87296   5.50000  7
   0.04898   0.85875  -0.19112  -1.24655   5.50000  8
   0.28159   0.44698   1.06528  -0.47569   5.50000  9
  -0.23718  -0.16714   0.33928  -0.40164   5.50000 10
   0.27821   0.35353   0.38764   0.03384   5.50000 11
   0.15178   0.10946  -0.15620   0.70900   5.50000 12
   0.05128   0.16871  -0.48186  -0.71544   5.50000 13
   0.19793  -0.18145  -0.03620   1.31815   5.50000 14
  -0.02685   0.08062  -0.94875   1.60280   5.50000 15
  -0.22683   0.07236  -0.72490   0.75184   5.50000 16
   0.17664  -0.50671   0.19811   0.65620   5.50000 17
  -0.07545  -0.02379  -0.54656  -0.28312   5.50000 18
   0.15135  -0.10697   0.20026  -0.24417   5.50000 19
   0.04848  -0.06793   0.93921   0.07565   5.50000 20
   0.17837   0.69242   0.21692  -0.74184   5.60000  1
  -0.02633   0.65594  -0.26304  -0.87429   5.60000  2
   0.20828  -0.21767   0.41912   0.04731   5.60000  3
   0.16916  -0.16237   0.24670  -0.22649   5.60000  4
  -0.10584   0.21748   0.34590   0.50640   5.60000  5
  -0.26888   0.13312  -0.78899   0.38940   5.60000  6
   0.08017   0.64026  -0.06795  -0.94937   5.60000  7
   0.03219   0.72302  -0.14298  -1.46739   5.60000  8
   0.37970   0.39387   0.88530  -0.58084   5.60000  9
  -0.19254  -0.19716   0.54514  -0.19749   5.60000 10
   0.30916   0.35376   0.23402  -0.02853   5.60000 11
   0.12690   0.17494  -0.32633   0.59920   5.60000 12
   0.00082   0.09039  -0.51310  -0.81819   5.60000 13
   0.18279  -0.04329  -0.25723   1.40680   5.60000 14
  -0.11842   0.23543  -0.87199   1.47846   5.60000 15
  -0.28356   0.14634  -0.41762   0.72624   5.60000 16
   0.19413  -0.43015   0.14986   0.88113   5.60000 17
  -0.12234  -0.04537  -0.38983  -0.14729   5.60000 18
   0.16432  -0.12643   0.07074  -0.13317   5.60000 19
   0.14241  -0.05698   0.92536   0.12995   5.60000 20
   0.19279   0.60912   0.07011  -0.93246   5.70000  1
  -0.04560   0.56128  -0.12408  -1.03319   5.70000  2
   0.24150  -0.20141   0.24129   0.26773   5.70000  3
   0.18948  -0.17527   0.16313  -0.03687   5.70000  4
  -0.06759   0.26304   0.41725   0.41789   5.70000  5
  -0.33488   0.17255  -0.53355   0.40515   5.70000  6
   0.07174   0.53979  -0.10616  -1.07038   5.70000  7
   0.02024   0.56551  -0.09941  -1.68087   5.70000  8
   0.45707   0.33214   0.65811  -0.64787   5.70000  9
  -0.12936  -0.20630   0.71364   0.01708   5.70000 10
   0.32503   0.34748   0.07966  -0.09963   5.70000 11
   0.08938   0.22986  -0.41362   0.50691   5.70000 12
  -0.04770   0.00932  -0.44566  -0.79042   5.70000 13
   0.14960   0.09579  -0.39330   1.37359   5.70000 14
  -0.19885   0.37549  -0.72515   1.32803   5.70000 15
  -0.31226   0.21740  -0.16553   0.69469   5.70000 16
   0.20619  -0.32894   0.08875   1.15172   5.70000 17
  -0.15272  -0.05364  -0.21250  -0.02055   5.70000 18
   0.16761  -0.13284   0.00537  -0.00047   5.70000 19
   0.22880  -0.04278   0.78167   0.14992   5.70000 20
   0.19204   0.50426  -0.08801  -1.17346   5.80000  1
  -0.05180   0.44661   0.00039  -1.26936   5.80000  2
   0.25584  -0.16560   0.04246   0.44535   5.80000  3
   0.20219  -0.17044   0.09112   0.13636   5.80000  4
  -0.02110   0.30333   0.52104   0.39789   5.80000  5
  -0.37579   0.21491  -0.28402   0.44341   5.80000  6
   0.05800   0.42366  -0.17071  -1.26653   5.80000  7
   0.01144   0.38759  -0.07619  -1.87194   5.80000  8
   0.51102   0.26513   0.42094  -0.69009   5.80000  9
  -0.05062  -0.19313   0.85696   0.24966   5.80000 10
   0.32361   0.33340  -0.11784  -0.18376   5.80000 11
   0.04563   0.27876  -0.45492   0.48731   5.80000 12
  -0.08719  -0.06605  -0.33759  -0.70985   5.80000 13
   0.10530   0.23347  -0.49446   1.39458   5.80000 14
  -0.26137   0.50080  -0.52292   1.16587   5.80000 15
  -0.31782   0.28531   0.05281   0.66254   5.80000 16
   0.21122  -0.19868   0.00769   1.44837   5.80000 17
  -0.16374  -0.04994  -0.00354   0.09206   5.80000 18
   0.16695  -0.12781  -0.01296   0.09804   5.80000 19
   0.29668  -0.02800   0.56975   0.14355   5.80000 20
   0.17383   0.37302  -0.28766  -1.44754   5.90000  1
  -0.04309   0.30750   0.19003  -1.48502   5.90000  2
   0.24975  -0.11192  -0.16328   0.63255   5.90000  3
   0.20716  -0.14550   0.00295   0.37674   5.90000  4
   0.03592   0.34052   0.59502   0.30738   5.90000  5
  -0.39141   0.26096  -0.02730   0.47352   5.90000  6
   0.03802   0.28612  -0.22102  -1.44425   5.90000  7
   0.00693   0.19744  -0.00814  -1.87003   5.90000  8
   0.54123   0.19424   0.18182  -0.72826   5.90000  9
   0.04108  -0.15597   0.97391   0.49524   5.90000 10
   0.29958   0.31017  -0.36987  -0.28639   5.90000 11
   0.00079   0.32752  -0.42034   0.45230   5.90000 12
  -0.11297  -0.13001  -0.16737  -0.55091   5.90000 13
   0.04950   0.37309  -0.60961   1.33041   5.90000 14
  -0.30530   0.60717  -0.36762   0.96376   5.90000 15
  -0.30147   0.34891   0.27460   0.60025   5.90000 16
   0.20711  -0.04468  -0.09107   1.59316   5.90000 17
  -0.15296  -0.03558   0.22087   0.19642   5.90000 18
   0.16565  -0.11184  -0.01480   0.23840   5.90000 19
   0.34114  -0.01359   0.30886   0.15227   5.90000 20
   0.13485   0.21866  -0.46945  -1.62753   6.00000  1
  -0.01434   0.15634   0.38150  -1.53610   6.00000  2
   0.22325  -0.03916  -0.36882   0.81618   6.00000  3
   0.20135  -0.09353  -0.12755   0.66647   6.00000  4
   0.09328   0.35957   0.54147   0.06133   6.00000  5
  -0.38133   0.30853   0.22694   0.47276   6.00000  6
   0.01719   0.14080  -0.16984  -1.46806   6.00000  7
   0.01122   0.01561   0.10985  -1.76537   6.00000  8
   0.54669   0.11943  -0.07806  -0.76615   6.00000  9
   0.14321  -0.09274   1.05083   0.77885   6.00000 10
   0.24894   0.27386  -0.64202  -0.45641   6.00000 11
  -0.03518   0.36271  -0.29671   0.24564   6.00000 12
  -0.11975  -0.17320   0.03321  -0.30304   6.00000 13
  -0.01141   0.48931  -0.59962   0.99588   6.00000 14
  -0.33647   0.69463  -0.26016   0.79124   6.00000 15
  -0.26358   0.40350   0.47753   0.48543   6.00000 16
   0.19174   0.11541  -0.23098   1.59471   6.00000 17
  -0.11848  -0.00961   0.48021   0.32860   6.00000 18
   0.16276  -0.07706  -0.05008   0.46871   6.00000 19
   0.35654   0.00450  -0.00825   0.21686   6.00000 20
   0.08596   0.04871  -0.47989  -1.75291   6.10000  1
   0.03405   0.00084   0.58574  -1.54670   6.10000  2
   0.17592   0.04814  -0.57007   0.90055   6.10000  3
   0.18035  -0.01264  -0.29601   0.93535   6.10000  4
   0.14348   0.35129   0.45985  -0.23275   6.10000  5
  -0.34651   0.35476   0.46765   0.44939   6.10000  6
   0.00917  -0.00666   0.02802  -1.45385   6.10000  7
   0.03046  -0.14891   0.26213  -1.48040   6.10000  8
   0.52444   0.04198  -0.37246  -0.77493   6.10000  9
   0.24251  -0.00113   0.88102   1.02683   6.10000 10
   0.17284   0.21625  -0.85938  -0.69424   6.10000 11
  -0.05942   0.37768  -0.19193   0.06073   6.10000 12
  -0.10567  -0.18936   0.25506  -0.01714   6.10000 13
  -0.07059   0.57482  -0.58627   0.72461   6.10000 14
  -0.35787   0.76641  -0.16946   0.64821   6.10000 15
  -0.20693   0.44543   0.65180   0.35197   6.10000 16
   0.16005   0.26788  -0.38705   1.41845   6.10000 17
  -0.05401   0.02918   0.81983   0.42646   6.10000 18
   0.15426  -0.01694  -0.12945   0.72616   6.10000 19
   0.33803   0.02984  -0.36914   0.28424   6.10000 20
   0.04260  -0.12163  -0.38697  -1.61372   6.20000  1
   0.09796  -0.14328   0.64337  -1.31035   6.20000  2
   0.11382   0.13411  -0.64330   0.80320   6.20000  3
   0.14298   0.08602  -0.43403   1.00484   6.20000  4
   0.18333   0.31349   0.32425  -0.51212   6.20000  5
  -0.28785   0.39806   0.70667   0.41459   6.20000  6
   0.02317  -0.14243   0.23205  -1.24584   6.20000  7
   0.05921  -0.27710   0.29842  -1.08616   6.20000  8
   0.47149  -0.03326  -0.68543  -0.71608   6.20000  9
   0.31412   0.10476   0.54582   1.05603   6.20000 10
   0.08388   0.13624  -0.87985  -0.89508   6.20000 11
  -0.07361   0.37624  -0.08830  -0.08203   6.20000 12
  -0.06695  -0.17710   0.52785   0.25260   6.20000 13
  -0.12848   0.63542  -0.56657   0.49106   6.20000 14
  -0.37053   0.82490  -0.08421   0.52401   6.20000 15
  -0.13419   0.47349   0.79498   0.20469   6.20000 16
   0.11667   0.39637  -0.47439   1.14711   6.20000 17
   0.04420   0.07071   1.12192   0.40466   6.20000 18
   0.13600   0.06223  -0.22592   0.83197   6.20000 19
   0.28268   0.06034  -0.72636   0.32661   6.20000 20
   0.00912  -0.27276  -0.27020  -1.40537   6.30000  1
   0.15623  -0.26235   0.51119  -1.08336   6.30000  2
   0.05251   0.20728  -0.55820   0.66510   6.30000  3
   0.09698   0.18439  -0.46255   0.94801   6.30000  4
   0.20662   0.24956   0.13250  -0.76120   6.30000  5
  -0.20487   0.43692   0.95367   0.35625   6.30000  6
   0.05128  -0.25612   0.31769  -1.03423   6.30000  7
   0.08886  -0.36776   0.29144  -0.73773   6.30000  8
   0.38861  -0.09924  -0.96458  -0.60015   6.30000  9
   0.35121   0.20650   0.19714   0.97396   6.30000 10
   0.00492   0.04598  -0.68024  -0.86513   6.30000 11
  -0.07584   0.36278   0.05148  -0.18101   6.30000 12
  -0.00064  -0.14316   0.77566   0.40212   6.30000 13
  -0.18247   0.67398  -0.50583   0.28635   6.30000 14
  -0.37479   0.87154  -0.00123   0.40974   6.30000 15
  -0.04992   0.48489   0.88116   0.01539   6.30000 16
   0.06489   0.49786  -0.56523   0.88730   6.30000 17
   0.16146   0.11367   1.16106   0.46371   6.30000 18
   0.11085   0.14746  -0.26279   0.86188   6.30000 19
   0.19549   0.09616  -1.00213   0.39836   6.30000 20
  -0.00949  -0.40329  -0.10004  -1.21084   6.40000  1
   0.19979  -0.36180   0.35994  -0.91192   6.40000  2
   0.00418   0.26986  -0.40774   0.60132   6.40000  3
   0.05291   0.27480  -0.42309   0.86227   6.40000  4
   0.20837   0.16653  -0.09389  -0.85484   6.40000  5
  -0.09760   0.46729   1.18424   0.23786   6.40000  6
   0.08557  -0.35132   0.36544  -0.88051   6.40000  7
   0.11702  -0.42703   0.27026  -0.46019   6.40000  8
   0.28011  -0.15358  -1.19576  -0.49118   6.40000  9
   0.35449   0.29850  -0.12264   0.86008   6.40000 10
  -0.05230  -0.03467  -0.46582  -0.74868   6.40000 11
  -0.06141   0.34073   0.24820  -0.25856   6.40000 12
   0.08260  -0.09731   0.86536   0.51952   6.40000 13
  -0.22837   0.69406  -0.40676   0.12249   6.40000 14
  -0.37087   0.90696   0.07898   0.29871   6.40000 15
   0.03946   0.47578   0.88503  -0.19984   6.40000 16
   0.00424   0.57355  -0.63368   0.62100   6.40000 17
   0.26735   0.16340   0.93320   0.52391   6.40000 18
   0.08520   0.23332  -0.25723   0.85135   6.40000 19
   0.08924   0.14180  -1.08399   0.51805   6.40000 20
  -0.01136  -0.51563   0.05783  -1.03799   6.50000  1
   0.22788  -0.44573   0.19953  -0.77116   6.50000  2
  -0.02854   0.32948  -0.23889   0.59144   6.50000  3
   0.01155   0.35767  -0.39613   0.79340   6.50000  4
   0.19033   0.08489  -0.25459  -0.77220   6.50000  5
   0.02832   0.48142   1.30258   0.02716   6.50000  6
   0.12380  -0.43357   0.39465  -0.76738   6.50000  7
   0.14282  -0.46236   0.24568  -0.26013   6.50000  8
   0.15260  -0.19809  -1.32849  -0.39943   6.50000  9
   0.32852   0.37820  -0.39058   0.73593   6.50000 10
  -0.08897  -0.10380  -0.27365  -0.63705   6.50000 11
  -0.02484   0.31211   0.47623  -0.29802   6.50000 12
   0.16885  -0.03972   0.84205   0.62823   6.50000 13
  -0.26301   0.69983  -0.28317  -0.00161   6.50000 14
  -0.35914   0.93122   0.15461   0.18592   6.50000 15
   0.12271   0.44396   0.76122  -0.43469   6.50000 16
  -0.05854   0.62203  -0.60789   0.35574   6.50000 17
   0.34699   0.21688   0.66338   0.54434   6.50000 18
   0.05669   0.31813  -0.32047   0.85017   6.50000 19
  -0.01617   0.20064  -1.00389   0.66733   6.50000 20
   0.00095  -0.61120   0.18276  -0.87529   6.60000  1
   0.23962  -0.51677   0.03744  -0.65201   6.60000  2
  -0.04241   0.38701  -0.04200   0.55619   6.60000  3
  -0.02290   0.43139  -0.28350   0.67225   6.60000  4
   0.16029   0.01170  -0.33112  -0.68842   6.60000  5
   0.15597   0.47126   1.22681  -0.22115   6.60000  6
   0.16332  -0.50505   0.39019  -0.66292   6.60000  7
   0.16608  -0.48209   0.21914  -0.15049   6.60000  8
   0.01936  -0.23410  -1.32129  -0.32296   6.60000  9
   0.27664   0.44598  -0.64676   0.61625   6.60000 10
  -0.10799  -0.16324  -0.10988  -0.55865   6.60000 11
   0.02851   0.28612   0.56393  -0.20166   6.60000 12
   0.24755   0.02852   0.71982   0.73429   6.60000 13
  -0.28449   0.69443  -0.14343  -0.10475   6.60000 14
  -0.34013   0.94393   0.22486   0.06675   6.60000 15
   0.18950   0.39265   0.57499  -0.56190   6.60000 16
  -0.11609   0.64669  -0.54188   0.14562   6.60000 17
   0.40077   0.27244   0.41407   0.56683   6.60000 18
   0.02298   0.40233  -0.33759   0.81956   6.60000 19
  -0.10705   0.27556  -0.79657   0.82248   6.60000 20
   0.02421  -0.69114   0.27845  -0.72561   6.70000  1
   0.23627  -0.57637  -0.09790  -0.54086   6.70000  2
  -0.03935   0.44134   0.08803   0.53681   6.70000  3
  -0.04577   0.49198  -0.18132   0.54441   6.70000  4
   0.12581  -0.05208  -0.35649  -0.59039   6.70000  5
   0.27136   0.44083   1.07040  -0.37172   6.70000  6
   0.20090  -0.56631   0.35680  -0.56355   6.70000  7
   0.18661  -0.49546   0.19132  -0.12854   6.70000  8
  -0.10993  -0.26250  -1.25487  -0.24460   6.70000  9
   0.20133   0.49945  -0.83755   0.44497   6.70000 10
  -0.11170  -0.21688   0.02688  -0.51901   6.70000 11
   0.08579   0.27303   0.58148  -0.06231   6.70000 12
   0.31210   0.10663   0.57295   0.83185   6.70000 13
  -0.29094   0.67897   0.01905  -0.20475   6.70000 14
  -0.31430   0.94418   0.29120  -0.06428   6.70000 15
   0.23898   0.33678   0.42194  -0.54242   6.70000 16
  -0.16672   0.65226  -0.46791  -0.03003   6.70000 17
   0.42988   0.32985   0.16765   0.57731   6.70000 18
  -0.00945   0.47981  -0.31325   0.72677   6.70000 19
  -0.17458   0.36321  -0.55686   0.92594   6.70000 20
   0.05607  -0.75668   0.35666  -0.58632   6.80000  1
   0.22171  -0.62522  -0.18391  -0.43840   6.80000  2
  -0.02779   0.49574   0.12955   0.55636   6.80000  3
  -0.06066   0.54163  -0.12338   0.45531   6.80000  4
   0.08916  -0.10763  -0.37534  -0.52703   6.80000  5
   0.36951   0.39827   0.89808  -0.47631   6.80000  6
   0.23368  -0.61808   0.29325  -0.47367   6.80000  7
   0.20420  -0.50934   0.15934  -0.15369   6.80000  8
  -0.22932  -0.28360  -1.12630  -0.18255   6.80000  9
   0.11151   0.53558  -0.96204   0.28829   6.80000 10
  -0.10523  -0.26721   0.09342  -0.48563   6.80000 11
   0.14525   0.27282   0.60984   0.05328   6.80000 12
   0.36224   0.19621   0.42751   0.96430   6.80000 13
  -0.27964   0.65327   0.21219  -0.31040   6.80000 14
  -0.28194   0.93045   0.35622  -0.21424   6.80000 15
   0.27576   0.28490   0.32362  -0.49257   6.80000 16
  -0.20866   0.64146  -0.36345  -0.18168   6.80000 17
   0.43425   0.38666  -0.07758   0.54897   6.80000 18
  -0.04039   0.54772  -0.30813   0.63163   6.80000 19
  -0.21924   0.46063  -0.33955   1.02433   6.80000 20
   0.09515  -0.80844   0.42275  -0.44809   6.90000  1
   0.20133  -0.66463  -0.21562  -0.35308   6.90000  2
  -0.01614   0.55302   0.08665   0.58696   6.90000  3
  -0.07177   0.58421  -0.10650   0.40037   6.90000  4
   0.05101  -0.15872  -0.38641  -0.50056   6.90000  5
   0.45079   0.34723   0.71847  -0.53126   6.90000  6
   0.25846  -0.66141   0.19818  -0.39463   6.90000  7
   0.21821  -0.52672   0.11936  -0.19538   6.90000  8
  -0.33539  -0.29988  -0.99960  -0.14583   6.90000  9
   0.00768   0.55981  -1.11499   0.21405   6.90000 10
  -0.09341  -0.31371   0.14442  -0.44397   6.90000 11
   0.20815   0.28265   0.64966   0.13824   6.90000 12
   0.39707   0.29901   0.27150   1.07804   6.90000 13
  -0.24759   0.61693   0.43021  -0.40963   6.90000 14
  -0.24298   0.90034   0.42370  -0.39444   6.90000 15
   0.30539   0.23975   0.27332  -0.39834   6.90000 16
  -0.23748   0.61712  -0.20107  -0.29405   6.90000 17
   0.41632   0.43670  -0.26651   0.43874   6.90000 18
  -0.07151   0.60593  -0.31735   0.52947   6.90000 19
  -0.24280   0.56838  -0.13017   1.12339   6.90000 20
   0.14008  -0.84604   0.47245  -0.30231   7.00000  1
   0.17995  -0.69651  -0.20604  -0.28747   7.00000  2
  -0.01465   0.61181  -0.07435   0.58094   7.00000  3
  -0.08409   0.62204  -0.15281   0.35653   7.00000  4
   0.01216  -0.20876  -0.38888  -0.50488   7.00000  5
   0.51186   0.29514   0.50477  -0.49894   7.00000  6
   0.27277  -0.69734   0.08666  -0.32548   7.00000  7
   0.22782  -0.54860   0.07182  -0.24293   7.00000  8
  -0.43017  -0.31310  -0.89997  -0.11956   7.00000  9
  -0.10922   0.58265  -1.20208   0.26053   7.00000 10
  -0.07599  -0.35602   0.20509  -0.40256   7.00000 11
   0.27513   0.29968   0.68685   0.20026   7.00000 12
   0.41770   0.40744   0.14227   1.07182   7.00000 13
  -0.19431   0.57564   0.62706  -0.38630   7.00000 14
  -0.19700   0.84980   0.49590  -0.62773   7.00000 15
   0.33051   0.20704   0.22943  -0.25327   7.00000 16
  -0.24632   0.58679   0.03479  -0.28840   7.00000 17
   0.38328   0.47342  -0.38579   0.29772   7.00000 18
  -0.10474   0.65270  -0.35055   0.40201   7.00000 19
  -0.24429   0.67977   0.10338   1.07001   7.00000 20
   0.18876  -0.86857   0.49592  -0.14698   7.10000  1
   0.16119  -0.72254  -0.16424  -0.23413   7.10000  2
  -0.03260   0.66784  -0.28524   0.53355   7.10000  3
  -0.10401   0.65573  -0.24364   0.32012   7.10000  4
  -0.02632  -0.26052  -0.37758  -0.53379   7.10000  5
   0.55299   0.24809   0.32340  -0.44263   7.10000  6
   0.27574  -0.72683  -0.02694  -0.26589   7.10000  7
   0.23240  -0.57544   0.01907  -0.29481   7.10000  8
  -0.51608  -0.32397  -0.82132  -0.09867   7.10000  9
  -0.22641   0.61299  -1.09808   0.33977   7.10000 10
  -0.05234  -0.39428   0.26693  -0.36315   7.10000 11
   0.34426   0.32244   0.68661   0.25340   7.10000 12
   0.42484   0.51120  -0.00220   0.99610   7.10000 13
  -0.12615   0.54487   0.70355  -0.21247   7.10000 14
  -0.14452   0.77257   0.54396  -0.91890   7.10000 15
   0.35164   0.18884   0.19585  -0.11374   7.10000 16
  -0.22979   0.56309   0.28777  -0.17106   7.10000 17
   0.34078   0.49760  -0.45691   0.19586   7.10000 18
  -0.14120   0.68641  -0.36810   0.27837   7.10000 19
  -0.22267   0.77806   0.32120   0.87905   7.10000 20
   0.23811  -0.87527   0.48454   0.01331   7.20000  1
   0.14799  -0.74330  -0.09603  -0.18002   7.20000  2
  -0.07083   0.71691  -0.46683   0.43371   7.20000  3
  -0.13062   0.68631  -0.27121   0.28500   7.20000  4
  -0.06252  -0.31602  -0.34125  -0.57748   7.20000  5
   0.57742   0.20656   0.16907  -0.38757   7.20000  6
   0.26764  -0.75080  -0.13260  -0.21451   7.20000  7
   0.23155  -0.60774  -0.03628  -0.35219   7.20000  8
  -0.59492  -0.33296  -0.75755  -0.08179   7.20000  9
  -0.32280   0.64888  -0.82143   0.36975   7.20000 10
  -0.02304  -0.42893   0.31582  -0.33227   7.20000 11
   0.41047   0.34971   0.62877   0.28697   7.20000 12
   0.41733   0.60578  -0.14582   0.89411   7.20000 13
  -0.05775   0.53378   0.65470  -0.01384   7.20000 14
  -0.09097   0.67024   0.51092  -1.08407   7.20000 15
   0.37019   0.18363   0.17698   0.00603   7.20000 16
  -0.19180   0.55474   0.46036   0.00853   7.20000 17
   0.29270   0.51454  -0.50453   0.15135   7.20000 18
  -0.17473   0.70909  -0.28321   0.17242   7.20000 19
  -0.18294   0.85242   0.45556   0.60255   7.20000 20
   0.28420  -0.86602   0.42909   0.16983   7.30000  1
   0.14256  -0.75821  -0.01061  -0.11638   7.30000  2
  -0.12208   0.75236  -0.53980   0.27410   7.30000  3
  -0.15550   0.71118  -0.21945   0.21153   7.30000  4
  -0.09352  -0.37598  -0.27414  -0.62024   7.30000  5
   0.58749   0.17075   0.03554  -0.32771   7.30000  6
   0.24993  -0.76975  -0.21674  -0.16332   7.30000  7
   0.22516  -0.64608  -0.09093  -0.41531   7.30000  8
  -0.66796  -0.34044  -0.70478  -0.06836   7.30000  9
  -0.39158   0.68587  -0.56215   0.36727   7.30000 10
   0.01013  -0.46153   0.34483  -0.32513   7.30000 11
   0.46871   0.37875   0.53187   0.28894   7.30000 12
   0.39610   0.69003  -0.27701   0.79131   7.30000 13
   0.00371   0.54051   0.57186   0.13585   7.30000 14
  -0.04385   0.56305   0.43811  -1.03968   7.30000 15
   0.38726   0.18935   0.16487   0.10519   7.30000 16
  -0.13904   0.56462   0.58865   0.18207   7.30000 17
   0.23914   0.52921  -0.57332   0.14689   7.30000 18
  -0.19585   0.72104  -0.13593   0.07245   7.30000 19
  -0.13455   0.89888   0.50002   0.33070   7.30000 20
   0.32216  -0.84200   0.32168   0.30534   7.40000  1
   0.14609  -0.76625   0.08142  -0.04340   7.40000  2
  -0.17551   0.77241  -0.51303   0.12996   7.40000  3
  -0.17387   0.72931  -0.14594   0.15473   7.40000  4
  -0.11665  -0.43971  -0.18612  -0.65274   7.40000  5
   0.58512   0.14119  -0.08044  -0.26251   7.40000  6
   0.22542  -0.78284  -0.26813  -0.09377   7.40000  7
   0.21357  -0.69081  -0.13903  -0.47780   7.40000  8
  -0.73616  -0.34673  -0.66060  -0.05783   7.40000  9
  -0.43666   0.72202  -0.34498   0.35455   7.40000 10
   0.04557  -0.49512   0.36332  -0.35269   7.40000 11
   0.51637   0.40677   0.41999   0.26890   7.40000 12
   0.36217   0.76410  -0.40088   0.69020   7.40000 13
   0.05672   0.55772   0.49210   0.19450   7.40000 14
  -0.00070   0.46551   0.43620  -0.89715   7.40000 15
   0.40313   0.20404   0.15190   0.18562   7.40000 16
  -0.07579   0.58870   0.66616   0.28598   7.40000 17
   0.17637   0.54455  -0.69027   0.16147   7.40000 18
  -0.20193   0.72519   0.01168   0.01868   7.40000 19
  -0.08493   0.91953   0.48499   0.08796   7.40000 20
   0.34712  -0.80624   0.17190   0.40272   7.50000  1
   0.15852  -0.76691   0.16319   0.02855   7.50000  2
  -0.22195   0.77899  -0.40487   0.00589   7.50000  3
  -0.18451   0.74266  -0.06644   0.11360   7.50000  4
  -0.13041  -0.50626  -0.08787  -0.67749   7.50000  5
   0.57188   0.11842  -0.18211  -0.19213   7.50000  6
   0.19727  -0.78762  -0.29033   0.00108   7.50000  7
   0.19789  -0.74074  -0.17126  -0.51181   7.50000  8
  -0.80031  -0.35208  -0.62342  -0.04956   7.50000  9
  -0.46139   0.75656  -0.15255   0.33508   7.50000 10
   0.08282  -0.53324   0.38209  -0.41542   7.50000 11
   0.55259   0.43220   0.30435   0.23885   7.50000 12
   0.31598   0.82800  -0.52331   0.58678   7.50000 13
   0.10253   0.57805   0.41890   0.21060   7.50000 14
   0.04450   0.38475   0.46752  -0.71894   7.50000 15
   0.41741   0.22590   0.13213   0.24883   7.50000 16
  -0.00725   0.61962   0.70113   0.32303   7.50000 17
   0.10056   0.56182  -0.81786   0.18796   7.50000 18
  -0.19442   0.72620   0.13286   0.00694   7.50000 19
  -0.03833   0.91750   0.44596  -0.12456   7.50000 20
   0.35581  -0.76296   0.00009   0.45569   7.60000  1
   0.17728  -0.76128   0.20166   0.07944   7.60000  2
  -0.25495   0.77465  -0.25020  -0.08676   7.60000  3
  -0.18704   0.75200   0.01671   0.07196   7.60000  4
  -0.13395  -0.57510   0.01882  -0.69885   7.60000  5
   0.54913   0.10295  -0.27081  -0.11625   7.60000  6
   0.16841  -0.78254  -0.28045   0.09810   7.60000  7
   0.18012  -0.79031  -0.17984  -0.46162   7.60000  8
  -0.86104  -0.35670  -0.59205  -0.04293   7.60000  9
  -0.46755   0.78873   0.02829   0.30647   7.60000 10
   0.12210  -0.57933   0.40391  -0.51193   7.60000 11
   0.57721   0.45442   0.18792   0.20533   7.60000 12
   0.25735   0.88111  -0.65033   0.47251   7.60000 13
   0.13849   0.60014   0.29413   0.23505   7.60000 14
   0.09235   0.32077   0.48798  -0.56762   7.60000 15
   0.42916   0.25331   0.10053   0.29706   7.60000 16
   0.06314   0.65153   0.69286   0.30944   7.60000 17
   0.01653   0.58383  -0.84172   0.26191   7.60000 18
  -0.17641   0.72718   0.22335   0.01334   7.60000 19
   0.00435   0.89516   0.40915  -0.32033   7.60000 20
   0.34693  -0.71634  -0.17865   0.47107   7.70000  1
   0.19674  -0.75164   0.17886   0.11275   7.70000  2
  -0.27136   0.76282  -0.07586  -0.14430   7.70000  3
  -0.18086   0.75666   0.10864   0.01880   7.70000  4
  -0.12624  -0.64594   0.13796  -0.71726   7.70000  5
   0.51812   0.09532  -0.34759  -0.03577   7.70000  6
   0.14247  -0.76873  -0.23214   0.17422   7.70000  7
   0.16261  -0.82977  -0.16806  -0.31579   7.70000  8
  -0.91888  -0.36071  -0.56548  -0.03742   7.70000  9
  -0.45585   0.81738   0.20566   0.26365   7.70000 10
   0.16356  -0.63665   0.42385  -0.63791   7.70000 11
   0.59012   0.47325   0.06974   0.17130   7.70000 12
   0.18579   0.92153  -0.77966   0.32885   7.70000 13
   0.16137   0.62588   0.16658   0.28346   7.70000 14
   0.14217   0.26989   0.51004  -0.45546   7.70000 15
   0.43702   0.28494   0.05422   0.33420   7.70000 16
   0.12887   0.68161   0.61489   0.29525   7.70000 17
  -0.06561   0.61545  -0.80062   0.37561   7.70000 18
  -0.15027   0.72867   0.29743   0.01413   7.70000 19
   0.04379   0.85394   0.38021  -0.49940   7.70000 20
   0.31995  -0.67012  -0.36012   0.44344   7.80000  1
   0.21190  -0.73866   0.12155   0.14541   7.80000  2
  -0.26969   0.74676   0.11168  -0.17261   7.80000  3
  -0.16509   0.75530   0.20615  -0.04738   7.80000  4
  -0.10574  -0.71827   0.27553  -0.72668   7.80000  5
   0.47989   0.09591  -0.41596   0.04820   7.80000  6
   0.12318  -0.74866  -0.14817   0.21971   7.80000  7
   0.14686  -0.85212  -0.14525  -0.12856   7.80000  8
  -0.97427  -0.36421  -0.54286  -0.03265   7.80000  9
  -0.42637   0.84080   0.38448   0.20109   7.80000 10
   0.20601  -0.70644   0.41666  -0.74477   7.80000 11
   0.59102   0.48871  -0.05273   0.13805   7.80000 12
   0.10249   0.94515  -0.87675   0.13620   7.80000 13
   0.17242   0.65741   0.05683   0.34855   7.80000 14
   0.19474   0.22889   0.54323  -0.36711   7.80000 15
   0.43955   0.31991  -0.00552   0.36424   7.80000 16
   0.18484   0.71079   0.49674   0.28655   7.80000 17
  -0.14355   0.65999  -0.75267   0.51759   7.80000 18
  -0.11763   0.72950   0.34830   0.00179   7.80000 19
   0.07998   0.79691   0.33888  -0.63106   7.80000 20
   0.27606  -0.63014  -0.50701   0.34549   7.90000  1
   0.22091  -0.72373   0.05818   0.14537   7.90000  2
  -0.24861   0.72926   0.30948  -0.17015   7.90000  3
  -0.14054   0.74763   0.27726  -0.09850   7.90000  4
  -0.07046  -0.79045   0.43268  -0.71100   7.90000  5
   0.43499   0.10512  -0.48247   0.13706   7.90000  6
   0.11347  -0.72680  -0.04620   0.20789   7.90000  7
   0.13393  -0.85555  -0.11150   0.05704   7.90000  8
  -1.02756  -0.36725  -0.52342  -0.02838   7.90000  9
  -0.37870   0.85678   0.57092   0.11395   7.90000 10
   0.24422  -0.78080   0.33331  -0.71764   7.90000 11
   0.57933   0.50091  -0.18261   0.10611   7.90000 12
   0.01227   0.94814  -0.92190  -0.07708   7.90000 13
   0.17292   0.69539  -0.04744   0.40573   7.90000 14
   0.25113   0.19610   0.58561  -0.29013   7.90000 15
   0.43566   0.35766  -0.07302   0.39036   7.90000 16
   0.22668   0.73789   0.33436   0.24766   7.90000 17
  -0.21395   0.71782  -0.64272   0.62440   7.90000 18
  -0.08233   0.72973   0.35219   0.00837   7.90000 19
   0.11107   0.72988   0.28429  -0.69654   7.90000 20
   0.22066  -0.60220  -0.59154   0.21039   8.00000  1
   0.22304  -0.71048  -0.01969   0.11830   8.00000  2
  -0.20902   0.71507   0.47441  -0.10171   8.00000  3
  -0.11063   0.73761   0.31956  -0.09325   8.00000  4
  -0.01900  -0.85893   0.59522  -0.64960   8.00000  5
   0.38331   0.12365  -0.55019   0.23538   8.00000  6
   0.11368  -0.70833   0.04919   0.15859   8.00000  7
   0.12474  -0.84183  -0.07245   0.20969   8.00000  8
  -1.07904  -0.36989  -0.50653  -0.02450   8.00000  9
  -0.31169   0.86260   0.77106  -0.00260   8.00000 10
   0.27098  -0.84712   0.19940  -0.60317   8.00000 11
   0.55414   0.50998  -0.32326   0.07558   8.00000 12
  -0.08114   0.92954  -0.94248  -0.29656   8.00000 13
   0.16299   0.73609  -0.14895   0.39222   8.00000 14
   0.31185   0.17062   0.62654  -0.22034   8.00000 15
   0.42491   0.39801  -0.14175   0.41745   8.00000 16
   0.25123   0.75883   0.15708   0.16558   8.00000 17
  -0.26992   0.78144  -0.46864   0.63603   8.00000 18
  -0.04766   0.73180   0.33961   0.03322   8.00000 19
   0.13703   0.66111   0.23343  -0.66069   8.00000 20
   0.15962  -0.58847  -0.61931   0.06271   8.10000  1
   0.21617  -0.70020  -0.12055   0.08646   8.10000  2
  -0.15441   0.71024   0.61654   0.00750   8.10000  3
  -0.07682   0.73003   0.35550  -0.05613   8.10000  4
   0.04771  -0.91840   0.73110  -0.53053   8.10000  5
   0.32625   0.15225  -0.57787   0.33405   8.10000  6
   0.12297  -0.69517   0.13352   0.10576   8.10000  7
   0.11951  -0.81534  -0.02998   0.31194   8.10000  8
  -1.12893  -0.37216  -0.49168  -0.02096   8.10000  9
  -0.22514   0.85596   0.95048  -0.12642   8.10000 10
   0.28423  -0.90109   0.06769  -0.47665   8.10000 11
   0.51420   0.51610  -0.47815   0.04765   8.10000 12
  -0.17513   0.88883  -0.92762  -0.51308   8.10000 13
   0.14348   0.77148  -0.24162   0.30825   8.10000 14
   0.37468   0.15218   0.61411  -0.14480   8.10000 15
   0.40728   0.44144  -0.21171   0.45319   8.10000 16
   0.25834   0.77038  -0.01386   0.06415   8.10000 17
  -0.30616   0.84379  -0.24752   0.60369   8.10000 18
  -0.01489   0.73592   0.31331   0.04537   8.10000 19
   0.15752   0.59981   0.17764  -0.56216   8.10000 20
