  -0.08846   1.41714  -0.01644   0.02388   0.10000  1
  -0.28186   1.45567   0.03235  -0.01728   0.10000  2
   0.41897  -1.08040  -0.03683  -0.00505   0.10000  3
   0.25994  -0.96406   0.01611  -0.03312   0.10000  4
   0.14329   1.51312  -0.02955   0.01140   0.10000  5
   0.34132   1.51694  -0.06826   0.00953   0.10000  6
  -0.07862   0.06506   0.04296   0.02703   0.10000  7
   0.09692  -0.02300  -0.03025   0.04245   0.10000  8
   0.18875  -1.69658  -0.04177   0.06975   0.10000  9
   0.04987  -1.56259   0.05960  -0.02781   0.10000 10
  -0.19740   1.98193   0.03534  -0.00942   0.10000 11
  -0.27580   2.16343   0.04083  -0.05708   0.10000 12
   0.13597   0.38298  -0.03229  -0.03442   0.10000 13
  -0.00806   0.24754   0.01637  -0.01927   0.10000 14
  -0.34898   1.13800   0.01648   0.06060   0.10000 15
  -0.43593   1.31439   0.06499   0.01001   0.10000 16
   0.05716   2.08202  -0.03839  -0.05882   0.10000 17
   0.05220   1.88484  -0.03124  -0.00380   0.10000 18
   0.21429  -1.52252  -0.04852  -0.03382   0.10000 19
   0.06591  -1.64712   0.04850   0.04525   0.10000 20
  -0.09095   1.42071  -0.03347   0.04752   0.20000  1
  -0.27699   1.45309   0.06513  -0.03443   0.20000  2
   0.41343  -1.08116  -0.07398  -0.01005   0.20000  3
   0.26236  -0.96906   0.03238  -0.06697   0.20000  4
   0.13884   1.51484  -0.05964   0.02298   0.20000  5
   0.33104   1.51838  -0.13770   0.01932   0.20000  6
  -0.07215   0.06913   0.08646   0.05447   0.20000  7
   0.09237  -0.01657  -0.06086   0.08643   0.20000  8
   0.18247  -1.68604  -0.08390   0.14140   0.20000  9
   0.05886  -1.56673   0.12033  -0.05465   0.20000 10
  -0.19207   1.98050   0.07145  -0.01929   0.20000 11
  -0.26963   2.15482   0.08278  -0.11538   0.20000 12
   0.13112   0.37777  -0.06478  -0.07018   0.20000 13
  -0.00560   0.24463   0.03282  -0.03911   0.20000 14
  -0.34648   1.14715   0.03370   0.12286   0.20000 15
  -0.42615   1.31591   0.13088   0.02037   0.20000 16
   0.05136   2.07316  -0.07778  -0.11867   0.20000 17
   0.04749   1.88428  -0.06320  -0.00717   0.20000 18
   0.20696  -1.52767  -0.09846  -0.06955   0.20000 19
   0.07322  -1.64035   0.09786   0.09010   0.20000 20
  -0.09519   1.42662  -0.05166   0.07052   0.30000  1
  -0.26881   1.44880   0.09870  -0.05117   0.30000  2
   0.40415  -1.08241  -0.11172  -0.01494   0.30000  3
   0.26643  -0.97751   0.04890  -0.10232   0.30000  4
   0.13133   1.51773  -0.09088   0.03489   0.30000  5
   0.31370   1.52082  -0.20961   0.02965   0.30000  6
  -0.06129   0.07598   0.13091   0.08276   0.30000  7
   0.08473  -0.00561  -0.09207   0.13362   0.30000  8
   0.17197  -1.66819  -0.12579   0.21619   0.30000  9
   0.07399  -1.57343   0.18248  -0.07852   0.30000 10
  -0.18306   1.97804   0.10916  -0.03022   0.30000 11
  -0.25917   2.14027   0.12707  -0.17624   0.30000 12
   0.12300   0.36885  -0.09758  -0.10878   0.30000 13
  -0.00149   0.23968   0.04935  -0.06010   0.30000 14
  -0.34218   1.16268   0.05262   0.18853   0.30000 15
  -0.40970   1.31849   0.19850   0.03154   0.30000 16
   0.04153   2.05822  -0.11922  -0.18052   0.30000 17
   0.03951   1.88343  -0.09668  -0.00967   0.30000 18
   0.19452  -1.53655  -0.15067  -0.10873   0.30000 19
   0.08552  -1.62915   0.14820   0.13350   0.30000 20
  -0.10133   1.43477  -0.07142   0.09210   0.40000  1
  -0.25722   1.44289   0.13319  -0.06680   0.40000  2
   0.39106  -1.08415  -0.15014  -0.01977   0.40000  3
   0.27215  -0.98960   0.06558  -0.13992   0.40000  4
   0.12060   1.52183  -0.12398   0.04730   0.40000  5
   0.28899   1.52434  -0.28540   0.04085   0.40000  6
  -0.04594   0.08572   0.17623   0.11234   0.40000  7
   0.07394   0.01032  -0.12364   0.18598   0.40000  8
   0.15744  -1.64276  -0.16342   0.29208   0.40000  9
   0.09531  -1.58218   0.24295  -0.09458   0.40000 10
  -0.17016   1.97439   0.14926  -0.04328   0.40000 11
  -0.24409   2.11944   0.17516  -0.24121   0.40000 12
   0.11159   0.35586  -0.13067  -0.15203   0.40000 13
   0.00427   0.23255   0.06581  -0.08284   0.40000 14
  -0.33585   1.18503   0.07480   0.25941   0.40000 15
  -0.38637   1.32227   0.26842   0.04437   0.40000 16
   0.02741   2.03696  -0.16385  -0.24519   0.40000 17
   0.02807   1.88240  -0.13258  -0.01077   0.40000 18
   0.17680  -1.54952  -0.20323  -0.15080   0.40000 19
   0.10282  -1.61378   0.19692   0.17278   0.40000 20
  -0.10953   1.44494  -0.09268   0.11077   0.50000  1
  -0.24215   1.43553   0.16816  -0.07979   0.50000  2
   0.37411  -1.08637  -0.18885  -0.02477   0.50000  3
   0.27953  -1.00559   0.08188  -0.18044   0.50000  4
   0.10643   1.52721  -0.15996   0.06026   0.50000  5
   0.25644   1.52903  -0.36669   0.05323   0.50000  6
  -0.02606   0.09851   0.22097   0.14368   0.50000  7
   0.06004   0.03184  -0.15401   0.24576   0.50000  8
   0.13985  -1.61015  -0.18377   0.35593   0.50000  9
   0.12209  -1.59175   0.28798  -0.09247   0.50000 10
  -0.15311   1.96924   0.19229  -0.06060   0.50000 11
  -0.22395   2.09182   0.22882  -0.31223   0.50000 12
   0.09687   0.33821  -0.16360  -0.20219   0.50000 13
   0.01165   0.22304   0.08169  -0.10780   0.50000 14
  -0.32702   1.21479   0.10308   0.33705   0.50000 15
  -0.35594   1.32748   0.34049   0.06061   0.50000 16
   0.00862   2.00908  -0.21267  -0.31278   0.50000 17
   0.01288   1.88134  -0.17195  -0.01004   0.50000 18
   0.15422  -1.56653  -0.24466  -0.18648   0.50000 19
   0.12452  -1.59491   0.23350   0.20230   0.50000 20
  -0.11987   1.45674  -0.11402   0.12394   0.60000  1
  -0.22363   1.42712   0.20182  -0.08696   0.60000  2
   0.35333  -1.08913  -0.22629  -0.03085   0.60000  3
   0.28846  -1.02579   0.09601  -0.22407   0.60000  4
   0.08847   1.53390  -0.20029   0.07373   0.60000  5
   0.21540   1.53504  -0.45534   0.06716   0.60000  6
  -0.00192   0.11454   0.26015   0.17756   0.60000  7
   0.04334   0.05978  -0.17825   0.31466   0.60000  8
   0.12193  -1.57294  -0.16823   0.37993   0.60000  9
   0.15150  -1.59965   0.29227  -0.06071   0.60000 10
  -0.13163   1.96198   0.23726  -0.08673   0.60000 11
  -0.19808   2.05671   0.28993  -0.39175   0.60000 12
   0.07892   0.31510  -0.19493  -0.26203   0.60000 13
   0.02055   0.21092   0.09567  -0.13468   0.60000 14
  -0.31486   1.25267   0.14269   0.42154   0.60000 15
  -0.31826   1.33463   0.41281   0.08436   0.60000 16
  -0.01526   1.97437  -0.26537  -0.38107   0.60000 17
  -0.00647   1.88045  -0.21573  -0.00765   0.60000 18
   0.12914  -1.58573  -0.24876  -0.18978   0.60000 19
   0.14844  -1.57395   0.23860   0.21341   0.60000 20
  -0.13219   1.46943  -0.13100   0.12817   0.70000  1
  -0.20197   1.41852   0.23007  -0.08229   0.70000  2
   0.32903  -1.09266  -0.25828  -0.04066   0.70000  3
   0.29852  -1.05047   0.10355  -0.26943   0.70000  4
   0.06615   1.54196  -0.24743   0.08732   0.70000  5
   0.16506   1.54252  -0.55312   0.08279   0.70000  6
   0.02541   0.13414   0.28215   0.21509   0.70000  7
   0.02495   0.09502  -0.18526   0.39052   0.70000  8
   0.10723  -1.53569  -0.12250   0.35959   0.70000  9
   0.17915  -1.60315   0.25600  -0.00711   0.70000 10
  -0.10581   1.95129   0.27672  -0.13111   0.70000 11
  -0.16568   2.01309   0.35910  -0.48288   0.70000 12
   0.05806   0.28540  -0.22093  -0.33400   0.70000 13
   0.03062   0.19614   0.10451  -0.16003   0.70000 14
  -0.29782   1.29921   0.20213   0.50894   0.70000 15
  -0.27353   1.34488   0.48052   0.12436   0.70000 16
  -0.04439   1.93310  -0.31545  -0.44190   0.70000 17
  -0.03041   1.87978  -0.26335  -0.00632   0.70000 18
   0.10602  -1.60291  -0.20799  -0.14768   0.70000 19
   0.17109  -1.55284   0.21056   0.20664   0.70000 20
  -0.14564   1.48200  -0.13468   0.12162   0.80000  1
  -0.17798   1.41140   0.24774  -0.05529   0.80000  2
   0.30210  -1.09757  -0.27761  -0.05973   0.80000  3
   0.30869  -1.07960   0.09691  -0.31247   0.80000  4
   0.03862   1.55134  -0.30552   0.10011   0.80000  5
   0.10445   1.55164  -0.66075   0.09964   0.80000  6
   0.05340   0.15761   0.27134   0.25336   0.80000  7
   0.00732   0.13771  -0.16176   0.46025   0.80000  8
   0.09775  -1.50159  -0.06629   0.32144   0.80000  9
   0.20221  -1.60086   0.20422   0.05347   0.80000 10
  -0.07720   1.93472   0.28874  -0.20595   0.80000 11
  -0.12621   1.95965   0.42866  -0.58806   0.80000 12
   0.03519   0.24798  -0.23289  -0.41450   0.80000 13
   0.04107   0.17936   0.10188  -0.17149   0.80000 14
  -0.27348   1.35426   0.28963   0.59026   0.80000 15
  -0.22254   1.36047   0.53670   0.19291   0.80000 16
  -0.07756   1.88672  -0.34149  -0.48159   0.80000 17
  -0.05903   1.87885  -0.30683  -0.01563   0.80000 18
   0.08818  -1.61451  -0.14755  -0.08262   0.80000 19
   0.19014  -1.53279   0.16957   0.19428   0.80000 20
  -0.15827   1.49358  -0.11242   0.11038   0.90000  1
  -0.15275   1.40875   0.25584   0.01028   0.90000  2
   0.27410  -1.10512  -0.27971  -0.09383   0.90000  3
   0.31724  -1.11274   0.07097  -0.34919   0.90000  4
   0.00448   1.56189  -0.38067   0.11030   0.90000  5
   0.03269   1.56240  -0.77473   0.11497   0.90000  6
   0.07832   0.18420   0.22110   0.27316   0.90000  7
  -0.00640   0.18588  -0.10960   0.49390   0.90000  8
   0.09403  -1.47141  -0.00796   0.28268   0.90000  9
   0.21995  -1.59241   0.15060   0.11577   0.90000 10
  -0.04966   1.90913   0.25480  -0.30940   0.90000 11
  -0.08107   1.89531   0.46365  -0.69681   0.90000 12
   0.01241   0.20317  -0.21756  -0.47296   0.90000 13
   0.05043   0.16297   0.08301  -0.15048   0.90000 14
  -0.23898   1.41681   0.40418   0.65851   0.90000 15
  -0.16682   1.38462   0.57361   0.29545   0.90000 16
  -0.11103   1.83737  -0.31926  -0.50536   0.90000 17
  -0.09075   1.87555  -0.31929  -0.05892   0.90000 18
   0.07659  -1.61928  -0.08429  -0.01242   0.90000 19
   0.20499  -1.51391   0.12774   0.18398   0.90000 20
  -0.16677   1.50467  -0.04974   0.11802   1.00000  1
  -0.12680   1.41529   0.26344   0.13013   1.00000  2
   0.24658  -1.11685  -0.26915  -0.14320   1.00000  3
   0.32236  -1.14929   0.02942  -0.38163   1.00000  4
  -0.03818   1.57322  -0.47470   0.11492   1.00000  5
  -0.05017   1.57431  -0.87685   0.12043   1.00000  6
   0.09690   0.21105   0.14936   0.25903   1.00000  7
  -0.01446   0.23428  -0.05272   0.46499   1.00000  8
   0.09619  -1.44491   0.05131   0.24807   1.00000  9
   0.23238  -1.57767   0.09833   0.17927   1.00000 10
  -0.02728   1.87226   0.18943  -0.43077   1.00000 11
  -0.03607   1.82114   0.42460  -0.78316   1.00000 12
  -0.00739   0.15591  -0.17529  -0.46058   1.00000 13
   0.05733   0.15015   0.05414  -0.10385   1.00000 14
  -0.19221   1.48557   0.53099   0.71530   1.00000 15
  -0.10894   1.42050   0.57622   0.42637   1.00000 16
  -0.13997   1.78503  -0.25479  -0.54711   1.00000 17
  -0.12103   1.86494  -0.27973  -0.16301   1.00000 18
   0.07127  -1.61699  -0.02227   0.05826   1.00000 19
   0.21576  -1.49584   0.08800   0.17852   1.00000 20
  -0.16665   1.51916   0.05699   0.18287   1.10000  1
  -0.10027   1.43648   0.26412   0.29992   1.10000  2
   0.22044  -1.13417  -0.25312  -0.20494   1.10000  3
   0.32281  -1.18913  -0.02177  -0.41594   1.10000  4
  -0.09022   1.58466  -0.55795   0.11422   1.10000  5
  -0.14008   1.58591  -0.89729   0.11188   1.10000  6
   0.10832   0.23549   0.08033   0.22874   1.10000  7
  -0.01729   0.27796  -0.00530   0.40740   1.10000  8
   0.10435  -1.42164   0.11233   0.21803   1.10000  9
   0.23965  -1.55649   0.04727   0.24474   1.10000 10
  -0.01226   1.82245   0.10863  -0.56800   1.10000 11
   0.00190   1.73884   0.32521  -0.86272   1.10000 12
  -0.02239   0.11245  -0.12485  -0.40568   1.10000 13
   0.06123   0.14225   0.02402  -0.05487   1.10000 14
  -0.13360   1.55966   0.62862   0.76394   1.10000 15
  -0.05372   1.47046   0.51519   0.57261   1.10000 16
  -0.16137   1.72652  -0.17052  -0.63045   1.10000 17
  -0.14612   1.84150  -0.22121  -0.31120   1.10000 18
   0.07210  -1.60759   0.03891   0.13005   1.10000 19
   0.22266  -1.47800   0.05041   0.17941   1.10000 20
  -0.15549   1.54301   0.16104   0.29825   1.20000  1
  -0.07485   1.47596   0.23997   0.49044   1.20000  2
   0.19603  -1.15823  -0.23480  -0.27835   1.20000  3
   0.31774  -1.23272  -0.08113  -0.45752   1.20000  4
  -0.14640   1.59674  -0.54559   0.13170   1.20000  5
  -0.22385   1.59770  -0.75702   0.12847   1.20000  6
   0.11326   0.25678   0.01983   0.19759   1.20000  7
  -0.01577   0.31581   0.03461   0.35050   1.20000  8
   0.11875  -1.40117   0.17614   0.19188   1.20000  9
   0.24186  -1.52861  -0.00316   0.31335   1.20000 10
  -0.00616   1.75812   0.00977  -0.72122   1.20000 11
   0.02702   1.64895   0.16885  -0.92862   1.20000 12
  -0.03251   0.07497  -0.07856  -0.34390   1.20000 13
   0.06225   0.13894  -0.00291  -0.01252   1.20000 14
  -0.07067   1.63687   0.61219   0.76708   1.20000 15
  -0.00815   1.53437   0.38936   0.70062   1.20000 16
  -0.17339   1.65805  -0.06637  -0.73472   1.20000 17
  -0.16515   1.80179  -0.15772  -0.48685   1.20000 18
   0.07908  -1.59086   0.10088   0.20542   1.20000 19
   0.22590  -1.45968   0.01462   0.18841   1.20000 20
  -0.13573   1.57850   0.22849   0.40321   1.30000  1
  -0.05293   1.53420   0.19635   0.66788   1.30000  2
   0.17359  -1.19030  -0.21301  -0.36572   1.30000  3
   0.30621  -1.28099  -0.15196  -0.50977   1.30000  4
  -0.19623   1.61106  -0.44065   0.15066   1.30000  5
  -0.28953   1.61157  -0.55421   0.14553   1.30000  6
   0.11253   0.27513  -0.03324   0.17018   1.30000  7
  -0.01054   0.34821   0.06927   0.29807   1.30000  8
   0.13967  -1.38317   0.24252   0.16835   1.30000  9
   0.23904  -1.49367  -0.05288   0.38620   1.30000 10
  -0.01086   1.67825  -0.10328  -0.86753   1.30000 11
   0.03489   1.55612  -0.00871  -0.90412   1.30000 12
  -0.03834   0.04361  -0.03917  -0.28372   1.30000 13
   0.06080   0.13954  -0.02513   0.02361   1.30000 14
  -0.01302   1.70959   0.53420   0.66837   1.30000 15
   0.02346   1.60885   0.23992   0.77186   1.30000 16
  -0.17443   1.58275   0.04380  -0.74683   1.30000 17
  -0.17713   1.74377  -0.07878  -0.67202   1.30000 18
   0.09237  -1.56627   0.16559   0.28808   1.30000 19
   0.22565  -1.43997  -0.01912   0.20770   1.30000 20
  -0.11068   1.62096   0.26810   0.43083   1.40000  1
  -0.03614   1.60641   0.13513   0.75324   1.40000  2
   0.15375  -1.23195  -0.18129  -0.47044   1.40000  3
   0.28674  -1.33496  -0.24100  -0.56948   1.40000  4
  -0.23331   1.62600  -0.29909   0.14428   1.40000  5
  -0.33496   1.62614  -0.35778   0.14278   1.40000  6
   0.10681   0.29098  -0.08013   0.14761   1.40000  7
  -0.00206   0.37553   0.09947   0.24857   1.40000  8
   0.16717  -1.36754   0.30563   0.14345   1.40000  9
   0.23138  -1.45126  -0.09936   0.46206   1.40000 10
  -0.02615   1.58852  -0.20003  -0.90100   1.40000 11
   0.02666   1.47211  -0.14722  -0.76724   1.40000 12
  -0.04057   0.01813  -0.00648  -0.22629   1.40000 13
   0.05738   0.14353  -0.04253   0.05576   1.40000 14
   0.03527   1.76822   0.43128   0.50356   1.40000 15
   0.03935   1.68465   0.08022   0.72804   1.40000 16
  -0.16520   1.51331   0.13653  -0.62779   1.40000 17
  -0.18048   1.66860   0.01275  -0.81871   1.40000 18
   0.11235  -1.53283   0.23496   0.38320   1.40000 19
   0.22220  -1.41778  -0.04915   0.23757   1.40000 20
  -0.08324   1.66202   0.27633   0.38337   1.50000  1
  -0.02641   1.68069   0.06152   0.72075   1.50000  2
   0.13818  -1.28487  -0.12415  -0.58839   1.50000  3
   0.25739  -1.39399  -0.34632  -0.59936   1.50000  4
  -0.25624   1.63901  -0.16297   0.11166   1.50000  5
  -0.36187   1.63954  -0.18479   0.12301   1.50000  6
   0.09670   0.30483  -0.12103   0.13017   1.50000  7
   0.00920   0.39796   0.12486   0.20017   1.50000  8
   0.19990  -1.35498   0.34045   0.10359   1.50000  9
   0.21949  -1.40174  -0.13658   0.52122   1.50000 10
  -0.05010   1.50206  -0.27439  -0.82121   1.50000 11
   0.00683   1.40274  -0.24487  -0.62318   1.50000 12
  -0.03983  -0.00173   0.02031  -0.17139   1.50000 13
   0.05244   0.15063  -0.05553   0.08609   1.50000 14
   0.07339   1.81110   0.33124   0.35933   1.50000 15
   0.04089   1.75305  -0.04108   0.63798   1.50000 16
  -0.14805   1.45791   0.20246  -0.48262   1.50000 17
  -0.17471   1.58408   0.09950  -0.85190   1.50000 18
   0.13955  -1.48901   0.30955   0.49630   1.50000 19
   0.21600  -1.39252  -0.07450   0.26441   1.50000 20
  -0.05583   1.69781   0.27059   0.33761   1.60000  1
  -0.02265   1.74983   0.02009   0.66126   1.60000  2
   0.13038  -1.34891  -0.02496  -0.68178   1.60000  3
   0.21847  -1.45120  -0.42216  -0.52712   1.60000  4
  -0.26692   1.64794  -0.05592   0.06730   1.60000  5
  -0.37281   1.65045  -0.03800   0.09461   1.60000  6
   0.08284   0.31718  -0.15488   0.11783   1.60000  7
   0.02270   0.41555   0.14397   0.15151   1.60000  8
   0.23274  -1.34766   0.30286   0.04134   1.60000  9
   0.20437  -1.34960  -0.16362   0.50592   1.60000 10
  -0.08020   1.42404  -0.32322  -0.74134   1.60000 11
  -0.02182   1.34689  -0.32645  -0.49590   1.60000 12
  -0.03668  -0.01622   0.04198  -0.11854   1.60000 13
   0.04640   0.16074  -0.06471   0.11629   1.60000 14
   0.10135   1.84118   0.22691   0.24763   1.60000 15
   0.03268   1.81210  -0.11656   0.54222   1.60000 16
  -0.12540   1.41576   0.24647  -0.36710   1.60000 17
  -0.16144   1.50029   0.16263  -0.82255   1.60000 18
   0.17409  -1.43329   0.37592   0.61396   1.60000 19
   0.20723  -1.36610  -0.10092   0.25684   1.60000 20
  -0.02936   1.73073   0.25757   0.32615   1.70000  1
  -0.02131   1.81290   0.01111   0.59981   1.70000  2
   0.13377  -1.41767   0.08941  -0.67501   1.70000  3
   0.17530  -1.49713  -0.43173  -0.38822   1.70000  4
  -0.26837   1.65279   0.02300   0.03172   1.70000  5
  -0.37017   1.65847   0.08787   0.06599   1.70000  6
   0.06603   0.32854  -0.17944   0.10996   1.70000  7
   0.03770   0.42823   0.15424   0.10202   1.70000  8
   0.25844  -1.34624   0.20587  -0.00789   1.70000  9
   0.18772  -1.30324  -0.16269   0.41355   1.70000 10
  -0.11357   1.35370  -0.33657  -0.66476   1.70000 11
  -0.05808   1.30331  -0.39604  -0.37642   1.70000 12
  -0.03158  -0.02550   0.05918  -0.06732   1.70000 13
   0.03961   0.17393  -0.07062   0.14769   1.70000 14
   0.11855   1.86161   0.11638   0.16542   1.70000 15
   0.01869   1.86136  -0.15870   0.44248   1.70000 16
  -0.09997   1.38289   0.25418  -0.29916   1.70000 17
  -0.14260   1.41909   0.21213  -0.80423   1.70000 18
   0.21244  -1.36865   0.37853   0.66291   1.70000 19
   0.19625  -1.34234  -0.11367   0.21530   1.70000 20
  -0.00460   1.76387   0.23629   0.33966   1.80000  1
  -0.01982   1.86967   0.02046   0.53483   1.80000  2
   0.14656  -1.48167   0.15624  -0.60121   1.80000  3
   0.13332  -1.52945  -0.40347  -0.26333   1.80000  4
  -0.26300   1.65469   0.08162   0.00811   1.80000  5
  -0.35574   1.66375   0.19860   0.04024   1.80000  6
   0.04735   0.33927  -0.19199   0.10485   1.80000  7
   0.05316   0.43595   0.15273   0.05241   1.80000  8
   0.27369  -1.34792   0.10078  -0.01920   1.80000  9
   0.17308  -1.26727  -0.12582   0.30751   1.80000 10
  -0.14594   1.29119  -0.30410  -0.58571   1.80000 11
  -0.10016   1.27138  -0.43912  -0.26474   1.80000 12
  -0.02497  -0.02972   0.07245  -0.01740   1.80000 13
   0.03237   0.19036  -0.07381   0.18133   1.80000 14
   0.12457   1.87501   0.00388   0.10578   1.80000 15
   0.00172   1.90058  -0.17699   0.34248   1.80000 16
  -0.07619   1.35425   0.21470  -0.28035   1.80000 17
  -0.11967   1.33915   0.24102  -0.79377   1.80000 18
   0.24810  -1.30338   0.32941   0.63303   1.80000 19
   0.18568  -1.32294  -0.09288   0.17547   1.80000 20
   0.01767   1.79910   0.20812   0.36631   1.90000  1
  -0.01704   1.91960   0.03522   0.46207   1.90000  2
   0.16324  -1.53779   0.17065  -0.52137   1.90000  3
   0.09537  -1.55094  -0.35249  -0.17223   1.90000  4
  -0.25251   1.65476   0.12612  -0.00506   1.90000  5
  -0.33084   1.66664   0.29746   0.01830   1.90000  6
   0.02809   0.34951  -0.19093   0.09978   1.90000  7
   0.06779   0.43878   0.13757   0.00462   1.90000  8
   0.27920  -1.34904   0.01279   0.00000   1.90000  9
   0.16305  -1.24114  -0.07363   0.21812   1.90000 10
  -0.17343   1.23631  -0.24320  -0.51333   1.90000 11
  -0.14428   1.24935  -0.43453  -0.18366   1.90000 12
  -0.01721  -0.02901   0.08226   0.03156   1.90000 13
   0.02493   0.21029  -0.07468   0.21796   1.90000 14
   0.11937   1.88331  -0.10745   0.06253   1.90000 15
  -0.01603   1.93005  -0.17459   0.24840   1.90000 16
  -0.05791   1.32588   0.14887  -0.28995   1.90000 17
  -0.09586   1.26101   0.22705  -0.76364   1.90000 18
   0.27767  -1.24329   0.26063   0.56553   1.90000 19
   0.17823  -1.30660  -0.05524   0.15407   1.90000 20
   0.03681   1.83725   0.17323   0.39663   2.00000  1
  -0.01290   1.96169   0.04652   0.37749   2.00000  2
   0.17977  -1.58600   0.15738  -0.44342   2.00000  3
   0.06317  -1.56484  -0.29096  -0.10920   2.00000  4
  -0.23807   1.65397   0.16168  -0.00943   2.00000  5
  -0.29662   1.66756   0.38501   0.00096   2.00000  6
   0.00960   0.35914  -0.17697   0.09225   2.00000  7
   0.08023   0.43701   0.10916  -0.03923   2.00000  8
   0.27680  -1.34757  -0.05861   0.03046   2.00000  9
   0.15838  -1.22312  -0.02008   0.14430   2.00000 10
  -0.19445   1.18829  -0.17784  -0.44803   2.00000 11
  -0.18565   1.23301  -0.38858  -0.14997   2.00000 12
  -0.00862  -0.02343   0.08903   0.07989   2.00000 13
   0.01750   0.23406  -0.07340   0.25806   2.00000 14
   0.10321   1.88797  -0.21475   0.03296   2.00000 15
  -0.03253   1.95062  -0.15218   0.16489   2.00000 16
  -0.04652   1.29598   0.07954  -0.30835   2.00000 17
  -0.07545   1.18745   0.17846  -0.70428   2.00000 18
   0.30018  -1.19052   0.19019   0.48989   2.00000 19
   0.17465  -1.29175  -0.01682   0.14414   2.00000 20
   0.05194   1.87817   0.12659   0.41909   2.10000  1
  -0.00798   1.99468   0.05073   0.28044   2.10000  2
   0.19446  -1.62667   0.13583  -0.37115   2.10000  3
   0.03712  -1.57331  -0.23081  -0.06208   2.10000  4
  -0.22029   1.65313   0.19381  -0.00596   2.10000  5
  -0.25429   1.66704   0.45907  -0.01009   2.10000  6
  -0.00695   0.36785  -0.15252   0.08140   2.10000  7
   0.08924   0.43110   0.06941  -0.07794   2.10000  8
   0.26785  -1.34283  -0.11870   0.06492   2.10000  9
   0.15891  -1.21194   0.02993   0.08069   2.10000 10
  -0.20925   1.14654  -0.11970  -0.38796   2.10000 11
  -0.22154   1.21842  -0.32804  -0.14492   2.10000 12
   0.00051  -0.01304   0.09318   0.12805   2.10000 13
   0.01032   0.26202  -0.06988   0.30149   2.10000 14
   0.07680   1.89044  -0.31041   0.01980   2.10000 15
  -0.04588   1.96341  -0.11235   0.09264   2.10000 16
  -0.04181   1.26420   0.01567  -0.32703   2.10000 17
  -0.06030   1.12038   0.12504  -0.63735   2.10000 18
   0.31590  -1.14521   0.12525   0.41696   2.10000 19
   0.17474  -1.27761   0.01790   0.13901   2.10000 20
   0.06139   1.92032   0.05850   0.41969   2.20000  1
  -0.00300   2.01747   0.04774   0.17422   2.20000  2
   0.20691  -1.66047   0.11321  -0.30595   2.20000  3
   0.01685  -1.57751  -0.17537  -0.02297   2.20000  4
  -0.19923   1.65302   0.22834   0.00504   2.20000  5
  -0.20540   1.66585   0.51532  -0.01178   2.20000  6
  -0.02064   0.37535  -0.12007   0.06850   2.20000  7
   0.09379   0.42161   0.01996  -0.11096   2.20000  8
   0.25335  -1.33446  -0.16986   0.10321   2.20000  9
   0.16420  -1.20676   0.07493   0.02388   2.20000 10
  -0.21865   1.11049  -0.06931  -0.33413   2.20000 11
  -0.25113   1.20362  -0.26324  -0.15235   2.20000 12
   0.00994   0.00219   0.09507   0.17667   2.20000 13
   0.00362   0.29442  -0.06367   0.34663   2.20000 14
   0.04198   1.89268  -0.38081   0.02850   2.20000 15
  -0.05459   1.96945  -0.06033   0.02947   2.20000 16
  -0.04316   1.23061  -0.04161  -0.34467   2.20000 17
  -0.05027   1.05980   0.07643  -0.57546   2.20000 18
   0.32545  -1.10700   0.06671   0.34784   2.20000 19
   0.17808  -1.26393   0.04806   0.13463   2.20000 20
   0.06299   1.96127  -0.02851   0.39559   2.30000  1
   0.00135   2.02940   0.03811   0.06440   2.30000  2
   0.21713  -1.68808   0.09140  -0.24721   2.30000  3
   0.00190  -1.57804  -0.12433   0.01202   2.30000  4
  -0.17441   1.65440   0.26898   0.02382   2.30000  5
  -0.15197   1.66513   0.54918  -0.00010   2.30000  6
  -0.03076   0.38160  -0.08135   0.05706   2.30000  7
   0.09294   0.40915  -0.03844  -0.13664   2.30000  8
   0.23421  -1.32202  -0.21119   0.14638   2.30000  9
   0.17369  -1.20698   0.11344  -0.02743   2.30000 10
  -0.22329   1.07947  -0.02411  -0.28748   2.30000 11
  -0.27414   1.18774  -0.19673  -0.16618   2.30000 12
   0.01946   0.02234   0.09496   0.22663   2.30000 13
  -0.00230   0.33124  -0.05405   0.38849   2.30000 14
   0.00167   1.89664  -0.42053   0.05164   2.30000 15
  -0.05777   1.96953  -0.00316  -0.02666   2.30000 16
  -0.04995   1.19527  -0.09324  -0.36237   2.30000 17
  -0.04484   1.00503   0.03298  -0.52116   2.30000 18
   0.32943  -1.07556   0.01386   0.28114   2.30000 19
   0.18417  -1.25076   0.07273   0.12804   2.30000 20
   0.05557   1.99876  -0.11912   0.35070   2.40000  1
   0.00440   2.03047   0.02158  -0.04154   2.40000  2
   0.22523  -1.71009   0.07082  -0.19374   2.40000  3
  -0.00813  -1.57518  -0.07670   0.04493   2.40000  4
  -0.14528   1.65808   0.31406   0.05129   2.40000  5
  -0.09642   1.66637   0.55750   0.02742   2.40000  6
  -0.03676   0.38700  -0.03807   0.05269   2.40000  7
   0.08584   0.39468  -0.10449  -0.15004   2.40000  8
   0.21160  -1.30503  -0.23774   0.19382   2.40000  9
   0.18656  -1.21203   0.14205  -0.07212   2.40000 10
  -0.22357   1.05275   0.01818  -0.24811   2.40000 11
  -0.29045   1.17023  -0.12936  -0.18471   2.40000 12
   0.02887   0.04760   0.09296   0.27915   2.40000 13
  -0.00707   0.37167  -0.04092   0.41673   2.40000 14
  -0.04108   1.90292  -0.42859   0.07240   2.40000 15
  -0.05538   1.96437   0.04902  -0.07506   2.40000 16
  -0.06166   1.15808  -0.14054  -0.38182   2.40000 17
  -0.04354   0.95532  -0.00635  -0.47434   2.40000 18
   0.32838  -1.05075  -0.03403   0.21519   2.40000 19
   0.19237  -1.23846   0.08974   0.11716   2.40000 20
   0.03953   2.03062  -0.19884   0.28200   2.50000  1
   0.00538   2.02155  -0.00366  -0.13395   2.50000  2
   0.23134  -1.72696   0.05155  -0.14436   2.50000  3
  -0.01353  -1.56908  -0.03164   0.07691   2.50000  4
  -0.11166   1.66498   0.35741   0.08834   2.50000  5
  -0.04136   1.67105   0.53941   0.06783   2.50000  6
  -0.03832   0.39254   0.00673   0.06009   2.50000  7
   0.07196   0.37980  -0.17257  -0.14410   2.50000  8
   0.18745  -1.28330  -0.24046   0.23971   2.50000  9
   0.20155  -1.22103   0.15432  -0.10520   2.50000 10
  -0.21970   1.02961   0.05897  -0.21586   2.50000 11
  -0.29999   1.15064  -0.06132  -0.20789   2.50000 12
   0.03798   0.07831   0.08877   0.33585   2.50000 13
  -0.01045   0.41373  -0.02697   0.41976   2.50000 14
  -0.08269   1.91069  -0.39638   0.08076   2.50000 15
  -0.04857   1.95493   0.08336  -0.11110   2.50000 16
  -0.07796   1.11879  -0.18490  -0.40463   2.50000 17
  -0.04600   0.90993  -0.04242  -0.43452   2.50000 18
   0.32277  -1.03255  -0.07750   0.14861   2.50000 19
   0.20176  -1.22749   0.09614   0.10175   2.50000 20
   0.01657   2.05428  -0.25605   0.18734   2.60000  1
   0.00331   2.00436  -0.03921  -0.20664   2.60000  2
   0.23559  -1.73906   0.03361  -0.09792   2.60000  3
  -0.01452  -1.55980   0.01150   0.10865   2.60000  4
  -0.07406   1.67605   0.39295   0.13443   2.60000  5
   0.01072   1.68013   0.49902   0.11429   2.60000  6
  -0.03551   0.39937   0.04841   0.07770   2.60000  7
   0.05160   0.36657  -0.23240  -0.11742   2.60000  8
   0.16457  -1.25756  -0.21216   0.27176   2.60000  9
   0.21667  -1.23237   0.14427  -0.11762   2.60000 10
  -0.21181   1.00934   0.09869  -0.19088   2.60000 11
  -0.30268   1.12848   0.00762  -0.23639   2.60000 12
   0.04652   0.11498   0.08141   0.39878   2.60000 13
  -0.01263   0.45478  -0.01769   0.39806   2.60000 14
  -0.11904   1.91861  -0.32534   0.07576   2.60000 15
  -0.03949   1.94269   0.09480  -0.13141   2.60000 16
  -0.09858   1.07701  -0.22729  -0.43161   2.60000 17
  -0.05193   0.86819  -0.07564  -0.40143   2.60000 18
   0.31302  -1.02108  -0.11698   0.08038   2.60000 19
   0.21119  -1.21819   0.09047   0.08419   2.60000 20
  -0.01081   2.06751  -0.28751   0.07544   2.70000  1
  -0.00267   1.98074  -0.08079  -0.26394   2.70000  2
   0.23810  -1.74661   0.01700  -0.05337   2.70000  3
  -0.01127  -1.54734   0.05328   0.14058   2.70000  4
  -0.03344   1.69212   0.41750   0.18813   2.70000  5
   0.05792   1.69397   0.44261   0.16260   2.70000  6
  -0.02893   0.40819   0.08132   0.09868   2.70000  7
   0.02607   0.35679  -0.27460  -0.07630   2.70000  8
   0.14588  -1.22971  -0.15851   0.28141   2.70000  9
   0.22977  -1.24370   0.11550  -0.10498   2.70000 10
  -0.20004   0.99115   0.13574  -0.17465   2.70000 11
  -0.29842   1.10315   0.07781  -0.27151   2.70000 12
   0.05408   0.15834   0.06853   0.46992   2.70000 13
  -0.01425   0.49299  -0.01600   0.36572   2.70000 14
  -0.14701   1.92557  -0.23159   0.06261   2.70000 15
  -0.03014   1.92901   0.09027  -0.14118   2.70000 16
  -0.12332   1.03236  -0.26666  -0.46157   2.70000 17
  -0.06102   0.82942  -0.10571  -0.37519   2.70000 18
   0.29949  -1.01656  -0.15309   0.00960   2.70000 19
   0.21952  -1.21060   0.07489   0.06799   2.70000 20
  -0.04023   2.06919  -0.29779  -0.04205   2.80000  1
  -0.01270   1.95185  -0.11797  -0.31247   2.80000  2
   0.23903  -1.74976   0.00164  -0.00977   2.80000  3
  -0.00389  -1.53167   0.09435   0.17315   2.80000  4
   0.00900   1.71389   0.42868   0.24836   2.80000  5
   0.09882   1.71266   0.37354   0.21112   2.80000  6
  -0.01975   0.41903   0.09927   0.11782   2.80000  7
  -0.00248   0.35160  -0.29179  -0.02611   2.80000  8
   0.13325  -1.20190  -0.09309   0.27237   2.80000  9
   0.23949  -1.25274   0.07799  -0.07363   2.80000 10
  -0.18495   0.97396   0.16352  -0.17192   2.80000 11
  -0.28708   1.07389   0.14897  -0.31533   2.80000 12
   0.05990   0.20926   0.04582   0.54986   2.80000 13
  -0.01607   0.52802  -0.02147   0.33610   2.80000 14
  -0.16506   1.93104  -0.12860   0.04631   2.80000 15
  -0.02171   1.91451   0.07751  -0.14905   2.80000 16
  -0.15159   0.98477  -0.29586  -0.48911   2.80000 17
  -0.07292   0.79291  -0.13136  -0.35626   2.80000 18
   0.28249  -1.01928  -0.18654  -0.06481   2.80000 19
   0.22596  -1.20446   0.05318   0.05545   2.80000 20
  -0.06984   2.05912  -0.29195  -0.15885   2.90000  1
  -0.02572   1.91856  -0.13880  -0.35098   2.90000  2
   0.23847  -1.74856  -0.01253   0.03376   2.90000  3
   0.00759  -1.51267   0.13536   0.20700   2.90000  4
   0.05168   1.74192   0.42106   0.31204   2.90000  5
   0.13223   1.73614   0.29265   0.25791   2.90000  6
  -0.00969   0.43169   0.09888   0.13535   2.90000  7
  -0.03130   0.35186  -0.27971   0.03298   2.90000  8
   0.12736  -1.17562  -0.02445   0.25193   2.90000  9
   0.24528  -1.25808   0.03775  -0.03194   2.90000 10
  -0.16807   0.95605   0.16979  -0.19032   2.90000 11
  -0.26866   1.03970   0.21893  -0.37056   2.90000 12
   0.06273   0.26851   0.00774   0.63549   2.90000 13
  -0.01877   0.56053  -0.03388   0.31578   2.90000 14
  -0.17263   1.93479  -0.02260   0.02838   2.90000 15
  -0.01476   1.89907   0.06121  -0.16058   2.90000 16
  -0.18163   0.93493  -0.29938  -0.50525   2.90000 17
  -0.08706   0.75790  -0.14997  -0.34529   2.90000 18
   0.26225  -1.02969  -0.21793  -0.14426   2.90000 19
   0.23004  -1.19936   0.02784   0.04742   2.90000 20
  -0.09815   2.03753  -0.27198  -0.27220   3.00000  1
  -0.03960   1.88234  -0.13436  -0.36895   3.00000  2
   0.23656  -1.74299  -0.02556   0.07797   3.00000  3
   0.02320  -1.49019   0.17697   0.24324   3.00000  4
   0.09230   1.77607   0.38647   0.36845   3.00000  5
   0.15699   1.76407   0.20112   0.29969   3.00000  6
  -0.00051   0.44618   0.08254   0.15533   3.00000  7
  -0.05761   0.35865  -0.24350   0.10548   3.00000  8
   0.12837  -1.15176   0.04460   0.22417   3.00000  9
   0.24700  -1.25895  -0.00370   0.01523   3.00000 10
  -0.15182   0.93517   0.15213  -0.23031   3.00000 11
  -0.24350   0.99933   0.28268  -0.43897   3.00000 12
   0.06084   0.33633  -0.04826   0.72010   3.00000 13
  -0.02314   0.59152  -0.05518   0.30558   3.00000 14
  -0.16960   1.93662   0.08290   0.00763   3.00000 15
  -0.00945   1.88228   0.04541  -0.17529   3.00000 16
  -0.21026   0.88414  -0.26745  -0.50934   3.00000 17
  -0.10254   0.72359  -0.15715  -0.34186   3.00000 18
   0.23897  -1.04834  -0.24713  -0.22993   3.00000 19
   0.23143  -1.19483  -0.00057   0.04399   3.00000 20
  -0.12371   2.00491  -0.23599  -0.37856   3.10000  1
  -0.05180   1.84588  -0.10675  -0.35423   3.10000  2
   0.23340  -1.73292  -0.03745   0.12363   3.10000  3
   0.04303  -1.46389   0.21979   0.28361   3.10000  4
   0.12802   1.81476   0.32386   0.39987   3.10000  5
   0.17222   1.79578   0.10279   0.33261   3.10000  6
   0.00641   0.46306   0.05388   0.18467   3.10000  7
  -0.07964   0.37353  -0.19648   0.19503   3.10000  8
   0.13625  -1.13104   0.11241   0.18834   3.10000  9
   0.24449  -1.25493  -0.04690   0.06558   3.10000 10
  -0.13802   0.90948   0.12301  -0.28590   3.10000 11
  -0.21252   0.95151   0.33488  -0.51920   3.10000 12
   0.05258   0.41231  -0.11920   0.79809   3.10000 13
  -0.03021   0.62182  -0.08862   0.30051   3.10000 14
  -0.15624   1.93612   0.18248  -0.01899   3.10000 15
  -0.00555   1.86415   0.03313  -0.18558   3.10000 16
  -0.23404   0.83312  -0.20312  -0.51168   3.10000 17
  -0.11792   0.68941  -0.14712  -0.34163   3.10000 18
   0.21297  -1.07585  -0.27166  -0.32046   3.10000 19
   0.22979  -1.19043  -0.03295   0.04431   3.10000 20
  -0.14458   1.96235  -0.17690  -0.46880   3.20000  1
  -0.06060   1.81256  -0.06847  -0.30779   3.20000  2
   0.22911  -1.71819  -0.04816   0.17147   3.20000  3
   0.06721  -1.43323   0.26416   0.33104   3.20000  4
   0.15652   1.85493   0.24438   0.39844   3.20000  5
   0.17754   1.83019   0.00402   0.35325   3.20000  6
   0.00978   0.48389   0.01017   0.23721   3.20000  7
  -0.09694   0.39821  -0.15040   0.30131   3.20000  8
   0.15059  -1.11464   0.17187   0.13566   3.20000  9
   0.23751  -1.24580  -0.09333   0.11706   3.20000 10
  -0.12719   0.87747   0.09473  -0.35749   3.20000 11
  -0.17697   0.89520   0.37381  -0.60818   3.20000 12
   0.03664   0.49550  -0.20110   0.86258   3.20000 13
  -0.04129   0.65146  -0.13472   0.29053   3.20000 14
  -0.13363   1.93241   0.26603  -0.05811   3.20000 15
  -0.00277   1.84560   0.02235  -0.18287   3.20000 16
  -0.24994   0.78157  -0.11046  -0.52074   3.20000 17
  -0.13123   0.65550  -0.11535  -0.33425   3.20000 18
   0.18510  -1.11227  -0.28171  -0.40538   3.20000 19
   0.22465  -1.18594  -0.07093   0.04507   3.20000 20
  -0.15811   1.91213  -0.08935  -0.53012   3.30000  1
  -0.06547   1.78499  -0.02918  -0.24123   3.30000  2
   0.22381  -1.69853  -0.05760   0.22227   3.30000  3
   0.09590  -1.39729   0.30947   0.39029   3.30000  4
   0.17669   1.89359   0.15837   0.37132   3.30000  5
   0.17323   1.86592  -0.08864   0.35862   3.30000  6
   0.00762   0.51161  -0.05805   0.32197   3.30000  7
  -0.10995   0.43436  -0.11106   0.42497   3.30000  8
   0.16976  -1.10496   0.20622   0.05272   3.30000  9
   0.22566  -1.23165  -0.14448   0.16423   3.30000 10
  -0.11868   0.83718   0.07831  -0.45319   3.30000 11
  -0.13818   0.82957   0.39998  -0.70632   3.30000 12
   0.01197   0.58415  -0.29514   0.90695   3.30000 13
  -0.05736   0.67955  -0.18670   0.26966   3.30000 14
  -0.10386   1.92378   0.32582  -0.11814   3.30000 15
  -0.00120   1.82808   0.00798  -0.16527   3.30000 16
  -0.25524   0.72871   0.00908  -0.53718   3.30000 17
  -0.14026   0.62324  -0.06199  -0.30650   3.30000 18
   0.15776  -1.15600  -0.25874  -0.46350   3.30000 19
   0.21542  -1.18166  -0.11432   0.03843   3.30000 20
  -0.16182   1.85732   0.01709  -0.56174   3.40000  1
  -0.06654   1.76462   0.00721  -0.16531   3.40000  2
   0.21763  -1.67361  -0.06572   0.27686   3.40000  3
   0.12901  -1.35456   0.35140   0.46787   3.40000  4
   0.18810   1.92868   0.06947   0.32872   3.40000  5
   0.16017   1.90131  -0.17061   0.34591   3.40000  6
  -0.00280   0.54892  -0.15531   0.42587   3.40000  7
  -0.11946   0.48393  -0.08065   0.57037   3.40000  8
   0.19077  -1.10487   0.20895  -0.05332   3.40000  9
   0.20854  -1.21354  -0.19721   0.19332   3.40000 10
  -0.11077   0.78572   0.08422  -0.58081   3.40000 11
  -0.09744   0.75350   0.41124  -0.81542   3.40000 12
  -0.02305   0.67605  -0.40788   0.92437   3.40000 13
  -0.07842   0.70513  -0.23141   0.23951   3.40000 14
  -0.06901   1.90825   0.36929  -0.19374   3.40000 15
  -0.00138   1.81292  -0.01252  -0.13667   3.40000 16
  -0.24718   0.67420   0.15669  -0.55102   3.40000 17
  -0.14319   0.59539   0.00395  -0.24370   3.40000 18
   0.13450  -1.20380  -0.20229  -0.48673   3.40000 19
   0.20184  -1.17881  -0.15591   0.01568   3.40000 20
  -0.15450   1.80058   0.12953  -0.56908   3.50000  1
  -0.06415   1.75196   0.03999  -0.08875   3.50000  2
   0.21070  -1.64300  -0.07275   0.33618   3.50000  3
   0.16553  -1.30312   0.37318   0.56142   3.50000  4
   0.19053   1.95902  -0.02088   0.27652   3.50000  5
   0.13955   1.93439  -0.23935   0.31192   3.50000  6
  -0.02441   0.59689  -0.28087   0.53123   3.50000  7
  -0.12631   0.54910  -0.05617   0.73261   3.50000  8
   0.21060  -1.11578   0.18265  -0.16445   3.50000  9
   0.18672  -1.19417  -0.23443   0.18765   3.50000 10
  -0.10122   0.72088   0.10546  -0.70836   3.50000 11
  -0.05760   0.66821   0.37118  -0.87366   3.50000 12
  -0.06916   0.76591  -0.50277   0.84880   3.50000 13
  -0.10241   0.72609  -0.24059   0.16934   3.50000 14
  -0.03030   1.88506   0.40283  -0.26823   3.50000 15
  -0.00384   1.80090  -0.03654  -0.10375   3.50000 16
  -0.22316   0.61938   0.32556  -0.53859   3.50000 17
  -0.13967   0.57577   0.06475  -0.14271   3.50000 18
   0.11785  -1.25220  -0.12856  -0.47440   3.50000 19
   0.18475  -1.17909  -0.18221  -0.02367   3.50000 20
  -0.13602   1.74439   0.23851  -0.54987   3.60000  1
  -0.05858   1.74655   0.07159  -0.02219   3.60000  2
   0.20309  -1.60617  -0.07950   0.40166   3.60000  3
   0.20207  -1.24303   0.34948   0.63257   3.60000  4
   0.18397   1.98372  -0.10966   0.21608   3.60000  5
   0.11290   1.96286  -0.28984   0.25306   3.60000  6
  -0.05901   0.65317  -0.40495   0.57419   3.60000  7
  -0.13009   0.62850  -0.01437   0.83234   3.60000  8
   0.22631  -1.13745   0.12706  -0.26607   3.60000  9
   0.16301  -1.17718  -0.23179   0.14797   3.60000 10
  -0.09088   0.64650   0.09404  -0.76592   3.60000 11
  -0.02615   0.58224   0.24810  -0.82682   3.60000 12
  -0.12058   0.84257  -0.51511   0.68377   3.60000 13
  -0.12532   0.73728  -0.21416   0.05089   3.60000 14
   0.01087   1.85526   0.41516  -0.32308   3.60000 15
  -0.00850   1.79200  -0.05473  -0.07616   3.60000 16
  -0.18236   0.56848   0.48392  -0.46612   3.60000 17
  -0.13059   0.56791   0.11498  -0.01194   3.60000 18
   0.10903  -1.29705  -0.04885  -0.41538   3.60000 19
   0.16635  -1.18376  -0.17989  -0.06899   3.60000 20
  -0.10734   1.69167   0.33122  -0.49942   3.70000  1
  -0.04968   1.74679   0.10775   0.02297   3.70000  2
   0.19476  -1.56238  -0.08752   0.47581   3.70000  3
   0.23408  -1.17861   0.28588   0.64350   3.70000  4
   0.16882   2.00195  -0.19173   0.14739   3.70000  5
   0.08251   1.98429  -0.31316   0.17322   3.70000  6
  -0.10329   0.70821  -0.46866   0.51900   3.70000  7
  -0.12902   0.71075   0.03068   0.79849   3.70000  8
   0.23538  -1.16803   0.05307  -0.33769   3.70000  9
   0.14181  -1.16509  -0.18700   0.09269   3.70000 10
  -0.08348   0.57135   0.05325  -0.72358   3.70000 11
  -0.00816   0.50516   0.11590  -0.71165   3.70000 12
  -0.17099   0.90357  -0.48947   0.54194   3.70000 13
  -0.14472   0.73656  -0.17150  -0.05925   3.70000 14
   0.05132   1.82153   0.38634  -0.34634   3.70000 15
  -0.01418   1.78511  -0.05525  -0.06469   3.70000 16
  -0.12867   0.52821   0.57685  -0.33600   3.70000 17
  -0.11709   0.57263   0.15266   0.09690   3.70000 18
   0.10753  -1.33459   0.01573  -0.33512   3.70000 19
   0.14990  -1.19231  -0.14503  -0.09816   3.70000 20
  -0.07073   1.64531   0.39589  -0.42509   3.80000  1
  -0.03679   1.75037   0.15069   0.04539   3.80000  2
   0.18548  -1.51060  -0.09871   0.56221   3.80000  3
   0.25879  -1.11691   0.20856   0.58121   3.80000  4
   0.14599   2.01298  -0.26303   0.07230   3.80000  5
   0.05115   1.99728  -0.31042   0.08638   3.80000  6
  -0.15057   0.75707  -0.46762   0.46105   3.80000  7
  -0.12557   0.78703   0.03095   0.72420   3.80000  8
   0.23698  -1.20305  -0.02029  -0.35498   3.80000  9
   0.12618  -1.15875  -0.12467   0.03346   3.80000 10
  -0.07945   0.50288   0.03364  -0.64338   3.80000 11
  -0.00192   0.43993   0.01428  -0.59333   3.80000 12
  -0.21795   0.95198  -0.44777   0.43070   3.80000 13
  -0.15933   0.72747  -0.12078  -0.11124   3.80000 14
   0.08682   1.78681   0.31874  -0.34512   3.80000 15
  -0.01886   1.77846  -0.03520  -0.07064   3.80000 16
  -0.06948   0.50056   0.59544  -0.22477   3.80000 17
  -0.10069   0.58506   0.17148   0.14286   3.80000 18
   0.11170  -1.36433   0.06618  -0.26121   3.80000 19
   0.13776  -1.20279  -0.09736  -0.11001   3.80000 20
  -0.02912   1.60690   0.43218  -0.34298   3.90000  1
  -0.01955   1.75537   0.19333   0.05283   3.90000  2
   0.17487  -1.44948  -0.11420   0.66186   3.90000  3
   0.27615  -1.06313   0.14093   0.49410   3.90000  4
   0.11660   2.01628  -0.32301  -0.00673   3.90000  5
   0.02099   2.00162  -0.29054   0.00092   3.90000  6
  -0.19537   0.80098  -0.42379   0.41994   3.90000  7
  -0.12388   0.85548  -0.00013   0.64637   3.90000  8
   0.23139  -1.23828  -0.09145  -0.34896   3.90000  9
   0.11682  -1.15855  -0.06323  -0.03061   3.90000 10
  -0.07544   0.44285   0.05138  -0.55797   3.90000 11
  -0.00415   0.38641  -0.05294  -0.47772   3.90000 12
  -0.26022   0.99052  -0.39626   0.34366   3.90000 13
  -0.16914   0.71603  -0.07697  -0.11271   3.90000 14
   0.11443   1.75287   0.23173  -0.33267   3.90000 15
  -0.02069   1.77075   0.00066  -0.08365   3.90000 16
  -0.01162   0.48145   0.55372  -0.16550   3.90000 17
  -0.08354   0.60010   0.16839   0.15530   3.90000 18
   0.12059  -1.38705   0.11112  -0.19308   3.90000 19
   0.13037  -1.21435  -0.05093  -0.12241   3.90000 20
   0.01497   1.57664   0.44658  -0.26289   4.00000  1
   0.00154   1.76062   0.22605   0.05072   4.00000  2
   0.16269  -1.37827  -0.12754   0.75940   4.00000  3
   0.28743  -1.01790   0.08681   0.41189   4.00000  4
   0.08174   2.01152  -0.37219  -0.08915   4.00000  5
  -0.00658   1.99756  -0.25909  -0.08174   4.00000  6
  -0.23488   0.84166  -0.36577   0.39672   4.00000  7
  -0.12589   0.91680  -0.04047   0.58283   4.00000  8
   0.21865  -1.27291  -0.16389  -0.34384   4.00000  9
   0.11335  -1.16513  -0.00722  -0.10229   4.00000 10
  -0.06867   0.39094   0.08498  -0.48251   4.00000 11
  -0.01147   0.34407  -0.08935  -0.37130   4.00000 12
  -0.29700   1.02131  -0.33861   0.27477   4.00000 13
  -0.17493   0.70540  -0.03934  -0.09904   4.00000 14
   0.13298   1.72040   0.13890  -0.31641   4.00000 15
  -0.01837   1.76184   0.04699  -0.09364   4.00000 16
   0.04022   0.46636   0.48043  -0.13960   4.00000 17
  -0.06751   0.61587   0.15019   0.15953   4.00000 18
   0.13373  -1.40241   0.14968  -0.10877   4.00000 19
   0.12748  -1.22760  -0.00713  -0.14467   4.00000 20
   0.05965   1.55419   0.44447  -0.18670   4.10000  1
   0.02511   1.76525   0.24213   0.04052   4.10000  2
   0.14997  -1.29868  -0.12414   0.82363   4.10000  3
   0.29384  -0.98049   0.04256   0.33750   4.10000  4
   0.04257   1.99832  -0.40878  -0.17555   4.10000  5
  -0.03053   1.98536  -0.21866  -0.16176   4.10000  6
  -0.26857   0.88088  -0.30890   0.39018   4.10000  7
  -0.13196   0.97255  -0.08053   0.53444   4.10000  8
   0.19857  -1.30667  -0.23668  -0.32595   4.10000  9
   0.11521  -1.17935   0.04363  -0.18365   4.10000 10
  -0.05849   0.34590   0.11760  -0.42014   4.10000 11
  -0.02137   0.31165  -0.10602  -0.27986   4.10000 12
  -0.32782   1.04590  -0.27733   0.21872   4.10000 13
  -0.17703   0.69627  -0.00269  -0.08367   4.10000 14
   0.14226   1.68963   0.04742  -0.29882   4.10000 15
  -0.01113   1.75227   0.09820  -0.09653   4.10000 16
   0.08428   0.45315   0.40094  -0.12551   4.10000 17
  -0.05379   0.63194   0.12308   0.16145   4.10000 18
   0.14988  -1.40767   0.16968   0.00727   4.10000 19
   0.12886  -1.24361   0.03402  -0.17557   4.10000 20
   0.10337   1.53922   0.42732  -0.11298   4.20000  1
   0.04927   1.76843   0.23753   0.02151   4.20000  2
   0.13806  -1.21605  -0.11353   0.81465   4.20000  3
   0.29615  -0.95020   0.00450   0.26915   4.20000  4
   0.00058   1.97630  -0.42740  -0.26505   4.20000  5
  -0.05009   1.96529  -0.17180  -0.23924   4.20000  6
  -0.29683   0.92014  -0.25720   0.39705   4.20000  7
  -0.14188   1.02409  -0.11738   0.49794   4.20000  8
   0.17206  -1.33658  -0.28724  -0.26641   4.20000  9
   0.12190  -1.20190   0.08859  -0.26426   4.20000 10
  -0.04543   0.30663   0.14195  -0.36624   4.20000 11
  -0.03222   0.28757  -0.10863  -0.20426   4.20000 12
  -0.35239   1.06535  -0.21370   0.17165   4.20000 13
  -0.17545   0.68864   0.03451  -0.06893   4.20000 14
   0.14270   1.66068  -0.03676  -0.28001   4.20000 15
   0.00121   1.74274   0.14779  -0.09329   4.20000 16
   0.12055   0.44113   0.32540  -0.11545   4.20000 17
  -0.04306   0.64811   0.09104   0.16185   4.20000 18
   0.16698  -1.40073   0.16866   0.13083   4.20000 19
   0.13400  -1.26209   0.06634  -0.18849   4.20000 20
   0.14452   1.53153   0.39228  -0.04127   4.30000  1
   0.07188   1.76918   0.21106  -0.00856   4.30000  2
   0.12757  -1.13817  -0.09440   0.73690   4.30000  3
   0.29484  -0.92652  -0.03048   0.20523   4.30000  4
  -0.04206   1.94535  -0.42061  -0.35317   4.30000  5
  -0.06482   1.93759  -0.12277  -0.31442   4.30000  6
  -0.32019   0.96064  -0.21080   0.41432   4.30000  7
  -0.15530   1.07243  -0.15035   0.47013   4.30000  8
   0.14261  -1.35932  -0.29400  -0.18629   4.30000  9
   0.13242  -1.23094   0.11902  -0.31106   4.30000 10
  -0.03051   0.27257   0.15408  -0.31504   4.30000 11
  -0.04264   0.27028  -0.09767  -0.14419   4.30000 12
  -0.37050   1.08046  -0.14820   0.13151   4.30000 13
  -0.17012   0.68246   0.07222  -0.05480   4.30000 14
   0.13541   1.63372  -0.10593  -0.25822   4.30000 15
   0.01814   1.73368   0.18879  -0.08815   4.30000 16
   0.14957   0.43000   0.25595  -0.10741   4.30000 17
  -0.03567   0.66426   0.05647   0.16080   4.30000 18
   0.18276  -1.38191   0.14217   0.24237   4.30000 19
   0.14159  -1.28050   0.08318  -0.17868   4.30000 20
   0.18109   1.53078   0.33529   0.02493   4.40000  1
   0.09087   1.76629   0.16628  -0.05155   4.40000  2
   0.11945  -1.06865  -0.06712   0.65654   4.40000  3
   0.29007  -0.90904  -0.06487   0.14493   4.40000  4
  -0.08253   1.90594  -0.38404  -0.43311   4.40000  5
  -0.07474   1.90246  -0.07651  -0.38794   4.40000  6
  -0.33914   1.00326  -0.16867   0.43915   4.40000  7
  -0.17182   1.11831  -0.17944   0.44830   4.40000  8
   0.11467  -1.37349  -0.25895  -0.09598   4.40000  9
   0.14520  -1.26364   0.13471  -0.34215   4.40000 10
  -0.01503   0.24365   0.15378  -0.26294   4.40000 11
  -0.05133   0.25826  -0.07417  -0.09820   4.40000 12
  -0.38197   1.09189  -0.08106   0.09844   4.40000 13
  -0.16100   0.67768   0.11008  -0.04082   4.40000 14
   0.12227   1.60929  -0.15284  -0.22864   4.40000 15
   0.03847   1.72497   0.21484  -0.08725   4.40000 16
   0.17193   0.41959   0.19209  -0.10088   4.40000 17
  -0.03180   0.68022   0.02083   0.15817   4.40000 18
   0.19454  -1.35308   0.09013   0.32945   4.40000 19
   0.15029  -1.29794   0.08965  -0.17045   4.40000 20
   0.21090   1.53617   0.25812   0.08094   4.50000  1
   0.10477   1.75846   0.11050  -0.10684   4.50000  2
   0.11425  -1.00617  -0.03650   0.59622   4.50000  3
   0.28182  -0.89741  -0.10054   0.08811   4.50000  4
  -0.11797   1.85915  -0.32105  -0.50060   4.50000  5
  -0.08027   1.86004  -0.03468  -0.46015   4.50000  6
  -0.35400   1.04858  -0.12877   0.46729   4.50000  7
  -0.19106   1.16222  -0.20464   0.43027   4.50000  8
   0.09174  -1.37856  -0.19628  -0.00688   4.50000  9
   0.15902  -1.29903   0.13969  -0.36158   4.50000 10
  -0.00006   0.22003   0.14456  -0.20944   4.50000 11
  -0.05718   0.25027  -0.04182  -0.06303   4.50000 12
  -0.38668   1.10049  -0.01314   0.07577   4.50000 13
  -0.14811   0.67431   0.14747  -0.02626   4.50000 14
   0.10558   1.58842  -0.17790  -0.18658   4.50000 15
   0.06047   1.71589   0.22189  -0.09636   4.50000 16
   0.18813   0.40977   0.13268  -0.09572   4.50000 17
  -0.03150   0.69583  -0.01474   0.15360   4.50000 18
   0.20036  -1.31722   0.02550   0.37992   4.50000 19
   0.15931  -1.31448   0.08967  -0.15868   4.50000 20
   0.23227   1.54663   0.16753   0.12665   4.60000  1
   0.11285   1.74459   0.05099  -0.17208   4.60000  2
   0.11225  -0.94895  -0.00307   0.54976   4.60000  3
   0.26988  -0.89128  -0.13874   0.03549   4.60000  4
  -0.14617   1.80621  -0.24081  -0.55675   4.60000  5
  -0.08173   1.81049   0.00567  -0.53042   4.60000  6
  -0.36484   1.09659  -0.08723   0.49149   4.60000  7
  -0.21260   1.20444  -0.22526   0.41438   4.60000  8
   0.07594  -1.37533  -0.11787   0.06855   4.60000  9
   0.17263  -1.33466   0.12955  -0.34382   4.60000 10
   0.01373   0.20178   0.13067  -0.15543   4.60000 11
  -0.05953   0.24542  -0.00464  -0.03497   4.60000 12
  -0.38467   1.10764   0.05268   0.07110   4.60000 13
  -0.13156   0.67248   0.18323  -0.01011   4.60000 14
   0.08715   1.57236  -0.18898  -0.13309   4.60000 15
   0.08218   1.70527   0.20902  -0.11824   4.60000 16
   0.19857   0.40041   0.07649  -0.09187   4.60000 17
  -0.03470   0.71086  -0.04884   0.14648   4.60000 18
   0.19987  -1.27895  -0.03266   0.37664   4.60000 19
   0.16798  -1.32921   0.08228  -0.13377   4.60000 20
   0.24409   1.56125   0.06739   0.16470   4.70000  1
   0.11502   1.72380  -0.00689  -0.24461   4.70000  2
   0.11371  -0.89605   0.03258   0.50833   4.70000  3
   0.25399  -0.89011  -0.17939  -0.01086   4.70000  4
  -0.16585   1.74803  -0.15173  -0.60602   4.70000  5
  -0.07905   1.75406   0.04851  -0.59767   4.70000  6
  -0.37121   1.14651  -0.03871   0.50496   4.70000  7
  -0.23590   1.24513  -0.23949   0.39972   4.70000  8
   0.06838  -1.36548  -0.03275   0.12534   4.70000  9
   0.18435  -1.36656   0.10257  -0.28973   4.70000 10
   0.02602   0.18894   0.11504  -0.10146   4.70000 11
  -0.05804   0.24314   0.03482  -0.01126   4.70000 12
  -0.37637   1.11558   0.11172   0.09228   4.70000 13
  -0.11160   0.67238   0.21509   0.00877   4.70000 14
   0.06798   1.56202  -0.19395  -0.07296   4.70000 15
   0.10165   1.69181   0.17743  -0.15288   4.70000 16
   0.20350   0.39136   0.02238  -0.08931   4.70000 17
  -0.04114   0.72502  -0.07906   0.13615   4.70000 18
   0.19449  -1.24314  -0.07169   0.33638   4.70000 19
   0.17547  -1.34093   0.06612  -0.09986   4.70000 20
   0.24540   1.57933  -0.04328   0.19536   4.80000  1
   0.11164   1.69552  -0.05981  -0.32127   4.80000  2
   0.11874  -0.84738   0.06730   0.46405   4.80000  3
   0.23402  -0.89314  -0.21950  -0.04798   4.80000  4
  -0.17638   1.68507  -0.05845  -0.65313   4.80000  5
  -0.07187   1.69110   0.09588  -0.66057   4.80000  6
  -0.37224   1.19730   0.01985   0.51041   4.80000  7
  -0.26018   1.28442  -0.24399   0.38644   4.80000  8
   0.06937  -1.35082   0.05190   0.16553   4.80000  9
   0.19289  -1.39206   0.06772  -0.21842   4.80000 10
   0.03673   0.18149   0.09924  -0.04742   4.80000 11
  -0.05253   0.24308   0.07548   0.00983   4.80000 12
  -0.36264   1.12692   0.16155   0.13783   4.80000 13
  -0.08879   0.67435   0.23934   0.03098   4.80000 14
   0.04838   1.55783  -0.19822  -0.01112   4.80000 15
   0.11711   1.67430   0.12919  -0.19918   4.80000 16
   0.20308   0.38250  -0.03062  -0.08809   4.80000 17
  -0.05025   0.73797  -0.10156   0.12254   4.80000 18
   0.18603  -1.21187  -0.09563   0.28912   4.80000 19
   0.18099  -1.34916   0.04362  -0.06493   4.80000 20
   0.23499   1.59989  -0.16730   0.21278   4.90000  1
   0.10325   1.65957  -0.10717  -0.39686   4.90000  2
   0.12694  -0.80348   0.09512   0.41271   4.90000  3
   0.21031  -0.89937  -0.25282  -0.07520   4.90000  4
  -0.17749   1.61739   0.03626  -0.70059   4.90000  5
  -0.05975   1.62223   0.14670  -0.71429   4.90000  6
  -0.36692   1.24865   0.08808   0.51743   4.90000  7
  -0.28420   1.32250  -0.23319   0.37540   4.90000  8
   0.07859  -1.33278   0.13136   0.19339   4.90000  9
   0.19788  -1.40999   0.03229  -0.13934   4.90000 10
   0.04589   0.17948   0.08408   0.00733   4.90000 11
  -0.04291   0.24505   0.11703   0.02938   4.90000 12
  -0.34432   1.14368   0.20381   0.19935   4.90000 13
  -0.06413   0.67867   0.25168   0.05565   4.90000 14
   0.02825   1.55960  -0.20495   0.04386   4.90000 15
   0.12702   1.65167   0.06680  -0.25445   4.90000 16
   0.19739   0.37369  -0.08335  -0.08835   4.90000 17
  -0.06104   0.74946  -0.11192   0.10718   4.90000 18
   0.17566  -1.18518  -0.11052   0.24547   4.90000 19
   0.18409  -1.35395   0.01801  -0.03089   4.90000 20
   0.21153   1.62093  -0.30277   0.20133   5.00000  1
   0.09027   1.61650  -0.15261  -0.46166   5.00000  2
   0.13736  -0.76500   0.11128   0.35668   5.00000  3
   0.18387  -0.90801  -0.27385  -0.09757   5.00000  4
  -0.16927   1.54503   0.12623  -0.74532   5.00000  5
  -0.04273   1.54915   0.19073  -0.74013   5.00000  6
  -0.35432   1.30106   0.16542   0.53208   5.00000  7
  -0.30600   1.35957  -0.19790   0.36606   5.00000  8
   0.09533  -1.31244   0.20158   0.21222   5.00000  9
   0.19944  -1.41978  -0.00042  -0.05587   5.00000 10
   0.05359   0.18301   0.07013   0.06372   5.00000 11
  -0.02909   0.24893   0.15952   0.04821   5.00000 12
  -0.32201   1.16712   0.24201   0.27106   5.00000 13
  -0.03893   0.68547   0.25001   0.08018   5.00000 14
   0.00742   1.56557  -0.21016   0.06697   5.00000 15
   0.13007   1.62334  -0.00790  -0.31148   5.00000 16
   0.18640   0.36477  -0.13645  -0.09046   5.00000 17
  -0.07215   0.75947  -0.10779   0.09356   5.00000 18
   0.16413  -1.16263  -0.11916   0.20626   5.00000 19
   0.18458  -1.35530  -0.00790   0.00415   5.00000 20
   0.17458   1.63852  -0.43363   0.14184   5.10000  1
   0.07256   1.56801  -0.20300  -0.50403   5.10000  2
   0.14882  -0.73211   0.11631   0.30169   5.10000  3
   0.15599  -0.91898  -0.28176  -0.12292   5.10000  4
  -0.15294   1.46887   0.19526  -0.77310   5.10000  5
  -0.02272   1.47598   0.20231  -0.71529   5.10000  6
  -0.33350   1.35523   0.25273   0.55087   5.10000  7
  -0.32258   1.39555  -0.12711   0.35181   5.10000  8
   0.11841  -1.29058   0.25682   0.22387   5.10000  9
   0.19793  -1.42106  -0.02897   0.03072   5.10000 10
   0.05997   0.19231   0.05798   0.12278   5.10000 11
  -0.01098   0.25470   0.20282   0.06727   5.10000 12
  -0.29588   1.19818   0.28133   0.35160   5.10000 13
  -0.01454   0.69461   0.23611   0.10211   5.10000 14
  -0.01312   1.57080  -0.19652   0.02721   5.10000 15
   0.12497   1.58969  -0.09690  -0.35960   5.10000 16
   0.17007   0.35551  -0.19029  -0.09519   5.10000 17
  -0.08217   0.76836  -0.09077   0.08534   5.10000 18
   0.15203  -1.14383  -0.12187   0.17014   5.10000 19
   0.18261  -1.35299  -0.03086   0.04288   5.10000 20
   0.12568   1.64774  -0.53936   0.03655   5.20000  1
   0.04940   1.51643  -0.26114  -0.52498   5.20000  2
   0.16038  -0.70450   0.11395   0.25147   5.20000  3
   0.12790  -0.93288  -0.27826  -0.15650   5.20000  4
  -0.13138   1.39173   0.23084  -0.76181   5.20000  5
  -0.00367   1.40724   0.17242  -0.65560   5.20000  6
  -0.30344   1.41072   0.34941   0.55418   5.20000  7
  -0.33023   1.42944  -0.02123   0.32370   5.20000  8
   0.14593  -1.26787   0.28918   0.22941   5.20000  9
   0.19382  -1.41355  -0.05240   0.11982   5.20000 10
   0.06527   0.20769   0.04856   0.18537   5.20000 11
   0.01147   0.26244   0.24591   0.08799   5.20000 12
  -0.26543   1.23776   0.33039   0.44153   5.20000 13
   0.00801   0.70579   0.21377   0.12107   5.20000 14
  -0.03127   1.56948  -0.16522  -0.05839   5.20000 15
   0.11010   1.55177  -0.20318  -0.39795   5.20000 16
   0.14832   0.34560  -0.24457  -0.10373   5.20000 17
  -0.09000   0.77679  -0.06450   0.08455   5.20000 18
   0.13999  -1.12853  -0.11756   0.13624   5.20000 19
   0.17864  -1.34654  -0.04701   0.08708   5.20000 20
   0.06759   1.64503  -0.61908  -0.09350   5.30000  1
   0.02020   1.46333  -0.32321  -0.53586   5.30000  2
   0.17148  -0.68163   0.10767   0.20680   5.30000  3
   0.10069  -0.95061  -0.26414  -0.19977   5.30000  4
  -0.10742   1.31809   0.24665  -0.70369   5.30000  5
   0.01067   1.34538   0.10981  -0.57979   5.30000  6
  -0.26366   1.46483   0.44554   0.52201   5.30000  7
  -0.32612   1.46002   0.10626   0.28751   5.30000  8
   0.17524  -1.24486   0.29165   0.22988   5.30000  9
   0.18765  -1.39703  -0.06998   0.21073   5.30000 10
   0.06982   0.22950   0.04302   0.25113   5.30000 11
   0.03808   0.27243   0.28486   0.11249   5.30000 12
  -0.22906   1.28663   0.40160   0.53465   5.30000 13
   0.02804   0.71878   0.18608   0.13875   5.30000 14
  -0.04625   1.55857  -0.13639  -0.16130   5.30000 15
   0.08388   1.51009  -0.32275  -0.43627   5.30000 16
   0.12123   0.33461  -0.29638  -0.11694   5.30000 17
  -0.09487   0.78553  -0.03218   0.09175   5.30000 18
   0.12878  -1.11650  -0.10539   0.10489   5.30000 19
   0.17353  -1.33540  -0.05364   0.13655   5.30000 20
   0.00237   1.62859  -0.68353  -0.23769   5.40000  1
  -0.01522   1.40952  -0.38432  -0.53815   5.40000  2
   0.18186  -0.66297   0.09973   0.16698   5.40000  3
   0.07545  -0.97311  -0.23839  -0.25150   5.40000  4
  -0.08216   1.25244   0.25912  -0.60307   5.40000  5
   0.01753   1.29159   0.02455  -0.49476   5.40000  6
  -0.21440   1.51411   0.53995   0.45867   5.40000  7
  -0.30852   1.48692   0.24797   0.25012   5.40000  8
   0.20321  -1.22202   0.26290   0.22651   5.40000  9
   0.18003  -1.37138  -0.08144   0.30236   5.40000 10
   0.07401   0.25789   0.04122   0.31578   5.40000 11
   0.06792   0.28511   0.30762   0.14176   5.40000 12
  -0.18431   1.34398   0.49567   0.60769   5.40000 13
   0.04510   0.73359   0.15460   0.15784   5.40000 14
  -0.05924   1.53711  -0.12819  -0.26751   5.40000 15
   0.04530   1.46439  -0.44967  -0.47782   5.40000 16
   0.08951   0.32217  -0.33368  -0.13086   5.40000 17
  -0.09630   0.79541   0.00421   0.10715   5.40000 18
   0.11913  -1.10745  -0.08673   0.07650   5.40000 19
   0.16821  -1.31910  -0.05160   0.19000   5.40000 20
  -0.06883   1.59695  -0.73789  -0.39763   5.50000  1
  -0.05619   1.35659  -0.42916  -0.51314   5.50000  2
   0.19141  -0.64811   0.09133   0.13076   5.50000  3
   0.05346  -1.00109  -0.19891  -0.30853   5.50000  4
  -0.05547   1.19815   0.27359  -0.48208   5.50000  5
   0.01531   1.24660  -0.06887  -0.40509   5.50000  6
  -0.15574   1.55535   0.62944   0.35861   5.50000  7
  -0.27606   1.50989   0.40341   0.20770   5.50000  8
   0.22693  -1.19966   0.20750   0.22032   5.50000  9
   0.17155  -1.33658  -0.08721   0.39344   5.50000 10
   0.07803   0.29221   0.03850   0.36699   5.50000 11
   0.09836   0.30078   0.29434   0.17116   5.50000 12
  -0.12984   1.40729   0.59032   0.65271   5.50000 13
   0.05885   0.75049   0.11966   0.18109   5.50000 14
  -0.07299   1.50531  -0.15153  -0.36589   5.50000 15
  -0.00606   1.41477  -0.57560  -0.51055   5.50000 16
   0.05581   0.30900  -0.33247  -0.12786   5.50000 17
  -0.09393   0.80726   0.04349   0.13134   5.50000 18
   0.11154  -1.10115  -0.06499   0.04928   5.50000 19
   0.16336  -1.29727  -0.04496   0.24736   5.50000 20
  -0.14356   1.54911  -0.73990  -0.55262   5.60000  1
  -0.09897   1.30842  -0.41570  -0.44643   5.60000  2
   0.20013  -0.63675   0.08301   0.09682   5.60000  3
   0.03622  -1.03484  -0.14311  -0.36609   5.60000  4
  -0.02809   1.15577   0.26915  -0.36807   5.60000  5
   0.00401   1.21030  -0.15490  -0.32345   5.60000  6
  -0.09077   1.58406   0.65204   0.20789   5.60000  7
  -0.22750   1.52791   0.56713   0.14820   5.60000  8
   0.24403  -1.17802   0.13159   0.21209   5.60000  9
   0.16273  -1.29276  -0.08866   0.48253   5.60000 10
   0.08153   0.33041   0.03102   0.39307   5.60000 11
   0.12564   0.31925   0.24759   0.19822   5.60000 12
  -0.06882   1.47255   0.60682   0.63919   5.60000 13
   0.06890   0.77002   0.08073   0.21073   5.60000 14
  -0.08984   1.46493  -0.18226  -0.43363   5.60000 15
  -0.06832   1.36383  -0.65481  -0.49966   5.60000 16
   0.02435   0.29771  -0.29245  -0.09306   5.60000 17
  -0.08754   0.82201   0.08453   0.16541   5.60000 18
   0.10614  -1.09771  -0.04303   0.01831   5.60000 19
   0.15920  -1.26944  -0.03878   0.31055   5.60000 20
  -0.21318   1.48876  -0.64007  -0.64406   5.70000  1
  -0.13797   1.26726  -0.36105  -0.37837   5.70000  2
   0.20803  -0.62871   0.07492   0.06384   5.70000  3
   0.02548  -1.07411  -0.06804  -0.41755   5.70000  4
  -0.00281   1.12381   0.23064  -0.27564   5.70000  5
  -0.01513   1.18125  -0.22475  -0.26093   5.70000  6
  -0.02812   1.59663   0.59551   0.04784   5.70000  7
  -0.16412   1.53810   0.68595   0.04828   5.70000  8
   0.25272  -1.15727   0.03965   0.20297   5.70000  9
   0.15387  -1.24022  -0.08891   0.56711   5.70000 10
   0.08425   0.37024   0.02374   0.40185   5.70000 11
   0.14748   0.34053   0.18842   0.22817   5.70000 12
  -0.01250   1.53284   0.51271   0.56162   5.70000 13
   0.07482   0.79290   0.03664   0.24822   5.70000 14
  -0.10856   1.42011  -0.18983  -0.45989   5.70000 15
  -0.13378   1.31564  -0.64185  -0.46446   5.70000 16
  -0.00232   0.29103  -0.24072  -0.03866   5.70000 17
  -0.07703   0.84071   0.12548   0.21054   5.70000 18
   0.10295  -1.09782  -0.02039  -0.02245   5.70000 19
   0.15542  -1.23489  -0.03805   0.38157   5.70000 20
  -0.27053   1.42115  -0.50681  -0.70807   5.80000  1
  -0.17092   1.23234  -0.29782  -0.32236   5.80000  2
   0.21512  -0.62399   0.06690   0.03047   5.80000  3
   0.02337  -1.11776   0.02958  -0.45053   5.80000  4
   0.01705   1.09967   0.16283  -0.21209   5.80000  5
  -0.04028   1.15753  -0.27529  -0.21581   5.80000  6
   0.02805   1.59493   0.52770  -0.07466   5.80000  7
  -0.09300   1.53719   0.72858  -0.06270   5.80000  8
   0.25152  -1.13738  -0.06544   0.19534   5.80000  9
   0.14480  -1.17978  -0.09372   0.63743   5.80000 10
   0.08639   0.41066   0.01959   0.40666   5.80000 11
   0.16327   0.36505   0.12743   0.26320   5.80000 12
   0.03406   1.58475   0.42256   0.47592   5.80000 13
   0.07602   0.81996  -0.01397   0.29469   5.80000 14
  -0.12764   1.37270  -0.19118  -0.49158   5.80000 15
  -0.19482   1.27061  -0.57224  -0.43794   5.80000 16
  -0.02390   0.29013  -0.19187   0.02086   5.80000 17
  -0.06255   0.86451   0.16324   0.26755   5.80000 18
   0.10224  -1.10257   0.00762  -0.07330   5.80000 19
   0.15124  -1.19295  -0.04768   0.45694   5.80000 20
  -0.31476   1.34695  -0.37832  -0.77659   5.90000  1
  -0.19764   1.20228  -0.23723  -0.28146   5.90000  2
   0.22139  -0.62268   0.05850  -0.00475   5.90000  3
   0.03198  -1.16261   0.14286  -0.43559   5.90000  4
   0.02923   1.08044   0.07901  -0.17690   5.90000  5
  -0.06965   1.13769  -0.30983  -0.18269   5.90000  6
   0.07741   1.58308   0.45952  -0.15636   5.90000  7
  -0.01932   1.52679   0.74183  -0.13898   5.90000  8
   0.23931  -1.11803  -0.17967   0.19287   5.90000  9
   0.13493  -1.11430  -0.10297   0.66064   5.90000 10
   0.08823   0.45167   0.01735   0.41419   5.90000 11
   0.17301   0.39333   0.06742   0.30299   5.90000 12
   0.07289   1.62761   0.35839   0.37852   5.90000 13
   0.07177   0.85218  -0.07238   0.35158   5.90000 14
  -0.14676   1.32096  -0.19140  -0.54746   5.90000 15
  -0.24729   1.22776  -0.47378  -0.42014   5.90000 16
  -0.04088   0.29520  -0.14859   0.08026   5.90000 17
  -0.04465   0.89461   0.19277   0.33632   5.90000 18
   0.10480  -1.11216   0.04467  -0.11325   5.90000 19
   0.14550  -1.14400  -0.06816   0.51680   5.90000 20
  -0.34606   1.26583  -0.24606  -0.84497   6.00000  1
  -0.21849   1.17547  -0.18028  -0.25815   6.00000  2
   0.22678  -0.62505   0.04890  -0.04335   6.00000  3
   0.05125  -1.20269   0.23677  -0.35794   6.00000  4
   0.03265   1.06348  -0.01115  -0.16617   6.00000  5
  -0.10187   1.12069  -0.33274  -0.15870   6.00000  6
   0.12004   1.56453   0.39415  -0.21195   6.00000  7
   0.05483   1.51049   0.73867  -0.18260   6.00000  8
   0.21561  -1.09855  -0.29291   0.19775   6.00000  9
   0.12477  -1.05012  -0.09643   0.61369   6.00000 10
   0.08986   0.49367   0.01498   0.42677   6.00000 11
   0.17680   0.42580   0.00863   0.34716   6.00000 12
   0.10656   1.66008   0.31847   0.27045   6.00000 13
   0.06125   0.89069  -0.13936   0.42064   6.00000 14
  -0.16597   1.26246  -0.19302  -0.62555   6.00000 15
  -0.28911   1.18646  -0.36090  -0.40627   6.00000 16
  -0.05379   0.30616  -0.11040   0.13890   6.00000 17
  -0.02454   0.93208   0.20585   0.41380   6.00000 18
   0.11114  -1.12352   0.08066  -0.10468   6.00000 19
   0.13777  -1.09117  -0.08382   0.53116   6.00000 20
  -0.36352   1.17845  -0.10065  -0.89825   6.10000  1
  -0.23371   1.14990  -0.12369  -0.25771   6.10000  2
   0.23109  -0.63151   0.03681  -0.08679   6.10000  3
   0.07805  -1.23330   0.29329  -0.25248   6.10000  4
   0.02694   1.04659  -0.10288  -0.17343   6.10000  5
  -0.13588   1.10572  -0.34600  -0.14177   6.10000  6
   0.15653   1.54095   0.33758  -0.25914   6.10000  7
   0.12788   1.49090   0.71930  -0.20714   6.10000  8
   0.18141  -1.07831  -0.38566   0.20770   6.10000  9
   0.11620  -0.99255  -0.07361   0.53594   6.10000 10
   0.09115   0.53721   0.01035   0.44508   6.10000 11
   0.17475   0.46291  -0.04947   0.39584   6.10000 12
   0.13715   1.68180   0.29559   0.16506   6.10000 13
   0.04362   0.93672  -0.21441   0.50155   6.10000 14
  -0.18527   1.19546  -0.19169  -0.71472   6.10000 15
  -0.31915   1.14634  -0.23837  -0.39768   6.10000 16
  -0.06311   0.32298  -0.07663   0.19774   6.10000 17
  -0.00444   0.97731   0.18993   0.48849   6.10000 18
   0.12043  -1.13167   0.10237  -0.05389   6.10000 19
   0.12935  -1.03912  -0.08216   0.50560   6.10000 20
  -0.36575   1.08751   0.05743  -0.91203   6.20000  1
  -0.24309   1.12285  -0.06309  -0.28915   6.20000  2
   0.23400  -0.64261   0.02057  -0.13625   6.20000  3
   0.10887  -1.25310   0.31860  -0.14399   6.20000  4
   0.01220   1.02889  -0.19085  -0.17651   6.20000  5
  -0.17079   1.09200  -0.35080  -0.13562   6.20000  6
   0.18805   1.51273   0.29542  -0.30517   6.20000  7
   0.19805   1.46932   0.68078  -0.22383   6.20000  8
   0.14000  -1.05692  -0.43336   0.22073   6.20000  9
   0.11009  -0.94294  -0.04925   0.45683   6.20000 10
   0.09177   0.58288   0.00083   0.46928   6.20000 11
   0.16690   0.50513  -0.10778   0.44960   6.20000 12
   0.16599   1.69340   0.28225   0.06864   6.20000 13
   0.01818   0.99100  -0.29512   0.58105   6.20000 14
  -0.20387   1.12003  -0.17730  -0.78734   6.20000 15
  -0.33640   1.10644  -0.10419  -0.40358   6.20000 16
  -0.06925   0.34577  -0.04696   0.25846   6.20000 17
   0.01198   1.02872   0.13047   0.53113   6.20000 18
   0.13101  -1.13384   0.10604   0.01119   6.20000 19
   0.12156  -0.99048  -0.07370   0.46659   6.20000 20
  -0.35204   0.99793   0.21535  -0.87015   6.30000  1
  -0.24614   1.09100   0.00260  -0.35140   6.30000  2
   0.23500  -0.65899  -0.00187  -0.19260   6.30000  3
   0.14099  -1.26233   0.32064  -0.04214   6.30000  4
  -0.01099   1.01269  -0.27241  -0.14071   6.30000  5
  -0.20560   1.07757  -0.34200  -0.15942   6.30000  6
   0.21612   1.47996   0.26795  -0.35004   6.30000  7
   0.26335   1.44614   0.62202  -0.23989   6.30000  8
   0.09659  -1.03396  -0.42653   0.23976   6.30000  9
   0.10617  -0.90094  -0.03008   0.38474   6.30000 10
   0.09103   0.63127  -0.01744   0.49953   6.30000 11
   0.15315   0.55303  -0.16762   0.50944   6.30000 12
   0.19375   1.69583   0.27327  -0.01882   6.30000 13
  -0.01544   1.05142  -0.37646   0.61566   6.30000 14
  -0.22013   1.04011  -0.14606  -0.79798   6.30000 15
  -0.33946   1.06501   0.04543  -0.42693   6.30000 16
  -0.07264   0.37481  -0.02165   0.32343   6.30000 17
   0.02023   1.08143   0.03028   0.51357   6.30000 18
   0.14107  -1.12947   0.09298   0.07547   6.30000 19
   0.11449  -0.94576  -0.06840   0.42847   6.30000 20
  -0.32324   0.91510   0.35647  -0.77996   6.40000  1
  -0.24260   1.05234   0.06733  -0.42048   6.40000  2
   0.23333  -0.68138  -0.03317  -0.25622   6.40000  3
   0.17250  -1.26187   0.30766   0.04965   6.40000  4
  -0.04237   1.00136  -0.35606  -0.08735   6.40000  5
  -0.23823   1.05887  -0.30453  -0.21940   6.40000  6
   0.24189   1.44283   0.24806  -0.39192   6.40000  7
   0.32194   1.42129   0.54780  -0.25747   6.40000  8
   0.05601  -1.00871  -0.38033   0.26646   6.40000  9
   0.10390  -0.86567  -0.01594   0.32239   6.40000 10
   0.08780   0.68299  -0.05028   0.53565   6.40000 11
   0.13325   0.60727  -0.23121   0.57658   6.40000 12
   0.22068   1.68988   0.26540  -0.09922   6.40000 13
  -0.05662   1.11147  -0.44255   0.57315   6.40000 14
  -0.23302   0.96282  -0.11204  -0.73958   6.40000 15
  -0.32694   1.02092   0.20562  -0.45410   6.40000 16
  -0.07376   0.41070  -0.00166   0.39594   6.40000 17
   0.01783   1.13012  -0.07692   0.45621   6.40000 18
   0.14935  -1.11899   0.07205   0.13293   6.40000 19
   0.10779  -0.90456  -0.06571   0.39674   6.40000 20
  -0.28174   0.84291   0.46797  -0.66063   6.50000  1
  -0.23307   1.00746   0.12082  -0.47408   6.50000  2
   0.22795  -0.71046  -0.07699  -0.32618   6.50000  3
   0.20224  -1.25271   0.28585   0.13221   6.50000  4
  -0.08232   0.99432  -0.44289  -0.05972   6.50000  5
  -0.26519   1.03305  -0.22767  -0.29902   6.50000  6
   0.26570   1.40174   0.22746  -0.42877   6.50000  7
   0.37266   1.39464   0.46593  -0.27537   6.50000  8
   0.02120  -0.98050  -0.31346   0.29813   6.50000  9
   0.10291  -0.83613  -0.00405   0.26984   6.50000 10
   0.08023   0.73854  -0.10549   0.57571   6.50000 11
   0.10666   0.66861  -0.30242   0.65162   6.50000 12
   0.24680   1.67616   0.25664  -0.17440   6.50000 13
  -0.10266   1.16412  -0.47081   0.47303   6.50000 14
  -0.24249   0.89313  -0.07535  -0.65207   6.50000 15
  -0.29855   0.97458   0.35902  -0.47012   6.50000 16
  -0.07322   0.45440   0.01090   0.48046   6.50000 17
   0.00547   1.17218  -0.16643   0.38337   6.50000 18
   0.15550  -1.10307   0.05135   0.18470   6.50000 19
   0.10144  -0.86620  -0.06037   0.37128   6.50000 20
  -0.23087   0.78340   0.54326  -0.52828   6.60000  1
  -0.21882   0.95802   0.16315  -0.51265   6.60000  2
   0.21738  -0.74667  -0.13754  -0.39742   6.60000  3
   0.22949  -1.23566   0.25851   0.20795   6.60000  4
  -0.13069   0.98786  -0.52073  -0.07857   6.60000  5
  -0.28238   0.99893  -0.10990  -0.38287   6.60000  6
   0.28723   1.35731   0.20240  -0.45870   6.60000  7
   0.41508   1.36623   0.38249  -0.29280   6.60000  8
  -0.00633  -0.94903  -0.23571   0.33141   6.60000  9
   0.10311  -0.81147   0.00822   0.22415   6.60000 10
   0.06568   0.79806  -0.19114   0.61345   6.60000 11
   0.07228   0.73778  -0.38837   0.73198   6.60000 12
   0.27194   1.65513   0.24587  -0.24566   6.60000 13
  -0.14931   1.20532  -0.45575   0.34978   6.60000 14
  -0.24722   0.83264  -0.01330  -0.55644   6.60000 15
  -0.25618   0.92739   0.48157  -0.47162   6.60000 16
  -0.07196   0.50740   0.01194   0.58328   6.60000 17
  -0.01464   1.20648  -0.23158   0.30116   6.60000 18
   0.15973  -1.08210   0.03401   0.23478   6.60000 19
   0.09597  -0.83026  -0.04742   0.34706   6.60000 20
  -0.17430   0.73742   0.58215  -0.39049   6.70000  1
  -0.20051   0.90537   0.20315  -0.53776   6.70000  2
   0.19986  -0.78951  -0.21479  -0.45536   6.70000  3
   0.25380  -1.21126   0.22688   0.27949   6.70000  4
  -0.18488   0.97667  -0.55005  -0.15378   6.70000  5
  -0.28611   0.95680   0.03910  -0.45705   6.70000  6
   0.30603   1.31023   0.17292  -0.48179   6.70000  7
   0.44920   1.33609   0.30014  -0.31005   6.70000  8
  -0.02568  -0.91427  -0.14985   0.36331   6.70000  9
   0.10457  -0.79131   0.02078   0.17794   6.70000 10
   0.04086   0.86071  -0.31045   0.63528   6.70000 11
   0.02815   0.81477  -0.49888   0.80380   6.70000 12
   0.29589   1.62712   0.23262  -0.31398   6.70000 13
  -0.19279   1.23417  -0.41011   0.22864   6.70000 14
  -0.24390   0.78216   0.08512  -0.45112   6.70000 15
  -0.20381   0.88066   0.55720  -0.46131   6.70000 16
  -0.07146   0.57195  -0.00613   0.71302   6.70000 17
  -0.04011   1.23213  -0.27453   0.21058   6.70000 18
   0.16242  -1.05603   0.02017   0.28756   6.70000 19
   0.09227  -0.79711  -0.02542   0.31306   6.70000 20
  -0.11573   0.70554   0.58111  -0.24549   6.80000  1
  -0.17802   0.85111   0.24796  -0.54310   6.80000  2
   0.17437  -0.83660  -0.29270  -0.48003   6.80000  3
   0.27472  -1.17982   0.19067   0.34931   6.80000  4
  -0.23748   0.95613  -0.48687  -0.25705   6.80000  5
  -0.27409   0.90822   0.20207  -0.51007   6.80000  6
   0.32167   1.26112   0.13891  -0.49964   6.80000  7
   0.47515   1.30422   0.21913  -0.32728   6.80000  8
  -0.03601  -0.87655  -0.05538   0.38969   6.80000  9
   0.10706  -0.77622   0.02703   0.12195   6.80000 10
   0.00285   0.92383  -0.45033   0.61852   6.80000 11
  -0.02819   0.89693  -0.62713   0.82602   6.80000 12
   0.31837   1.59240   0.21668  -0.38033   6.80000 13
  -0.23078   1.25140  -0.34773   0.11767   6.80000 14
  -0.22948   0.74292   0.20483  -0.33069   6.80000 15
  -0.14647   0.83542   0.58145  -0.44099   6.80000 16
  -0.07422   0.65115  -0.05486   0.87543   6.80000 17
  -0.06898   1.24835  -0.30065   0.11253   6.80000 18
   0.16383  -1.02435   0.00812   0.34746   6.80000 19
   0.09093  -0.76844  -0.00232   0.25610   6.80000 20
  -0.06016   0.68894   0.51925  -0.08300   6.90000  1
  -0.15098   0.79792   0.29028  -0.51455   6.90000  2
   0.14224  -0.88439  -0.34369  -0.47127   6.90000  3
   0.29171  -1.14140   0.14794   0.41902   6.90000  4
  -0.27983   0.92598  -0.35124  -0.33980   6.90000  5
  -0.24593   0.85589   0.35832  -0.53035   6.90000  6
   0.33363   1.21047   0.09952  -0.51240   6.90000  7
   0.49305   1.27065   0.13915  -0.34405   6.90000  8
  -0.03646  -0.83675   0.04746   0.40351   6.90000  9
   0.10948  -0.76722   0.01884   0.05749   6.90000 10
  -0.04843   0.98260  -0.56747   0.55013   6.90000 11
  -0.09556   0.97676  -0.70563   0.75881   6.90000 12
   0.33912   1.55109   0.19776  -0.44555   6.90000 13
  -0.26200   1.25797  -0.27504   0.01445   6.90000 14
  -0.20296   0.71671   0.32331  -0.18955   6.90000 15
  -0.08953   0.79312   0.54486  -0.40248   6.90000 16
  -0.08338   0.74687  -0.13019   1.02838   6.90000 17
  -0.09987   1.25437  -0.31594   0.00639   6.90000 18
   0.16393  -0.98621  -0.00744   0.41649   6.90000 19
   0.09143  -0.74660   0.00996   0.17832   6.90000 20
  -0.01349   0.68887   0.40974   0.07655   7.00000  1
  -0.12075   0.74977   0.30936  -0.44027   7.00000  2
   0.10717  -0.92987  -0.34963  -0.43188   7.00000  3
   0.30398  -1.09604   0.09562   0.48781   7.00000  4
  -0.30670   0.88972  -0.18461  -0.37700   7.00000  5
  -0.20326   0.80345   0.48938  -0.51163   7.00000  6
   0.34142   1.15884   0.05563  -0.51922   7.00000  7
   0.50301   1.23544   0.06010  -0.36006   7.00000  8
  -0.02642  -0.79651   0.15329   0.39754   7.00000  9
   0.11041  -0.76464  -0.00156  -0.00459   7.00000 10
  -0.10881   1.03327  -0.63145   0.46374   7.00000 11
  -0.16641   1.04783  -0.69984   0.66392   7.00000 12
   0.35782   1.50330   0.17557  -0.51025   7.00000 13
  -0.28548   1.25433  -0.19286  -0.08782   7.00000 14
  -0.16575   0.70569   0.41483  -0.03041   7.00000 15
  -0.03979   0.75573   0.44318  -0.34128   7.00000 16
  -0.09980   0.85248  -0.19273   1.06055   7.00000 17
  -0.13203   1.24927  -0.32706  -0.11037   7.00000 18
   0.16184  -0.94115  -0.03763   0.48188   7.00000 19
   0.09253  -0.73302   0.01067   0.09282   7.00000 20
   0.02129   0.70278   0.28433   0.19321   7.10000  1
  -0.08980   0.71065   0.30919  -0.34085   7.10000  2
   0.07363  -0.96939  -0.31704  -0.35355   7.10000  3
   0.31047  -1.04399   0.03227   0.55220   7.10000  4
  -0.31701   0.85221  -0.02498  -0.36647   7.10000  5
  -0.14949   0.75463   0.57949  -0.46275   7.10000  6
   0.34466   1.10680   0.00876  -0.52099   7.10000  7
   0.50509   1.19865  -0.01842  -0.37549   7.10000  8
  -0.00595  -0.75794   0.25493   0.37038   7.10000  9
   0.10906  -0.76780  -0.02508  -0.05649   7.10000 10
  -0.17319   1.07599  -0.64943   0.39582   7.10000 11
  -0.23385   1.11040  -0.64301   0.59218   7.10000 12
   0.37413   1.44904   0.15004  -0.57502   7.10000 13
  -0.30019   1.24016  -0.09950  -0.19732   7.10000 14
  -0.12115   0.70982   0.47273   0.10527   7.10000 15
  -0.00121   0.72486   0.32909  -0.27721   7.10000 16
  -0.12083   0.95670  -0.22481   1.02383   7.10000 17
  -0.16541   1.23189  -0.34199  -0.23894   7.10000 18
   0.15591  -0.89067  -0.08200   0.52481   7.10000 19
   0.09336  -0.72803   0.00543   0.00736   7.10000 20
   0.04328   0.72566   0.15636   0.25475   7.20000  1
  -0.05862   0.68190   0.31687  -0.23229   7.20000  2
   0.04413  -1.00011  -0.27256  -0.26053   7.20000  3
   0.31013  -0.98581  -0.04041   0.61029   7.20000  4
  -0.31259   0.81736   0.10901  -0.32808   7.20000  5
  -0.08817   0.71103   0.64441  -0.40691   7.20000  6
   0.34308   1.05475  -0.04082  -0.51967   7.20000  7
   0.49931   1.16035  -0.09732  -0.39061   7.20000  8
   0.02427  -0.72321   0.34716   0.31974   7.20000  9
   0.10564  -0.77535  -0.04112  -0.09060   7.20000 10
  -0.23744   1.11369  -0.62943   0.36468   7.20000 11
  -0.29402   1.16691  -0.55559   0.53774   7.20000 12
   0.38771   1.38827   0.12104  -0.64081   7.20000 13
  -0.30505   1.21453   0.00293  -0.31559   7.20000 14
  -0.07187   0.72468   0.51048   0.18024   7.20000 15
   0.02622   0.70039   0.22053  -0.21014   7.20000 16
  -0.14479   1.05809  -0.25763   1.00795   7.20000 17
  -0.20079   1.20141  -0.36718  -0.36844   7.20000 18
   0.14540  -0.83640  -0.12812   0.56011   7.20000 19
   0.09365  -0.73135   0.00140  -0.07184   7.20000 20
   0.05308   0.75183   0.04461   0.26007   7.30000  1
  -0.02591   0.66447   0.33966  -0.11587   7.30000  2
   0.01910  -1.02160  -0.22849  -0.17001   7.30000  3
   0.30210  -0.92208  -0.12188   0.66390   7.30000  4
  -0.29593   0.78685   0.22145  -0.28142   7.30000  5
  -0.02133   0.67422   0.68658  -0.32334   7.30000  6
   0.33638   1.00288  -0.09402  -0.51793   7.30000  7
   0.48558   1.12053  -0.17770  -0.40580   7.30000  8
   0.06276  -0.69500   0.41762   0.23972   7.30000  9
   0.10141  -0.78486  -0.04047  -0.09308   7.30000 10
  -0.29786   1.14985  -0.57261   0.35893   7.30000 11
  -0.34403   1.21690  -0.44157   0.45486   7.30000 12
   0.39820   1.32080   0.08812  -0.70894   7.30000 13
  -0.30000   1.17788   0.09345  -0.40770   7.30000 14
  -0.01946   0.74370   0.53527   0.19139   7.30000 15
   0.04323   0.68333   0.12271  -0.12907   7.30000 16
  -0.17343   1.15827  -0.32045   0.98835   7.30000 17
  -0.23878   1.15959  -0.38979  -0.45471   7.30000 18
   0.13036  -0.77904  -0.17133   0.58244   7.30000 19
   0.09403  -0.74177   0.00883  -0.13178   7.30000 20
   0.05366   0.77631  -0.02409   0.22494   7.40000  1
   0.00967   0.65862   0.37255  -0.00209   7.40000  2
  -0.00167  -1.03432  -0.18736  -0.08542   7.40000  3
   0.28535  -0.85315  -0.21545   0.71365   7.40000  4
  -0.26868   0.76113   0.32226  -0.23278   7.40000  5
   0.04756   0.64747   0.68200  -0.20754   7.40000  6
   0.32406   0.95107  -0.15386  -0.51909   7.40000  7
   0.46369   1.07916  -0.26059  -0.42195   7.40000  8
   0.10649  -0.67600   0.44936   0.13890   7.40000  9
   0.09810  -0.79267  -0.02340  -0.05807   7.40000 10
  -0.35078   1.18461  -0.48248   0.33133   7.40000 11
  -0.38236   1.25697  -0.32749   0.34618   7.40000 12
   0.40518   1.24634   0.05037  -0.78125   7.40000 13
  -0.28779   1.13556   0.14240  -0.42820   7.40000 14
   0.03454   0.76180   0.54020   0.16749   7.40000 15
   0.05179   0.67480   0.05605  -0.04127   7.40000 16
  -0.20917   1.25319  -0.39069   0.89962   7.40000 17
  -0.27795   1.11368  -0.38894  -0.45236   7.40000 18
   0.11185  -0.72143  -0.19260   0.56075   7.40000 19
   0.09596  -0.75637   0.03177  -0.15286   7.40000 20
   0.05020   0.79630  -0.03599   0.17382   7.50000  1
   0.04847   0.66381   0.40171   0.10453   7.50000  2
  -0.01846  -1.03887  -0.14859  -0.00651   7.50000  3
   0.25849  -0.77967  -0.32394   0.75335   7.50000  4
  -0.23162   0.74035   0.41879  -0.18243   7.50000  5
   0.11332   0.63317   0.62665  -0.07761   7.50000  6
   0.30520   0.89887  -0.22584  -0.52601   7.50000  7
   0.43335   1.03604  -0.34672  -0.44140   7.50000  8
   0.15105  -0.66698   0.43475   0.04448   7.50000  9
   0.09712  -0.79584   0.00520  -0.00373   7.50000 10
  -0.39439   1.21572  -0.39214   0.29184   7.50000 11
  -0.41021   1.28658  -0.23302   0.24920   7.50000 12
   0.40802   1.16432   0.00470  -0.86041   7.50000 13
  -0.27289   1.09308   0.15170  -0.42232   7.50000 14
   0.08753   0.77690   0.51489   0.13423   7.50000 15
   0.05622   0.67506   0.04118   0.04649   7.50000 16
  -0.25049   1.33748  -0.43172   0.78720   7.50000 17
  -0.31543   1.06996  -0.35471  -0.42184   7.50000 18
   0.09341  -0.66849  -0.16879   0.49218   7.50000 19
   0.10061  -0.77102   0.06188  -0.13506   7.50000 20
   0.04794   0.81099  -0.00347   0.11969   7.60000  1
   0.08951   0.67930   0.41645   0.20444   7.60000  2
  -0.03143  -1.03578  -0.11095   0.06756   7.60000  3
   0.22047  -0.70337  -0.43369   0.76591   7.60000  4
  -0.18488   0.72473   0.51680  -0.12934   7.60000  5
   0.17212   0.63200   0.54749   0.05459   7.60000  6
   0.27827   0.84561  -0.31638  -0.54031   7.60000  7
   0.39425   0.99057  -0.43557  -0.47056   7.60000  8
   0.19243  -0.66638   0.38870  -0.02813   7.60000  9
   0.09932  -0.79321   0.03878   0.05699   7.60000 10
  -0.42971   1.24338  -0.31635   0.26336   7.60000 11
  -0.42964   1.30750  -0.15890   0.17250   7.60000 12
   0.40557   1.07399  -0.05764  -0.94723   7.60000 13
  -0.25768   1.05062   0.15348  -0.42952   7.60000 14
   0.13692   0.78871   0.47191   0.10254   7.60000 15
   0.06148   0.68416   0.06985   0.13608   7.60000 16
  -0.29500   1.41099  -0.45651   0.68481   7.60000 17
  -0.34786   1.02914  -0.29014  -0.39574   7.60000 18
   0.07911  -0.62362  -0.11454   0.40444   7.60000 19
   0.10831  -0.78256   0.09067  -0.09209   7.60000 20
   0.05040   0.82014   0.05623   0.06225   7.70000  1
   0.13139   0.70453   0.42033   0.29925   7.70000  2
  -0.04065  -1.02549  -0.07337   0.13758   7.70000  3
   0.17333  -0.62828  -0.49846   0.72698   7.70000  4
  -0.12800   0.71465   0.62251  -0.07127   7.70000  5
   0.22262   0.64430   0.46134   0.19329   7.70000  6
   0.24130   0.79072  -0.42435  -0.55620   7.70000  7
   0.34619   0.94109  -0.52611  -0.52501   7.70000  8
   0.22765  -0.67133   0.30945  -0.06342   7.70000  9
   0.10471  -0.78443   0.06761   0.11806   7.70000 10
  -0.45802   1.26878  -0.25136   0.24615   7.70000 11
  -0.44266   1.32170  -0.10473   0.11434   7.70000 12
   0.39541   0.97483  -0.15243  -1.03519   7.70000 13
  -0.24178   1.00675   0.16731  -0.44947   7.70000 14
   0.18198   0.79744   0.42965   0.07107   7.70000 15
   0.07107   0.70236   0.12535   0.22788   7.70000 16
  -0.34146   1.47477  -0.47114   0.59212   7.70000 17
  -0.37296   0.99058  -0.21035  -0.37633   7.70000 18
   0.07073  -0.58751  -0.05280   0.31913   7.70000 19
   0.11826  -0.78882   0.10536  -0.03121   7.70000 20
   0.05987   0.82311   0.13639  -0.00499   7.80000  1
   0.17346   0.73875   0.41885   0.37994   7.80000  2
  -0.04608  -1.00838  -0.03509   0.20427   7.80000  3
   0.12230  -0.55894  -0.51711   0.65825   7.80000  4
  -0.05987   0.71080   0.74329  -0.00366   7.80000  5
   0.26383   0.67101   0.35806   0.34112   7.80000  6
   0.19424   0.73557  -0.50571  -0.53418   7.80000  7
   0.28877   0.88403  -0.62413  -0.62438   7.80000  8
   0.25370  -0.67816   0.21114  -0.07151   7.80000  9
   0.11254  -0.76987   0.08779   0.17114   7.80000 10
  -0.48019   1.29282  -0.19283   0.23538   7.80000 11
  -0.45122   1.33086  -0.06941   0.07101   7.80000 12
   0.37347   0.86730  -0.29546  -1.11263   7.80000 13
  -0.22353   0.96047   0.20158  -0.47689   7.80000 14
   0.22239   0.80247   0.37415   0.02731   7.80000 15
   0.08719   0.72955   0.19982   0.31289   7.80000 16
  -0.38891   1.52970  -0.47645   0.50806   7.80000 17
  -0.38976   0.95373  -0.12523  -0.36139   7.80000 18
   0.06845  -0.55939   0.00557   0.24600   7.80000 19
   0.12886  -0.78867   0.10477   0.03424   7.80000 20
   0.07829   0.81862   0.23474  -0.08753   7.90000  1
   0.21418   0.77862   0.38844   0.40381   7.90000  2
  -0.04762  -0.98472   0.00454   0.26862   7.90000  3
   0.07080  -0.49672  -0.50829   0.58600   7.90000  4
   0.02139   0.71440   0.88522   0.07776   7.90000  5
   0.29314   0.71209   0.22247   0.47392   7.90000  6
   0.14308   0.68732  -0.50512  -0.41594   7.90000  7
   0.22138   0.81505  -0.71732  -0.75223   7.90000  8
   0.26997  -0.68552   0.11492  -0.07536   7.90000  9
   0.12207  -0.75062   0.10207   0.21173   7.90000 10
  -0.49673   1.31591  -0.13868   0.22642   7.90000 11
  -0.45706   1.33629  -0.04967   0.03939   7.90000 12
   0.33445   0.75347  -0.49093  -1.14955   7.90000 13
  -0.20067   0.91131   0.25981  -0.50624   7.90000 14
   0.25570   0.80245   0.28370  -0.03251   7.90000 15
   0.11137   0.76363   0.28372   0.35825   7.90000 16
  -0.43649   1.57668  -0.47383   0.43299   7.90000 17
  -0.39799   0.91820  -0.03954  -0.34962   7.90000 18
   0.07125  -0.53765   0.04651   0.19220   7.90000 19
   0.13899  -0.78204   0.09724   0.09789   7.90000 20
   0.10711   0.80512   0.34051  -0.18377   8.00000  1
   0.24905   0.81592   0.29833   0.32604   8.00000  2
  -0.04510  -0.95469   0.04625   0.33178   8.00000  3
   0.02149  -0.44166  -0.47483   0.51653   8.00000  4
   0.11707   0.72637   1.01788   0.15789   8.00000  5
   0.30681   0.76278   0.04380   0.52035   8.00000  6
   0.09521   0.65404  -0.44121  -0.24773   8.00000  7
   0.14790   0.73702  -0.73673  -0.78210   8.00000  8
   0.27674  -0.69314   0.02043  -0.07643   8.00000  9
   0.13285  -0.72794   0.11319   0.23997   8.00000 10
  -0.50807   1.33805  -0.08879   0.21584   8.00000 11
  -0.46152   1.33907  -0.04089   0.01790   8.00000 12
   0.27614   0.64247  -0.66101  -1.04551   8.00000 13
  -0.17076   0.85932   0.34203  -0.53299   8.00000 14
   0.27722   0.79505   0.14058  -0.11381   8.00000 15
   0.14334   0.79832   0.34872   0.31811   8.00000 16
  -0.48348   1.61660  -0.46533   0.36692   8.00000 17
  -0.39772   0.88370   0.04458  -0.34111   8.00000 18
   0.07693  -0.52045   0.06404   0.15279   8.00000 19
   0.14827  -0.76916   0.08846   0.15933   8.00000 20
   0.14552   0.78243   0.42242  -0.26177   8.10000  1
   0.27302   0.84243   0.18099   0.20171   8.10000  2
  -0.03827  -0.91836   0.09103   0.39507   8.10000  3
  -0.02384  -0.39301  -0.43110   0.45871   8.10000  4
   0.22028   0.74458   1.02295   0.20341   8.10000  5
   0.30174   0.81360  -0.14100   0.48547   8.10000  6
   0.05640   0.63683  -0.33374  -0.10543   8.10000  7
   0.07754   0.66244  -0.66056  -0.70222   8.10000  8
   0.27403  -0.70060  -0.07485  -0.07115   8.10000  9
   0.14462  -0.70300   0.12168   0.25708   8.10000 10
  -0.51466   1.35895  -0.04413   0.20153   8.10000 11
  -0.46545   1.34018  -0.03858   0.00576   8.10000 12
   0.20502   0.54658  -0.74892  -0.87075   8.10000 13
  -0.13157   0.80479   0.44473  -0.55779   8.10000 14
   0.28343   0.78124  -0.01517  -0.15239   8.10000 15
   0.17981   0.82485   0.37842   0.20801   8.10000 16
  -0.52942   1.65034  -0.45278   0.30920   8.10000 17
  -0.38915   0.84984   0.12667  -0.33690   8.10000 18
   0.08372  -0.50708   0.07100   0.11408   8.10000 19
   0.15672  -0.75025   0.08094   0.21836   8.10000 20
