  -0.27345   1.38955   0.01555  -0.00899   0.10000  1
  -0.09808   1.48173  -0.02375  -0.01515   0.10000  2
  -0.12908  -1.19374   0.07105   0.01596   0.10000  3
   0.06305  -1.21969  -0.05006   0.03517   0.10000  4
   0.13558  -0.76698   0.02236  -0.02490   0.10000  5
   0.31900  -0.69370  -0.03011  -0.02767   0.10000  6
   0.28945  -0.60929  -0.01068  -0.06176   0.10000  7
   0.36143  -0.79142  -0.05079   0.01189   0.10000  8
  -0.03822  -1.17367   0.02051   0.00289   0.10000  9
  -0.13288  -1.00086   0.05246  -0.04731   0.10000 10
  -0.01348  -1.29303   0.00105   0.07009   0.10000 11
   0.06299  -1.11371  -0.03972  -0.02250   0.10000 12
  -0.36717   0.96747   0.01882   0.01101   0.10000 13
  -0.54652   0.88112   0.03556   0.01982   0.10000 14
  -0.19358  -1.70652   0.02050   0.01809   0.10000 15
  -0.07273  -1.86397  -0.00771   0.03477   0.10000 16
  -0.07575   1.05998  -0.03662   0.00532   0.10000 17
  -0.25639   0.97724  -0.01296   0.01654   0.10000 18
  -0.17567   1.99306  -0.01261  -0.02476   0.10000 19
  -0.32657   1.86434   0.01716  -0.00851   0.10000 20
  -0.27111   1.38820   0.03109  -0.01809   0.20000  1
  -0.10164   1.47944  -0.04762  -0.03062   0.20000  2
  -0.11840  -1.19132   0.14288   0.03251   0.20000  3
   0.05554  -1.21440  -0.09995   0.07075   0.20000  4
   0.13895  -0.77071   0.04502  -0.04971   0.20000  5
   0.31447  -0.69788  -0.06054  -0.05608   0.20000  6
   0.28783  -0.61858  -0.02203  -0.12429   0.20000  7
   0.35379  -0.78965  -0.10209   0.02343   0.20000  8
  -0.03514  -1.17321   0.04091   0.00655   0.20000  9
  -0.12497  -1.00801   0.10607  -0.09616   0.20000 10
  -0.01332  -1.28246   0.00210   0.14171   0.20000 11
   0.05700  -1.11710  -0.08027  -0.04538   0.20000 12
  -0.36434   0.96914   0.03770   0.02237   0.20000 13
  -0.54117   0.88411   0.07155   0.03996   0.20000 14
  -0.19051  -1.70381   0.04099   0.03620   0.20000 15
  -0.07388  -1.85874  -0.01538   0.06988   0.20000 16
  -0.08126   1.06078  -0.07364   0.01066   0.20000 17
  -0.25834   0.97972  -0.02582   0.03306   0.20000 18
  -0.17756   1.98934  -0.02530  -0.04976   0.20000 19
  -0.32399   1.86307   0.03435  -0.01699   0.20000 20
  -0.26723   1.38592   0.04658  -0.02742   0.30000  1
  -0.10761   1.47558  -0.07174  -0.04675   0.30000  2
  -0.10048  -1.18719   0.21561   0.05036   0.30000  3
   0.04309  -1.20552  -0.14876   0.10695   0.30000  4
   0.14460  -0.77691   0.06821  -0.07419   0.30000  5
   0.30687  -0.70497  -0.09159  -0.08602   0.30000  6
   0.28500  -0.63419  -0.03484  -0.18825   0.30000  7
   0.34098  -0.78676  -0.15426   0.03403   0.30000  8
  -0.03005  -1.17230   0.06071   0.01215   0.30000  9
  -0.11159  -1.02020   0.16194  -0.14826   0.30000 10
  -0.01306  -1.26460   0.00319   0.21589   0.30000 11
   0.04689  -1.12279  -0.12213  -0.06857   0.30000 12
  -0.35962   0.97197   0.05662   0.03445   0.30000 13
  -0.53218   0.88914   0.10838   0.06077   0.30000 14
  -0.18539  -1.69928   0.06142   0.05433   0.30000 15
  -0.07580  -1.84997  -0.02291   0.10567   0.30000 16
  -0.09050   1.06211  -0.11146   0.01603   0.30000 17
  -0.26155   0.98385  -0.03842   0.04953   0.30000 18
  -0.18073   1.98309  -0.03814  -0.07527   0.30000 19
  -0.31970   1.86095   0.05158  -0.02542   0.30000 20
  -0.26180   1.38270   0.06189  -0.03709   0.40000  1
  -0.11600   1.47006  -0.09616  -0.06393   0.40000  2
  -0.07531  -1.18117   0.28694   0.07065   0.40000  3
   0.02593  -1.19299  -0.19327   0.14347   0.40000  4
   0.15261  -0.78552   0.09200  -0.09791   0.40000  5
   0.29612  -0.71516  -0.12354  -0.11838   0.40000  6
   0.28077  -0.65629  -0.05028  -0.25399   0.40000  7
   0.32291  -0.78292  -0.20726   0.04233   0.40000  8
  -0.02307  -1.17065   0.07834   0.02168   0.40000  9
  -0.09247  -1.03784   0.22090  -0.20548   0.40000 10
  -0.01268  -1.23921   0.00455   0.29202   0.40000 11
   0.03256  -1.13078  -0.16439  -0.09069   0.40000 12
  -0.35302   0.97607   0.07548   0.04769   0.40000 13
  -0.51945   0.89630   0.14654   0.08267   0.40000 14
  -0.17823  -1.69294   0.08174   0.07249   0.40000 15
  -0.07846  -1.83757  -0.03021   0.14249   0.40000 16
  -0.10359   1.06398  -0.15047   0.02142   0.40000 17
  -0.26600   0.98962  -0.05047   0.06588   0.40000 18
  -0.18520   1.97426  -0.05117  -0.10154   0.40000 19
  -0.31368   1.85799   0.06884  -0.03376   0.40000 20
  -0.25487   1.37849   0.07673  -0.04721   0.50000  1
  -0.12685   1.46274  -0.12082  -0.08264   0.50000  2
  -0.04343  -1.17292   0.34731   0.09513   0.50000  3
   0.00485  -1.17686  -0.22479   0.17872   0.50000  4
   0.16301  -0.79643   0.11585  -0.11996   0.50000  5
   0.28212  -0.72876  -0.15665  -0.15413   0.50000  6
   0.27480  -0.68503  -0.07018  -0.32092   0.50000  7
   0.29954  -0.77847  -0.25995   0.04531   0.50000  8
  -0.01456  -1.16772   0.09057   0.03843   0.50000  9
  -0.06733  -1.06151   0.28214  -0.26897   0.50000 10
  -0.01211  -1.20629   0.00699   0.36488   0.50000 11
   0.01417  -1.14074  -0.20160  -0.10670   0.50000 12
  -0.34454   0.98156   0.09396   0.06259   0.50000 13
  -0.50281   0.90572   0.18654   0.10615   0.50000 14
  -0.16905  -1.68479   0.10182   0.09066   0.50000 15
  -0.08183  -1.82142  -0.03705   0.18074   0.50000 16
  -0.12065   1.06639  -0.19105   0.02674   0.50000 17
  -0.27161   0.99702  -0.06146   0.08200   0.50000 18
  -0.19097   1.96275  -0.06436  -0.12884   0.50000 19
  -0.30593   1.85420   0.08602  -0.04198   0.50000 20
  -0.24649   1.37324   0.09047  -0.05791   0.60000  1
  -0.14017   1.45346  -0.14547  -0.10347   0.60000  2
  -0.00698  -1.16196   0.37400   0.12484   0.60000  3
  -0.01803  -1.15743  -0.22615   0.20844   0.60000  4
   0.17571  -0.80941   0.13746  -0.13890   0.60000  5
   0.26476  -0.74613  -0.19089  -0.19419   0.60000  6
   0.26649  -0.72042  -0.09748  -0.38621   0.60000  7
   0.27105  -0.77424  -0.30866   0.03661   0.60000  8
  -0.00526  -1.16261   0.09391   0.06563   0.60000  9
  -0.03620  -1.09170   0.33810  -0.33350   0.60000 10
  -0.01118  -1.16682   0.01258   0.41982   0.60000 11
  -0.00707  -1.15152  -0.21773  -0.10461   0.60000 12
  -0.33426   0.98866   0.11138   0.07977   0.60000 13
  -0.48206   0.91760   0.22894   0.13193   0.60000 14
  -0.15788  -1.67481   0.12143   0.10890   0.60000 15
  -0.08584  -1.80136  -0.04311   0.22078   0.60000 16
  -0.14186   1.06932  -0.23347   0.03177   0.60000 17
  -0.27823   1.00601  -0.07057   0.09777   0.60000 18
  -0.19807   1.94844  -0.07761  -0.15742   0.60000 19
  -0.29648   1.84959   0.10289  -0.05006   0.60000 20
  -0.23685   1.36688   0.10193  -0.06935   0.70000  1
  -0.15592   1.44196  -0.16942  -0.12708   0.70000  2
   0.02968  -1.14791   0.35187   0.15565   0.70000  3
  -0.03887  -1.13565  -0.18352   0.22384   0.70000  4
   0.19022  -0.82407   0.15038  -0.15352   0.70000  5
   0.24393  -0.76776  -0.22549  -0.23925   0.70000  6
   0.25493  -0.76201  -0.13564  -0.44364   0.70000  7
   0.23818  -0.77188  -0.34606   0.00595   0.70000  8
   0.00398  -1.15430   0.09037   0.10118   0.70000  9
  -0.00065  -1.12728   0.36586  -0.36904   0.70000 10
  -0.00935  -1.12369   0.02590   0.43439   0.70000 11
  -0.02800  -1.16067  -0.19357  -0.07387   0.70000 12
  -0.32234   0.99762   0.12660   0.09992   0.70000 13
  -0.45692   0.93222   0.27429   0.16096   0.70000 14
  -0.14479  -1.66300   0.14018   0.12733   0.70000 15
  -0.09040  -1.77720  -0.04778   0.26294   0.70000 16
  -0.16741   1.07272  -0.27771   0.03608   0.70000 17
  -0.28562   1.01656  -0.07659   0.11302   0.70000 18
  -0.20648   1.93121  -0.09056  -0.18746   0.70000 19
  -0.28538   1.84419   0.11896  -0.05804   0.70000 20
  -0.22625   1.35933   0.10904  -0.08185   0.80000  1
  -0.17398   1.42792  -0.19133  -0.15416   0.80000  2
   0.06246  -1.13103   0.30146   0.18092   0.80000  3
  -0.05365  -1.11329  -0.10877   0.22124   0.80000  4
   0.20510  -0.84005   0.14284  -0.16654   0.80000  5
   0.21972  -0.79416  -0.25808  -0.28971   0.80000  6
   0.23899  -0.80869  -0.18478  -0.48757   0.80000  7
   0.20246  -0.77402  -0.36516  -0.05336   0.80000  8
   0.01288  -1.14241   0.08861   0.13590   0.80000  9
   0.03554  -1.16322   0.35234  -0.33939   0.80000 10
  -0.00559  -1.08145   0.05103   0.40550   0.80000 11
  -0.04463  -1.16568  -0.13520  -0.02458   0.80000 12
  -0.30907   1.00876   0.13782   0.12371   0.80000 13
  -0.42709   0.94995   0.32287   0.19467   0.80000 14
  -0.12989  -1.64932   0.15744   0.14635   0.80000 15
  -0.09532  -1.74870  -0.05011   0.30742   0.80000 16
  -0.19743   1.07649  -0.32280   0.03887   0.80000 17
  -0.29340   1.02860  -0.07812   0.12765   0.80000 18
  -0.21615   1.91091  -0.10243  -0.21888   0.80000 19
  -0.27275   1.83798   0.13332  -0.06619   0.80000 20
  -0.21528   1.35046   0.10876  -0.09607   0.90000  1
  -0.19405   1.41099  -0.20900  -0.18509   0.90000  2
   0.08983  -1.11186   0.24601   0.20247   0.90000  3
  -0.06030  -1.09160  -0.02344   0.21221   0.90000  4
   0.21773  -0.85764   0.10418  -0.18754   0.90000  5
   0.19248  -0.82588  -0.28591  -0.34561   0.90000  6
   0.21780  -0.85911  -0.23938  -0.51929   0.90000  7
   0.16571  -0.78333  -0.36766  -0.13571   0.90000  8
   0.02192  -1.12727   0.09333   0.16665   0.90000  9
   0.06918  -1.19370   0.31894  -0.26593   0.90000 10
   0.00112  -1.04305   0.08436   0.36202   0.90000 11
  -0.05460  -1.16542  -0.06327   0.03017   0.90000 12
  -0.29500   1.02249   0.14221   0.15152   0.90000 13
  -0.39226   0.97137   0.37385   0.23500   0.90000 14
  -0.11338  -1.63368   0.17225   0.16687   0.90000 15
  -0.10030  -1.71564  -0.04861   0.35398   0.90000 16
  -0.23189   1.08041  -0.36529   0.03903   0.90000 17
  -0.30105   1.04207  -0.07392   0.14165   0.90000 18
  -0.22689   1.88741  -0.11178  -0.25111   0.90000 19
  -0.25883   1.83092   0.14436  -0.07524   0.90000 20
  -0.20486   1.34002   0.09779  -0.11329   1.00000  1
  -0.21556   1.39078  -0.21999  -0.21978   1.00000  2
   0.11176  -1.09037   0.19316   0.22896   1.00000  3
  -0.05822  -1.07078   0.06559   0.20487   1.00000  4
   0.22488  -0.87813   0.03429  -0.22516   1.00000  5
   0.16267  -0.86349  -0.31004  -0.40782   1.00000  6
   0.19105  -0.91234  -0.29620  -0.54474   1.00000  7
   0.12921  -0.80165  -0.36146  -0.23278   1.00000  8
   0.03174  -1.10901   0.10391   0.19935   1.00000  9
   0.09919  -1.21597   0.28090  -0.17839   1.00000 10
   0.01156  -1.00896   0.12584   0.32044   1.00000 11
  -0.05718  -1.15957   0.01206   0.08724   1.00000 12
  -0.28101   1.03918   0.13528   0.18252   1.00000 13
  -0.35238   0.99725   0.42254   0.28410   1.00000 14
  -0.09557  -1.61584   0.18333   0.19059   1.00000 15
  -0.10485  -1.67786  -0.04134   0.40174   1.00000 16
  -0.27011   1.08419  -0.39596   0.03633   1.00000 17
  -0.30796   1.05691  -0.06310   0.15534   1.00000 18
  -0.23835   1.86070  -0.11640  -0.28275   1.00000 19
  -0.24406   1.82285   0.14978  -0.08675   1.00000 20
  -0.19614   1.32764   0.07462  -0.13522   1.10000  1
  -0.23778   1.36692  -0.22301  -0.25803   1.10000  2
   0.12849  -1.06571   0.14091   0.26573   1.10000  3
  -0.04702  -1.05048   0.15970   0.20177   1.10000  4
   0.22385  -0.90320  -0.05801  -0.27855   1.10000  5
   0.13043  -0.90774  -0.33523  -0.47851   1.10000  6
   0.15836  -0.96804  -0.35867  -0.56886   1.10000  7
   0.09353  -0.83030  -0.35170  -0.34261   1.10000  8
   0.04291  -1.08715   0.12049   0.23931   1.10000  9
   0.12531  -1.22928   0.24124  -0.08746   1.10000 10
   0.02664  -0.97889   0.17749   0.28033   1.10000 11
  -0.05211  -1.14786   0.08998   0.14763   1.10000 12
  -0.26843   1.05901   0.11409   0.21399   1.10000 13
  -0.30831   1.02845   0.45395   0.34056   1.10000 14
  -0.07688  -1.59537   0.18963   0.22011   1.10000 15
  -0.10831  -1.63531  -0.02648   0.44924   1.10000 16
  -0.31011   1.08771  -0.39755   0.03516   1.10000 17
  -0.31342   1.07316  -0.04474   0.17009   1.10000 18
  -0.24994   1.83095  -0.11424  -0.31184   1.10000 19
  -0.22913   1.81342   0.14751  -0.10283   1.10000 20
  -0.19030   1.31277   0.04068  -0.16343   1.20000  1
  -0.25991   1.33904  -0.21847  -0.30049   1.20000  2
   0.13958  -1.03716   0.07724   0.30269   1.20000  3
  -0.02600  -1.03031   0.26209   0.20174   1.20000  4
   0.21277  -0.93417  -0.16593  -0.34178   1.20000  5
   0.09560  -0.95933  -0.36005  -0.55175   1.20000  6
   0.11928  -1.02565  -0.42073  -0.57743   1.20000  7
   0.05905  -0.87064  -0.33597  -0.46633   1.20000  8
   0.05604  -1.06090   0.14263   0.28603   1.20000  9
   0.14731  -1.23338   0.19760   0.00591   1.20000 10
   0.04714  -0.95337   0.23023   0.22528   1.20000 11
  -0.03900  -1.12985   0.17359   0.21384   1.20000 12
  -0.25844   1.08196   0.08548   0.24506   1.20000 13
  -0.26288   1.06521   0.44828   0.39293   1.20000 14
  -0.05780  -1.57154   0.19132   0.25816   1.20000 15
  -0.10987  -1.58806  -0.00328   0.49547   1.20000 16
  -0.34820   1.09168  -0.35815   0.04708   1.20000 17
  -0.31666   1.09108  -0.01888   0.18917   1.20000 18
  -0.26096   1.79846  -0.10514  -0.33724   1.20000 19
  -0.21482   1.80208   0.13745  -0.12492   1.20000 20
  -0.18826   1.29471  -0.00096  -0.19900   1.30000  1
  -0.28122   1.30664  -0.20637  -0.34832   1.30000  2
   0.14307  -1.00637  -0.01068   0.30534   1.30000  3
   0.00551  -1.01040   0.36591   0.19279   1.30000  4
   0.19022  -0.97156  -0.28696  -0.40450   1.30000  5
   0.05916  -1.01705  -0.36287  -0.59371   1.30000  6
   0.07521  -1.08173  -0.45361  -0.53458   1.30000  7
   0.02704  -0.92374  -0.29861  -0.59405   1.30000  8
   0.07114  -1.03045   0.15520   0.31667   1.30000  9
   0.16451  -1.22800   0.14421   0.10204   1.30000 10
   0.07159  -0.93521   0.25142   0.13084   1.30000 11
  -0.01707  -1.10486   0.26643   0.28635   1.30000 12
  -0.25121   1.10813   0.06023   0.27913   1.30000 13
  -0.21967   1.10667   0.41215   0.43476   1.30000 14
  -0.03871  -1.54338   0.19001   0.30681   1.30000 15
  -0.10871  -1.53622   0.02772   0.54140   1.30000 16
  -0.38096   1.09768  -0.29507   0.07518   1.30000 17
  -0.31706   1.11124   0.01116   0.21533   1.30000 18
  -0.27080   1.76359  -0.09112  -0.35979   1.30000 19
  -0.20183   1.78824   0.12180  -0.15269   1.30000 20
  -0.19063   1.27273  -0.04687  -0.24144   1.40000  1
  -0.30084   1.26926  -0.18403  -0.39917   1.40000  2
   0.13719  -0.97772  -0.10633   0.25990   1.40000  3
   0.04589  -0.99292   0.43212   0.15030   1.40000  4
   0.15526  -1.01428  -0.41040  -0.44350   1.40000  5
   0.02442  -1.07590  -0.32519  -0.57368   1.40000  6
   0.03020  -1.13107  -0.43848  -0.44820   1.40000  7
   0.00073  -0.98843  -0.22081  -0.69090   1.40000  8
   0.08602  -0.99932   0.13847   0.29689   1.40000  9
   0.17561  -1.21300   0.07491   0.19736   1.40000 10
   0.09613  -0.92826   0.23488   0.00542   1.40000 11
   0.01422  -1.07293   0.35513   0.34696   1.40000 12
  -0.24620   1.13795   0.04072   0.31811   1.40000 13
  -0.18105   1.15194   0.35768   0.46936   1.40000 14
  -0.01983  -1.50977   0.18760   0.36763   1.40000 15
  -0.10409  -1.47967   0.06575   0.59063   1.40000 16
  -0.40702   1.10700  -0.22583   0.11200   1.40000 17
  -0.31440   1.13439   0.04206   0.24878   1.40000 18
  -0.27911   1.72653  -0.07471  -0.38161   1.40000 19
  -0.19055   1.77140   0.10332  -0.18484   1.40000 20
  -0.19762   1.24643  -0.09239  -0.28266   1.50000  1
  -0.31759   1.22713  -0.14889  -0.43956   1.50000  2
   0.12235  -0.95567  -0.18539   0.17642   1.50000  3
   0.09004  -0.98129   0.44217   0.08045   1.50000  4
   0.10919  -1.05876  -0.50187  -0.43935   1.50000  5
  -0.00491  -1.13058  -0.25942  -0.51781   1.50000  6
  -0.01120  -1.17124  -0.38551  -0.35743   1.50000  7
  -0.01618  -1.05979  -0.11632  -0.72673   1.50000  8
   0.09847  -0.97266   0.11025   0.23032   1.50000  9
   0.17891  -1.18875  -0.01161   0.28602   1.50000 10
   0.11784  -0.93417   0.19595  -0.12176   1.50000 11
   0.05250  -1.03715   0.40321   0.35959   1.50000 12
  -0.24302   1.17174   0.02260   0.35644   1.50000 13
  -0.14866   1.20012   0.28775   0.49099   1.50000 14
  -0.00121  -1.46938   0.18457   0.44299   1.50000 15
  -0.09531  -1.41779   0.11114   0.64940   1.50000 16
  -0.42606   1.12019  -0.15459   0.15203   1.50000 17
  -0.30868   1.16114   0.07192   0.28603   1.50000 18
  -0.28572   1.68722  -0.05744  -0.40494   1.50000 19
  -0.18119   1.75116   0.08387  -0.22044   1.50000 20
  -0.20899   1.21700  -0.13472  -0.30001   1.60000  1
  -0.33035   1.18257  -0.10601  -0.44378   1.60000  2
   0.10162  -0.94306  -0.22033   0.07411   1.60000  3
   0.13261  -0.97672   0.40158   0.01291   1.60000  4
   0.05718  -1.10134  -0.52811  -0.41249   1.60000  5
  -0.02752  -1.17963  -0.19417  -0.46519   1.60000  6
  -0.04647  -1.20332  -0.31831  -0.28823   1.60000  7
  -0.02308  -1.13251  -0.02667  -0.72430   1.60000  8
   0.10822  -0.95395   0.08607   0.14196   1.60000  9
   0.17283  -1.15624  -0.11144   0.36117   1.60000 10
   0.13477  -0.95188   0.14081  -0.22747   1.60000 11
   0.09359  -1.00245   0.41287   0.32985   1.60000 12
  -0.24173   1.20865   0.00315   0.37709   1.60000 13
  -0.12380   1.24930   0.20921   0.48868   1.60000 14
   0.01699  -1.42056   0.17855   0.53671   1.60000 15
  -0.08155  -1.34919   0.16582   0.72627   1.60000 16
  -0.43785   1.13735  -0.08071   0.19039   1.60000 17
  -0.30015   1.19128   0.09784   0.31354   1.60000 18
  -0.29058   1.64542  -0.03977  -0.43186   1.60000 19
  -0.17378   1.72720   0.06433  -0.25934   1.60000 20
  -0.22452   1.18774  -0.17520  -0.27933   1.70000  1
  -0.33897   1.13994  -0.06787  -0.40273   1.70000  2
   0.08002  -0.94089  -0.20449  -0.02973   1.70000  3
   0.16920  -0.97829   0.32604  -0.04258   1.70000  4
   0.00492  -1.14201  -0.51273  -0.40594   1.70000  5
  -0.04405  -1.22399  -0.13747  -0.42220   1.70000  6
  -0.07443  -1.22965  -0.23792  -0.24065   1.70000  7
  -0.02276  -1.20420   0.02634  -0.70611   1.70000  8
   0.11602  -0.94447   0.07137   0.04713   1.70000  9
   0.15668  -1.11720  -0.20894   0.41626   1.70000 10
   0.14588  -0.97852   0.08185  -0.29925   1.70000 11
   0.13400  -0.97181   0.38988   0.27925   1.70000 12
  -0.24234   1.24618  -0.01501   0.36979   1.70000 13
  -0.10666   1.29734   0.13473   0.47094   1.70000 14
   0.03416  -1.36131   0.16190   0.65154   1.70000 15
  -0.06179  -1.27183   0.23038   0.82067   1.70000 16
  -0.44212   1.15800  -0.00456   0.22093   1.70000 17
  -0.28930   1.22306   0.11800   0.31870   1.70000 18
  -0.29365   1.60066  -0.02131  -0.46446   1.70000 19
  -0.16832   1.69916   0.04500  -0.30224   1.70000 20
  -0.24380   1.16201  -0.20908  -0.23288   1.80000  1
  -0.34424   1.10278  -0.03876  -0.33863   1.80000  2
   0.06171  -0.94874  -0.15878  -0.12617   1.80000  3
   0.19720  -0.98496   0.23157  -0.08937   1.80000  4
  -0.04460  -1.18333  -0.47222  -0.42022   1.80000  5
  -0.05497  -1.26341  -0.08015  -0.36064   1.80000  6
  -0.09337  -1.25129  -0.13872  -0.18975   1.80000  7
  -0.01895  -1.27232   0.04649  -0.64612   1.80000  8
   0.12269  -0.94458   0.06247  -0.04932   1.80000  9
   0.13198  -1.07365  -0.27868   0.45102   1.80000 10
   0.15133  -1.01057   0.02762  -0.33668   1.80000 11
   0.17055  -0.94749   0.33658   0.20310   1.80000 12
  -0.24464   1.28220  -0.03035   0.35019   1.80000 13
  -0.09663   1.34348   0.06674   0.45218   1.80000 14
   0.04853  -1.29000   0.12075   0.77147   1.80000 15
  -0.03568  -1.18684   0.28881   0.86413   1.80000 16
  -0.43880   1.18118   0.07057   0.24117   1.80000 17
  -0.27681   1.25461   0.13027   0.31183   1.80000 18
  -0.29478   1.55227  -0.00092  -0.50483   1.80000 19
  -0.16478   1.66658   0.02580  -0.35049   1.80000 20
  -0.26603   1.14141  -0.23407  -0.17879   1.90000  1
  -0.34688   1.07241  -0.01468  -0.26836   1.90000  2
   0.04855  -0.96598  -0.10376  -0.21812   1.90000  3
   0.21509  -0.99580   0.12459  -0.12528   1.90000  4
  -0.08825  -1.22511  -0.39665  -0.41047   1.90000  5
  -0.06024  -1.29531  -0.02794  -0.27600   1.90000  6
  -0.10225  -1.26737  -0.04129  -0.13231   1.90000  7
  -0.01395  -1.33172   0.05050  -0.53817   1.90000  8
   0.12838  -0.95429   0.04966  -0.14433   1.90000  9
   0.10239  -1.02807  -0.30624   0.45323   1.90000 10
   0.15123  -1.04486  -0.03138  -0.34396   1.90000 11
   0.20057  -0.93172   0.26110   0.11128   1.90000 12
  -0.24829   1.31635  -0.04194   0.33396   1.90000 13
  -0.09324   1.38787   0.00089   0.43597   1.90000 14
   0.05787  -1.20858   0.06855   0.84948   1.90000 15
  -0.00442  -1.10107   0.33812   0.84917   1.90000 16
  -0.42813   1.20602   0.14222   0.25501   1.90000 17
  -0.26358   1.28554   0.13263   0.30814   1.90000 18
  -0.29371   1.49938   0.02318  -0.55434   1.90000 19
  -0.16316   1.62882   0.00650  -0.40609   1.90000 20
  -0.29033   1.12623  -0.25026  -0.12495   2.00000  1
  -0.34727   1.04910   0.00628  -0.19788   2.00000  2
   0.04100  -0.99205  -0.04694  -0.29902   2.00000  3
   0.22188  -1.00956   0.01030  -0.14757   2.00000  4
  -0.12367  -1.26488  -0.31159  -0.38337   2.00000  5
  -0.06120  -1.31874   0.00598  -0.19435   2.00000  6
  -0.10231  -1.27803   0.03653  -0.08276   2.00000  7
  -0.00937  -1.37997   0.03936  -0.42835   2.00000  8
   0.13208  -0.97312   0.02103  -0.22915   2.00000  9
   0.07192  -0.98469  -0.29770   0.40624   2.00000 10
   0.14473  -1.07830  -0.09907  -0.31901   2.00000 11
   0.22233  -0.92525   0.17213   0.01880   2.00000 12
  -0.25288   1.34926  -0.04918   0.32510   2.00000 13
  -0.09651   1.43065  -0.06666   0.41901   2.00000 14
   0.06348  -1.12072   0.05095   0.90696   2.00000 15
   0.03262  -1.01697   0.40378   0.82911   2.00000 16
  -0.41048   1.23214   0.21025   0.26752   2.00000 17
  -0.25059   1.31661   0.12561   0.31498   2.00000 18
  -0.28997   1.44117   0.05245  -0.61009   2.00000 19
  -0.16349   1.58504  -0.01327  -0.47123   2.00000 20
  -0.31572   1.11637  -0.25544  -0.07241   2.10000  1
  -0.34574   1.03280   0.02373  -0.12833   2.10000  2
   0.03935  -1.02419   0.01472  -0.33421   2.10000  3
   0.21709  -1.02475  -0.10547  -0.15296   2.10000  4
  -0.15055  -1.30157  -0.22587  -0.34964   2.10000  5
  -0.05949  -1.33457   0.02671  -0.12405   2.10000  6
  -0.09563  -1.28437   0.09432  -0.04620   2.10000  7
  -0.00623  -1.41772   0.02324  -0.32811   2.10000  8
   0.13205  -0.99908  -0.02268  -0.28251   2.10000  9
   0.04397  -0.94806  -0.25590   0.32336   2.10000 10
   0.13172  -1.10744  -0.15768  -0.25907   2.10000 11
   0.23468  -0.92769   0.07366  -0.06561   2.10000 12
  -0.25793   1.38132  -0.05022   0.31392   2.10000 13
  -0.10663   1.47139  -0.13565   0.39337   2.10000 14
   0.06932  -1.02783   0.06984   0.94172   2.10000 15
   0.07564  -0.93709   0.44942   0.75791   2.10000 16
  -0.38618   1.25961   0.27525   0.28254   2.10000 17
  -0.23877   1.34877   0.10944   0.32794   2.10000 18
  -0.28314   1.37777   0.08317  -0.65250   2.10000 19
  -0.16586   1.53426  -0.03456  -0.54514   2.10000 20
  -0.34093   1.11170  -0.24602  -0.02145   2.20000  1
  -0.34267   1.02342   0.03710  -0.05945   2.20000  2
   0.04378  -1.05735   0.07172  -0.32523   2.20000  3
   0.20116  -1.03951  -0.21009  -0.14007   2.20000  4
  -0.16886  -1.33465  -0.14076  -0.31113   2.20000  5
  -0.05604  -1.34385   0.04190  -0.06282   2.20000  6
  -0.08385  -1.28760   0.13995  -0.01949   2.20000  7
  -0.00472  -1.44580   0.00709  -0.23433   2.20000  8
   0.12778  -1.02803  -0.06015  -0.29100   2.20000  9
   0.02162  -0.92001  -0.18846   0.23964   2.20000 10
   0.11397  -1.12977  -0.19429  -0.18844   2.20000 11
   0.23685  -0.93778  -0.03046  -0.13244   2.20000 12
  -0.26247   1.41134  -0.03784   0.28340   2.20000 13
  -0.12350   1.50860  -0.20026   0.34637   2.20000 14
   0.07770  -0.93504   0.09702   0.90227   2.20000 15
   0.12095  -0.86675   0.45029   0.64681   2.20000 16
  -0.35549   1.28875   0.33809   0.30001   2.20000 17
  -0.22886   1.38175   0.08906   0.32868   2.20000 18
  -0.27382   1.31232   0.09951  -0.64851   2.20000 19
  -0.17064   1.47620  -0.06340  -0.61281   2.20000 20
  -0.36437   1.11197  -0.22007   0.02607   2.30000  1
  -0.33844   1.02090   0.04697   0.00914   2.30000  2
   0.05323  -1.08920   0.11497  -0.31269   2.30000  3
   0.17579  -1.05270  -0.29360  -0.12500   2.30000  4
  -0.17878  -1.36368  -0.05815  -0.26908   2.30000  5
  -0.05112  -1.34730   0.05671  -0.00658   2.30000  6
  -0.06781  -1.28838   0.18032   0.00380   2.30000  7
  -0.00476  -1.46469  -0.00751  -0.14373   2.30000  8
   0.12045  -1.05690  -0.08537  -0.28666   2.30000  9
   0.00640  -0.89960  -0.11664   0.17093   2.30000 10
   0.09333  -1.14554  -0.21640  -0.12926   2.30000 11
   0.22880  -0.95341  -0.12865  -0.17729   2.30000 12
  -0.26502   1.43755  -0.01171   0.23892   2.30000 13
  -0.14622   1.53983  -0.25163   0.27579   2.30000 14
   0.08840  -0.84872   0.11541   0.82139   2.30000 15
   0.16474  -0.80749   0.42212   0.54116   2.30000 16
  -0.31876   1.31940   0.39465   0.31182   2.30000 17
  -0.22079   1.41396   0.07288   0.31265   2.30000 18
  -0.26395   1.24918   0.09578  -0.61118   2.30000 19
  -0.17918   1.41273  -0.11009  -0.65019   2.30000 20
  -0.38442   1.11669  -0.17870   0.06688   2.40000  1
  -0.33332   1.02524   0.05546   0.07775   2.40000  2
   0.06621  -1.12001   0.14094  -0.30342   2.40000  3
   0.14310  -1.06502  -0.35691  -0.12486   2.40000  4
  -0.18060  -1.38836   0.02133  -0.22389   2.40000  5
  -0.04460  -1.34522   0.07434   0.04806   2.40000  6
  -0.04786  -1.28676   0.21828   0.02949   2.40000  7
  -0.00615  -1.47457  -0.01996  -0.05388   2.40000  8
   0.11075  -1.08557  -0.10905  -0.28782   2.40000  9
  -0.00199  -0.88552  -0.05293   0.11119   2.40000 10
   0.07110  -1.15613  -0.22602  -0.08516   2.40000 11
   0.21159  -0.97294  -0.21344  -0.21325   2.40000 12
  -0.26471   1.45883   0.01781   0.18610   2.40000 13
  -0.17338   1.56355  -0.28948   0.19805   2.40000 14
   0.10054  -0.77084   0.12664   0.73732   2.40000 15
   0.20489  -0.75780   0.37942   0.45658   2.40000 16
  -0.27707   1.35097   0.43595   0.31891   2.40000 17
  -0.21436   1.44360   0.05482   0.27774   2.40000 18
  -0.25493   1.19032   0.08356  -0.56597   2.40000 19
  -0.19284   1.34747  -0.16206  -0.64982   2.40000 20
  -0.39973   1.12502  -0.12595   0.09815   2.50000  1
  -0.32729   1.03644   0.06562   0.14602   2.50000  2
   0.08051  -1.14974   0.13974  -0.29018   2.50000  3
   0.10514  -1.07840  -0.39813  -0.14626   2.50000  4
  -0.17461  -1.40834   0.09806  -0.17493   2.50000  5
  -0.03609  -1.33765   0.09679   0.10372   2.50000  6
  -0.02425  -1.28224   0.25315   0.06234   2.50000  7
  -0.00866  -1.47543  -0.02976   0.03707   2.50000  8
   0.09850  -1.11461  -0.13679  -0.29343   2.50000  9
  -0.00455  -0.87735  -0.00005   0.05191   2.50000 10
   0.04866  -1.16317  -0.21991  -0.05887   2.50000 11
   0.18643  -0.99624  -0.28869  -0.25408   2.50000 12
  -0.26152   1.47491   0.04579   0.13705   2.50000 13
  -0.20369   1.57939  -0.31413   0.11851   2.50000 14
   0.11363  -0.70092   0.13470   0.66304   2.50000 15
   0.24051  -0.71545   0.33293   0.39353   2.50000 16
  -0.23247   1.38297   0.45018   0.32018   2.50000 17
  -0.20999   1.46936   0.03211   0.23754   2.50000 18
  -0.24747   1.13589   0.06433  -0.52297   2.50000 19
  -0.21110   1.28348  -0.19998  -0.62834   2.50000 20
  -0.40941   1.13600  -0.06686   0.11985   2.60000  1
  -0.32005   1.05433   0.08004   0.21050   2.60000  2
   0.09299  -1.17784   0.10430  -0.27104   2.60000  3
   0.06438  -1.09495  -0.41251  -0.18770   2.60000  4
  -0.16106  -1.42317   0.17264  -0.12073   2.60000  5
  -0.02505  -1.32437   0.12492   0.16267   2.60000  6
   0.00253  -1.27393   0.28062   0.10589   2.60000  7
  -0.01199  -1.46708  -0.03612   0.13057   2.60000  8
   0.08324  -1.14434  -0.16896  -0.30155   2.60000  9
  -0.00236  -0.87526   0.04210  -0.01102   2.60000 10
   0.02768  -1.16855  -0.19712  -0.05197   2.60000 11
   0.15403  -1.02411  -0.35848  -0.30526   2.60000 12
  -0.25560   1.48663   0.07212   0.09961   2.60000 13
  -0.23563   1.58724  -0.32136   0.03896   2.60000 14
   0.12745  -0.63784   0.14158   0.60043   2.60000 15
   0.27155  -0.67853   0.28843   0.34721   2.60000 16
  -0.18824   1.41502   0.42932   0.32153   2.60000 17
  -0.20791   1.49124   0.01008   0.20084   2.60000 18
  -0.24230   1.08579   0.03814  -0.47800   2.60000 19
  -0.23231   1.22163  -0.22287  -0.61081   2.60000 20
  -0.41301   1.14871  -0.00500   0.13306   2.70000  1
  -0.31118   1.07816   0.09724   0.26352   2.70000  2
   0.10036  -1.20390   0.03865  -0.25019   2.70000  3
   0.02358  -1.11641  -0.39875  -0.24317   2.70000  4
  -0.14014  -1.43222   0.24535  -0.05866   2.70000  5
  -0.01095  -1.30494   0.15748   0.22681   2.70000  6
   0.03133  -1.26072   0.29141   0.15936   2.70000  7
  -0.01573  -1.44920  -0.03780   0.22769   2.70000  8
   0.06467  -1.17497  -0.20220  -0.31111   2.70000  9
   0.00351  -0.87973   0.07330  -0.07917   2.70000 10
   0.00970  -1.17412  -0.16036  -0.06191   2.70000 11
   0.11492  -1.05771  -0.42249  -0.36908   2.70000 12
  -0.24725   1.49525   0.09381   0.07452   2.70000 13
  -0.26726   1.58736  -0.30781  -0.03521   2.70000 14
   0.14193  -0.58049   0.14811   0.54797   2.70000 15
   0.29833  -0.64562   0.24797   0.31278   2.70000 16
  -0.14744   1.44734   0.38364   0.32447   2.70000 17
  -0.20785   1.50964  -0.00826   0.16760   2.70000 18
  -0.23995   1.04061   0.00877  -0.42367   2.70000 19
  -0.25561   1.16088  -0.24309  -0.60561   2.70000 20
  -0.41043   1.16231   0.05595   0.13748   2.80000  1
  -0.30078   1.10636   0.10894   0.29620   2.80000  2
   0.10003  -1.22785  -0.04771  -0.22826   2.80000  3
  -0.01438  -1.14379  -0.35522  -0.30464   2.80000  4
  -0.11208  -1.43450   0.31513   0.01566   2.80000  5
   0.00641  -1.27885   0.18828   0.29485   2.80000  6
   0.05973  -1.24213   0.26973   0.20988   2.80000  7
  -0.01933  -1.42140  -0.03265   0.32906   2.80000  8
   0.04302  -1.20646  -0.22852  -0.31720   2.80000  9
   0.01193  -0.89128   0.09327  -0.15265   2.80000 10
  -0.00406  -1.18135  -0.11369  -0.08426   2.80000 11
   0.06989  -1.09842  -0.47522  -0.44745   2.80000 12
  -0.23712   1.50184   0.10718   0.05846   2.80000 13
  -0.29658   1.58059  -0.27606  -0.09809   2.80000 14
   0.15707  -0.52797   0.15461   0.50363   2.80000 15
   0.32129  -0.61570   0.21189   0.28669   2.80000 16
  -0.11195   1.47971   0.32474   0.32164   2.80000 17
  -0.20943   1.52482  -0.02285   0.13617   2.80000 18
  -0.24045   1.00135  -0.01823  -0.36098   2.80000 19
  -0.28083   1.10064  -0.25959  -0.59619   2.80000 20
  -0.40203   1.17597   0.11063   0.13499   2.90000  1
  -0.28992   1.13652   0.10574   0.30412   2.90000  2
   0.09050  -1.24930  -0.14353  -0.19876   2.90000  3
  -0.04641  -1.17712  -0.28049  -0.35974   2.90000  4
  -0.07735  -1.42846   0.37766   0.10884   2.90000  5
   0.02606  -1.24636   0.19912   0.34973   2.90000  6
   0.08368  -1.21976   0.20151   0.23054   2.90000  7
  -0.02192  -1.38323  -0.01705   0.43505   2.90000  8
   0.01957  -1.23782  -0.23726  -0.30592   2.90000  9
   0.02181  -0.91042   0.10272  -0.23096   2.90000 10
  -0.01292  -1.19128  -0.06359  -0.11578   2.90000 11
   0.02075  -1.14757  -0.50111  -0.53562   2.90000 12
  -0.22613   1.50709   0.11111   0.04712   2.90000 13
  -0.32209   1.56819  -0.23283  -0.14776   2.90000 14
   0.17285  -0.47956   0.16118   0.46557   2.90000 15
   0.34084  -0.58808   0.17989   0.26653   2.90000 16
  -0.08260   1.51139   0.26225   0.31056   2.90000 17
  -0.21231   1.53687  -0.03426   0.10461   2.90000 18
  -0.24349   0.96837  -0.04206  -0.29937   2.90000 19
  -0.30695   1.04248  -0.25963  -0.56375   2.90000 20
  -0.38860   1.18930   0.15661   0.13218   3.00000  1
  -0.27995   1.16704   0.09281   0.30682   3.00000  2
   0.07141  -1.26719  -0.23713  -0.15747   3.00000  3
  -0.06968  -1.21513  -0.18205  -0.39702   3.00000  4
  -0.03711  -1.41189   0.42316   0.22677   3.00000  5
   0.04469  -1.21073   0.16608   0.35163   3.00000  6
   0.09885  -1.19750   0.09871   0.20849   3.00000  7
  -0.02231  -1.33427   0.01079   0.54340   3.00000  8
  -0.00384  -1.26683  -0.22857  -0.27105   3.00000  9
   0.03220  -0.93764   0.10397  -0.31458   3.00000 10
  -0.01700  -1.20479  -0.02008  -0.15600   3.00000 11
  -0.02858  -1.20486  -0.47596  -0.60329   3.00000 12
  -0.21517   1.51131   0.10677   0.03731   3.00000 13
  -0.34297   1.55142  -0.18439  -0.18597   3.00000 14
   0.18930  -0.43470   0.16774   0.43228   3.00000 15
   0.35738  -0.56225   0.15143   0.25069   3.00000 16
  -0.05944   1.54159   0.20155   0.29245   3.00000 17
  -0.21618   1.54569  -0.04247   0.07158   3.00000 18
  -0.24883   0.94122  -0.06465  -0.24518   3.00000 19
  -0.33224   0.98814  -0.24433  -0.52303   3.00000 20
  -0.37095   1.20259   0.19534   0.13487   3.10000  1
  -0.27145   1.19808   0.07702   0.31508   3.10000  2
   0.04343  -1.28061  -0.31949  -0.11040   3.10000  3
  -0.08249  -1.25578  -0.07355  -0.41114   3.10000  4
   0.00614  -1.38240   0.43382   0.36460   3.10000  5
   0.05835  -1.17801   0.10551   0.29661   3.10000  6
   0.10329  -1.17887  -0.00926   0.16186   3.10000  7
  -0.01977  -1.27544   0.03796   0.62196   3.10000  8
  -0.02578  -1.29152  -0.20795  -0.22005   3.10000  9
   0.04241  -0.97360   0.09935  -0.40641   3.10000 10
  -0.01742  -1.22268   0.00945  -0.20131   3.10000 11
  -0.07270  -1.26645  -0.39892  -0.61803   3.10000 12
  -0.20499   1.51454   0.09585   0.02716   3.10000 13
  -0.35892   1.53127  -0.13450  -0.21587   3.10000 14
   0.20640  -0.39298   0.17416   0.40255   3.10000 15
   0.37123  -0.53784   0.12596   0.23815   3.10000 16
  -0.04216   1.56971   0.14471   0.26910   3.10000 17
  -0.22069   1.55112  -0.04720   0.03662   3.10000 18
  -0.25640   0.91903  -0.08661  -0.20020   3.10000 19
  -0.35557   0.93777  -0.22165  -0.48514   3.10000 20
  -0.34973   1.21656   0.22823   0.14596   3.20000  1
  -0.26456   1.23025   0.06076   0.32914   3.20000  2
   0.00849  -1.28917  -0.37216  -0.06047   3.20000  3
  -0.08452  -1.29611   0.03052  -0.38897   3.20000  4
   0.04773  -1.33940   0.38842   0.48928   3.20000  5
   0.06583  -1.15194   0.04492   0.22423   3.20000  6
   0.09728  -1.16529  -0.10899   0.10972   3.20000  7
  -0.01504  -1.21314   0.05707   0.60969   3.20000  8
  -0.04488  -1.31028  -0.17182  -0.15339   3.20000  9
   0.05188  -1.01935   0.08886  -0.51076   3.20000 10
  -0.01546  -1.24451   0.02838  -0.23052   3.20000 11
  -0.10735  -1.32627  -0.29259  -0.56942   3.20000 12
  -0.19617   1.51669   0.07977   0.01543   3.20000 13
  -0.36987   1.50842  -0.08454  -0.24045   3.20000 14
   0.22412  -0.35410   0.18022   0.37546   3.20000 15
   0.38266  -0.51453   0.10298   0.22829   3.20000 16
  -0.03035   1.59528   0.09211   0.24178   3.20000 17
  -0.22550   1.55295  -0.04842  -0.00024   3.20000 18
  -0.26611   0.90089  -0.10729  -0.16405   3.20000 19
  -0.37648   0.89100  -0.19642  -0.45073   3.20000 20
  -0.32551   1.23212   0.25500   0.16699   3.30000  1
  -0.25927   1.26406   0.04534   0.34765   3.30000  2
  -0.02934  -1.29275  -0.37632  -0.01268   3.30000  3
  -0.07719  -1.33243   0.11107  -0.33253   3.30000  4
   0.08237  -1.28615   0.30039   0.56817   3.30000  5
   0.06752  -1.13314  -0.01019   0.15185   3.30000  6
   0.08196  -1.15685  -0.19437   0.05951   3.30000  7
  -0.00798  -1.15515   0.08645   0.54610   3.30000  8
  -0.05983  -1.32215  -0.12618  -0.08481   3.30000  9
   0.05984  -1.07615   0.06786  -0.62551   3.30000 10
  -0.01200  -1.26764   0.03912  -0.22669   3.30000 11
  -0.13143  -1.37921  -0.19126  -0.48635   3.30000 12
  -0.18918   1.51754   0.05953   0.00106   3.30000 13
  -0.37582   1.48329  -0.03421  -0.26180   3.30000 14
   0.24243  -0.31782   0.18576   0.35032   3.30000 15
   0.39189  -0.49210   0.08209   0.22073   3.30000 16
  -0.02361   1.61796   0.04348   0.21125   3.30000 17
  -0.23027   1.55101  -0.04640  -0.03896   3.30000 18
  -0.27778   0.88596  -0.12582  -0.13557   3.30000 19
  -0.39486   0.84754  -0.17135  -0.41874   3.30000 20
  -0.29899   1.25032   0.27392   0.19879   3.40000  1
  -0.25542   1.29989   0.03209   0.36944   3.40000  2
  -0.06533  -1.29227  -0.33718   0.01894   3.40000  3
  -0.06345  -1.36183   0.15801  -0.25256   3.40000  4
   0.10748  -1.22699   0.20088   0.60983   3.40000  5
   0.06405  -1.12173  -0.05738   0.07476   3.40000  6
   0.05929  -1.15333  -0.25327   0.01066   3.40000  7
   0.00256  -1.10460   0.12425   0.46056   3.40000  8
  -0.07002  -1.32755  -0.07721  -0.02497   3.40000  9
   0.06483  -1.14370   0.02911  -0.71661   3.40000 10
  -0.00806  -1.28891   0.03750  -0.19504   3.40000 11
  -0.14614  -1.42325  -0.10544  -0.39409   3.40000 12
  -0.18438   1.51678   0.03580  -0.01701   3.40000 13
  -0.37665   1.45614   0.01795  -0.28078   3.40000 14
   0.26125  -0.28399   0.19062   0.32658   3.40000 15
   0.39913  -0.47032   0.06298   0.21522   3.40000 16
  -0.02154   1.63743  -0.00165   0.17784   3.40000 17
  -0.23469   1.54510  -0.04156  -0.07971   3.40000 18
  -0.29118   0.87356  -0.14157  -0.11343   3.40000 19
  -0.41081   0.80719  -0.14786  -0.38844   3.40000 20
  -0.27107   1.27223   0.28258   0.24103   3.50000  1
  -0.25274   1.33801   0.02208   0.39323   3.50000  2
  -0.09570  -1.28957  -0.26618   0.03253   3.50000  3
  -0.04658  -1.38254   0.17554  -0.16059   3.50000  4
   0.12236  -1.16553   0.09676   0.61055   3.50000  5
   0.05643  -1.11838  -0.09302  -0.00699   3.50000  6
   0.03259  -1.15482  -0.27477  -0.04048   3.50000  7
   0.01644  -1.06384   0.15012   0.35284   3.50000  8
  -0.07519  -1.32748  -0.02585   0.02472   3.50000  9
   0.06528  -1.21705  -0.02202  -0.73891   3.50000 10
  -0.00492  -1.30616   0.02368  -0.14870   3.50000 11
  -0.15297  -1.45803  -0.03325  -0.30169   3.50000 12
  -0.18212   1.51398   0.00905  -0.03985   3.50000 13
  -0.37209   1.42725   0.07410  -0.29594   3.50000 14
   0.28052  -0.25247   0.19468   0.30385   3.50000 15
   0.40454  -0.44900   0.04544   0.21152   3.50000 16
  -0.02383   1.65343  -0.04375   0.14163   3.50000 17
  -0.23850   1.53499  -0.03428  -0.12289   3.50000 18
  -0.30600   0.86311  -0.15431  -0.09641   3.50000 19
  -0.42451   0.76981  -0.12661  -0.35946   3.50000 20
  -0.24288   1.29880   0.27909   0.29150   3.60000  1
  -0.25086   1.37849   0.01642   0.41560   3.60000  2
  -0.11798  -1.28616  -0.17753   0.03416   3.60000  3
  -0.02892  -1.39385   0.17549  -0.06559   3.60000  4
   0.12715  -1.10637   0.00187   0.56838   3.60000  5
   0.04581  -1.12267  -0.11822  -0.07588   3.60000  6
   0.00521  -1.16133  -0.27003  -0.08902   3.60000  7
   0.03199  -1.03400   0.15850   0.24518   3.60000  8
  -0.07512  -1.32294   0.02731   0.06423   3.60000  9
   0.05987  -1.28995  -0.08900  -0.71536   3.60000 10
  -0.00350  -1.31863   0.00436  -0.10165   3.60000 11
  -0.15311  -1.48367   0.02929  -0.21144   3.60000 12
  -0.18266   1.50862  -0.02039  -0.06828   3.60000 13
  -0.36165   1.39725   0.13562  -0.30170   3.60000 14
   0.30016  -0.22320   0.19784   0.28179   3.60000 15
   0.40827  -0.42796   0.02932   0.20944   3.60000 16
  -0.03021   1.66566  -0.08331   0.10247   3.60000 17
  -0.24147   1.52042  -0.02472  -0.16879   3.60000 18
  -0.32194   0.85415  -0.16409  -0.08338   3.60000 19
  -0.43621   0.73526  -0.10780  -0.33164   3.60000 20
  -0.21568   1.33066   0.26288   0.34590   3.70000  1
  -0.24920   1.42084   0.01867   0.42906   3.70000  2
  -0.13099  -1.28296  -0.08219   0.02927   3.70000  3
  -0.01181  -1.39577   0.16507   0.02600   3.70000  4
   0.12333  -1.05233  -0.07524   0.51120   3.70000  5
   0.03291  -1.13304  -0.13963  -0.12984   3.70000  6
  -0.02105  -1.17259  -0.25403  -0.13663   3.70000  7
   0.04777  -1.01445   0.15552   0.14781   3.70000  8
  -0.06979  -1.31506   0.07847   0.09112   3.70000  9
   0.04720  -1.35947  -0.16420  -0.67102   3.70000 10
  -0.00412  -1.32682  -0.01726  -0.06410   3.70000 11
  -0.14731  -1.50037   0.08597  -0.12280   3.70000 12
  -0.18626   1.50014  -0.05182  -0.10199   3.70000 13
  -0.34490   1.36754   0.19910  -0.28895   3.70000 14
   0.32006  -0.19610   0.19999   0.26015   3.70000 15
   0.41045  -0.40706   0.01459   0.20881   3.70000 16
  -0.04043   1.67382  -0.12079   0.06006   3.70000 17
  -0.24336   1.50119  -0.01261  -0.21578   3.70000 18
  -0.33872   0.84633  -0.17112  -0.07336   3.70000 19
  -0.44615   0.70344  -0.09136  -0.30492   3.70000 20
  -0.19070   1.36792   0.23466   0.39828   3.80000  1
  -0.24670   1.46367   0.03320   0.42351   3.80000  2
  -0.13439  -1.28038   0.01424   0.02219   3.80000  3
   0.00367  -1.38914   0.14170   0.10335   3.80000  4
   0.11271  -1.00430  -0.13414   0.44879   3.80000  5
   0.01784  -1.14851  -0.16219  -0.17976   3.80000  6
  -0.04538  -1.18877  -0.23128  -0.18750   3.80000  7
   0.06284  -1.00396   0.14469   0.06454   3.80000  8
  -0.05978  -1.30514   0.11934   0.10539   3.80000  9
   0.02743  -1.42320  -0.22773  -0.59890   3.80000 10
  -0.00706  -1.33179  -0.04209  -0.03616   3.80000 11
  -0.13601  -1.50823   0.13985  -0.03435   3.80000 12
  -0.19301   1.48817  -0.08261  -0.13715   3.80000 13
  -0.32205   1.34020   0.25602  -0.25444   3.80000 14
   0.34012  -0.17116   0.20103   0.23879   3.80000 15
   0.41123  -0.38615   0.00128   0.20954   3.80000 16
  -0.05431   1.67755  -0.15668   0.01392   3.80000 17
  -0.24386   1.47751   0.00334  -0.25528   3.80000 18
  -0.35608   0.83940  -0.17557  -0.06549   3.80000 19
  -0.45455   0.67424  -0.07708  -0.27928   3.80000 20
  -0.16914   1.40996   0.19465   0.43970   3.90000  1
  -0.24224   1.50457   0.05695   0.38970   3.90000  2
  -0.12820  -1.27851   0.10907   0.01533   3.90000  3
   0.01585  -1.37573   0.09869   0.16260   3.90000  4
   0.09712  -0.96272  -0.17472   0.38205   3.90000  5
   0.00044  -1.16918  -0.18572  -0.23491   3.90000  6
  -0.06701  -1.21020  -0.19952  -0.24122   3.90000  7
   0.07641  -1.00101   0.12510  -0.00279   3.90000  8
  -0.04651  -1.29424   0.14276   0.11177   3.90000  9
   0.00245  -1.47855  -0.26838  -0.50611   3.90000 10
  -0.01258  -1.33406  -0.06803  -0.00865   3.90000 11
  -0.11937  -1.50721   0.19260   0.05480   3.90000 12
  -0.20252   1.47297  -0.10524  -0.16459   3.90000 13
  -0.29413   1.31717   0.30005  -0.20425   3.90000 14
   0.36022  -0.14834   0.20083   0.21761   3.90000 15
   0.41076  -0.36511  -0.01050   0.21154   3.90000 16
  -0.07173   1.67645  -0.19150  -0.03662   3.90000 17
  -0.24249   1.45091   0.02518  -0.27215   3.90000 18
  -0.37376   0.83318  -0.17758  -0.05912   3.90000 19
  -0.46163   0.64755  -0.06469  -0.25469   3.90000 20
  -0.15211   1.45503   0.14511   0.45703   4.00000  1
  -0.23524   1.54096   0.08321   0.33658   4.00000  2
  -0.11273  -1.27731   0.19888   0.00834   4.00000  3
   0.02286  -1.35687   0.03915   0.21363   4.00000  4
   0.07835  -0.92800  -0.19808   0.31207   4.00000  5
  -0.01921  -1.19579  -0.20623  -0.29882   4.00000  6
  -0.08480  -1.23690  -0.15335  -0.29149   4.00000  7
   0.08753  -1.00408   0.09579  -0.05721   4.00000  8
  -0.03193  -1.28301   0.14510   0.11122   4.00000  9
  -0.02567  -1.52430  -0.29127  -0.40853   4.00000 10
  -0.02056  -1.33332  -0.09075   0.02461   4.00000 11
  -0.09760  -1.49730   0.24157   0.14312   4.00000 12
  -0.21347   1.45582  -0.11070  -0.17547   4.00000 13
  -0.26255   1.29963   0.32898  -0.14570   4.00000 14
   0.38024  -0.12763   0.19926   0.19657   4.00000 15
   0.40919  -0.34381  -0.02063   0.21476   4.00000 16
  -0.09259   1.67005  -0.22562  -0.09243   4.00000 17
  -0.23869   1.42395   0.05079  -0.26331   4.00000 18
  -0.39152   0.82754  -0.17728  -0.05384   4.00000 19
  -0.46755   0.62327  -0.05394  -0.23113   4.00000 20
  -0.14009   1.50055   0.09613   0.45058   4.10000  1
  -0.22559   1.57184   0.11000   0.28162   4.10000  2
  -0.08885  -1.27697   0.27558  -0.00272   4.10000  3
   0.02330  -1.33322  -0.03198   0.25785   4.10000  4
   0.05792  -0.90028  -0.20881   0.24275   4.10000  5
  -0.04042  -1.22910  -0.21471  -0.36679   4.10000  6
  -0.09704  -1.26801  -0.08818  -0.32718   4.10000  7
   0.09533  -1.01227   0.05943  -0.10620   4.10000  8
  -0.01822  -1.27240   0.12552   0.09842   4.10000  9
  -0.05523  -1.56017  -0.29684  -0.30862   4.10000 10
  -0.03051  -1.32895  -0.10677   0.06314   4.10000 11
  -0.07154  -1.47868   0.27605   0.22917   4.10000 12
  -0.22411   1.43838  -0.10002  -0.17166   4.10000 13
  -0.22885   1.28814   0.34231  -0.08393   4.10000 14
   0.40002  -0.10902   0.19619   0.17570   4.10000 15
   0.40669  -0.32212  -0.02895   0.21913   4.10000 16
  -0.11682   1.65777  -0.25861  -0.15412   4.10000 17
  -0.23245   1.39875   0.07312  -0.23914   4.10000 18
  -0.40914   0.82239  -0.17485  -0.04944   4.10000 19
  -0.47246   0.60129  -0.04460  -0.20859   4.10000 20
  -0.13265   1.54486   0.05342   0.43501   4.20000  1
  -0.21322   1.59746   0.13714   0.23147   4.20000  2
  -0.05853  -1.27818   0.32486  -0.02312   4.20000  3
   0.01625  -1.30584  -0.10892   0.28556   4.20000  4
   0.03684  -0.87934  -0.21182   0.17662   4.20000  5
  -0.06128  -1.26869  -0.19714  -0.42051   4.20000  6
  -0.10187  -1.30151  -0.00655  -0.33831   4.20000  7
   0.09929  -1.02536   0.01914  -0.15620   4.20000  8
  -0.00743  -1.26393   0.08827   0.06810   4.20000  9
  -0.08446  -1.58609  -0.28558  -0.21088   4.20000 10
  -0.04156  -1.32075  -0.11192   0.09958   4.20000 11
  -0.04319  -1.45127   0.28692   0.32075   4.20000 12
  -0.23315   1.42165  -0.07932  -0.16267   4.20000 13
  -0.19461   1.28283   0.34005  -0.02266   4.20000 14
   0.41942  -0.09248   0.19148   0.15508   4.20000 15
   0.40346  -0.29994  -0.03529   0.22453   4.20000 16
  -0.14417   1.63909  -0.28709  -0.21948   4.20000 17
  -0.22427   1.37628   0.08942  -0.21004   4.20000 18
  -0.42643   0.81763  -0.17058  -0.04580   4.20000 19
  -0.47651   0.58152  -0.03648  -0.18703   4.20000 20
  -0.12934   1.58736   0.01283   0.41322   4.30000  1
  -0.19828   1.61820   0.16028   0.18307   4.30000  2
  -0.02527  -1.28183   0.33300  -0.04980   4.30000  3
   0.00184  -1.27721  -0.17534   0.28046   4.30000  4
   0.01571  -0.86484  -0.21024   0.11392   4.30000  5
  -0.07875  -1.31189  -0.14781  -0.43596   4.30000  6
  -0.09822  -1.33470   0.07875  -0.32044   4.30000  7
   0.09907  -1.04368  -0.02391  -0.21117   4.30000  8
  -0.00081  -1.25924   0.04394   0.02420   4.30000  9
  -0.11206  -1.60260  -0.26536  -0.12068   4.30000 10
  -0.05230  -1.30957  -0.09945   0.12014   4.30000 11
  -0.01504  -1.41419   0.27109   0.42159   4.30000 12
  -0.23975   1.40586  -0.05184  -0.15300   4.30000 13
  -0.16134   1.28348   0.32302   0.03476   4.30000 14
   0.43826  -0.07799   0.18500   0.13482   4.30000 15
   0.39971  -0.27718  -0.03949   0.23080   4.30000 16
  -0.17377   1.61412  -0.30137  -0.27696   4.30000 17
  -0.21472   1.35678   0.10110  -0.17967   4.30000 18
  -0.44321   0.81320  -0.16480  -0.04286   4.30000 19
  -0.47979   0.56386  -0.02940  -0.16641   4.30000 20
  -0.13008   1.62700  -0.02707   0.37701   4.40000  1
  -0.18159   1.63395   0.17113   0.13169   4.40000  2
   0.00668  -1.28784   0.29988  -0.06792   4.40000  3
  -0.01759  -1.25103  -0.20602   0.23792   4.40000  4
  -0.00511  -0.85647  -0.20577   0.05382   4.40000  5
  -0.09025  -1.35435  -0.08084  -0.40637   4.40000  6
  -0.08654  -1.36461   0.15156  -0.27315   4.40000  7
   0.09440  -1.06785  -0.07016  -0.27361   4.40000  8
   0.00148  -1.25916   0.00299  -0.02209   4.40000  9
  -0.13739  -1.61046  -0.24070  -0.03735   4.40000 10
  -0.06069  -1.29751  -0.06478   0.11785   4.40000 11
   0.01001  -1.36726   0.22542   0.51273   4.40000 12
  -0.24337   1.39108  -0.01988  -0.14230   4.40000 13
  -0.13043   1.28956   0.29319   0.08559   4.40000 14
   0.45636  -0.06550   0.17666   0.11511   4.40000 15
   0.39564  -0.25376  -0.04143   0.23770   4.40000 16
  -0.20365   1.58450  -0.29260  -0.31161   4.40000 17
  -0.20416   1.34039   0.10948  -0.14786   4.40000 18
  -0.45935   0.80904  -0.15781  -0.04049   4.40000 19
  -0.48242   0.54821  -0.02324  -0.14666   4.40000 20
  -0.13448   1.66237  -0.05892   0.32908   4.50000  1
  -0.16449   1.64460   0.16928   0.08233   4.50000  2
   0.03377  -1.29483   0.23861  -0.06856   4.50000  3
  -0.03793  -1.23031  -0.19458   0.17503   4.50000  4
  -0.02538  -0.85403  -0.19935  -0.00480   4.50000  5
  -0.09498  -1.39207  -0.01531  -0.34451   4.50000  6
  -0.06874  -1.38856   0.19990  -0.20306   4.50000  7
   0.08489  -1.09871  -0.12078  -0.34530   4.50000  8
   0.00014  -1.26339  -0.02766  -0.06031   4.50000  9
  -0.16005  -1.61023  -0.21172   0.04127   4.50000 10
  -0.06467  -1.28637  -0.01269   0.10448   4.50000 11
   0.02943  -1.31293   0.16153   0.56613   4.50000 12
  -0.24367   1.37748   0.01398  -0.12932   4.50000 13
  -0.10303   1.30032   0.25332   0.12811   4.50000 14
   0.47353  -0.05494   0.16636   0.09618   4.50000 15
   0.39150  -0.22963  -0.04104   0.24498   4.50000 16
  -0.23176   1.55229  -0.26790  -0.33162   4.50000 17
  -0.19292   1.32729   0.11469  -0.11382   4.50000 18
  -0.47474   0.80509  -0.14986  -0.03858   4.50000 19
  -0.48447   0.53450  -0.01786  -0.12770   4.50000 20
  -0.14145   1.69267  -0.07854   0.27647   4.60000  1
  -0.14800   1.65070   0.15942   0.04126   4.60000  2
   0.05394  -1.30085   0.16331  -0.04863   4.60000  3
  -0.05550  -1.21609  -0.15284   0.10988   4.60000  4
  -0.04493  -0.85742  -0.19135  -0.06318   4.60000  5
  -0.09370  -1.42288   0.03903  -0.27080   4.60000  6
  -0.04747  -1.40491   0.22156  -0.12325   4.60000  7
   0.07007  -1.13724  -0.17656  -0.42675   4.60000  8
  -0.00359  -1.27059  -0.04467  -0.07983   4.60000  9
  -0.17954  -1.60232  -0.17704   0.11631   4.60000 10
  -0.06300  -1.27654   0.04643   0.09291   4.60000 11
   0.04228  -1.25567   0.09595   0.57125   4.60000 12
  -0.24059   1.36531   0.04723  -0.11345   4.60000 13
  -0.08001   1.31488   0.20631   0.16163   4.60000 14
   0.48956  -0.04623   0.15409   0.07830   4.60000 15
   0.38751  -0.20477  -0.03830   0.25229   4.60000 16
  -0.25699   1.51820  -0.23582  -0.35049   4.60000 17
  -0.18135   1.31770   0.11610  -0.07749   4.60000 18
  -0.48929   0.80131  -0.14116  -0.03702   4.60000 19
  -0.48601   0.52265  -0.01316  -0.10943   4.60000 20
  -0.14980   1.71763  -0.08684   0.22282   4.70000  1
  -0.13277   1.65312   0.14442   0.00817   4.70000  2
   0.06622  -1.30412   0.08137  -0.01599   4.70000  3
  -0.06790  -1.20817  -0.09299   0.04921   4.70000  4
  -0.06359  -0.86670  -0.18152  -0.12254   4.70000  5
  -0.08754  -1.44615   0.08235  -0.19424   4.70000  6
  -0.02512  -1.41315   0.22244  -0.04147   4.70000  7
   0.04949  -1.18412  -0.23476  -0.50856   4.70000  8
  -0.00844  -1.27864  -0.05094  -0.07843   4.70000  9
  -0.19523  -1.58708  -0.13536   0.18794   4.70000 10
  -0.05545  -1.26764   0.10350   0.08563   4.70000 11
   0.04879  -1.20011   0.03514   0.53303   4.70000 12
  -0.23432   1.35488   0.07766  -0.09497   4.70000 13
  -0.06192   1.33234   0.15482   0.18622   4.70000 14
   0.50428  -0.03924   0.13988   0.06175   4.70000 15
   0.38392  -0.17918  -0.03326   0.25927   4.70000 16
  -0.27873   1.48214  -0.19804  -0.37077   4.70000 17
  -0.16986   1.31184   0.11300  -0.03960   4.70000 18
  -0.50295   0.79768  -0.13182  -0.03571   4.70000 19
  -0.48712   0.51259  -0.00905  -0.09174   4.70000 20
  -0.15854   1.73727  -0.08679   0.17030   4.80000  1
  -0.11921   1.65249   0.12654  -0.02031   4.80000  2
   0.07005  -1.30409  -0.00573   0.01559   4.80000  3
  -0.07383  -1.20616  -0.02515  -0.00912   4.80000  4
  -0.08114  -0.88200  -0.16901  -0.18403   4.80000  5
  -0.07753  -1.46162   0.11642  -0.11425   4.80000  6
  -0.00348  -1.41316   0.20803   0.04166   4.80000  7
   0.02340  -1.23792  -0.28448  -0.56125   4.80000  8
  -0.01354  -1.28595  -0.05017  -0.06712   4.80000  9
  -0.20635  -1.56485  -0.08586   0.25611   4.80000 10
  -0.04259  -1.25947   0.15155   0.07648   4.80000 11
   0.04943  -1.15041  -0.02139   0.45632   4.80000 12
  -0.22521   1.34637   0.10364  -0.07498   4.80000 13
  -0.04911   1.35184   0.10110   0.20237   4.80000 14
   0.51748  -0.03382   0.12383   0.04686   4.80000 15
   0.38093  -0.15294  -0.02605   0.26554   4.80000 16
  -0.29639   1.44409  -0.15413  -0.38960   4.80000 17
  -0.15891   1.30979   0.10506  -0.00142   4.80000 18
  -0.51564   0.79416  -0.12195  -0.03458   4.80000 19
  -0.48784   0.50428  -0.00545  -0.07455   4.80000 20
  -0.16698   1.75177  -0.08133   0.11998   4.90000  1
  -0.10750   1.64911   0.10768  -0.04731   4.90000  2
   0.06490  -1.30142  -0.09752   0.03514   4.90000  3
  -0.07297  -1.21005   0.04143  -0.06908   4.90000  4
  -0.09726  -0.90360  -0.15241  -0.24854   4.90000  5
  -0.06452  -1.46877   0.14244  -0.02723   4.90000  6
   0.01600  -1.40475   0.17883   0.12645   4.90000  7
  -0.00666  -1.29507  -0.31148  -0.57491   4.90000  8
  -0.01831  -1.29214  -0.04482  -0.05806   4.90000  9
  -0.21212  -1.53596  -0.02795   0.32129   4.90000 10
  -0.02579  -1.25283   0.18025   0.05294   4.90000 11
   0.04478  -1.10922  -0.07000   0.36742   4.90000 12
  -0.21376   1.33988   0.12439  -0.05503   4.90000 13
  -0.04171   1.37256   0.04706   0.21092   4.90000 14
   0.52899  -0.02980   0.10612   0.03392   4.90000 15
   0.37877  -0.12611  -0.01690   0.27070   4.90000 16
  -0.30936   1.40441  -0.10444  -0.40279   4.90000 17
  -0.14900   1.31152   0.09255   0.03550   4.90000 18
  -0.52732   0.79076  -0.11161  -0.03358   4.90000 19
  -0.48822   0.49767  -0.00228  -0.05774   4.90000 20
  -0.17470   1.76134  -0.07252   0.07194   5.00000  1
  -0.09767   1.64301   0.08894  -0.07493   5.00000  2
   0.05062  -1.29760  -0.18662   0.03879   5.00000  3
  -0.06581  -1.22002   0.10014  -0.13030   5.00000  4
  -0.11143  -0.93183  -0.12991  -0.31648   5.00000  5
  -0.04932  -1.46672   0.15997   0.06983   5.00000  6
   0.03162  -1.38802   0.12975   0.20622   5.00000  7
  -0.03766  -1.35155  -0.30293  -0.54873   5.00000  8
  -0.02246  -1.29788  -0.03794  -0.05806   5.00000  9
  -0.21162  -1.50065   0.03970   0.38479   5.00000 10
  -0.00752  -1.24949   0.18048   0.01188   5.00000 11
   0.03573  -1.07679  -0.10968   0.28185   5.00000 12
  -0.20049   1.33533   0.14039  -0.03621   5.00000 13
  -0.03966   1.39380  -0.00571   0.21283   5.00000 14
   0.53866  -0.02697   0.08700   0.02321   5.00000 15
   0.37761  -0.09885  -0.00611   0.27440   5.00000 16
  -0.31716   1.36384  -0.05111  -0.40681   5.00000 17
  -0.14052   1.31680   0.07648   0.06963   5.00000 18
  -0.53795   0.78744  -0.10083  -0.03264   5.00000 19
  -0.48831   0.49273   0.00051  -0.04119   5.00000 20
  -0.18142   1.76621  -0.06159   0.02568   5.10000  1
  -0.08969   1.63405   0.07075  -0.10459   5.10000  2
   0.02809  -1.29400  -0.26045   0.03215   5.10000  3
  -0.05329  -1.23606   0.14829  -0.19000   5.10000  4
  -0.12298  -0.96701  -0.09969  -0.38770   5.10000  5
  -0.03296  -1.45452   0.16441   0.17483   5.10000  6
   0.04127  -1.36410   0.06058   0.26891   5.10000  7
  -0.06645  -1.40384  -0.27041  -0.49266   5.10000  8
  -0.02584  -1.30389  -0.02933  -0.06199   5.10000  9
  -0.20375  -1.45904   0.12014   0.44690   5.10000 10
   0.00949  -1.25068   0.15588  -0.03630   5.10000 11
   0.02307  -1.05274  -0.14258   0.19936   5.10000 12
  -0.18581   1.33261   0.15276  -0.01809   5.10000 13
  -0.04276   1.41494  -0.05578   0.20916   5.10000 14
   0.54635  -0.02508   0.06681   0.01496   5.10000 15
   0.37759  -0.07129   0.00595   0.27637   5.10000 16
  -0.31958   1.32341   0.00227  -0.40019   5.10000 17
  -0.13376   1.32531   0.05860   0.09975   5.10000 18
  -0.54747   0.78423  -0.08959  -0.03173   5.10000 19
  -0.48813   0.48943   0.00297  -0.02481   5.10000 20
  -0.18697   1.76651  -0.04919  -0.01955   5.20000  1
  -0.08351   1.62199   0.05297  -0.13729   5.20000  2
  -0.00052  -1.29134  -0.30609   0.02027   5.20000  3
  -0.03663  -1.25786   0.18201  -0.24454   5.20000  4
  -0.13106  -1.00945  -0.06042  -0.46155   5.20000  5
  -0.01707  -1.43183   0.15048   0.27830   5.20000  6
   0.04334  -1.33486  -0.02060   0.31275   5.20000  7
  -0.09152  -1.44919  -0.23038  -0.40969   5.20000  8
  -0.02827  -1.31014  -0.01904  -0.06173   5.20000  9
  -0.18708  -1.41151   0.21543   0.50172   5.20000 10
   0.02294  -1.25678   0.10962  -0.08532   5.20000 11
   0.00738  -1.03693  -0.17056   0.11640   5.20000 12
  -0.17003   1.33175   0.16215   0.00123   5.20000 13
  -0.05068   1.43548  -0.10163   0.20098   5.20000 14
   0.55200  -0.02389   0.04593   0.00934   5.20000 15
   0.37882  -0.04364   0.01886   0.27639   5.20000 16
  -0.31683   1.28413   0.05199  -0.38377   5.20000 17
  -0.12879   1.33660   0.04118   0.12537   5.20000 18
  -0.55585   0.78110  -0.07787  -0.03085   5.20000 19
  -0.48772   0.48776   0.00515  -0.00846   5.20000 20
  -0.19122   1.76231  -0.03570  -0.06460   5.30000  1
  -0.07910   1.60647   0.03504  -0.17376   5.30000  2
  -0.03184  -1.29009  -0.31365   0.00431   5.30000  3
  -0.01772  -1.28445   0.19096  -0.28298   5.30000  4
  -0.13475  -1.05940  -0.01183  -0.53795   5.30000  5
  -0.00337  -1.39898   0.12140   0.37836   5.30000  6
   0.03697  -1.30232  -0.10691   0.33304   5.30000  7
  -0.11240  -1.48500  -0.18657  -0.30450   5.30000  8
  -0.02970  -1.31591  -0.01017  -0.05180   5.30000  9
  -0.16035  -1.35921   0.32032   0.54188   5.30000 10
   0.03076  -1.26759   0.04394  -0.12953   5.30000 11
  -0.01088  -1.02963  -0.19370   0.02832   5.30000 12
  -0.15349   1.33298   0.16800   0.02411   5.30000 13
  -0.06289   1.45502  -0.14142   0.18931   5.30000 14
   0.55553  -0.02312   0.02477   0.00646   5.30000 15
   0.38138  -0.01608   0.03217   0.27433   5.30000 16
  -0.30940   1.24690   0.09536  -0.35985   5.30000 17
  -0.12543   1.35025   0.02650   0.14694   5.30000 18
  -0.56303   0.77805  -0.06562  -0.03003   5.30000 19
  -0.48711   0.48774   0.00709   0.00795   5.30000 20
  -0.19408   1.75357  -0.02126  -0.11042   5.40000  1
  -0.07654   1.58710   0.01575  -0.21410   5.40000  2
  -0.06200  -1.29043  -0.28367  -0.00946   5.40000  3
   0.00037  -1.31318   0.16487  -0.28337   5.40000  4
  -0.13311  -1.11721   0.04673  -0.61930   5.40000  5
   0.00675  -1.35633   0.07845   0.47179   5.40000  6
   0.02217  -1.26949  -0.18678   0.31697   5.40000  7
  -0.12875  -1.51004  -0.14058  -0.19712   5.40000  8
  -0.03044  -1.31999  -0.00525  -0.02644   5.40000  9
  -0.12285  -1.30361   0.42928   0.56637   5.40000 10
   0.03123  -1.28221  -0.03639  -0.15923   5.40000 11
  -0.03113  -1.03158  -0.20972  -0.06902   5.40000 12
  -0.13660   1.33674   0.16888   0.05217   5.40000 13
  -0.07868   1.47326  -0.17276   0.17490   5.40000 14
   0.55696  -0.02250   0.00376   0.00630   5.40000 15
   0.38526   0.01116   0.04540   0.27014   5.40000 16
  -0.29801   1.21232   0.13109  -0.33118   5.40000 17
  -0.12334   1.36590   0.01618   0.16582   5.40000 18
  -0.56895   0.77509  -0.05279  -0.02935   5.40000 19
  -0.48631   0.48936   0.00882   0.02454   5.40000 20
  -0.19544   1.74016  -0.00595  -0.15805   5.50000  1
  -0.07606   1.56356  -0.00677  -0.25694   5.50000  2
  -0.08750  -1.29127  -0.22103  -0.00272   5.50000  3
   0.01427  -1.33931   0.10972  -0.23055   5.50000  4
  -0.12487  -1.18344   0.12190  -0.70462   5.50000  5
   0.01181  -1.30576   0.02020   0.53090   5.50000  6
   0.00018  -1.24005  -0.24995   0.26800   5.50000  7
  -0.14056  -1.52467  -0.09589  -0.09649   5.50000  8
  -0.03083  -1.32047  -0.00288   0.02045   5.50000  9
  -0.07523  -1.24711   0.51473   0.55537   5.50000 10
   0.02329  -1.29847  -0.12210  -0.15980   5.50000 11
  -0.05246  -1.04382  -0.21481  -0.17774   5.50000 12
  -0.11993   1.34360   0.16342   0.08579   5.50000 13
  -0.09706   1.48991  -0.19279   0.15753   5.50000 14
   0.55630  -0.02177  -0.01668   0.00878   5.50000 15
   0.39044   0.03788   0.05810   0.26386   5.50000 16
  -0.28344   1.18074   0.15906  -0.30014   5.50000 17
  -0.12203   1.38338   0.01070   0.18390   5.50000 18
  -0.57357   0.77218  -0.03938  -0.02892   5.50000 19
  -0.48535   0.49265   0.01038   0.04139   5.50000 20
  -0.19524   1.72186   0.01026  -0.20865   5.60000  1
  -0.07807   1.53576  -0.03436  -0.29834   5.60000  2
  -0.10539  -1.29030  -0.13452   0.02300   5.60000  3
   0.02189  -1.35809   0.04145  -0.14217   5.60000  4
  -0.10793  -1.25701   0.21837  -0.75585   5.60000  5
   0.01036  -1.25208  -0.05045   0.53351   5.60000  6
  -0.02696  -1.21634  -0.28668   0.20494   5.60000  7
  -0.14799  -1.52950  -0.05294  -0.00057   5.60000  8
  -0.03113  -1.31542  -0.00424   0.08098   5.60000  9
  -0.02232  -1.19446   0.53021   0.48908   5.60000 10
   0.00723  -1.31283  -0.19558  -0.12182   5.60000 11
  -0.07353  -1.06749  -0.20289  -0.29705   5.60000 12
  -0.10415   1.35407   0.15104   0.12439   5.60000 13
  -0.11678   1.50460  -0.19911   0.13517   5.60000 14
   0.55365  -0.02067  -0.03618   0.01372   5.60000 15
   0.39684   0.06387   0.06984   0.25561   5.60000 16
  -0.26644   1.15231   0.17993  -0.26848   5.60000 17
  -0.12106   1.40271   0.00945   0.20277   5.60000 18
  -0.57681   0.76929  -0.02537  -0.02885   5.60000 19
  -0.48424   0.49765   0.01178   0.05860   5.60000 20
  -0.19336   1.69829   0.02745  -0.26351   5.70000  1
  -0.08309   1.50414  -0.06645  -0.33240   5.70000  2
  -0.11415  -1.28696  -0.04032   0.04138   5.70000  3
   0.02235  -1.36761  -0.03324  -0.04902   5.70000  4
  -0.08190  -1.33195   0.29497  -0.73017   5.70000  5
   0.00193  -1.20067  -0.11520   0.48862   5.70000  6
  -0.05567  -1.19923  -0.28091   0.13714   5.70000  7
  -0.15114  -1.52479  -0.00974   0.09501   5.70000  8
  -0.03203  -1.30467  -0.01540   0.12987   5.70000  9
   0.02853  -1.15016   0.47845   0.39592   5.70000 10
  -0.01509  -1.32226  -0.24697  -0.06650   5.70000 11
  -0.09219  -1.10327  -0.16621  -0.41723   5.70000 12
  -0.08995   1.36860   0.13165   0.16680   5.70000 13
  -0.13643   1.51670  -0.19185   0.10570   5.70000 14
   0.54911  -0.01895  -0.05442   0.02089   5.70000 15
   0.40436   0.08894   0.08028   0.24555   5.70000 16
  -0.24766   1.12703   0.19469  -0.23725   5.70000 17
  -0.12005   1.42396   0.01095   0.22216   5.70000 18
  -0.57862   0.76639  -0.01077  -0.02926   5.70000 19
  -0.48300   0.50439   0.01304   0.07629   5.70000 20
  -0.18971   1.66898   0.04575  -0.32381   5.80000  1
  -0.09134   1.46975  -0.09794  -0.35218   5.80000  2
  -0.11365  -1.28236   0.04816   0.05026   5.80000  3
   0.01514  -1.36829  -0.11088   0.03252   5.80000  4
  -0.05069  -1.40113   0.32033  -0.64736   5.80000  5
  -0.01200  -1.15524  -0.16034   0.41610   5.80000  6
  -0.08225  -1.18881  -0.24791   0.07151   5.80000  7
  -0.14980  -1.51041   0.03758   0.19281   5.80000  8
  -0.03445  -1.29038  -0.03421   0.15215   5.80000  9
   0.07240  -1.11508   0.39716   0.30768   5.80000 10
  -0.04130  -1.32641  -0.27261  -0.01826   5.80000 11
  -0.10608  -1.15041  -0.10922  -0.52158   5.80000 12
  -0.07807   1.38748   0.10460   0.21054   5.80000 13
  -0.15480   1.52556  -0.17401   0.07105   5.80000 14
   0.54282  -0.01642  -0.07111   0.02998   5.80000 15
   0.41285   0.11292   0.08910   0.23393   5.80000 16
  -0.22767   1.10483   0.20439  -0.20690   5.80000 17
  -0.11886   1.44700   0.01261   0.23724   5.80000 18
  -0.57894   0.76342   0.00440  -0.03023   5.80000 19
  -0.48164   0.51293   0.01418   0.09455   5.80000 20
  -0.18417   1.63333   0.06534  -0.38988   5.90000  1
  -0.10238   1.43453  -0.12065  -0.34722   5.90000  2
  -0.10513  -1.27694   0.11811   0.05772   5.90000  3
   0.00037  -1.36167  -0.18307   0.09773   5.90000  4
  -0.01937  -1.46077   0.30034  -0.54427   5.90000  5
  -0.02959  -1.11817  -0.18875   0.32224   5.90000  6
  -0.10486  -1.18505  -0.20262   0.00236   5.90000  7
  -0.14339  -1.48622   0.09159   0.29079   5.90000  8
  -0.03917  -1.27477  -0.06197   0.15774   5.90000  9
   0.10796  -1.08817   0.31486   0.23271   5.90000 10
  -0.06872  -1.32608  -0.27192   0.02509   5.90000 11
  -0.11384  -1.20656  -0.04597  -0.59565   5.90000 12
  -0.06936   1.41054   0.06783   0.24897   5.90000 13
  -0.17097   1.53091  -0.14818   0.03625   5.90000 14
   0.53494  -0.01290  -0.08607   0.04069   5.90000 15
   0.42212   0.13568   0.09609   0.22103   5.90000 16
  -0.20692   1.08562   0.20993  -0.17744   5.90000 17
  -0.11768   1.47097   0.00982   0.23944   5.90000 18
  -0.57772   0.76032   0.02013  -0.03183   5.90000 19
  -0.48017   0.52332   0.01517   0.11353   5.90000 20
  -0.17659   1.59090   0.08642  -0.45853   6.00000  1
  -0.11505   1.40127  -0.13115  -0.31416   6.00000  2
  -0.09100  -1.27110   0.15902   0.05642   6.00000  3
  -0.02122  -1.34898  -0.24757   0.15560   6.00000  4
   0.00867  -1.51000   0.25887  -0.44147   6.00000  5
  -0.04921  -1.09113  -0.20119   0.21803   6.00000  6
  -0.12244  -1.18862  -0.14743  -0.07471   6.00000  7
  -0.13143  -1.45228   0.14708   0.38833   6.00000  8
  -0.04717  -1.25937  -0.09909   0.14681   6.00000  9
   0.13562  -1.06814   0.23962   0.16967   6.00000 10
  -0.09504  -1.32135  -0.25136   0.06920   6.00000 11
  -0.11535  -1.26826   0.01512  -0.63093   6.00000 12
  -0.06485   1.43679   0.02092   0.27348   6.00000 13
  -0.18418   1.53290  -0.11465   0.00381   6.00000 14
   0.52567  -0.00824  -0.09915   0.05273   6.00000 15
   0.43200   0.15710   0.10110   0.20716   6.00000 16
  -0.18580   1.06932   0.21196  -0.14859   6.00000 17
  -0.11717   1.49443  -0.00099   0.22790   6.00000 18
  -0.57490   0.75703   0.03648  -0.03410   6.00000 19
  -0.47861   0.53566   0.01600   0.13335   6.00000 20
  -0.16684   1.54194   0.10872  -0.51743   6.10000  1
  -0.12838   1.37221  -0.13470  -0.26577   6.10000  2
  -0.07451  -1.26625   0.16486   0.03835   6.10000  3
  -0.04892  -1.33072  -0.30431   0.20781   6.10000  4
   0.03236  -1.54937   0.21544  -0.34779   6.10000  5
  -0.06945  -1.07458  -0.20204   0.11308   6.10000  6
  -0.13409  -1.20000  -0.08460  -0.15216   6.10000  7
  -0.11427  -1.40837   0.19363   0.49064   6.10000  8
  -0.05896  -1.24618  -0.13558   0.11373   6.10000  9
   0.15611  -1.05396   0.17117   0.11502   6.10000 10
  -0.11828  -1.31258  -0.20962   0.10348   6.10000 11
  -0.11113  -1.33103   0.06651  -0.61487   6.10000 12
  -0.06540   1.46478  -0.03275   0.28420   6.10000 13
  -0.19362   1.53165  -0.07285  -0.02922   6.10000 14
   0.51518  -0.00232  -0.11028   0.06578   6.10000 15
   0.44227   0.17709   0.10404   0.19264   6.10000 16
  -0.16463   1.05590   0.21085  -0.11999   6.10000 17
  -0.11811   1.51620  -0.01863   0.20533   6.10000 18
  -0.57040   0.75348   0.05350  -0.03703   6.10000 19
  -0.47698   0.55003   0.01664   0.15418   6.10000 20
  -0.15492   1.48848   0.12850  -0.54521   6.20000  1
  -0.14190   1.34819  -0.13529  -0.21462   6.20000  2
  -0.05916  -1.26364   0.13679   0.01410   6.20000  3
  -0.08127  -1.30801  -0.33667   0.24330   6.20000  4
   0.05189  -1.57994   0.17595  -0.26541   6.20000  5
  -0.08935  -1.06850  -0.19483   0.00852   6.20000  6
  -0.13921  -1.21882  -0.01736  -0.22230   6.20000  7
  -0.09345  -1.35445   0.21764   0.58302   6.20000  8
  -0.07394  -1.23710  -0.16198   0.06642   6.20000  9
   0.17001  -1.04495   0.10751   0.06574   6.20000 10
  -0.13623  -1.30116  -0.14628   0.12366   6.20000 11
  -0.10277  -1.38921   0.09704  -0.53954   6.20000 12
  -0.07152   1.49318  -0.08964   0.28097   6.20000 13
  -0.19853   1.52691  -0.02475  -0.06614   6.20000 14
   0.50368   0.00494  -0.11943   0.07959   6.20000 15
   0.45274   0.19561   0.10487   0.17776   6.20000 16
  -0.14373   1.04533   0.20677  -0.09128   6.20000 17
  -0.12093   1.53491  -0.03717   0.16589   6.20000 18
  -0.56417   0.74960   0.07129  -0.04065   6.20000 19
  -0.47529   0.56653   0.01704   0.17620   6.20000 20
  -0.14155   1.43410   0.13618  -0.53815   6.30000  1
  -0.15532   1.32920  -0.13231  -0.16576   6.30000  2
  -0.04808  -1.26313   0.08144  -0.00133   6.30000  3
  -0.11479  -1.28247  -0.32644   0.26607   6.30000  4
   0.06766  -1.60279   0.13993  -0.19299   6.30000  5
  -0.10819  -1.07293  -0.18079  -0.09754   6.30000  6
  -0.13756  -1.24383   0.04982  -0.27272   6.30000  7
  -0.07199  -1.29306   0.20488   0.63730   6.30000  8
  -0.09091  -1.23298  -0.17474   0.01675   6.30000  9
   0.17770  -1.04071   0.04654   0.01953   6.30000 10
  -0.14713  -1.28778  -0.07091   0.14485   6.30000 11
  -0.09230  -1.43784   0.11036  -0.43235   6.30000 12
  -0.08317   1.52027  -0.14175   0.25752   6.30000 13
  -0.19854   1.51843   0.02430  -0.10290   6.30000 14
   0.49136   0.01361  -0.12663   0.09390   6.30000 15
   0.46318   0.21264   0.10363   0.16279   6.30000 16
  -0.12337   1.03765   0.19978  -0.06219   6.30000 17
  -0.12536   1.54890  -0.05042   0.11261   6.30000 18
  -0.55612   0.74533   0.08998  -0.04490   6.30000 19
  -0.47358   0.58531   0.01716   0.19953   6.30000 20
  -0.12824   1.38130   0.12766  -0.51724   6.40000  1
  -0.16816   1.31488  -0.12319  -0.12189   6.40000  2
  -0.04329  -1.26324   0.01343   0.00261   6.40000  3
  -0.14523  -1.25516  -0.27669   0.27729   6.40000  4
   0.07994  -1.61879   0.10573  -0.12807   6.40000  5
  -0.12525  -1.08811  -0.15888  -0.20666   6.40000  6
  -0.12964  -1.27178   0.10490  -0.27646   6.40000  7
  -0.05365  -1.22877   0.15776   0.63863   6.40000  8
  -0.10829  -1.23334  -0.16983  -0.02056   6.40000  9
   0.17934  -1.04100  -0.01383  -0.02532   6.40000 10
  -0.15043  -1.27205   0.00396   0.16983   6.40000 11
  -0.08096  -1.47603   0.11573  -0.33379   6.40000 12
  -0.09945   1.54418  -0.18168   0.21882   6.40000 13
  -0.19382   1.50655   0.06888  -0.13308   6.40000 14
   0.47841   0.02373  -0.13196   0.10851   6.40000 15
   0.47339   0.22817   0.10037   0.14797   6.40000 16
  -0.10386   1.03291   0.18999  -0.03247   6.40000 17
  -0.13085   1.55738  -0.05900   0.05730   6.40000 18
  -0.54614   0.74060   0.10969  -0.04965   6.40000 19
  -0.47187   0.60649   0.01696   0.22422   6.40000 20
  -0.11640   1.33068   0.10772  -0.49499   6.50000  1
  -0.17969   1.30455  -0.10629  -0.08621   6.50000  2
  -0.04537  -1.26206  -0.05438   0.02255   6.50000  3
  -0.16929  -1.22762  -0.20170   0.27094   6.50000  4
   0.08883  -1.62857   0.07201  -0.06822   6.50000  5
  -0.13960  -1.11425  -0.12616  -0.31505   6.50000  6
  -0.11745  -1.29739   0.13467  -0.22966   6.50000  7
  -0.04082  -1.16703   0.09883   0.59007   6.50000  8
  -0.12435  -1.23633  -0.14933  -0.03557   6.50000  9
   0.17488  -1.04576  -0.07584  -0.06967   6.50000 10
  -0.14671  -1.25396   0.06785   0.19062   6.50000 11
  -0.06923  -1.50506   0.11846  -0.24876   6.50000 12
  -0.11908   1.56377  -0.20876   0.17192   6.50000 13
  -0.18507   1.49213   0.10430  -0.15389   6.50000 14
   0.46503   0.03532  -0.13550   0.12325   6.50000 15
   0.48319   0.24224   0.09517   0.13351   6.50000 16
  -0.08547   1.03119   0.17747  -0.00182   6.50000 17
  -0.13709   1.56048  -0.06549   0.00538   6.50000 18
  -0.53414   0.73540   0.13046  -0.05446   6.50000 19
  -0.47019   0.63019   0.01650   0.25003   6.50000 20
  -0.10686   1.28231   0.08265  -0.47256   6.60000  1
  -0.18921   1.29730  -0.08316  -0.06044   6.60000  2
  -0.05399  -1.25861  -0.11685   0.04645   6.60000  3
  -0.18522  -1.20144  -0.11584   0.25032   6.60000  4
   0.09433  -1.63253   0.03786  -0.01136   6.60000  5
  -0.15013  -1.15062  -0.08319  -0.40829   6.60000  6
  -0.10340  -1.31696   0.14374  -0.15958   6.60000  7
  -0.03368  -1.11158   0.04587   0.51592   6.60000  8
  -0.13780  -1.23983  -0.11781  -0.03181   6.60000  9
   0.16405  -1.05492  -0.14158  -0.11337   6.60000 10
  -0.13745  -1.23424   0.11398   0.20185   6.60000 11
  -0.05729  -1.52609   0.12030  -0.17324   6.60000 12
  -0.14076   1.57836  -0.22272   0.11908   6.60000 13
  -0.17339   1.47605   0.12684  -0.16650   6.60000 14
   0.45137   0.04838  -0.13736   0.13797   6.60000 15
   0.49237   0.25489   0.08813   0.11958   6.60000 16
  -0.06846   1.03259   0.16221   0.03013   6.60000 17
  -0.14393   1.55861  -0.07131  -0.04199   6.60000 18
  -0.52002   0.72975   0.15209  -0.05821   6.60000 19
  -0.46857   0.65650   0.01615   0.27604   6.60000 20
  -0.09985   1.23615   0.05801  -0.45076   6.70000  1
  -0.19623   1.29219  -0.05713  -0.04282   6.70000  2
  -0.06845  -1.25283  -0.17042   0.06860   6.70000  3
  -0.19237  -1.17812  -0.02738   0.21264   6.70000  4
   0.09636  -1.63089   0.00264   0.04421   6.70000  5
  -0.15606  -1.19477  -0.03445  -0.46743   6.70000  6
  -0.08917  -1.32912   0.13865  -0.08347   6.70000  7
  -0.03113  -1.06424   0.00772   0.43001   6.70000  8
  -0.14758  -1.24228  -0.07640  -0.01613   6.70000  9
   0.14640  -1.06837  -0.21228  -0.15544   6.70000 10
  -0.12463  -1.21412   0.13886   0.19714   6.70000 11
  -0.04519  -1.53990   0.12157  -0.10372   6.70000 12
  -0.16320   1.58747  -0.22414   0.06265   6.70000 13
  -0.16017   1.45898   0.13534  -0.17459   6.70000 14
   0.43761   0.06291  -0.13768   0.15256   6.70000 15
   0.50075   0.26618   0.07933   0.10632   6.70000 16
  -0.05313   1.03727   0.14392   0.06378   6.70000 17
  -0.15134   1.55222  -0.07681  -0.08511   6.70000 18
  -0.50372   0.72387   0.17370  -0.05843   6.70000 19
  -0.46693   0.68533   0.01696   0.29998   6.70000 20
  -0.09513   1.19207   0.03742  -0.43129   6.80000  1
  -0.20062   1.28857  -0.03067  -0.03006   6.80000  2
  -0.08758  -1.24505  -0.20901   0.08571   6.80000  3
  -0.19083  -1.15954   0.05728   0.15658   6.80000  4
   0.09480  -1.62369  -0.03412   0.09995   6.80000  5
  -0.15679  -1.24242   0.02073  -0.47712   6.80000  6
  -0.07607  -1.33369   0.12152  -0.00845   6.80000  7
  -0.03169  -1.02568  -0.01727   0.34085   6.80000  8
  -0.15280  -1.24299  -0.02690   0.00156   6.80000  9
   0.12142  -1.08593  -0.28802  -0.19529   6.80000 10
  -0.11034  -1.19560   0.14432   0.16969   6.80000 11
  -0.03301  -1.54695   0.12195  -0.03769   6.80000 12
  -0.18526   1.59086  -0.21561   0.00533   6.80000 13
  -0.14674   1.44116   0.13135  -0.18180   6.80000 14
   0.42388   0.07888  -0.13656   0.16694   6.80000 15
   0.50818   0.27618   0.06889   0.09384   6.80000 16
  -0.03980   1.04541   0.12182   0.09918   6.80000 17
  -0.15927   1.54170  -0.08157  -0.12494   6.80000 18
  -0.48534   0.71831   0.19339  -0.05115   6.80000 19
  -0.46506   0.71630   0.02109   0.31816   6.80000 20
  -0.09217   1.14981   0.02277  -0.41414   6.90000  1
  -0.20239   1.28611  -0.00481  -0.01952   6.90000  2
  -0.10943  -1.23601  -0.22300   0.09342   6.90000  3
  -0.18115  -1.14708   0.13518   0.09193   6.90000  4
   0.08947  -1.61084  -0.07281   0.15727   6.90000  5
  -0.15187  -1.28871   0.07712  -0.44259   6.90000  6
  -0.06522  -1.33100   0.09389   0.06107   6.90000  7
  -0.03436  -0.99611  -0.03548   0.25029   6.90000  8
  -0.15280  -1.24217   0.02757   0.01369   6.90000  9
   0.08864  -1.10739  -0.36828  -0.23395   6.90000 10
  -0.09617  -1.18069   0.13754   0.12712   6.90000 11
  -0.02086  -1.54749   0.12067   0.02679   6.90000 12
  -0.20609   1.58856  -0.20024  -0.05122   6.90000 13
  -0.13423   1.42257   0.11752  -0.19039   6.90000 14
   0.41034   0.09629  -0.13413   0.18106   6.90000 15
   0.51448   0.28498   0.05688   0.08225   6.90000 16
  -0.02893   1.05713   0.09455   0.13509   6.90000 17
  -0.16761   1.52731  -0.08497  -0.16263   6.90000 18
  -0.46518   0.71400   0.20904  -0.03338   6.90000 19
  -0.46251   0.74868   0.03100   0.32785   6.90000 20
  -0.09035   1.10928   0.01453  -0.39578   7.00000  1
  -0.20161   1.28465   0.02018  -0.00962   7.00000  2
  -0.13108  -1.22666  -0.20432   0.09255   7.00000  3
  -0.16403  -1.14123   0.20582   0.02484   7.00000  4
   0.08017  -1.59213  -0.11365   0.21763   7.00000  5
  -0.14156  -1.33004   0.12789  -0.38103   7.00000  6
  -0.05752  -1.32177   0.05928   0.12189   7.00000  7
  -0.03872  -0.97567  -0.05158   0.15817   7.00000  8
  -0.14725  -1.24038   0.08324   0.02211   7.00000  9
   0.04762  -1.13277  -0.45277  -0.27408   7.00000 10
  -0.08305  -1.17029   0.12400   0.08061   7.00000 11
  -0.00897  -1.54159   0.11636   0.09146   7.00000 12
  -0.22516   1.58066  -0.18045  -0.10656   7.00000 13
  -0.12348   1.40300   0.09635  -0.20135   7.00000 14
   0.39710   0.11509  -0.13049   0.19486   7.00000 15
   0.51951   0.29267   0.04339   0.07163   7.00000 16
  -0.02111   1.07232   0.06095   0.16766   7.00000 17
  -0.17620   1.50921  -0.08650  -0.19926   7.00000 18
  -0.44368   0.71194   0.22045  -0.00651   7.00000 19
  -0.45865   0.78164   0.04734   0.33076   7.00000 20
  -0.08912   1.07089   0.01033  -0.37053   7.10000  1
  -0.19838   1.28419   0.04421   0.00040   7.10000  2
  -0.14919  -1.21763  -0.15258   0.08752   7.10000  3
  -0.14030  -1.14216   0.26683  -0.04374   7.10000  4
   0.06667  -1.56717  -0.15653   0.28256   7.10000  5
  -0.12652  -1.36451   0.17185  -0.30700   7.10000  6
  -0.05343  -1.30691   0.02263   0.17409   7.10000  7
  -0.04467  -0.96453  -0.06734   0.06451   7.10000  8
  -0.13622  -1.23771   0.13695   0.03155   7.10000  9
  -0.00197  -1.16230  -0.53829  -0.31680   7.10000 10
  -0.07151  -1.16461   0.10585   0.03233   7.10000 11
   0.00224  -1.52914   0.10670   0.15808   7.10000 12
  -0.24208   1.56728  -0.15764  -0.16096   7.10000 13
  -0.11514   1.38221   0.06981  -0.21496   7.10000 14
   0.38428   0.13525  -0.12573   0.20834   7.10000 15
   0.52311   0.29934   0.02848   0.06205   7.10000 16
  -0.01693   1.09037   0.02200   0.19164   7.10000 17
  -0.18484   1.48746  -0.08581  -0.23578   7.10000 18
  -0.42118   0.71286   0.22936   0.02548   7.10000 19
  -0.45287   0.81475   0.06894   0.33121   7.10000 20
  -0.08832   1.03546   0.00515  -0.33716   7.20000  1
  -0.19281   1.28474   0.06699   0.01057   7.20000  2
  -0.16066  -1.20930  -0.07305   0.07787   7.20000  3
  -0.11122  -1.15007   0.31069  -0.11498   7.20000  4
   0.04882  -1.53541  -0.20075   0.35368   7.20000  5
  -0.10741  -1.39129   0.20932  -0.22817   7.20000  6
  -0.05299  -1.28714  -0.01401   0.22041   7.20000  7
  -0.05216  -0.96283  -0.08216  -0.03088   7.20000  8
  -0.12001  -1.23400   0.18587   0.04267   7.20000  9
  -0.05944  -1.19599  -0.60415  -0.35459   7.20000 10
  -0.06220  -1.16405   0.07813  -0.02265   7.20000 11
   0.01207  -1.50985   0.08790   0.22849   7.20000 12
  -0.25661   1.54848  -0.13240  -0.21509   7.20000 13
  -0.10965   1.35993   0.03940  -0.23107   7.20000 14
   0.37198   0.15674  -0.11995   0.22147   7.20000 15
   0.52516   0.30511   0.01221   0.05362   7.20000 16
  -0.01677   1.11034  -0.01889   0.20677   7.20000 17
  -0.19327   1.46202  -0.08244  -0.27308   7.20000 18
  -0.39783   0.71711   0.23761   0.05972   7.20000 19
  -0.44473   0.84791   0.09455   0.33239   7.20000 20
  -0.08825   1.00358  -0.00448  -0.30007   7.30000  1
  -0.18505   1.28628   0.08764   0.01992   7.30000  2
  -0.16326  -1.20241   0.02214   0.05770   7.30000  3
  -0.07933  -1.16525   0.32012  -0.18817   7.30000  4
   0.02652  -1.49618  -0.24506   0.43224   7.30000  5
  -0.08491  -1.41010   0.23934  -0.14815   7.30000  6
  -0.05633  -1.26314  -0.05298   0.25686   7.30000  7
  -0.06101  -0.97078  -0.09407  -0.12875   7.30000  8
  -0.09958  -1.22935   0.21840   0.04854   7.30000  9
  -0.12045  -1.23240  -0.60123  -0.36827   7.30000 10
  -0.05635  -1.16943   0.03769  -0.08559   7.30000 11
   0.01935  -1.48327   0.05505   0.30399   7.30000 12
  -0.26849   1.52424  -0.10475  -0.26975   7.30000 13
  -0.10735   1.33593   0.00639  -0.24905   7.30000 14
   0.36032   0.17953  -0.11324   0.23423   7.30000 15
   0.52551   0.31011  -0.00538   0.04643   7.30000 16
  -0.02071   1.13162  -0.06004   0.21877   7.30000 17
  -0.20121   1.43279  -0.07563  -0.31182   7.30000 18
  -0.37363   0.72484   0.24644   0.09517   7.30000 19
  -0.43385   0.88130   0.12365   0.33578   7.30000 20
  -0.08939   0.97543  -0.01909  -0.26308   7.40000  1
  -0.17542   1.28861   0.10418   0.02583   7.40000  2
  -0.15632  -1.19827   0.11530   0.02282   7.40000  3
  -0.04846  -1.18737   0.29203  -0.25151   7.40000  4
  -0.00012  -1.44873  -0.28683   0.51756   7.40000  5
  -0.05987  -1.42089   0.25940  -0.06675   7.40000  6
  -0.06339  -1.23651  -0.08556   0.27129   7.40000  7
  -0.07081  -0.98871  -0.10097  -0.23075   7.40000  8
  -0.07725  -1.22475   0.22453   0.04149   7.40000  9
  -0.17698  -1.26854  -0.52033  -0.35052   7.40000 10
  -0.05462  -1.18119  -0.00164  -0.14911   7.40000 11
   0.02249  -1.44889   0.00500   0.38417   7.40000 12
  -0.27746   1.49448  -0.07421  -0.32576   7.40000 13
  -0.10841   1.31010  -0.02774  -0.26742   7.40000 14
   0.34936   0.20357  -0.10568   0.24658   7.40000 15
   0.52404   0.31445  -0.02425   0.04062   7.40000 16
  -0.02883   1.15416  -0.10287   0.23274   7.40000 17
  -0.20824   1.39961  -0.06405  -0.35203   7.40000 18
  -0.34850   0.73618   0.25656   0.13187   7.40000 19
  -0.41988   0.91516   0.15622   0.34196   7.40000 20
  -0.09221   0.95092  -0.03817  -0.22731   7.50000  1
  -0.16447   1.29116   0.11311   0.02324   7.50000  2
  -0.14046  -1.19810   0.20094  -0.01992   7.50000  3
  -0.02182  -1.21488   0.23705  -0.29511   7.50000  4
  -0.03046  -1.39264  -0.31679   0.60393   7.50000  5
  -0.03361  -1.42306   0.26170   0.02639   7.50000  6
  -0.07262  -1.20995  -0.09445   0.25384   7.50000  7
  -0.08098  -1.01716  -0.10112  -0.33971   7.50000  8
  -0.05524  -1.22139   0.21307   0.02387   7.50000  9
  -0.22357  -1.30204  -0.40983  -0.31804   7.50000 10
  -0.05626  -1.19900  -0.02877  -0.20532   7.50000 11
   0.01986  -1.40635  -0.05947   0.46679   7.50000 12
  -0.28320   1.45902  -0.03985  -0.38381   7.50000 13
  -0.11286   1.28253  -0.06075  -0.28336   7.50000 14
   0.33920   0.22883  -0.09740   0.25845   7.50000 15
   0.52062   0.31828  -0.04437   0.03633   7.50000 16
  -0.04143   1.17829  -0.15016   0.25023   7.50000 17
  -0.21380   1.36238  -0.04581  -0.39230   7.50000 18
  -0.32226   0.75128   0.26845   0.17046   7.50000 19
  -0.40247   0.94980   0.19260   0.35132   7.50000 20
  -0.09715   0.92995  -0.06114  -0.19228   7.60000  1
  -0.15318   1.29275   0.11044   0.00550   7.60000  2
  -0.11636  -1.20232   0.27920  -0.06478   7.60000  3
  -0.00169  -1.24569   0.16278  -0.31728   7.60000  4
  -0.06259  -1.32805  -0.32048   0.68659   7.60000  5
  -0.00845  -1.41493   0.23726   0.13891   7.60000  6
  -0.08146  -1.18695  -0.07921   0.20079   7.60000  7
  -0.09073  -1.05700  -0.09195  -0.45897   7.60000  8
  -0.03523  -1.22038   0.18365  -0.00585   7.60000  9
  -0.25891  -1.33194  -0.29763  -0.27877   7.60000 10
  -0.05983  -1.22174  -0.03986  -0.24627   7.60000 11
   0.01040  -1.35551  -0.13012   0.55015   7.60000 12
  -0.28526   1.41764  -0.00032  -0.44430   7.60000 13
  -0.12044   1.25365  -0.09022  -0.29256   7.60000 14
   0.32990   0.25525  -0.08853   0.26974   7.60000 15
   0.51512   0.32177  -0.06568   0.03379   7.60000 16
  -0.05910   1.20424  -0.20458   0.26823   7.60000 17
  -0.21713   1.32126  -0.01948  -0.42913   7.60000 18
  -0.29474   0.77037   0.28250   0.21193   7.60000 19
  -0.38122   0.98556   0.23336   0.36453   7.60000 20
  -0.10456   0.91248  -0.08748  -0.15677   7.70000  1
  -0.14283   1.29162   0.09439  -0.03114   7.70000  2
  -0.08527  -1.21107   0.33724  -0.10935   7.70000  3
   0.01024  -1.27728   0.07428  -0.30729   7.70000  4
  -0.09326  -1.25611  -0.28562   0.74339   7.70000  5
   0.01313  -1.39498   0.19130   0.26047   7.70000  6
  -0.08797  -1.17068  -0.04909   0.12107   7.70000  7
  -0.09888  -1.10931  -0.06791  -0.58806   7.70000  8
  -0.01927  -1.22283   0.13183  -0.04290   7.70000  9
  -0.28336  -1.35754  -0.19300  -0.23196   7.70000 10
  -0.06370  -1.24739  -0.03527  -0.26005   7.70000 11
  -0.00610  -1.29649  -0.19887   0.62679   7.70000 12
  -0.28304   1.37009   0.04604  -0.50710   7.70000 13
  -0.13079   1.22442  -0.11654  -0.28993   7.70000 14
   0.32151   0.28275  -0.07927   0.28030   7.70000 15
   0.50744   0.32510  -0.08811   0.03324   7.70000 16
  -0.08260   1.23163  -0.26614   0.27692   7.70000 17
  -0.21746   1.27682   0.01382  -0.45815   7.70000 18
  -0.26568   0.79381   0.29896   0.25759   7.70000 19
  -0.35563   1.02288   0.27944   0.38294   7.70000 20
  -0.11473   0.89867  -0.11635  -0.11901   7.80000  1
  -0.13474   1.28600   0.06514  -0.08315   7.80000  2
  -0.05042  -1.22368   0.35111  -0.13917   7.80000  3
   0.01318  -1.30550  -0.01372  -0.25020   7.80000  4
  -0.11843  -1.18202  -0.21375   0.72332   7.80000  5
   0.02921  -1.36291   0.12695   0.37935   7.80000  6
  -0.09106  -1.16326  -0.01226   0.02597   7.80000  7
  -0.10354  -1.17421  -0.02124  -0.70155   7.80000  8
  -0.00951  -1.22862   0.06119  -0.07037   7.80000  9
  -0.29787  -1.37815  -0.09891  -0.17987   7.80000 10
  -0.06645  -1.27203  -0.01767  -0.22458   7.80000 11
  -0.02899  -1.23171  -0.25568   0.65661   7.80000 12
  -0.27577   1.31618   0.10072  -0.57092   7.80000 13
  -0.14381   1.19610  -0.14470  -0.27490   7.80000 14
   0.31405   0.31128  -0.06987   0.28995   7.80000 15
   0.49747   0.32850  -0.11151   0.03498   7.80000 16
  -0.11234   1.25881  -0.32766   0.26133   7.80000 17
  -0.21432   1.23003   0.04812  -0.47532   7.80000 18
  -0.23487   0.82207   0.31764   0.30879   7.80000 19
  -0.32510   1.06239   0.33242   0.40874   7.80000 20
  -0.12784   0.88886  -0.14542  -0.07583   7.90000  1
  -0.13028   1.27475   0.02171  -0.14255   7.90000  2
  -0.01670  -1.23826   0.31636  -0.15081   7.90000  3
   0.00805  -1.32640  -0.08597  -0.16456   7.90000  4
  -0.13584  -1.11406  -0.13616   0.62859   7.90000  5
   0.03778  -1.31980   0.04068   0.47706   7.90000  6
  -0.09037  -1.16540   0.02610  -0.06629   7.90000  7
  -0.10241  -1.24659   0.04558  -0.73010   7.90000  8
  -0.00711  -1.23644  -0.01174  -0.08493   7.90000  9
  -0.30341  -1.39348  -0.01286  -0.12669   7.90000 10
  -0.06697  -1.29126   0.00810  -0.15824   7.90000 11
  -0.05624  -1.16809  -0.28296   0.60274   7.90000 12
  -0.26264   1.25602   0.16262  -0.63096   7.90000 13
  -0.15990   1.16955  -0.17765  -0.25627   7.90000 14
   0.30753   0.34071  -0.06070   0.29846   7.90000 15
   0.48512   0.33219  -0.13566   0.03936   7.90000 16
  -0.14762   1.28269  -0.37412   0.21003   7.90000 17
  -0.20820   1.18224   0.07156  -0.47801   7.90000 18
  -0.20214   0.85577   0.33641   0.36614   7.90000 19
  -0.28885   1.10492   0.39412   0.44285   7.90000 20
  -0.14361   0.88389  -0.16804  -0.02088   8.00000  1
  -0.13080   1.25737  -0.03338  -0.20588   8.00000  2
   0.01187  -1.25378   0.25151  -0.15887   8.00000  3
  -0.00348  -1.33801  -0.14243  -0.06718   8.00000  4
  -0.14619  -1.05661  -0.07360   0.52150   8.00000  5
   0.03675  -1.26919  -0.06215   0.52445   8.00000  6
  -0.08588  -1.17580   0.06341  -0.13834   8.00000  7
  -0.09447  -1.31782   0.11118  -0.68545   8.00000  8
  -0.01128  -1.24563  -0.06813  -0.09898   8.00000  9
  -0.30056  -1.40354   0.06955  -0.07490   8.00000 10
  -0.06476  -1.30375   0.03608  -0.09321   8.00000 11
  -0.08444  -1.11261  -0.27719   0.50500   8.00000 12
  -0.24333   1.19049   0.22219  -0.67540   8.00000 13
  -0.17931   1.14471  -0.20881  -0.24128   8.00000 14
   0.30189   0.37092  -0.05223   0.30562   8.00000 15
   0.47032   0.33647  -0.16023   0.04672   8.00000 16
  -0.18619   1.29966  -0.39189   0.12509   8.00000 17
  -0.20060   1.13493   0.07835  -0.46524   8.00000 18
  -0.16784   0.89544   0.34701   0.42739   8.00000 19
  -0.24612   1.15079   0.45881   0.46985   8.00000 20
  -0.16092   0.88529  -0.17543   0.05165   8.10000  1
  -0.13703   1.23340  -0.09051  -0.27389   8.10000  2
   0.03294  -1.26965   0.16692  -0.15611   8.10000  3
  -0.01996  -1.34009  -0.18419   0.02300   8.10000  4
  -0.15105  -1.00942  -0.02565   0.42417   8.10000  5
   0.02569  -1.21715  -0.15546   0.50651   8.10000  6
  -0.07775  -1.19260   0.09896  -0.19619   8.10000  7
  -0.08091  -1.38222   0.15528  -0.59701   8.10000  8
  -0.02003  -1.25612  -0.10372  -0.10967   8.10000  9
  -0.28952  -1.40854   0.15140  -0.02542   8.10000 10
  -0.05984  -1.31032   0.06134  -0.04002   8.10000 11
  -0.11117  -1.06688  -0.25564   0.41197   8.10000 12
  -0.21861   1.12216   0.26943  -0.68487   8.10000 13
  -0.20082   1.12123  -0.21498  -0.22906   8.10000 14
   0.29704   0.40178  -0.04505   0.31127   8.10000 15
   0.45307   0.34164  -0.18474   0.05738   8.10000 16
  -0.22495   1.30727  -0.37830   0.02689   8.10000 17
  -0.19263   1.08980   0.08165  -0.43582   8.10000 18
  -0.13352   0.94128   0.33456   0.48967   8.10000 19
  -0.19810   1.19705   0.49412   0.44553   8.10000 20
