  -0.16104   1.49627   0.05284   0.16181   0.10000  1
  -0.08121   1.67022  -0.10574   0.04577   0.10000  2
   0.10763  -1.12046  -0.02887   0.04823   0.10000  3
  -0.07484  -1.15826   0.25107   0.04940   0.10000  4
  -0.10366   0.65603  -0.09821  -0.10914   0.10000  5
  -0.29061   0.66543   0.15999  -0.09253   0.10000  6
  -0.01325   0.04598  -0.06957   0.04086   0.10000  7
   0.15562   0.12915  -0.25908  -0.11413   0.10000  8
  -0.18165   0.21053   0.19859  -0.14109   0.10000  9
  -0.09924   0.03985   0.18400   0.08655   0.10000 10
   0.02163  -1.45763   0.12414   0.23566   0.10000 11
   0.20109  -1.40966  -0.15865   0.18479   0.10000 12
  -0.15202   1.82174   0.07554  -0.08404   0.10000 13
  -0.10859   2.00915  -0.02415  -0.21722   0.10000 14
   0.12422  -0.47225   0.03235  -0.18015   0.10000 15
  -0.00616  -0.60365   0.27098   0.00500   0.10000 16
   0.58826  -0.78748  -0.36543   0.11734   0.10000 17
   0.43363  -0.68216  -0.21402  -0.11973   0.10000 18
   0.22578  -0.73927   0.10316   0.08801   0.10000 19
   0.41028  -0.70367  -0.12893  -0.00538   0.10000 20
  -0.15319   1.52131   0.10339   0.34434   0.20000  1
  -0.09672   1.67738  -0.20144   0.09926   0.20000  2
   0.10326  -1.11352  -0.05824   0.08860   0.20000  3
  -0.03659  -1.15079   0.51734   0.10058   0.20000  4
  -0.11847   0.63951  -0.19837  -0.22206   0.20000  5
  -0.26632   0.65127   0.32744  -0.19267   0.20000  6
  -0.02306   0.05281  -0.12056   0.10054   0.20000  7
   0.11571   0.11205  -0.54638  -0.22712   0.20000  8
  -0.15109   0.18861   0.41806  -0.30270   0.20000  9
  -0.07208   0.05301   0.35473   0.17716   0.20000 10
   0.04057  -1.42144   0.25654   0.49421   0.20000 11
   0.17698  -1.38133  -0.32516   0.38638   0.20000 12
  -0.14102   1.80881   0.14158  -0.17651   0.20000 13
  -0.11214   1.97593  -0.04631  -0.45171   0.20000 14
   0.12966  -0.50046   0.08140  -0.39219   0.20000 15
   0.03530  -0.60317   0.56387   0.00211   0.20000 16
   0.53186  -0.76973  -0.77360   0.23818   0.20000 17
   0.40141  -0.69924  -0.43128  -0.21477   0.20000 18
   0.24185  -0.72600   0.22183   0.17690   0.20000 19
   0.38994  -0.70517  -0.28482  -0.02854   0.20000 20
  -0.14065   1.56663   0.14470   0.57153   0.30000  1
  -0.12034   1.69055  -0.26115   0.16670   0.30000  2
   0.09634  -1.10342  -0.07442   0.10872   0.30000  3
   0.02912  -1.13801   0.79470   0.15568   0.30000  4
  -0.14316   0.61149  -0.29157  -0.33855   0.30000  5
  -0.22491   0.62628   0.49935  -0.31155   0.30000  6
  -0.03518   0.06721  -0.10628   0.19159   0.30000  7
   0.04461   0.08452  -0.87964  -0.31182   0.30000  8
  -0.09659   0.14857   0.67886  -0.50573   0.30000  9
  -0.03032   0.07506   0.46129   0.25776   0.30000 10
   0.07309  -1.35703   0.39078   0.80567   0.30000 11
   0.13611  -1.33094  -0.48631   0.63267   0.30000 12
  -0.12472   1.78592   0.17591  -0.28391   0.30000 13
  -0.11767   1.91754  -0.06295  -0.72459   0.30000 14
   0.14241  -0.55278   0.19123  -0.66523   0.30000 15
   0.10795  -0.60446   0.89507  -0.04166   0.30000 16
   0.43054  -0.73997  -1.26933   0.35356   0.30000 17
   0.34716  -0.72263  -0.65370  -0.23219   0.30000 18
   0.27067  -0.70470   0.35053   0.23768   0.30000 19
   0.35142  -0.70997  -0.49705  -0.06631   0.30000 20
  -0.12516   1.63782   0.15802   0.86233   0.40000  1
  -0.14573   1.71098  -0.22374   0.24046   0.40000  2
   0.09155  -1.09266   0.00582   0.10525   0.40000  3
   0.11862  -1.11945   0.95157   0.21860   0.40000  4
  -0.17439   0.57187  -0.30930  -0.45356   0.40000  5
  -0.16834   0.58784   0.61073  -0.46333   0.40000  6
  -0.04130   0.08955  -0.00631   0.22742   0.40000  7
  -0.05364   0.05536  -0.99238  -0.23743   0.40000  8
  -0.01738   0.08776   0.85068  -0.68256   0.40000  9
   0.01252   0.10065   0.34653   0.22262   0.40000 10
   0.11597  -1.25755   0.44104   1.19804   0.40000 11
   0.08431  -1.25137  -0.50295   0.97990   0.40000 12
  -0.10847   1.75184   0.13144  -0.39519   0.40000 13
  -0.12437   1.82898  -0.06913  -1.05638   0.40000 14
   0.17450  -0.63472   0.49584  -0.97289   0.40000 15
   0.21389  -0.61818   1.20107  -0.29320   0.40000 16
   0.27807  -0.70077  -1.72644   0.41599   0.40000 17
   0.27190  -0.73901  -0.83707  -0.05576   0.40000 18
   0.30499  -0.68314   0.24576   0.16677   0.40000 19
   0.28832  -0.71592  -0.77115  -0.02709   0.40000 20
  -0.11123   1.73684   0.10474   1.04598   0.50000  1
  -0.15994   1.73637  -0.04082   0.23770   0.50000  2
   0.10212  -1.08043   0.21437   0.16981   0.50000  3
   0.20775  -1.09099   0.77896   0.38715   0.50000  4
  -0.19946   0.52034  -0.17174  -0.58156   0.50000  5
  -0.10796   0.53269   0.57768  -0.64304   0.50000  6
  -0.03606   0.10691   0.10642   0.10885   0.50000  7
  -0.13782   0.03811  -0.66910  -0.11694   0.50000  8
   0.06005   0.02206   0.66937  -0.59980   0.50000  9
   0.03569   0.11487   0.12478   0.05322   0.50000 10
   0.15701  -1.11543   0.37227   1.63877   0.50000 11
   0.04650  -1.13258  -0.20886   1.39158   0.50000 12
  -0.10195   1.70941  -0.01137  -0.42361   0.50000 13
  -0.13091   1.70850  -0.05500  -1.28009   0.50000 14
   0.24014  -0.74225   0.70233  -1.09682   0.50000 15
   0.32816  -0.67090   0.94856  -0.71961   0.50000 16
   0.11240  -0.66467  -1.45915   0.23960   0.50000 17
   0.18631  -0.73145  -0.81385   0.16111   0.50000 18
   0.30304  -0.67430  -0.28590  -0.01334   0.50000 19
   0.20203  -0.71325  -0.88366   0.04103   0.50000 20
  -0.10574   1.82867   0.00967   0.76164   0.60000  1
  -0.15403   1.75325   0.14362   0.09624   0.60000  2
   0.13366  -1.04610   0.40711   0.58546   0.60000  3
   0.26886  -1.03260   0.43846   0.82121   0.60000  4
  -0.20683   0.45446   0.02767  -0.74222   0.60000  5
  -0.05451   0.45833   0.48882  -0.85068   0.60000  6
  -0.02127   0.11161   0.18245  -0.00938   0.60000  7
  -0.18773   0.03059  -0.33500  -0.03760   0.60000  8
   0.11545  -0.03117   0.44031  -0.47116   0.60000  9
   0.03907   0.11189  -0.05174  -0.10401   0.60000 10
   0.19090  -0.93528   0.31509   1.94438   0.60000 11
   0.04814  -0.97595   0.25579   1.73055   0.60000 12
  -0.11001   1.67206  -0.13705  -0.32104   0.60000 13
  -0.13444   1.59181  -0.01689  -1.02286   0.60000 14
   0.29681  -0.84446   0.39298  -0.95884   0.60000 15
   0.39297  -0.75256   0.34227  -0.89792   0.60000 16
  -0.00854  -0.65612  -0.96033  -0.06216   0.60000 17
   0.11600  -0.71917  -0.59234   0.04458   0.60000 18
   0.25585  -0.69225  -0.62981  -0.36480   0.60000 19
   0.12123  -0.71716  -0.72109  -0.14139   0.60000 20
  -0.10789   1.88926  -0.04578   0.45775   0.70000  1
  -0.13473   1.75663   0.22554  -0.02335   0.70000  2
   0.18288  -0.95589   0.57668   1.23032   0.70000  3
   0.29611  -0.92242   0.10831   1.36849   0.70000  4
  -0.19344   0.37041   0.24319  -0.94833   0.70000  5
  -0.01049   0.36076   0.38965  -1.11259   0.70000  6
  -0.00126   0.10602   0.20640  -0.09844   0.70000  7
  -0.20545   0.03009  -0.01888   0.02676   0.70000  8
   0.14835  -0.07367   0.21801  -0.38575   0.70000  9
   0.02636   0.09618  -0.19579  -0.19866   0.70000 10
   0.21851  -0.73343   0.17445   1.98940   0.70000 11
   0.09789  -0.78588   0.71030   2.05380   0.70000 12
  -0.12662   1.64440  -0.18225  -0.23543   0.70000 13
  -0.13490   1.50376   0.00450  -0.74719   0.70000 14
   0.31333  -0.93132  -0.05903  -0.71633   0.70000 15
   0.39475  -0.84890  -0.32243  -1.00220   0.70000 16
  -0.07751  -0.67577  -0.39740  -0.31838   0.70000 17
   0.06926  -0.72790  -0.31677  -0.22389   0.70000 18
   0.17899  -0.74910  -0.89083  -0.75116   0.70000 19
   0.06174  -0.74339  -0.42787  -0.36484   0.70000 20
  -0.11372   1.92169  -0.06628   0.19711   0.80000  1
  -0.11180   1.74932   0.22124  -0.12015   0.80000  2
   0.24296  -0.80631   0.54437   1.66810   0.80000  3
   0.28693  -0.77434  -0.32464   1.51181   0.80000  4
  -0.15718   0.26223   0.48996  -1.23249   0.80000  5
   0.02254   0.23269   0.26240  -1.46727   0.80000  6
   0.01702   0.09253   0.14185  -0.16912   0.80000  7
  -0.19050   0.03604   0.32850   0.09344   0.80000  8
   0.15908  -0.10966  -0.00314  -0.34143   0.80000  9
   0.00195   0.07451  -0.27894  -0.22374   0.80000 10
   0.21766  -0.55786  -0.16871   1.51211   0.80000 11
   0.17407  -0.59074   0.75667   1.75736   0.80000 12
  -0.14424   1.62460  -0.16103  -0.16182   0.80000 13
  -0.13402   1.44067   0.01151  -0.52166   0.80000 14
   0.29051  -0.97444  -0.36413  -0.12507   0.80000 15
   0.32941  -0.94085  -0.93926  -0.75788   0.80000 16
  -0.08443  -0.71490   0.26290  -0.43998   0.80000 17
   0.05769  -0.75563   0.07652  -0.29100   0.80000 18
   0.08935  -0.82186  -0.82839  -0.60513   0.80000 19
   0.04258  -0.77782   0.03861  -0.28318   0.80000 20
  -0.12047   1.92968  -0.06627  -0.03369   0.90000  1
  -0.09237   1.73303   0.16011  -0.20378   0.90000  2
   0.27847  -0.63644   0.13944   1.71134   0.90000  3
   0.23234  -0.62548  -0.72058   1.46422   0.90000  4
  -0.09323   0.11957   0.80130  -1.63929   0.90000  5
   0.03880   0.06572   0.04170  -1.84297   0.90000  6
   0.02379   0.07107  -0.02028  -0.28899   0.90000  7
  -0.13611   0.04841   0.78469   0.13844   0.90000  8
   0.14788  -0.14354  -0.21923  -0.34419   0.90000  9
  -0.02608   0.05232  -0.26081  -0.23451   0.90000 10
   0.19259  -0.42599  -0.29204   1.16152   0.90000 11
   0.24411  -0.43222   0.60708   1.44036   0.90000 12
  -0.15738   1.61181  -0.09643  -0.09480   0.90000 13
  -0.13281   1.39835   0.01214  -0.32853   0.90000 14
   0.24203  -0.96061  -0.62377   0.37071   0.90000 15
   0.21853  -0.99321  -1.23757  -0.27391   0.90000 16
  -0.02554  -0.76130   0.90424  -0.48250   0.90000 17
   0.07811  -0.78292   0.28893  -0.24201   0.90000 18
   0.01997  -0.86033  -0.53339  -0.15571   0.90000 19
   0.06325  -0.79806   0.33075  -0.12170   0.90000 20
  -0.12662   1.91539  -0.05550  -0.25118   1.00000  1
  -0.08093   1.70886   0.06408  -0.27863   1.00000  2
   0.27002  -0.46301  -0.30382   1.77927   1.00000  3
   0.15425  -0.47927  -0.79309   1.49164   1.00000  4
   0.00236  -0.06004   1.07968  -1.88638   1.00000  5
   0.03282  -0.12267  -0.09467  -1.88407   1.00000  6
   0.01226   0.02390  -0.18253  -0.70011   1.00000  7
  -0.03190   0.05112   1.25251  -0.18340   1.00000  8
   0.11594  -0.17982  -0.41255  -0.38665   1.00000  9
  -0.04396   0.01814  -0.04292  -0.50641   1.00000 10
   0.16336  -0.31751  -0.29942   1.05122   1.00000 11
   0.28684  -0.29795   0.20261   1.26337   1.00000 12
  -0.16267   1.60550  -0.00586  -0.03182   1.00000 13
  -0.13163   1.37449   0.01157  -0.14985   1.00000 14
   0.16125  -0.90273  -1.00410   0.79790   1.00000 15
   0.08805  -0.99087  -1.33346   0.34868   1.00000 16
   0.08826  -0.80992   1.28572  -0.47682   1.00000 17
   0.10761  -0.80365   0.27551  -0.18380   1.00000 18
  -0.01013  -0.85586  -0.03238   0.21150   1.00000 19
   0.10068  -0.80423   0.38861  -0.02447   1.00000 20
  -0.13139   1.87930  -0.03907  -0.47305   1.10000  1
  -0.08031   1.67753  -0.05452  -0.34651   1.10000  2
   0.21537  -0.27423  -0.83310   2.01143   1.10000  3
   0.07874  -0.31523  -0.70420   1.85561   1.10000  4
   0.11744  -0.25767   1.18350  -2.05016   1.10000  5
   0.03900  -0.30819   0.28701  -1.77375   1.10000  6
   0.00077  -0.07154   0.02686  -1.21187   1.10000  7
   0.09766  -0.00048   1.27460  -0.87744   1.10000  8
   0.07114  -0.22317  -0.40705  -0.49928   1.10000  9
  -0.02567  -0.05489   0.42939  -0.97724   1.10000 10
   0.12575  -0.21018  -0.48447   1.05253   1.10000 11
   0.27503  -0.17966  -0.48179   1.07465   1.10000 12
  -0.15804   1.60542   0.10013   0.03000   1.10000 13
  -0.13042   1.36843   0.01316   0.03046   1.10000 14
   0.05106  -0.80264  -1.08387   1.12677   1.10000 15
  -0.03555  -0.92227  -1.07265   0.99378   1.10000 16
   0.20599  -0.85010   0.95693  -0.26727   1.10000 17
   0.12928  -0.81983   0.12986  -0.10521   1.10000 18
   0.01506  -0.82470   0.50519   0.40036   1.10000 19
   0.13495  -0.80604   0.25408   0.00620   1.10000 20
  -0.13431   1.81992  -0.01867  -0.72111   1.20000  1
  -0.09213   1.64005  -0.18065  -0.39837   1.20000  2
   0.10389  -0.07744  -1.29146   1.77418   1.20000  3
   0.02383  -0.12174  -0.34171   1.86451   1.20000  4
   0.21852  -0.44621   0.78813  -1.73402   1.20000  5
   0.08271  -0.46302   0.51826  -1.36297   1.20000  6
   0.02963  -0.21558   0.55703  -1.55042   1.20000  7
   0.21228  -0.12740   0.90661  -1.57880   1.20000  8
   0.04472  -0.26924  -0.13240  -0.33329   1.20000  9
   0.04513  -0.18074   0.96317  -1.46547   1.20000 10
   0.07263  -0.12048  -0.52980   0.70463   1.20000 11
   0.18800  -0.08968  -1.22992   0.69043   1.20000 12
  -0.14261   1.61130   0.20561   0.08461   1.20000 13
  -0.12884   1.38121   0.01922   0.22983   1.20000 14
  -0.04166  -0.68850  -0.74253   1.15922   1.20000 15
  -0.11874  -0.80008  -0.57817   1.41961   1.20000 16
   0.27481  -0.85794   0.42844   0.11749   1.20000 17
   0.13200  -0.81563  -0.05835   0.22620   1.20000 18
   0.07862  -0.77281   0.71570   0.64892   1.20000 19
   0.14740  -0.79612   0.00149   0.22482   1.20000 20
  -0.13486   1.73333   0.01014  -1.02030   1.30000  1
  -0.11501   1.59959  -0.26246  -0.39868   1.30000  2
  -0.02086   0.06303  -1.15465   1.06984   1.30000  3
   0.01090   0.03752   0.00714   1.32047   1.30000  4
   0.27180  -0.61521   0.25421  -1.67053   1.30000  5
   0.13529  -0.59372   0.51723  -1.28996   1.30000  6
   0.09754  -0.36535   0.74375  -1.47404   1.30000  7
   0.26815  -0.29465   0.23577  -1.77200   1.30000  8
   0.04556  -0.29498   0.16082  -0.27276   1.30000  9
   0.14376  -0.32893   0.92622  -1.52363   1.30000 10
   0.02786  -0.07030  -0.37252   0.34956   1.30000 11
   0.04486  -0.04709  -1.54510   0.20858   1.30000 12
  -0.11877   1.62088   0.25348   0.09422   1.30000 13
  -0.12641   1.41581   0.02983   0.47206   1.30000 14
  -0.09349  -0.56828  -0.27402   1.24066   1.30000 15
  -0.14935  -0.64159  -0.01877   1.73649   1.30000 16
   0.29308  -0.82403  -0.06084   0.58548   1.30000 17
   0.12374  -0.76779  -0.06583   0.76132   1.30000 18
   0.15225  -0.69464   0.72831   0.91956   1.30000 19
   0.13983  -0.75372  -0.11272   0.66365   1.30000 20
  -0.13143   1.61558   0.06190  -1.31498   1.40000  1
  -0.14066   1.56226  -0.22836  -0.34556   1.40000  2
  -0.12297   0.14467  -0.88778   0.59356   1.40000  3
   0.00960   0.14405  -0.07269   0.83111   1.40000  4
   0.26527  -0.77158  -0.35580  -1.32245   1.40000  5
   0.18669  -0.71667   0.51191  -1.04310   1.40000  6
   0.17316  -0.51990   0.76218  -1.66194   1.40000  7
   0.26111  -0.48758  -0.38127  -2.11957   1.40000  8
   0.07270  -0.33787   0.34320  -0.63032   1.40000  9
   0.22364  -0.49445   0.64590  -1.83158   1.40000 10
  -0.00827  -0.04508  -0.37958   0.15847   1.40000 11
  -0.10379  -0.03733  -1.37165   0.01076   1.40000 12
  -0.09659   1.62588   0.16751  -0.02879   1.40000 13
  -0.12305   1.47807   0.03435   0.78484   1.40000 14
  -0.09370  -0.44370   0.27474   1.22966   1.40000 15
  -0.11938  -0.45804   0.62309   1.89138   1.40000 16
   0.26189  -0.73384  -0.56940   1.23251   1.40000 17
   0.12866  -0.66143   0.21256   1.32606   1.40000 18
   0.21724  -0.59344   0.52254   1.05606   1.40000 19
   0.13573  -0.65972   0.08664   1.18389   1.40000 20
  -0.12356   1.48155   0.08331  -1.27367   1.50000  1
  -0.15625   1.52993  -0.06764  -0.29897   1.50000  2
  -0.19968   0.18567  -0.65146   0.23862   1.50000  3
  -0.00562   0.20755  -0.22893   0.45069   1.50000  4
   0.21519  -0.86053  -0.57072  -0.44821   1.50000  5
   0.23631  -0.78121   0.44837  -0.24045   1.50000  6
   0.24426  -0.68998   0.59285  -1.59648   1.50000  7
   0.19811  -0.70857  -0.74168  -2.09966   1.50000  8
   0.10884  -0.42521   0.39721  -1.10635   1.50000  9
   0.26265  -0.68880   0.10583  -1.89532   1.50000 10
  -0.04987  -0.03972  -0.44469  -0.06287   1.50000 11
  -0.22454  -0.04349  -1.02860  -0.12983   1.50000 12
  -0.08769   1.60835   0.00719  -0.33043   1.50000 13
  -0.12052   1.56868   0.01587   0.94080   1.50000 14
  -0.04054  -0.32547   0.76272   1.12521   1.50000 15
  -0.03011  -0.27421   1.09655   1.73541   1.50000 16
   0.18626  -0.58442  -0.83657   1.63780   1.50000 17
   0.17056  -0.51946   0.56486   1.37206   1.50000 18
   0.24766  -0.49993   0.04605   0.71456   1.50000 19
   0.16439  -0.53088   0.44947   1.26707   1.50000 20
  -0.11624   1.36979   0.06201  -0.96544   1.60000  1
  -0.15407   1.50349   0.10251  -0.22999   1.60000  2
  -0.25341   0.19419  -0.42078  -0.06031   1.60000  3
  -0.03488   0.23524  -0.34684   0.10398   1.60000  4
   0.16351  -0.86648  -0.41497   0.25066   1.60000  5
   0.26886  -0.78045   0.18359   0.12966   1.60000  6
   0.28523  -0.83538   0.21272  -1.31912   1.60000  7
   0.13850  -0.89531  -0.41542  -1.63183   1.60000  8
   0.16192  -0.54510   0.64276  -1.14536   1.60000  9
   0.25394  -0.86200  -0.23613  -1.54741   1.60000 10
  -0.09208  -0.05925  -0.35999  -0.31704   1.60000 11
  -0.30733  -0.06061  -0.62585  -0.19490   1.60000 12
  -0.09495   1.56453  -0.14442  -0.51141   1.60000 13
  -0.11873   1.65123   0.02145   0.67788   1.60000 14
   0.05123  -0.21997   1.03127   0.97539   1.60000 15
   0.08411  -0.11599   1.12348   1.41099   1.60000 16
   0.11022  -0.41770  -0.62036   1.66966   1.60000 17
   0.21953  -0.39544   0.35277   1.10248   1.60000 18
   0.22404  -0.44240  -0.48142   0.50484   1.60000 19
   0.20649  -0.41252   0.33361   1.09727   1.60000 20
  -0.11100   1.28642   0.04398  -0.71145   1.70000  1
  -0.13782   1.48309   0.21029  -0.18513   1.70000  2
  -0.28320   0.17507  -0.17134  -0.31635   1.70000  3
  -0.07261   0.22830  -0.39489  -0.24249   1.70000  4
   0.13687  -0.83016  -0.11957   0.42858   1.70000  5
   0.27265  -0.76680  -0.10301   0.14579   1.70000  6
   0.28683  -0.95171  -0.16669  -1.00890   1.70000  7
   0.11370  -1.03332  -0.09476  -1.14327   1.70000  8
   0.22769  -0.65056   0.64225  -1.01959   1.70000  9
   0.22172  -0.99403  -0.38088  -1.09853   1.70000 10
  -0.11664  -0.09829  -0.12030  -0.44359   1.70000 11
  -0.35044  -0.08002  -0.23982  -0.18583   1.70000 12
  -0.11421   1.50955  -0.22756  -0.58263   1.70000 13
  -0.11666   1.70330   0.01820   0.37253   1.70000 14
   0.15729  -0.13456   1.04570   0.71173   1.70000 15
   0.18756   0.00426   0.93029   0.98527   1.70000 16
   0.06577  -0.25149  -0.27983   1.66304   1.70000 17
   0.23630  -0.29443  -0.02283   0.95402   1.70000 18
   0.16616  -0.38686  -0.61116   0.65219   1.70000 19
   0.22588  -0.30791   0.04193   1.02461   1.70000 20
  -0.10733   1.22600   0.02959  -0.50234   1.80000  1
  -0.11515   1.46436   0.22560  -0.20256   1.80000  2
  -0.28666   0.13163   0.11002  -0.55095   1.80000  3
  -0.11158   0.18671  -0.37395  -0.59213   1.80000  4
   0.13875  -0.78329   0.15513   0.50075   1.80000  5
   0.25055  -0.75025  -0.31616   0.17179   1.80000  6
   0.25513  -1.03938  -0.45198  -0.75915   1.80000  7
   0.11759  -1.12753   0.16430  -0.75188   1.80000  8
   0.28474  -0.75620   0.46292  -1.08825   1.80000  9
   0.18178  -1.08543  -0.40321  -0.74989   1.80000 10
  -0.11401  -0.14440   0.18264  -0.45275   1.80000 11
  -0.35542  -0.09659   0.14245  -0.13931   1.80000 12
  -0.13729   1.44916  -0.21649  -0.61720   1.80000 13
  -0.11520   1.72779   0.01144   0.12612   1.80000 14
   0.25163  -0.07868   0.79947   0.41575   1.80000 15
   0.26811   0.08061   0.67171   0.54256   1.80000 16
   0.05025  -0.08752  -0.05620   1.58413   1.80000 17
   0.21643  -0.19806  -0.35721   0.99789   1.80000 18
   0.10881  -0.30675  -0.52321   0.96263   1.80000 19
   0.21471  -0.20233  -0.25686   1.10478   1.80000 20
  -0.10512   1.18520   0.01390  -0.31599   1.90000  1
  -0.09555   1.44023   0.15747  -0.28864   1.90000  2
  -0.25880   0.06509   0.46278  -0.77705   1.90000  3
  -0.14440   0.10887  -0.26019  -0.96491   1.90000  4
   0.16596  -0.73283   0.36672   0.49413   1.90000  5
   0.21351  -0.73657  -0.41235   0.09781   1.90000  6
   0.19946  -1.10668  -0.64249  -0.60308   1.90000  7
   0.14407  -1.18450   0.34346  -0.38811   1.90000  8
   0.31556  -0.86270   0.15223  -1.02541   1.90000  9
   0.14408  -1.14738  -0.33337  -0.50095   1.90000 10
  -0.07990  -0.18313   0.49522  -0.29253   1.90000 11
  -0.32096  -0.10629   0.55528  -0.04433   1.90000 12
  -0.15462   1.38745  -0.12078  -0.61372   1.90000 13
  -0.11425   1.72988   0.00821  -0.07932   1.90000 14
   0.30942  -0.04636   0.32968   0.26749   1.90000 15
   0.31974   0.11348   0.34663   0.12170   1.90000 16
   0.05041   0.05849   0.04143   1.30278   1.90000 17
   0.16897  -0.09303  -0.57745   1.09638   1.90000 18
   0.06132  -0.19288  -0.43667   1.31483   1.90000 19
   0.17694  -0.08646  -0.48971   1.19893   1.90000 20
  -0.10470   1.16265  -0.00630  -0.13441   2.00000  1
  -0.08450   1.40548   0.06234  -0.41074   2.00000  2
  -0.19082  -0.02239   0.90921  -0.95565   2.00000  3
  -0.15827  -0.00395   0.01304  -1.26441   2.00000  4
   0.20532  -0.68645   0.38248   0.42935   2.00000  5
   0.17096  -0.72820  -0.41764   0.08601   2.00000  6
   0.13238  -1.16251  -0.65849  -0.51560   2.00000  7
   0.17962  -1.20577   0.32736  -0.04884   2.00000  8
   0.31697  -0.96159  -0.11630  -0.96198   2.00000  9
   0.11839  -1.18683  -0.17122  -0.28985   2.00000 10
  -0.01850  -0.19515   0.68861   0.09292   2.00000 11
  -0.24156  -0.10271   1.05278   0.13271   2.00000 12
  -0.16042   1.32650   0.00746  -0.60676   2.00000 13
  -0.11343   1.71263   0.00874  -0.26325   2.00000 14
   0.31597  -0.01809  -0.19365   0.32194   2.00000 15
   0.33396   0.10732  -0.08058  -0.22672   2.00000 16
   0.05619   0.16540   0.07349   0.79851   2.00000 17
   0.10187   0.01786  -0.76454   1.09627   2.00000 18
   0.01947  -0.04683  -0.40274   1.57267   2.00000 19
   0.11693   0.03248  -0.71405   1.14783   2.00000 20
  -0.10658   1.15866  -0.03229   0.05687   2.10000  1
  -0.08304   1.35713  -0.03220  -0.56188   2.10000  2
  -0.07900  -0.11654   1.28231  -0.85614   2.10000  3
  -0.13561  -0.13123   0.46331  -1.19057   2.10000  4
   0.23699  -0.64626   0.23657   0.38374   2.10000  5
   0.13305  -0.71706  -0.33434   0.14387   2.10000  6
   0.07538  -1.20786  -0.45563  -0.37711   2.10000  7
   0.20392  -1.19777   0.14958   0.19297   2.10000  8
   0.29294  -1.05748  -0.36598  -0.96821   2.10000  9
   0.10961  -1.20579  -0.01176  -0.09309   2.10000 10
   0.04733  -0.16181   0.58311   0.56371   2.10000 11
  -0.10819  -0.07894   1.58988   0.31563   2.10000 12
  -0.15286   1.26569   0.14397  -0.61096   2.10000 13
  -0.11242   1.67748   0.01156  -0.43954   2.10000 14
   0.27207   0.02005  -0.68000   0.43588   2.10000 15
   0.30071   0.07270  -0.59490  -0.44067   2.10000 16
   0.06369   0.21336   0.05057   0.15215   2.10000 17
   0.01866   0.11969  -0.85771   0.90929   2.10000 18
  -0.01646   0.10991  -0.26847   1.49464   2.10000 19
   0.03569   0.13592  -0.87758   0.88943   2.10000 20
  -0.11109   1.17409  -0.05451   0.24562   2.20000  1
  -0.09055   1.29178  -0.11485  -0.75181   2.20000  2
   0.05724  -0.18425   1.40825  -0.47148   2.20000  3
  -0.06487  -0.23222   0.93108  -0.82256   2.20000  4
   0.25126  -0.60748   0.04566   0.40337   2.20000  5
   0.10441  -0.69824  -0.23832   0.23869   2.20000  6
   0.04420  -1.23567  -0.16026  -0.17170   2.20000  7
   0.20993  -1.16990  -0.02618   0.34258   2.20000  8
   0.24258  -1.15671  -0.64728  -1.00775   2.20000  9
   0.11499  -1.20620   0.11820   0.08088   2.20000 10
   0.09399  -0.08724   0.36959   0.89939   2.20000 11
   0.06606  -0.04322   1.84206   0.40396   2.20000 12
  -0.13197   1.20465   0.26788  -0.60119   2.20000 13
  -0.11109   1.62460   0.01516  -0.61976   2.20000 14
   0.18002   0.06405  -1.15995   0.39966   2.20000 15
   0.21302   0.02425  -1.16772  -0.50790   2.20000 16
   0.05910   0.19981  -0.15890  -0.37739   2.20000 17
  -0.05654   0.19739  -0.58577   0.65054   2.20000 18
  -0.02824   0.24279   0.01772   1.11627   2.20000 19
  -0.04659   0.20759  -0.70189   0.55059   2.20000 20
  -0.11580   1.20338  -0.02928   0.29989   2.30000  1
  -0.10491   1.20685  -0.16235  -0.92884   2.30000  2
   0.19371  -0.20999   1.27268  -0.07044   2.30000  3
   0.04493  -0.29665   1.23207  -0.47622   2.30000  4
   0.24580  -0.56320  -0.15495   0.49426   2.30000  5
   0.08558  -0.66795  -0.13620   0.37443   2.30000  6
   0.04438  -1.24159   0.16688   0.05067   2.30000  7
   0.19728  -1.13695  -0.23624   0.28437   2.30000  8
   0.16501  -1.25133  -0.87949  -0.83436   2.30000  9
   0.13266  -1.19178   0.21918   0.18577   2.30000 10
   0.12820   0.01446   0.29059   1.09904   2.30000 11
   0.24099   0.00335   1.51770   0.49683   2.30000 12
  -0.10200   1.14907   0.31128  -0.49054   2.30000 13
  -0.10941   1.55297   0.01838  -0.81692   2.30000 14
   0.04873   0.09335  -1.37207   0.20854   2.30000 15
   0.07493  -0.02550  -1.45546  -0.43291   2.30000 16
   0.03661   0.14574  -0.25295  -0.67769   2.30000 17
  -0.09340   0.25053  -0.15523   0.40659   2.30000 18
  -0.02050   0.32639   0.10000   0.54793   2.30000 19
  -0.09693   0.24871  -0.29455   0.27962   2.30000 20
  -0.11610   1.22580   0.02237   0.12800   2.40000  1
  -0.11974   1.11313  -0.11616  -0.91352   2.40000  2
   0.30632  -0.20690   0.97406   0.09622   2.40000  3
   0.17444  -0.33159   1.32594  -0.25339   2.40000  4
   0.22071  -0.50621  -0.33989   0.65790   2.40000  5
   0.07784  -0.62192  -0.01447   0.55292   2.40000  6
   0.07607  -1.22759   0.43994   0.21680   2.40000  7
   0.16331  -1.11544  -0.42855   0.14164   2.40000  8
   0.07407  -1.31695  -0.89714  -0.46602   2.40000  9
   0.15267  -1.17230   0.15277   0.20316   2.40000 10
   0.14195   0.12370  -0.03377   1.05715   2.40000 11
   0.36604   0.05037   1.01415   0.43235   2.40000 12
  -0.07377   1.10753   0.23662  -0.35052   2.40000 13
  -0.10743   1.46000   0.02116  -1.05092   2.40000 14
  -0.07996   0.11425  -1.15659   0.23287   2.40000 15
  -0.06127  -0.05288  -1.24417  -0.10132   2.40000 16
   0.01135   0.07245  -0.25806  -0.72794   2.40000 17
  -0.09106   0.27685   0.17740   0.11271   2.40000 18
  -0.01329   0.35369   0.02966   0.00877   2.40000 19
  -0.10627   0.26386   0.09474   0.02312   2.40000 20
  -0.11150   1.22913   0.06936  -0.05301   2.50000  1
  -0.12586   1.02748  -0.00201  -0.79245   2.50000  2
   0.38866  -0.19527   0.67574   0.12353   2.50000  3
   0.30351  -0.35194   1.21796  -0.15466   2.50000  4
   0.18167  -0.43027  -0.41093   0.85242   2.50000  5
   0.08339  -0.55619   0.12677   0.76698   2.50000  6
   0.12524  -1.19796   0.51040   0.38660   2.50000  7
   0.11624  -1.10918  -0.48230  -0.01529   2.50000  8
  -0.00823  -1.34594  -0.73714  -0.13143   2.50000  9
   0.15980  -1.15060  -0.01783   0.23038   2.50000 10
   0.12094   0.22360  -0.39186   0.94199   2.50000 11
   0.44869   0.08873   0.65559   0.33199   2.50000 12
  -0.05671   1.07615   0.10080  -0.28849   2.50000 13
  -0.10511   1.34066   0.02601  -1.34745   2.50000 14
  -0.17675   0.14167  -0.75732   0.31021   2.50000 15
  -0.17094  -0.04599  -0.93771   0.23006   2.50000 16
  -0.01664   0.00864  -0.30499  -0.52931   2.50000 17
  -0.06301   0.27316   0.36164  -0.17744   2.50000 18
  -0.01566   0.32980  -0.07376  -0.47999   2.50000 19
  -0.08185   0.25416   0.37159  -0.20464   2.50000 20
  -0.10236   1.21463   0.11136  -0.26340   2.60000  1
  -0.12018   0.95536   0.11279  -0.64741   2.60000  2
   0.44235  -0.18359   0.40299   0.10739   2.60000  3
   0.41375  -0.35977   0.98322   0.01001   2.60000  4
   0.14186  -0.33918  -0.38475   0.95897   2.60000  5
   0.10260  -0.46736   0.25011   1.01664   2.60000  6
   0.17149  -1.15006   0.38324   0.55814   2.60000  7
   0.07319  -1.11641  -0.35444  -0.11012   2.60000  8
  -0.07315  -1.34628  -0.56378   0.11399   2.60000  9
   0.14951  -1.12677  -0.17692   0.24465   2.60000 10
   0.06122   0.30949  -0.80127   0.73064   2.60000 11
   0.49942   0.11638   0.36617   0.21937   2.60000 12
  -0.05366   1.04866  -0.03864  -0.26315   2.60000 13
  -0.10178   1.18987   0.04543  -1.65199   2.60000 14
  -0.22875   0.17313  -0.27857   0.29942   2.60000 15
  -0.24684  -0.00900  -0.57065   0.49951   2.60000 16
  -0.04878  -0.03150  -0.32709  -0.26782   2.60000 17
  -0.02237   0.24442   0.42890  -0.37747   2.60000 18
  -0.02551   0.26085  -0.10526  -0.86129   2.60000 19
  -0.03615   0.22697   0.51716  -0.31608   2.60000 20
  -0.08980   1.17021   0.13721  -0.63988   2.70000  1
  -0.10415   0.89863   0.20213  -0.48473   2.70000  2
   0.47014  -0.17377   0.15630   0.09136   2.70000  3
   0.50020  -0.34874   0.74559   0.21330   2.70000  4
   0.10416  -0.23827  -0.37159   1.06979   2.70000  5
   0.13105  -0.35120   0.30273   1.31506   2.70000  6
   0.19775  -1.09029   0.13300   0.61868   2.70000  7
   0.04728  -1.12714  -0.16539  -0.08702   2.70000  8
  -0.12134  -1.32456  -0.40029   0.31569   2.70000  9
   0.12717  -1.10150  -0.25846   0.26193   2.70000 10
  -0.03007   0.35935  -0.96516   0.24908   2.70000 11
   0.52267   0.13220   0.09976   0.09459   2.70000 12
  -0.06427   1.02238  -0.16859  -0.28662   2.70000 13
  -0.09459   1.01472   0.10195  -1.82876   2.70000 14
  -0.23276   0.19795   0.19354   0.18168   2.70000 15
  -0.28287   0.05198  -0.13666   0.70960   2.70000 16
  -0.07897  -0.04392  -0.25729   0.02578   2.70000 17
   0.01550   0.20063   0.29413  -0.49792   2.70000 18
  -0.03457   0.16806  -0.07116  -0.95235   2.70000 19
   0.01333   0.19314   0.42824  -0.36928   2.70000 20
  -0.07554   1.08618   0.14325  -1.04128   2.80000  1
  -0.08131   0.85695   0.24391  -0.37896   2.80000  2
   0.47404  -0.16428  -0.07732   0.10700   2.80000  3
   0.56249  -0.31685   0.49670   0.42476   2.80000  4
   0.06686  -0.12118  -0.38219   1.30317   2.80000  5
   0.15910  -0.20273   0.23340   1.66158   2.80000  6
   0.19799  -1.02912  -0.12434   0.59472   2.80000  7
   0.03856  -1.13098  -0.01984   0.02227   2.80000  8
  -0.15301  -1.28384  -0.23091   0.49584   2.80000  9
   0.09937  -1.07447  -0.29244   0.27632   2.80000 10
  -0.12451   0.36181  -0.90549  -0.18779   2.80000 11
   0.51908   0.13474  -0.17559  -0.04710   2.80000 12
  -0.08430   0.98402  -0.21016  -0.50020   2.80000 13
  -0.08246   0.82985   0.13264  -1.84018   2.80000 14
  -0.19165   0.20712   0.61564  -0.00529   2.80000 15
  -0.27102   0.13016   0.39063   0.83451   2.80000 16
  -0.09544  -0.02450  -0.04288   0.37449   2.80000 17
   0.03300   0.14295   0.05252  -0.66517   2.80000 18
  -0.03910   0.07499  -0.01376  -0.89647   2.80000 19
   0.04370   0.14906   0.16622  -0.53221   2.80000 20
  -0.06254   0.96183   0.10871  -1.44450   2.90000  1
  -0.05776   0.81631   0.21650  -0.44555   2.90000  2
   0.45480  -0.14975  -0.30604   0.20038   2.90000  3
   0.59861  -0.26404   0.22009   0.62872   2.90000  4
   0.02434   0.02909  -0.48599   1.69944   2.90000  5
   0.17060  -0.01805  -0.05837   2.02119   2.90000  6
   0.17389  -0.97285  -0.35238   0.52437   2.90000  7
   0.04084  -1.12053   0.05228   0.19624   2.90000  8
  -0.16690  -1.22581  -0.04293   0.66356   2.90000  9
   0.06955  -1.04674  -0.29970   0.27664   2.90000 10
  -0.20617   0.32233  -0.68424  -0.59989   2.90000 11
   0.48612   0.12211  -0.49455  -0.20761   2.90000 12
  -0.10234   0.92134  -0.13187  -0.75875   2.90000 13
  -0.06876   0.64866   0.13897  -1.80526   2.90000 14
  -0.11389   0.19580   0.91466  -0.23326   2.90000 15
  -0.20245   0.21366   0.97661   0.80322   2.90000 16
  -0.08075   0.03193   0.36827   0.74014   2.90000 17
   0.02675   0.06684  -0.16485  -0.83690   2.90000 18
  -0.03353  -0.00604   0.15644  -0.65215   2.90000 19
   0.04543   0.08375  -0.13162  -0.77004   2.90000 20
  -0.05471   0.79853   0.05096  -1.80754   3.00000  1
  -0.03978   0.76679   0.13529  -0.56228   3.00000  2
   0.41301  -0.12094  -0.53288   0.39021   3.00000  3
   0.60525  -0.19188  -0.09482   0.80986   3.00000  4
  -0.02761   0.19809  -0.51865   1.59861   3.00000  5
   0.13671   0.18832  -0.63123   2.01470   3.00000  6
   0.12854  -0.92546  -0.54943   0.41712   3.00000  7
   0.04629  -1.09008   0.04262   0.41941   3.00000  8
  -0.16059  -1.15120   0.17530   0.82943   3.00000  9
   0.04016  -1.01914  -0.28539   0.27778   3.00000 10
  -0.24884   0.24700  -0.11465  -0.85497   3.00000 11
   0.41743   0.09381  -0.89225  -0.34803   3.00000 12
  -0.10740   0.82959   0.04285  -1.09589   3.00000 13
  -0.05474   0.46015   0.14841  -2.02698   3.00000 14
  -0.01168   0.15765   1.10359  -0.50344   3.00000 15
  -0.08248   0.28132   1.38155   0.49802   3.00000 16
  -0.02211   0.11742   0.74879   0.93536   3.00000 17
   0.00490  -0.00408  -0.23543  -0.47944   3.00000 18
  -0.00651  -0.03824   0.36609   0.03253   3.00000 19
   0.02002   0.01222  -0.34072  -0.54446   3.00000 20
  -0.05002   0.60390   0.06184  -2.08730   3.10000  1
  -0.03139   0.69497   0.03807  -0.93263   3.10000  2
   0.34577  -0.06867  -0.83673   0.67327   3.10000  3
   0.57768  -0.10298  -0.46919   0.96360   3.10000  4
  -0.06629   0.34489  -0.19292   1.30830   3.10000  5
   0.04658   0.37333  -1.11701   1.63105   3.10000  6
   0.06520  -0.89088  -0.70992   0.26606   3.10000  7
   0.04642  -1.03571  -0.05579   0.67015   3.10000  8
  -0.13017  -1.05945   0.44383   1.00940   3.10000  9
   0.01267  -0.99008  -0.26598   0.31255   3.10000 10
  -0.22435   0.16063   0.60945  -0.83766   3.10000 11
   0.30540   0.05557  -1.36308  -0.39445   3.10000 12
  -0.09221   0.69819   0.26632  -1.55178   3.10000 13
  -0.03190   0.23318   0.36853  -2.43568   3.10000 14
   0.09348   0.11045   0.93769  -0.40111   3.10000 15
   0.06242   0.31083   1.40938   0.10236   3.10000 16
   0.05505   0.21477   0.73315   0.99172   3.10000 17
  -0.01157  -0.02339  -0.05664   0.09586   3.10000 18
   0.03430  -0.00305   0.42312   0.63812   3.10000 19
  -0.01120  -0.01662  -0.22411  -0.02184   3.10000 20
  -0.03691   0.37650   0.22445  -2.40784   3.20000  1
  -0.02947   0.56926   0.01277  -1.62990   3.20000  2
   0.23705   0.01714  -1.39564   1.04994   3.20000  3
   0.50811   0.00010  -0.94402   1.09611   3.20000  4
  -0.06431   0.46284   0.21413   1.07081   3.20000  5
  -0.06808   0.51500  -1.09872   1.20322   3.20000  6
  -0.01117  -0.87387  -0.79773   0.07090   3.20000  7
   0.03170  -0.95637  -0.25578   0.91011   3.20000  8
  -0.06969  -0.94870   0.76718   1.20305   3.20000  9
  -0.01380  -0.95359  -0.26612   0.44074   3.20000 10
  -0.12589   0.08171   1.37533  -0.74448   3.20000 11
   0.14207   0.02396  -1.88692  -0.16864   3.20000 12
  -0.05312   0.51366   0.51185  -2.15896   3.20000 13
   0.02186  -0.00898   0.69379  -2.31457   3.20000 14
   0.16930   0.07557   0.54569  -0.31780   3.20000 15
   0.18284   0.30340   0.95692  -0.25466   3.20000 16
   0.11764   0.30497   0.50737   0.77275   3.20000 17
  -0.00158   0.01579   0.27782   0.66862   3.20000 18
   0.07572   0.08145   0.40259   0.96517   3.20000 19
  -0.01642   0.01003   0.15505   0.54543   3.20000 20
   0.00502   0.12615   0.67221  -2.61416   3.30000  1
  -0.02482   0.37310   0.15453  -2.25569   3.30000  2
   0.06558   0.13590  -1.92698   1.26071   3.30000  3
   0.38231   0.11599  -1.62146   1.21696   3.30000  4
  -0.03070   0.54457   0.41590   0.50107   3.30000  5
  -0.15749   0.60334  -0.68927   0.58124   3.30000  6
  -0.08528  -0.87170  -0.62314   0.03594   3.30000  7
  -0.00573  -0.85625  -0.47057   1.07385   3.30000  8
   0.01411  -0.82399   0.81665   1.24731   3.30000  9
  -0.03908  -0.89616  -0.22737   0.72696   3.30000 10
   0.05031   0.01954   2.02527  -0.37018   3.30000 11
  -0.04914   0.03198  -1.71988   0.36797   3.30000 12
   0.00875   0.27718   0.76487  -2.58603   3.30000 13
   0.09623  -0.19837   0.73601  -1.47568   3.30000 14
   0.19139   0.05422  -0.14194  -0.03317   3.30000 15
   0.24607   0.25845   0.27206  -0.65237   3.30000 16
   0.15057   0.35926   0.13072   0.24190   3.30000 17
   0.04451   0.09933   0.59882   0.97687   3.30000 18
   0.10962   0.17300   0.21003   0.83079   3.30000 19
   0.02363   0.08431   0.62354   0.92570   3.30000 20
   0.09098  -0.10693   0.97156  -1.94651   3.40000  1
   0.01738   0.11731   0.73129  -2.70740   3.40000  2
  -0.10178   0.25084  -1.29230   0.98126   3.40000  3
   0.17365   0.23592  -2.51625   1.06869   3.40000  4
   0.01467   0.56369   0.48341  -0.11255   3.40000  5
  -0.20931   0.63879  -0.35946   0.14936   3.40000  6
  -0.13179  -0.85611  -0.31550   0.30729   3.40000  7
  -0.05461  -0.74543  -0.47413   1.13070   3.40000  8
   0.08301  -0.70042   0.55312   1.24893   3.40000  9
  -0.05916  -0.80844  -0.17918   1.01818   3.40000 10
   0.23947   0.02160   1.61751   0.35848   3.40000 11
  -0.17580   0.09100  -0.82418   0.74314   3.40000 12
   0.10106   0.00699   1.03025  -2.55420   3.40000 13
   0.16487  -0.31524   0.62432  -0.90590   3.40000 14
   0.14393   0.07612  -0.72416   0.46293   3.40000 15
   0.23162   0.17401  -0.59298  -0.98599   3.40000 16
   0.14607   0.34194  -0.19492  -0.61603   3.40000 17
   0.10805   0.20069   0.65823   0.95113   3.40000 18
   0.11497   0.23656  -0.03549   0.38182   3.40000 19
   0.09860   0.18696   0.83886   1.02664   3.40000 20
   0.18814  -0.27278   0.93531  -1.44623   3.50000  1
   0.11200  -0.13492   1.07821  -2.35550   3.50000  2
  -0.19667   0.33385  -0.63362   0.69460   3.50000  3
  -0.07535   0.31729  -2.30503   0.60437   3.50000  4
   0.06361   0.52039   0.47452  -0.76530   3.50000  5
  -0.23093   0.63457  -0.07832  -0.23846   3.50000  6
  -0.15074  -0.80662  -0.07308   0.69242   3.50000  7
  -0.09557  -0.63003  -0.32154   1.18614   3.50000  8
   0.12646  -0.56760   0.33376   1.44793   3.50000  9
  -0.07487  -0.69331  -0.12767   1.28713   3.50000 10
   0.36138   0.07261   0.84031   0.58707   3.50000 11
  -0.22166   0.17295  -0.12523   0.89438   3.50000 12
   0.20027  -0.22222   0.90590  -2.11683   3.50000 13
   0.21771  -0.38469   0.41279  -0.49278   3.50000 14
   0.06980   0.13954  -0.67493   0.78047   3.50000 15
   0.13824   0.07873  -1.13396  -0.84083   3.50000 16
   0.11355   0.24137  -0.41634  -1.26367   3.50000 17
   0.16516   0.27974   0.39668   0.60061   3.50000 18
   0.10977   0.25363  -0.07149   0.00739   3.50000 19
   0.17557   0.27735   0.58373   0.73709   3.50000 20
   0.27001  -0.40794   0.64854  -1.27690   3.60000  1
   0.22399  -0.37022   1.12086  -2.41006   3.60000  2
  -0.23363   0.38967  -0.14874   0.41656   3.60000  3
  -0.28629   0.36496  -1.88215   0.37584   3.60000  4
   0.10658   0.41006   0.38411  -1.43963   3.60000  5
  -0.22625   0.58842   0.16212  -0.70393   3.60000  6
  -0.14725  -0.71632   0.14508   1.11788   3.60000  7
  -0.11374  -0.50650  -0.01631   1.28657   3.60000  8
   0.15736  -0.40263   0.35705   1.83595   3.60000  9
  -0.08144  -0.55010   0.02142   1.57597   3.60000 10
   0.41438   0.13282   0.24385   0.60992   3.60000 11
  -0.20542   0.27111   0.41259   1.06149   3.60000 12
   0.27546  -0.42820   0.55482  -1.98218   3.60000 13
   0.24424  -0.41463   0.11872  -0.12840   3.60000 14
   0.01437   0.22594  -0.43265   0.89507   3.60000 15
   0.02412   0.01300  -1.09755  -0.47102   3.60000 16
   0.06958   0.11657  -0.46005  -1.15433   3.60000 17
   0.18269   0.31950  -0.04094   0.21838   3.60000 18
   0.09943   0.24353  -0.14934  -0.17301   3.60000 19
   0.20767   0.33081   0.05858   0.34581   3.60000 20
   0.31442  -0.52558   0.26991  -1.08920   3.70000  1
   0.32563  -0.60133   0.89107  -2.13160   3.70000  2
  -0.23115   0.41800   0.21275   0.15919   3.70000  3
  -0.44520   0.39720  -1.30799   0.27596   3.70000  4
   0.13809   0.24162   0.20519  -1.80338   3.70000  5
  -0.20030   0.49033   0.36129  -1.26614   3.70000  6
  -0.12012  -0.58290   0.40711   1.54664   3.70000  7
  -0.09646  -0.37331   0.35560   1.38230   3.70000  8
   0.19761  -0.22303   0.36289   1.75097   3.70000  9
  -0.06676  -0.38148   0.27060   1.77630   3.70000 10
   0.41198   0.19391  -0.29575   0.60525   3.70000 11
  -0.14663   0.37792   0.73801   1.02551   3.70000 12
   0.31163  -0.60395   0.21669  -1.52031   3.70000 13
   0.24720  -0.42332  -0.03966  -0.08324   3.70000 14
  -0.01726   0.31156  -0.20692   0.78343   3.70000 15
  -0.07401  -0.01867  -0.83327  -0.18929   3.70000 16
   0.02279   0.01414  -0.46766  -0.90805   3.70000 17
   0.15775   0.32515  -0.44665  -0.12506   3.70000 18
   0.07937   0.22767  -0.23637  -0.12121   3.70000 19
   0.18728   0.34595  -0.45687  -0.06808   3.70000 20
   0.33012  -0.62898   0.06765  -0.98634   3.80000  1
   0.40133  -0.79378   0.62883  -1.72820   3.80000  2
  -0.18627   0.41968   0.70266  -0.15893   3.80000  3
  -0.55319   0.41957  -0.87790   0.16837   3.80000  4
   0.14236   0.06730  -0.11995  -1.67891   3.80000  5
  -0.14756   0.34234   0.73703  -1.60835   3.80000  6
  -0.06530  -0.40723   0.68343   1.97723   3.80000  7
  -0.04564  -0.22492   0.64030   1.62998   3.80000  8
   0.21819  -0.04347   0.00237   1.87742   3.80000  9
  -0.02994  -0.19405   0.45050   2.00165   3.80000 10
   0.35324   0.25055  -0.88955   0.50244   3.80000 11
  -0.06434   0.46205   0.88156   0.56437   3.80000 12
   0.32743  -0.73648   0.12848  -1.15527   3.80000 13
   0.23548  -0.42898  -0.20284  -0.00417   3.80000 14
  -0.03202   0.37705  -0.11052   0.49579   3.80000 15
  -0.13669  -0.03060  -0.38940  -0.07349   3.80000 16
  -0.02125  -0.06842  -0.39715  -0.75872   3.80000 17
   0.09602   0.29428  -0.77934  -0.46973   3.80000 18
   0.05496   0.21783  -0.25337  -0.08267   3.80000 19
   0.11892   0.31612  -0.90280  -0.51249   3.80000 20
   0.33174  -0.72422  -0.02020  -0.92699   3.90000  1
   0.45338  -0.95007   0.42250  -1.41281   3.90000  2
  -0.08852   0.38034   1.25376  -0.65820   3.90000  3
  -0.62469   0.43078  -0.56511   0.05708   3.90000  4
   0.11137  -0.09279  -0.55167  -1.45932   3.90000  5
  -0.04710   0.17735   1.28076  -1.68124   3.90000  6
   0.01336  -0.18102   0.85462   2.59653   3.90000  7
   0.02510  -0.03978   0.72946   2.05825   3.90000  8
   0.18827   0.15142  -0.64087   1.98437   3.90000  9
   0.01949   0.02097   0.51879   2.25986   3.90000 10
   0.23115   0.28868  -1.57654   0.22445   3.90000 11
   0.02452   0.47991   0.85759  -0.23082   3.90000 12
   0.34032  -0.83884   0.13414  -0.90615   3.90000 13
   0.20620  -0.41855  -0.37825   0.23996   3.90000 14
  -0.03831   0.40041   0.01017  -0.07952   3.90000 15
  -0.14386  -0.03323   0.28488   0.06028   3.90000 16
  -0.05035  -0.13286  -0.13356  -0.42837   3.90000 17
   0.00627   0.23462  -0.96025  -0.72504   3.90000 18
   0.02625   0.20984  -0.33635  -0.10686   3.90000 19
   0.01127   0.24690  -1.18386  -0.86544   3.90000 20
   0.32835  -0.81620  -0.03900  -0.92072   4.00000  1
   0.48752  -1.07883   0.26686  -1.17193   4.00000  2
   0.05553   0.27978   1.51472  -1.35405   4.00000  3
  -0.66781   0.43134  -0.30183  -0.04403   4.00000  4
   0.03775  -0.20805  -0.83839  -0.82035   4.00000  5
   0.08986   0.01938   1.27965  -1.34443   4.00000  6
   0.09130   0.11141   0.59364   3.21984   4.00000  7
   0.08522   0.18481   0.37509   2.39743   4.00000  8
   0.08318   0.33920  -1.41893   1.62640   4.00000  9
   0.06297   0.25538   0.29020   2.32817   4.00000 10
   0.03617   0.28639  -2.21941  -0.30261   4.00000 11
   0.10046   0.41102   0.61722  -1.18802   4.00000 12
   0.35420  -0.91987   0.14026  -0.72263   4.00000 13
   0.16056  -0.37669  -0.53853   0.61530   4.00000 14
  -0.02184   0.35170   0.37671  -0.93537   4.00000 15
  -0.07766  -0.00709   1.00423   0.51637   4.00000 16
  -0.04473  -0.14082   0.22643   0.27221   4.00000 17
  -0.07102   0.15109  -0.45411  -0.86117   4.00000 18
  -0.00651   0.18855  -0.23795  -0.28026   4.00000 19
  -0.08763   0.14738  -0.63684  -1.03014   4.00000 20
   0.32554  -0.90953  -0.00930  -0.94929   4.10000  1
   0.50781  -1.18586   0.14304  -0.97367   4.10000  2
   0.17761   0.14116   0.85731  -1.31636   4.10000  3
  -0.68552   0.42239  -0.05303  -0.13279   4.10000  4
  -0.04297  -0.25877  -0.72101  -0.20438   4.10000  5
   0.19043  -0.08852   0.72285  -0.85382   4.10000  6
   0.11866   0.43691  -0.00251   3.06254   4.10000  7
   0.09571   0.41459  -0.09622   2.05464   4.10000  8
  -0.05792   0.45247  -1.25249   0.68562   4.10000  9
   0.07785   0.45473   0.04974   1.58281   4.10000 10
  -0.15939   0.23477  -1.58347  -0.68260   4.10000 11
   0.13213   0.25192  -0.00269  -1.80446   4.10000 12
   0.36747  -0.98478   0.12001  -0.58249   4.10000 13
   0.09684  -0.29121  -0.73829   1.11929   4.10000 14
   0.03601   0.22583   0.66966  -1.43075   4.10000 15
   0.03669   0.07334   1.15420   1.04685   4.10000 16
  -0.00997  -0.08268   0.44006   0.87759   4.10000 17
  -0.08280   0.07800   0.17529  -0.58981   4.10000 18
  -0.01673   0.16725   0.00389  -0.17383   4.10000 19
  -0.11158   0.05786   0.12295  -0.73508   4.10000 20
   0.32798  -1.00610   0.06470  -0.97853   4.20000  1
   0.51677  -1.27429   0.03841  -0.79736   4.20000  2
   0.22371   0.01463   0.05655  -1.20920   4.20000  3
  -0.67843   0.40510   0.19520  -0.21229   4.20000  4
  -0.10037  -0.24937  -0.41310   0.40164   4.20000  5
   0.23473  -0.15167   0.16455  -0.38600   4.20000  6
   0.10309   0.71183  -0.26329   2.45429   4.20000  7
   0.07612   0.59785  -0.26620   1.65578   4.20000  8
  -0.16208   0.49589  -0.85347   0.24240   4.20000  9
   0.07723   0.58567  -0.05835   1.11868   4.20000 10
  -0.28170   0.15597  -0.89097  -0.86489   4.20000 11
   0.10493   0.05869  -0.51026  -2.02220   4.20000 12
   0.37720  -1.03796   0.07021  -0.49097   4.20000 13
   0.01647  -0.14827  -0.82945   1.76136   4.20000 14
   0.09588   0.07030   0.48499  -1.65446   4.20000 15
   0.13801   0.18077   0.81640   0.92201   4.20000 16
   0.03759   0.03197   0.49476   1.35690   4.20000 17
  -0.04021   0.03001   0.67450  -0.39620   4.20000 18
  -0.00339   0.13866   0.27648  -0.47220   4.20000 19
  -0.06766   0.00018   0.74835  -0.42876   4.20000 20
   0.33932  -1.10381   0.16290  -0.96592   4.30000  1
   0.51578  -1.34560  -0.05747  -0.62918   4.30000  2
   0.18962  -0.09760  -0.71423  -1.01047   4.30000  3
  -0.64632   0.37998   0.44851  -0.29006   4.30000  4
  -0.12185  -0.17701   0.01885   1.03385   4.30000  5
   0.22266  -0.16166  -0.42383   0.18799   4.30000  6
   0.07168   0.93348  -0.34979   2.00729   4.30000  7
   0.04659   0.74978  -0.31103   1.39113   4.30000  8
  -0.23294   0.50699  -0.57983  -0.00672   4.30000  9
   0.06617   0.68787  -0.16185   0.94977   4.30000 10
  -0.34226   0.06594  -0.33529  -0.91975   4.30000 11
   0.04026  -0.13110  -0.68707  -1.64651   4.30000 12
   0.38105  -1.08549   0.00747  -0.47409   4.30000 13
  -0.05201   0.05528  -0.43384   2.11504   4.30000 14
   0.12299  -0.09217   0.05478  -1.51072   4.30000 15
   0.19580   0.24473   0.34557   0.37611   4.30000 16
   0.08357   0.15370   0.38542   0.95888   4.30000 17
   0.04670  -0.00721   0.97483  -0.36937   4.30000 18
   0.03578   0.06468   0.46860  -0.98642   4.30000 19
   0.03326  -0.03093   1.18732  -0.21086   4.30000 20
   0.36005  -1.19743   0.24653  -0.90010   4.40000  1
   0.50525  -1.39998  -0.15401  -0.45637   4.40000  2
   0.09314  -0.17903  -1.10635  -0.57221   4.40000  3
  -0.58817   0.34720   0.71890  -0.36392   4.40000  4
  -0.09010  -0.05434   0.61523   1.32560   4.40000  5
   0.14662  -0.11992  -1.06638   0.59661   4.40000  6
   0.03488   1.11779  -0.38134   1.69588   4.40000  7
   0.01552   0.87726  -0.30628   1.16329   4.40000  8
  -0.28020   0.49567  -0.37074  -0.21952   4.40000  9
   0.04528   0.77848  -0.25323   0.87029   4.40000 10
  -0.35090  -0.02472   0.15321  -0.87957   4.40000 11
  -0.01517  -0.26146  -0.38499  -0.96213   4.40000 12
   0.37950  -1.13555  -0.03162  -0.53871   4.40000 13
  -0.07305   0.24925  -0.04338   1.76446   4.40000 14
   0.11479  -0.21770  -0.19564  -0.94300   4.40000 15
   0.20842   0.25955  -0.08722  -0.06477   4.40000 16
   0.11433   0.22364   0.23783   0.47528   4.40000 17
   0.13942  -0.04862   0.81658  -0.48714   4.40000 18
   0.08596  -0.04877   0.54036  -1.25383   4.40000 19
   0.15030  -0.05146   1.05254  -0.25014   4.40000 20
   0.38745  -1.28341   0.29558  -0.82126   4.50000  1
   0.48473  -1.43623  -0.25777  -0.26392   4.50000  2
  -0.01088  -0.21297  -0.91205  -0.15126   4.50000  3
  -0.50130   0.30785   1.02579  -0.41800   4.50000  4
  -0.00530   0.07205   1.02586   1.15942   4.50000  5
   0.03285  -0.05616  -1.10244   0.61091   4.50000  6
  -0.00393   1.27528  -0.39271   1.46415   4.50000  7
  -0.01428   0.98324  -0.28908   0.95935   4.50000  8
  -0.30705   0.46283  -0.16229  -0.43691   4.50000  9
   0.01613   0.86290  -0.32661   0.82114   4.50000 10
  -0.31297  -0.10815   0.60346  -0.78596   4.50000 11
  -0.03557  -0.32606  -0.03668  -0.34148   4.50000 12
   0.37628  -1.19492  -0.02472  -0.65444   4.50000 13
  -0.06839   0.41082   0.10598   1.47199   4.50000 14
   0.08489  -0.27808  -0.38853  -0.28550   4.50000 15
   0.17979   0.23488  -0.47560  -0.41261   4.50000 16
   0.13167   0.25337   0.10328   0.12463   4.50000 17
   0.19786  -0.10207   0.33229  -0.54549   4.50000 18
   0.13677  -0.17357   0.41327  -1.15839   4.50000 19
   0.22713  -0.08175   0.46296  -0.33635   4.50000 20
   0.41793  -1.36255   0.30616  -0.76649   4.60000  1
   0.45355  -1.45156  -0.36417  -0.03658   4.60000  2
  -0.08522  -0.21689  -0.57651   0.05434   4.60000  3
  -0.38159   0.26470   1.37358  -0.44104   4.60000  4
   0.10362   0.17761   1.10070   0.96843   4.60000  5
  -0.06641   0.00020  -0.87231   0.51209   4.60000  6
  -0.04335   1.41227  -0.39449   1.28246   4.60000  7
  -0.04227   1.06952  -0.27098   0.76736   4.60000  8
  -0.31207   0.40860   0.06401  -0.64991   4.60000  9
  -0.01932   0.94317  -0.37825   0.78653   4.60000 10
  -0.22868  -0.18163   1.09797  -0.67891   4.60000 11
  -0.02610  -0.33135   0.20760   0.22979   4.60000 12
   0.37610  -1.26732   0.02822  -0.79749   4.60000 13
  -0.05635   0.54378   0.12316   1.19027   4.60000 14
   0.04140  -0.28102  -0.46226   0.19162   4.60000 15
   0.11609   0.17963  -0.77253  -0.67671   4.60000 16
   0.13207   0.24688  -0.11182  -0.26706   4.60000 17
   0.20849  -0.15415  -0.10455  -0.49034   4.60000 18
   0.16297  -0.27285   0.09836  -0.80693   4.60000 19
   0.24501  -0.11718  -0.09189  -0.37139   4.60000 20
   0.44587  -1.43647   0.23105  -0.69888   4.70000  1
   0.41361  -1.44353  -0.41664   0.18357   4.70000  2
  -0.12505  -0.20389  -0.18281   0.19615   4.70000  3
  -0.22666   0.21855   1.71754  -0.50698   4.70000  4
   0.20007   0.26107   0.78069   0.67442   4.70000  5
  -0.13998   0.04544  -0.58520   0.39927   4.70000  6
  -0.08266   1.53293  -0.39110   1.13568   4.70000  7
  -0.06858   1.13684  -0.25592   0.57939   4.70000  8
  -0.29245   0.33111   0.34814  -0.91008   4.70000  9
  -0.05860   1.02073  -0.40230   0.76769   4.70000 10
  -0.09157  -0.24140   1.62601  -0.49000   4.70000 11
   0.00185  -0.28140   0.32718   0.75637   4.70000 12
   0.38321  -1.35516   0.11840  -0.96097   4.70000 13
  -0.04455   0.65070   0.11293   0.96136   4.70000 14
  -0.00526  -0.24533  -0.45899   0.50419   4.70000 15
   0.03435   0.10498  -0.84717  -0.81583   4.70000 16
   0.10968   0.20133  -0.32521  -0.61922   4.70000 17
   0.17767  -0.19946  -0.52075  -0.41125   4.70000 18
   0.15500  -0.33080  -0.26177  -0.32942   4.70000 19
   0.20992  -0.15638  -0.61407  -0.41546   4.70000 20
   0.46043  -1.49876   0.05284  -0.53789   4.80000  1
   0.37459  -1.42130  -0.34414   0.21497   4.80000  2
  -0.11325  -0.17671   0.43515   0.36996   4.80000  3
  -0.04218   0.15338   1.92461  -0.85033   4.80000  4
   0.25907   0.31245   0.41005   0.36186   4.80000  5
  -0.17835   0.08163  -0.14659   0.30910   4.80000  6
  -0.12148   1.64028  -0.38507   1.01510   4.80000  7
  -0.09369   1.18549  -0.24813   0.39462   4.80000  8
  -0.23813   0.22464   0.75463  -1.23662   4.80000  9
  -0.09872   1.09736  -0.39475   0.76768   4.80000 10
   0.08493  -0.27029   1.79919  -0.04059   4.80000 11
   0.03649  -0.18771   0.36401   1.04937   4.80000 12
   0.39929  -1.45706   0.19180  -1.04199   4.80000 13
  -0.03361   0.73887   0.10631   0.81580   4.80000 14
  -0.04155  -0.18394  -0.20374   0.71390   4.80000 15
  -0.05300   0.01455  -0.86835  -0.99235   4.80000 16
   0.06440   0.12381  -0.60600  -0.94524   4.80000 17
   0.10106  -0.23391  -1.00981  -0.24817   4.80000 18
   0.11022  -0.33282  -0.62622   0.32679   4.80000 19
   0.11936  -0.20012  -1.20580  -0.44596   4.80000 20
   0.45675  -1.54490  -0.11909  -0.39814   4.90000  1
   0.34653  -1.40685  -0.21926   0.06689   4.90000  2
  -0.03990  -0.12689   0.96323   0.61027   4.90000  3
   0.14117   0.04294   1.63032  -1.35464   4.90000  4
   0.28423   0.33405   0.10449   0.06759   4.90000  5
  -0.16670   0.09873   0.38227  -0.03096   4.90000  6
  -0.15964   1.73662  -0.37800   0.91459   4.90000  7
  -0.11866   1.21640  -0.25387   0.23019   4.90000  8
  -0.13940   0.07818   1.22117  -1.71767   4.90000  9
  -0.13646   1.17439  -0.35464   0.76975   4.90000 10
   0.23704  -0.25091   1.18013   0.39446   4.90000 11
   0.06209  -0.08366   0.05594   1.00597   4.90000 12
   0.41967  -1.55679   0.21127  -0.93420   4.90000 13
  -0.02343   0.81627   0.09555   0.74227   4.90000 14
  -0.04359  -0.10376   0.13310   0.85779   4.90000 15
  -0.12286  -0.09286  -0.42600  -1.12249   4.90000 16
  -0.01010   0.00807  -0.83140  -1.40133   4.90000 17
  -0.00971  -0.23668  -1.13305   0.26349   4.90000 18
   0.03595  -0.26090  -0.85203   1.10767   4.90000 19
  -0.01710  -0.23160  -1.41013  -0.07152   4.90000 20
   0.43896  -1.58145  -0.22246  -0.34567   5.00000  1
   0.32977  -1.40750  -0.12064  -0.07591   5.00000  2
   0.04998  -0.06279   0.69992   0.61660   5.00000  3
   0.27008  -0.10728   0.94562  -1.56938   5.00000  4
   0.28194   0.32532  -0.14499  -0.24546   5.00000  5
  -0.10193   0.06205   0.89808  -0.73902   5.00000  6
  -0.19708   1.82370  -0.37069   0.82917   5.00000  7
  -0.14490   1.23384  -0.27144   0.13448   5.00000  8
   0.00174  -0.12018   1.46966  -2.13064   5.00000  9
  -0.16875   1.24953  -0.28838   0.71909   5.00000 10
   0.32378  -0.19450   0.56730   0.72519   5.00000 11
   0.04078   0.00273  -0.46075   0.62620   5.00000 12
   0.44031  -1.64164   0.19264  -0.75542   5.00000 13
  -0.01495   0.88895   0.07130   0.71748   5.00000 14
  -0.02371  -0.02646   0.23111   0.58069   5.00000 15
  -0.12591  -0.19463   0.33880  -0.82516   5.00000 16
  -0.08790  -0.14950  -0.64012  -1.60215   5.00000 17
  -0.11364  -0.17372  -0.87596   0.96504   5.00000 18
  -0.05992  -0.11559  -1.00295   1.69817   5.00000 19
  -0.14280  -0.20103  -1.01604   0.67667   5.00000 20
   0.41482  -1.61545  -0.25044  -0.33629   5.10000  1
   0.32166  -1.42140  -0.04456  -0.20006   5.10000  2
   0.09296  -0.00959   0.16264   0.44649   5.10000  3
   0.33795  -0.25705   0.43863  -1.37167   5.10000  4
   0.25524   0.28393  -0.39289  -0.59016   5.10000  5
   0.00266  -0.04389   1.08050  -1.22780   5.10000  6
  -0.23378   1.90281  -0.36330   0.75476   5.10000  7
  -0.17253   1.24629  -0.27679   0.12532   5.10000  8
   0.12970  -0.30940   1.12043  -1.62671   5.10000  9
  -0.19410   1.31543  -0.22048   0.58835   5.10000 10
   0.35127  -0.11383  -0.00238   0.82329   5.10000 11
  -0.01886   0.03588  -0.66764   0.05217   5.10000 12
   0.45649  -1.70725   0.12431  -0.55725   5.10000 13
  -0.00983   0.96075   0.02741   0.72265   5.10000 14
  -0.00284   0.00937   0.16547   0.16928   5.10000 15
  -0.07580  -0.24431   0.58996  -0.19171   5.10000 16
  -0.13704  -0.28296  -0.33404  -1.02378   5.10000 17
  -0.17255  -0.06797  -0.29364   1.07967   5.10000 18
  -0.14174   0.04317  -0.57446   1.38625   5.10000 19
  -0.20783  -0.11467  -0.28872   0.97722   5.10000 20
   0.39036  -1.64851  -0.23333  -0.32226   5.20000  1
   0.32037  -1.44727   0.01684  -0.31689   5.20000  2
   0.08674   0.02398  -0.25563   0.22195   5.20000  3
   0.36067  -0.38083   0.02688  -1.11946   5.20000  4
   0.20200   0.20505  -0.68202  -1.00166   5.20000  5
   0.10022  -0.15840   0.85461  -1.02822   5.20000  6
  -0.26973   1.97493  -0.35567   0.68874   5.20000  7
  -0.19924   1.26014  -0.25224   0.15447   5.20000  8
   0.23259  -0.44873   0.95745  -1.17860   5.20000  9
  -0.21332   1.36598  -0.16611   0.41972   5.20000 10
   0.32556  -0.03413  -0.51303   0.76906   5.20000 11
  -0.08220   0.02136  -0.57563  -0.27929   5.20000 12
   0.46426  -1.75347   0.02806  -0.36956   5.20000 13
  -0.01029   1.03413  -0.04104   0.74762   5.20000 14
   0.00864   0.01224   0.06233  -0.07977   5.20000 15
  -0.01236  -0.23962   0.67929   0.26872   5.20000 16
  -0.15320  -0.35803   0.00575  -0.50610   5.20000 17
  -0.17446   0.03677   0.23983   0.99583   5.20000 18
  -0.17648   0.15459  -0.14372   0.83505   5.20000 19
  -0.20425  -0.01032   0.34741   1.10065   5.20000 20
   0.36902  -1.67931  -0.18959  -0.29069   5.30000  1
   0.32470  -1.48489   0.06858  -0.43708   5.30000  2
   0.04673   0.03699  -0.52189   0.05224   5.30000  3
   0.34586  -0.48342  -0.30223  -0.94039   5.30000  4
   0.11594   0.08142  -1.05570  -1.46036   5.30000  5
   0.17228  -0.24751   0.58236  -0.74581   5.30000  6
  -0.30490   2.04080  -0.34762   0.62974   5.30000  7
  -0.22199   1.27744  -0.19809   0.19239   5.30000  8
   0.32317  -0.54786   0.85083  -0.81349   5.30000  9
  -0.22761   1.39905  -0.12018   0.24050   5.30000 10
   0.24698   0.03870  -1.07442   0.67206   5.30000 11
  -0.12774  -0.00564  -0.27842  -0.19594   5.30000 12
   0.46164  -1.78152  -0.08240  -0.19249   5.30000 13
  -0.01892   1.11074  -0.13617   0.78660   5.30000 14
   0.01047   0.00088  -0.01222  -0.10789   5.30000 15
   0.05978  -0.19285   0.74839   0.65649   5.30000 16
  -0.13745  -0.38820   0.30233  -0.10898   5.30000 17
  -0.12874   0.12520   0.64780   0.74003   5.30000 18
  -0.17256   0.20958   0.22687   0.26313   5.30000 19
  -0.14083   0.10027   0.89176   1.05992   5.30000 20
   0.35314  -1.70602  -0.12460  -0.24049   5.40000  1
   0.33387  -1.53521   0.11372  -0.57314   5.40000  2
  -0.01200   0.03594  -0.61434  -0.06194   5.40000  3
   0.30690  -0.56897  -0.44202  -0.76236   5.40000  4
  -0.00622  -0.07043  -1.29574  -1.43525   5.40000  5
   0.21691  -0.30733   0.31363  -0.46102   5.40000  6
  -0.33924   2.10108  -0.33907   0.57694   5.40000  7
  -0.23796   1.29881  -0.11682   0.23634   5.40000  8
   0.39915  -0.61386   0.64788  -0.52476   5.40000  9
  -0.23728   1.41381  -0.07197   0.05315   5.40000 10
   0.10766   0.09384  -1.71031   0.40071   5.40000 11
  -0.12749  -0.01321   0.31368   0.03630   5.40000 12
   0.44739  -1.79199  -0.20474  -0.01584   5.40000 13
  -0.03851   1.19181  -0.26113   0.83634   5.40000 14
   0.00896  -0.00393  -0.02671   0.01303   5.40000 15
   0.12853  -0.10892   0.54793   1.01135   5.40000 16
  -0.09383  -0.38066   0.56515   0.26298   5.40000 17
  -0.05029   0.17843   0.88611   0.29292   5.40000 18
  -0.12791   0.20764   0.68442  -0.29397   5.40000 19
  -0.03592   0.18903   1.13494   0.64870   5.40000 20
   0.34478  -1.72677  -0.03932  -0.17109   5.50000  1
   0.34724  -1.60056   0.15251  -0.74031   5.50000  2
  -0.06586   0.03028  -0.41229  -0.02525   5.50000  3
   0.26147  -0.63422  -0.45822  -0.53779   5.50000  4
  -0.12482  -0.19027  -1.02777  -0.97182   5.50000  5
   0.23542  -0.34274   0.05755  -0.25890   5.50000  6
  -0.37269   2.15637  -0.33003   0.52966   5.50000  7
  -0.24447   1.32505  -0.00904   0.29007   5.50000  8
   0.45123  -0.65632   0.39659  -0.33711   5.50000  9
  -0.24144   1.40941  -0.00666  -0.14119   5.50000 10
  -0.08124   0.11931  -1.87147   0.10542   5.50000 11
  -0.06599  -0.00031   0.86219   0.23362   5.50000 12
   0.42028  -1.78431  -0.33909   0.17217   5.50000 13
  -0.07250   1.27828  -0.42706   0.89351   5.50000 14
   0.00042   0.00569  -0.15732   0.19983   5.50000 15
   0.15655   0.00218  -0.01540   1.18141   5.50000 16
  -0.02647  -0.33368   0.75905   0.68622   5.50000 17
   0.03861   0.17958   0.82021  -0.27084   5.50000 18
  -0.03545   0.15148   1.11647  -0.82917   5.50000 19
   0.07079   0.22143   0.92910  -0.00844   5.50000 20
   0.34565  -1.73965   0.05560  -0.08544   5.60000  1
   0.36380  -1.68427   0.17190  -0.93096   5.60000  2
  -0.08492   0.03173   0.06267   0.04189   5.60000  3
   0.21624  -0.67616  -0.44263  -0.30147   5.60000  4
  -0.20748  -0.26924  -0.63099  -0.62043   5.60000  5
   0.22869  -0.35945  -0.18843  -0.06655   5.60000  6
  -0.40523   2.20717  -0.32056   0.48699   5.60000  7
  -0.23903   1.35691   0.11964   0.34522   5.60000  8
   0.47962  -0.68283   0.17731  -0.19738   5.60000  9
  -0.23732   1.38661   0.09646  -0.29869   5.60000 10
  -0.23718   0.11244  -1.24058  -0.21442   5.60000 11
   0.02970   0.03429   1.00452   0.43774   5.60000 12
   0.37979  -1.75725  -0.46252   0.36427   5.60000 13
  -0.12593   1.36983  -0.65061   0.92560   5.60000 14
  -0.01620   0.03597  -0.09767   0.37592   5.60000 15
   0.12317   0.12248  -0.62728   1.16034   5.60000 16
   0.05209  -0.24452   0.79213   1.08588   5.60000 17
   0.10737   0.12703   0.54952  -0.75968   5.60000 18
   0.07785   0.05040   1.08193  -1.09623   5.60000 19
   0.14515   0.18836   0.54959  -0.65259   5.60000 20
   0.35438  -1.74485   0.10401  -0.03067   5.70000  1
   0.37848  -1.78033   0.10306  -0.92928   5.70000  2
  -0.05167   0.03695   0.60040   0.06038   5.70000  3
   0.17356  -0.69480  -0.40869  -0.07285   5.70000  4
  -0.25399  -0.31691  -0.31265  -0.34547   5.70000  5
   0.19968  -0.35298  -0.37632   0.21299   5.70000  6
  -0.43679   2.25387  -0.31071   0.44751   5.70000  7
  -0.22154   1.39317   0.21358   0.37465   5.70000  8
   0.48773  -0.69623  -0.01101  -0.07125   5.70000  9
  -0.22236   1.35665   0.18623  -0.25625   5.70000 10
  -0.33443   0.08251  -0.73070  -0.36349   5.70000 11
   0.12889   0.07891   0.93830   0.38569   5.70000 12
   0.33247  -1.71701  -0.45047   0.39121   5.70000 13
  -0.20144   1.45772  -0.82689   0.79468   5.70000 14
  -0.00797   0.07183   0.27928   0.30335   5.70000 15
   0.05175   0.21049  -0.71735   0.54060   5.70000 16
   0.12915  -0.11533   0.73554   1.51957   5.70000 17
   0.14464   0.03861   0.19947  -0.95556   5.70000 18
   0.16969  -0.04840   0.73670  -0.85138   5.70000 19
   0.17566   0.09599   0.04825  -1.15441   5.70000 20
   0.36332  -1.74796   0.06343  -0.03642   5.80000  1
   0.38378  -1.86241   0.00949  -0.70303   5.80000  2
   0.03429   0.04277   1.10411   0.04044   5.80000  3
   0.13477  -0.69089  -0.36653   0.15157   5.80000  4
  -0.27165  -0.34030  -0.04408  -0.12917   5.80000  5
   0.15663  -0.31363  -0.46907   0.59214   5.80000  6
  -0.46737   2.29673  -0.30077   0.40984   5.80000  7
  -0.20106   1.43055   0.17654   0.36371   5.80000  8
   0.47805  -0.69702  -0.18059   0.05685   5.80000  9
  -0.20381   1.34022   0.17425  -0.06822   5.80000 10
  -0.38747   0.04226  -0.34537  -0.43509   5.80000 11
   0.20703   0.09592   0.58298  -0.08057   5.80000 12
   0.29349  -1.68465  -0.32419   0.25121   5.80000 13
  -0.28284   1.52547  -0.77144   0.56669   5.80000 14
   0.03968   0.09030   0.66295   0.04034   5.80000 15
  -0.01256   0.23128  -0.53882  -0.10281   5.80000 16
   0.19372   0.05282   0.49631   1.69458   5.80000 17
   0.15430  -0.05463   0.03325  -0.84429   5.80000 18
   0.22319  -0.11489   0.32759  -0.45759   5.80000 19
   0.16037  -0.03207  -0.29004  -1.31015   5.80000 20
   0.36581  -1.75230  -0.01627  -0.04930   5.90000  1
   0.38159  -1.92124  -0.04901  -0.47852   5.90000  2
   0.15964   0.04007   1.32368  -0.11525   5.90000  3
   0.10039  -0.66403  -0.32010   0.38989   5.90000  4
  -0.26280  -0.34352   0.22399   0.06390   5.90000  5
   0.10990  -0.23010  -0.43349   1.09606   5.90000  6
  -0.49696   2.33588  -0.29113   0.37344   5.90000  7
  -0.18792   1.46418   0.08534   0.30263   5.90000  8
   0.45179  -0.68438  -0.34467   0.19948   5.90000  9
  -0.18833   1.34249   0.13401   0.10941   5.90000 10
  -0.40557  -0.00399  -0.02199  -0.48967   5.90000 11
   0.24171   0.06853   0.10658  -0.42823   5.90000 12
   0.26768  -1.66638  -0.19363   0.11750   5.90000 13
  -0.35322   1.57355  -0.63384   0.40672   5.90000 14
   0.12080   0.07759   0.93337  -0.29467   5.90000 15
  -0.05055   0.19579  -0.20581  -0.57481   5.90000 16
   0.22440   0.19996   0.14036   1.19679   5.90000 17
   0.15487  -0.12667  -0.01471  -0.61356   5.90000 18
   0.23281  -0.14341  -0.14641  -0.13559   5.90000 19
   0.12983  -0.15218  -0.27628  -1.07621   5.90000 20
   0.35988  -1.75753  -0.10250  -0.05376   6.00000  1
   0.37454  -1.95900  -0.09016  -0.28003   6.00000  2
   0.28154   0.01729   1.02586  -0.34624   6.00000  3
   0.07103  -0.61159  -0.26489   0.66866   6.00000  4
  -0.22586  -0.32726   0.52167   0.26428   6.00000  5
   0.07940  -0.10267  -0.13856   1.35203   6.00000  6
  -0.52561   2.37146  -0.28196   0.33833   6.00000  7
  -0.18366   1.49024   0.00258   0.21598   6.00000  8
   0.40888  -0.65609  -0.51587   0.37357   6.00000  9
  -0.17718   1.36139   0.08821   0.26600   6.00000 10
  -0.39193  -0.05585   0.29913  -0.54846   6.00000 11
   0.23101   0.01204  -0.28149  -0.70078   6.00000 12
   0.25439  -1.66066  -0.07385  -0.00178   6.00000 13
  -0.40977   1.60861  -0.49903   0.30075   6.00000 14
   0.21899   0.03058   0.97274  -0.65220   6.00000 15
  -0.05318   0.12055   0.15215  -0.92441   6.00000 16
   0.22823   0.29085  -0.03809   0.63927   6.00000 17
   0.15110  -0.17726  -0.06386  -0.36944   6.00000 18
   0.19554  -0.14415  -0.56388   0.11690   6.00000 19
   0.10852  -0.24110  -0.14819  -0.65869   6.00000 20
   0.34540  -1.76274  -0.18600  -0.04896   6.10000  1
   0.36376  -1.97770  -0.12516  -0.09509   6.10000  2
   0.35403  -0.02841   0.41154  -0.55979   6.10000  3
   0.04813  -0.52747  -0.18748   1.03336   6.10000  4
  -0.15653  -0.28996   0.87943   0.48537   6.10000  5
   0.08245   0.02472   0.16377   1.11902   6.10000  6
  -0.55336   2.40359  -0.27322   0.30454   6.10000  7
  -0.18678   1.50703  -0.06151   0.11897   6.10000  8
   0.34793  -0.60767  -0.70769   0.60873   6.10000  9
  -0.17096   1.39532   0.03416   0.41131   6.10000 10
  -0.34395  -0.11369   0.67431  -0.60752   6.10000 11
   0.19220  -0.07017  -0.48718  -0.92417   6.10000 12
   0.25262  -1.66673   0.03711  -0.12067   6.10000 13
  -0.45340   1.63463  -0.37503   0.22300   6.10000 14
   0.30018  -0.04987   0.59268  -0.91735   6.10000 15
  -0.01853   0.00993   0.55993  -1.28817   6.10000 16
   0.21953   0.33164  -0.13071   0.19025   6.10000 17
   0.14241  -0.19715  -0.11292  -0.03096   6.10000 18
   0.13137  -0.12278  -0.66052   0.27827   6.10000 19
   0.09937  -0.28268  -0.04550  -0.18015   6.10000 20
   0.32300  -1.76704  -0.25913  -0.03591   6.20000  1
   0.34951  -1.97801  -0.16026   0.09006   6.20000  2
   0.36412  -0.09409  -0.20958  -0.75600   6.20000  3
   0.03553  -0.39929  -0.04591   1.56911   6.20000  4
  -0.04519  -0.22972   1.38368   0.71459   6.20000  5
   0.10483   0.10867   0.26636   0.54986   6.20000  6
  -0.58026   2.43241  -0.26476   0.27204   6.20000  7
  -0.19523   1.51413  -0.10353   0.02569   6.20000  8
   0.26619  -0.53015  -0.93352   0.97305   6.20000  9
  -0.17089   1.44326  -0.03644   0.54392   6.20000 10
  -0.25301  -0.17685   1.17333  -0.64999   6.20000 11
   0.13270  -0.16842  -0.70721  -1.02098   6.20000 12
   0.26149  -1.68523   0.13795  -0.25248   6.20000 13
  -0.48499   1.65368  -0.25738   0.15965   6.20000 14
   0.33244  -0.14568   0.03830  -0.97485   6.20000 15
   0.05983  -0.13487   0.98093  -1.60015   6.20000 16
   0.20237   0.33024  -0.21307  -0.21826   6.20000 17
   0.12638  -0.18649  -0.22702   0.20770   6.20000 18
   0.07029  -0.09937  -0.54094   0.10739   6.20000 19
   0.09673  -0.27731  -0.02179   0.29556   6.20000 20
   0.29467  -1.76995  -0.29833  -0.02514   6.30000  1
   0.33155  -1.95919  -0.19978   0.29029   6.30000  2
   0.30960  -0.18026  -0.91093  -0.96421   6.30000  3
   0.04754  -0.20882   0.34357   2.14151   6.30000  4
   0.12078  -0.15759   1.79095   0.60868   6.30000  5
   0.13308   0.13685   0.28718   0.02156   6.30000  6
  -0.60632   2.45804  -0.25632   0.24070   6.30000  7
  -0.20667   1.51367  -0.12200  -0.02116   6.30000  8
   0.16034  -0.40296  -1.17636   1.64482   6.30000  9
  -0.17908   1.50253  -0.13106   0.62754   6.30000 10
  -0.10100  -0.24098   1.92229  -0.60204   6.30000 11
   0.05811  -0.26653  -0.67325  -0.84486   6.30000 12
   0.27928  -1.71782   0.20969  -0.40091   6.30000 13
  -0.50490   1.66680  -0.14049   0.10359   6.30000 14
   0.30296  -0.24100  -0.66405  -0.90540   6.30000 15
   0.15876  -0.29604   0.88240  -1.46282   6.30000 16
   0.17670   0.28671  -0.30048  -0.66585   6.30000 17
   0.09555  -0.17169  -0.35185   0.01343   6.30000 18
   0.03095  -0.11722  -0.19514  -0.49153   6.30000 19
   0.09395  -0.22470  -0.01603   0.69181   6.30000 20
   0.26615  -1.77360  -0.25491  -0.06083   6.40000  1
   0.30937  -1.91886  -0.24397   0.52293   6.40000  2
   0.17836  -0.27797  -1.65721  -0.89637   6.40000  3
   0.09944  -0.01563   0.63485   1.60817   6.40000  4
   0.27676  -0.11929   1.22525   0.17776   6.40000  5
   0.15972   0.11225   0.22567  -0.52891   6.40000  6
  -0.63152   2.48058  -0.24762   0.21032   6.40000  7
  -0.21949   1.51352  -0.13674   0.03609   6.40000  8
   0.04343  -0.20006  -1.03110   2.24929   6.40000  9
  -0.19747   1.56516  -0.23614   0.60731   6.40000 10
   0.13140  -0.28489   2.54923  -0.20965   6.40000 11
   0.01645  -0.32129  -0.10613  -0.21795   6.40000 12
   0.30081  -1.76502   0.20406  -0.53672   6.40000 13
  -0.51291   1.67453  -0.01826   0.05155   6.40000 14
   0.19707  -0.31633  -1.40331  -0.53515   6.40000 15
   0.22850  -0.40556   0.48977  -0.68776   6.40000 16
   0.14312   0.19260  -0.36034  -1.24744   6.40000 17
   0.06855  -0.18333  -0.13265  -0.22979   6.40000 18
   0.04129  -0.19019   0.42439  -0.88468   6.40000 19
   0.09683  -0.15676   0.07516   0.57183   6.40000 20
   0.24656  -1.78487  -0.12792  -0.17332   6.50000  1
   0.28332  -1.85409  -0.26936   0.76024   6.50000  2
   0.01049  -0.34330  -1.54204  -0.38207   6.50000  3
   0.16483   0.11599   0.61990   0.99859   6.50000  4
   0.36200  -0.11284   0.50584  -0.02696   6.50000  5
   0.17231   0.02955   0.00338  -1.09647   6.50000  6
  -0.65582   2.50013  -0.23838   0.18066   6.50000  7
  -0.23485   1.52333  -0.17531   0.16666   6.50000  8
  -0.02707   0.01039  -0.38513   1.91816   6.50000  9
  -0.22596   1.62157  -0.33212   0.51452   6.50000 10
   0.36179  -0.28926   1.99047   0.08348   6.50000 11
   0.03794  -0.31304   0.48827   0.33268   6.50000 12
   0.31669  -1.82291   0.09672  -0.60008   6.50000 13
  -0.50812   1.67721   0.11719   0.00250   6.50000 14
   0.04683  -0.33953  -1.48053   0.06989   6.50000 15
   0.25496  -0.43737   0.06197   0.01547   6.50000 16
   0.10847   0.03235  -0.30789  -1.92643   6.50000 17
   0.07143  -0.21129   0.16414  -0.31751   6.50000 18
   0.10370  -0.27590   0.70186  -0.78751   6.50000 19
   0.10636  -0.11625   0.10892   0.26748   6.50000 20
   0.24103  -1.80715   0.01208  -0.25043   6.60000  1
   0.25731  -1.77518  -0.24653   0.76418   6.60000  2
  -0.11354  -0.35756  -0.93235   0.06974   6.60000  3
   0.21836   0.18290   0.45197   0.38321   6.60000  4
   0.38276  -0.12433  -0.07438  -0.20912   6.60000  5
   0.16024  -0.10328  -0.23449  -1.56265   6.60000  6
  -0.67917   2.51673  -0.22837   0.15143   6.60000  7
  -0.25555   1.54753  -0.24389   0.31908   6.60000  8
  -0.04119   0.17879   0.04261   1.45493   6.60000  9
  -0.26377   1.66737  -0.42437   0.39917   6.60000 10
   0.53152  -0.27134   1.41967   0.25708   6.60000 11
   0.09832  -0.26293   0.68149   0.65251   6.60000 12
   0.31791  -1.87778  -0.07125  -0.46522   6.60000 13
  -0.48865   1.67515   0.27756  -0.04289   6.60000 14
  -0.07844  -0.31035  -0.97682   0.45635   6.60000 15
   0.24387  -0.40639  -0.28695   0.60506   6.60000 16
   0.08503  -0.18114  -0.13611  -2.29753   6.60000 17
   0.09562  -0.24298   0.30803  -0.27877   6.60000 18
   0.16491  -0.33670   0.50980  -0.37856   6.60000 19
   0.11929  -0.10149   0.15231  -0.02758   6.60000 20
   0.24695  -1.83088   0.09578  -0.21654   6.70000  1
   0.23452  -1.70757  -0.20731   0.58025   6.70000  2
  -0.17710  -0.33437  -0.34550   0.36623   6.70000  3
   0.25594   0.19919   0.30300  -0.03858   6.70000  4
   0.34814  -0.15636  -0.62560  -0.44028   6.70000  5
   0.13066  -0.27809  -0.29320  -1.83970   6.70000  6
  -0.70147   2.53042  -0.21749   0.12238   6.70000  7
  -0.28485   1.58742  -0.34940   0.47980   6.70000  8
  -0.02601   0.30607   0.24123   1.11072   6.70000  9
  -0.31099   1.70086  -0.52015   0.26649   6.70000 10
   0.64938  -0.24165   0.95840   0.32161   6.70000 11
   0.16808  -0.19592   0.67882   0.57144   6.70000 12
   0.30397  -1.91366  -0.19893  -0.25179   6.70000 13
  -0.45127   1.66897   0.47736  -0.07726   6.70000 14
  -0.14619  -0.25956  -0.38825   0.50782   6.70000 15
   0.19516  -0.31594  -0.68683   1.16693   6.70000 16
   0.08607  -0.40375   0.16509  -1.99241   6.70000 17
   0.13347  -0.26540   0.45395  -0.19449   6.70000 18
   0.20360  -0.34651   0.23341   0.18368   6.70000 19
   0.13779  -0.13341   0.22563  -0.62628   6.70000 20
   0.25843  -1.85070   0.12569  -0.18407   6.80000  1
   0.21596  -1.65856  -0.16442   0.40633   6.80000  2
  -0.18452  -0.28890   0.18869   0.52825   6.80000  3
   0.27931   0.17706   0.16415  -0.40141   6.80000  4
   0.25447  -0.21266  -1.24734  -0.67058   6.80000  5
   0.11091  -0.44353  -0.11316  -1.40375   6.80000  6
  -0.72264   2.54120  -0.20575   0.09318   6.80000  7
  -0.32701   1.64336  -0.49870   0.63328   6.80000  8
   0.00436   0.40361   0.35583   0.84879   6.80000  9
  -0.36678   1.71934  -0.57869   0.09534   6.80000 10
   0.72706  -0.20886   0.61108   0.32930   6.80000 11
   0.22798  -0.16032   0.48215   0.12129   6.80000 12
   0.27976  -1.92828  -0.27653  -0.04154   6.80000 13
  -0.39264   1.66120   0.68301  -0.06443   6.80000 14
  -0.15950  -0.21471   0.10949   0.37716   6.80000 15
   0.12197  -0.19384  -0.65256   1.16244   6.80000 16
   0.11107  -0.56782   0.29969  -1.30939   6.80000 17
   0.18274  -0.28139   0.49299  -0.08031   6.80000 18
   0.20809  -0.30421  -0.12455   0.63409   6.80000 19
   0.16683  -0.22213   0.34893  -1.07399   6.80000 20
   0.27023  -1.86823   0.09981  -0.16598   6.90000  1
   0.20148  -1.62505  -0.12593   0.26919   6.90000  2
  -0.13998  -0.23083   0.70564   0.62213   6.90000  3
   0.28813   0.11857   0.00532  -0.77338   6.90000  4
   0.11670  -0.28316  -1.35809  -0.67881   6.90000  5
   0.10545  -0.56019  -0.00111  -0.95201   6.90000  6
  -0.74259   2.54904  -0.19329   0.06344   6.90000  7
  -0.38200   1.71009  -0.57025   0.67001   6.90000  8
   0.04343   0.47715   0.41839   0.62740   6.90000  9
  -0.42062   1.72032  -0.47048  -0.05693   6.90000 10
   0.77399  -0.17637   0.33594   0.31862   6.90000 11
   0.25619  -0.17136   0.06050  -0.31340   6.90000 12
   0.25066  -1.92238  -0.29408   0.15559   6.90000 13
  -0.32338   1.65972   0.64368   0.04777   6.90000 14
  -0.12505  -0.18479   0.58383   0.22275   6.90000 15
   0.07303  -0.09884  -0.35237   0.71759   6.90000 16
   0.14199  -0.67099   0.30551  -0.77491   6.90000 17
   0.22275  -0.27736   0.25159   0.14177   6.90000 18
   0.18469  -0.22950  -0.31824   0.76551   6.90000 19
   0.20075  -0.32600   0.27363  -0.90635   6.90000 20
   0.27630  -1.88295   0.01248  -0.11986   7.00000  1
   0.19059  -1.60392  -0.09283   0.15613   7.00000  2
  -0.04221  -0.16846   1.24693   0.59563   7.00000  3
   0.27792   0.02075  -0.22988  -1.19384   7.00000  4
  -0.00489  -0.33855  -1.05560  -0.39768   7.00000  5
   0.11033  -0.63752   0.09887  -0.60726   7.00000  6
  -0.76127   2.55385  -0.18019   0.03263   7.00000  7
  -0.43724   1.77248  -0.52821   0.56256   7.00000  8
   0.08683   0.53001   0.44472   0.43385   7.00000  9
  -0.45922   1.71343  -0.30699  -0.05542   7.00000 10
   0.79541  -0.14545   0.09627   0.29836   7.00000 11
   0.23942  -0.21479  -0.38932  -0.50754   7.00000 12
   0.22323  -1.89855  -0.24469   0.31145   7.00000 13
  -0.26939   1.67023   0.43498   0.15250   7.00000 14
  -0.04118  -0.16957   1.09684   0.08740   7.00000 15
   0.04718  -0.05114  -0.16912   0.22660   7.00000 16
   0.17005  -0.72590   0.24717  -0.33451   7.00000 17
   0.22955  -0.25645  -0.11211   0.27387   7.00000 18
   0.14852  -0.16154  -0.39884   0.58126   7.00000 19
   0.21594  -0.39612   0.02953  -0.49612   7.00000 20
   0.27161  -1.89014  -0.10800  -0.01370   7.10000  1
   0.18277  -1.59354  -0.06418   0.05168   7.10000  2
   0.10518  -0.11697   1.64734   0.39613   7.10000  3
   0.23534  -0.12175  -0.66940  -1.64528   7.10000  4
  -0.08805  -0.36176  -0.58615  -0.08713   7.10000  5
   0.12538  -0.68317   0.20246  -0.30846   7.10000  6
  -0.77861   2.55551  -0.16634   0.00021   7.10000  7
  -0.48690   1.82114  -0.46222   0.40951   7.10000  8
   0.13168   0.56465   0.45012   0.26227   7.10000  9
  -0.48382   1.71243  -0.19377   0.04298   7.10000 10
   0.79371  -0.11706  -0.12935   0.26747   7.10000 11
   0.18161  -0.26189  -0.73412  -0.36965   7.10000 12
   0.20301  -1.86210  -0.15711   0.40839   7.10000 13
  -0.23535   1.68860   0.25184   0.20919   7.10000 14
   0.09238  -0.16410   1.54409   0.03814   7.10000 15
   0.04325  -0.05717   0.13884  -0.35823   7.10000 16
   0.19008  -0.73948   0.14820   0.05794   7.10000 17
   0.19980  -0.22241  -0.48813   0.41146   7.10000 18
   0.10524  -0.11556  -0.43232   0.31158   7.10000 19
   0.20753  -0.42537  -0.19178  -0.08451   7.10000 20
   0.25493  -1.88384  -0.22239   0.14765   7.20000  1
   0.17766  -1.59384  -0.03812  -0.06052   7.20000  2
   0.26267  -0.10210   1.38385  -0.11339   7.20000  3
   0.14534  -0.29101  -1.02211  -1.61474   7.20000  4
  -0.12059  -0.35962  -0.05736   0.11967   7.20000  5
   0.15040  -0.69871   0.29183   0.00549   7.20000  6
  -0.79451   2.55383  -0.15157  -0.03427   7.20000  7
  -0.52927   1.85468  -0.38336   0.26380   7.20000  8
   0.17660   0.58306   0.44770   0.10871   7.20000  9
  -0.49937   1.72265  -0.12286   0.16204   7.20000 10
   0.76941  -0.09235  -0.35951   0.22454   7.20000 11
   0.10662  -0.27967  -0.68803  -0.00309   7.20000 12
   0.19169  -1.81823  -0.07222   0.46464   7.20000 13
  -0.21808   1.71130   0.09694   0.24237   7.20000 14
   0.24668  -0.16670   1.38202  -0.11914   7.20000 15
   0.08164  -0.12057   0.61178  -0.88942   7.20000 16
   0.19888  -0.71494   0.02499   0.43099   7.20000 17
   0.13859  -0.17669  -0.65829   0.43600   7.20000 18
   0.07754  -0.10620  -0.09100  -0.14996   7.20000 19
   0.17903  -0.41118  -0.37230   0.37863   7.20000 20
   0.22806  -1.85921  -0.30921   0.35149   7.30000  1
   0.17514  -1.60648  -0.01217  -0.19786   7.30000  2
   0.37700  -0.13289   0.91871  -0.47295   7.30000  3
   0.04696  -0.43487  -0.89765  -1.23552   7.30000  4
  -0.09666  -0.33958   0.55361   0.26842   7.30000  5
   0.18120  -0.67945   0.30401   0.39675   7.30000  6
  -0.80888   2.54858  -0.13568  -0.07117   7.30000  7
  -0.56317   1.87444  -0.29234   0.13405   7.30000  8
   0.22117   0.58689   0.44351  -0.03013   7.30000  9
  -0.50930   1.74481  -0.07978   0.28042   7.30000 10
   0.72056  -0.07279  -0.62687   0.16109   7.30000 11
   0.05067  -0.27260  -0.41241   0.10364   7.30000 12
   0.18766  -1.76962  -0.01419   0.50703   7.30000 13
  -0.21550   1.73675  -0.04396   0.26565   7.30000 14
   0.35930  -0.18471   0.88901  -0.22611   7.30000 15
   0.15162  -0.22759   0.68999  -1.19217   7.30000 16
   0.19491  -0.65344  -0.10419   0.79987   7.30000 17
   0.07756  -0.14847  -0.52524   0.07074   7.30000 18
   0.08500  -0.14849   0.20961  -0.69380   7.30000 19
   0.13255  -0.35141  -0.55477   0.78054   7.30000 20
   0.19441  -1.81226  -0.35605   0.59391   7.40000  1
   0.17531  -1.63464   0.01580  -0.36981   7.40000  2
   0.44927  -0.19204   0.53450  -0.68625   7.40000  3
  -0.02744  -0.53646  -0.55987  -0.79994   7.40000  4
  -0.00821  -0.30814   1.20644   0.36171   7.40000  5
   0.20634  -0.61603   0.17633   0.88678   7.40000  6
  -0.82160   2.53950  -0.11831  -0.11078   7.40000  7
  -0.58713   1.88199  -0.18314   0.01967   7.40000  8
   0.26524   0.57732   0.43741  -0.16056   7.40000  9
  -0.51610   1.77852  -0.05989   0.39200   7.40000 10
   0.64175  -0.06231  -0.96056   0.03043   7.40000 11
   0.02760  -0.26511  -0.03639   0.02518   7.40000 12
   0.18746  -1.71683   0.00209   0.54712   7.40000 13
  -0.22679   1.76434  -0.18214   0.28609   7.40000 14
   0.42850  -0.21093   0.51075  -0.29898   7.40000 15
   0.20640  -0.34773   0.37919  -1.15679   7.40000 16
   0.17798  -0.55427  -0.23260   1.19088   7.40000 17
   0.03799  -0.17006  -0.25502  -0.52352   7.40000 18
   0.11049  -0.24166   0.24918  -1.13520   7.40000 19
   0.07440  -0.26332  -0.56771   0.90806   7.40000 20
   0.15890  -1.73954  -0.33946   0.85706   7.50000  1
   0.17795  -1.67927   0.03030  -0.49681   7.50000  2
   0.48330  -0.26491   0.12958  -0.74504   7.50000  3
  -0.06247  -0.59509  -0.14538  -0.37275   7.50000  4
   0.13199  -0.27079   1.47369   0.30299   7.50000  5
   0.21365  -0.49819  -0.03701   1.48990   7.50000  6
  -0.83248   2.52632  -0.09884  -0.15350   7.50000  7
  -0.59888   1.87915  -0.04655  -0.07059   7.50000  8
   0.30853   0.55475   0.42760  -0.29202   7.50000  9
  -0.52207   1.82256  -0.06337   0.48338   7.50000 10
   0.52749  -0.07185  -1.32008  -0.25111   7.50000 11
   0.04596  -0.26990   0.40887  -0.13362   7.50000 12
   0.18638  -1.66216  -0.03129   0.52460   7.50000 13
  -0.25216   1.79403  -0.32729   0.30850   7.50000 14
   0.46272  -0.24498   0.16588  -0.38354   7.50000 15
   0.22679  -0.45383   0.02501  -0.92433   7.50000 16
   0.15131  -0.41286  -0.27445   1.62809   7.50000 17
   0.03067  -0.25149   0.14476  -1.04417   7.50000 18
   0.12969  -0.36159   0.17115  -1.19612   7.50000 19
   0.02855  -0.19048  -0.29311   0.46906   7.50000 20
   0.13018  -1.64620  -0.22210   0.96689   7.60000  1
   0.17891  -1.72432  -0.01929  -0.35493   7.60000  2
   0.47018  -0.33625  -0.41719  -0.65679   7.60000  3
  -0.05784  -0.61141   0.23725   0.04332   7.60000  4
   0.26981  -0.26023   1.24602  -0.07599   7.60000  5
   0.19770  -0.32582  -0.26834   1.85749   7.60000  6
  -0.84126   2.50868  -0.07620  -0.20001   7.60000  7
  -0.59548   1.86974   0.11756  -0.10413   7.60000  8
   0.35048   0.51854   0.40937  -0.43459   7.60000  9
  -0.52929   1.87332  -0.08116   0.51815   7.60000 10
   0.37902  -0.11821  -1.65095  -0.70608   7.60000 11
   0.10830  -0.29581   0.82831  -0.37493   7.60000 12
   0.18004  -1.61594  -0.10016   0.39592   7.60000 13
  -0.29282   1.82624  -0.48967   0.33701   7.60000 14
   0.45677  -0.28737  -0.32043  -0.45938   7.60000 15
   0.21471  -0.51691  -0.23879  -0.30223   7.60000 16
   0.12710  -0.24588  -0.17306   1.57673   7.60000 17
   0.07344  -0.36356   0.72095  -1.11038   7.60000 18
   0.15326  -0.46494   0.30062  -0.79320   7.60000 19
   0.02266  -0.17382   0.19728  -0.12287   7.60000 20
   0.11482  -1.55161  -0.08948   0.91187   7.70000  1
   0.17435  -1.74640  -0.06775  -0.08790   7.70000  2
   0.39665  -0.39106  -1.05753  -0.41950   7.70000  3
  -0.01312  -0.58688   0.67669   0.44729   7.70000  4
   0.37534  -0.27781   0.81960  -0.28538   7.70000  5
   0.17099  -0.15000  -0.22810   1.55691   7.70000  6
  -0.84755   2.48615  -0.04872  -0.25153   7.70000  7
  -0.57543   1.86155   0.27990  -0.04374   7.70000  8
   0.38986   0.46725   0.37487  -0.59442   7.70000  9
  -0.53742   1.92291  -0.07254   0.45738   7.70000 10
   0.19788  -0.21827  -1.92209  -1.26075   7.70000 11
   0.20531  -0.33480   1.06319  -0.37804   7.70000 12
   0.16587  -1.58076  -0.18204   0.32582   7.70000 13
  -0.35110   1.86173  -0.68229   0.37413   7.70000 14
   0.39276  -0.33496  -0.96863  -0.48214   7.70000 15
   0.18410  -0.51526  -0.33435   0.32248   7.70000 16
   0.12488  -0.11462   0.13960   1.00969   7.70000 17
   0.16769  -0.46168   1.11132  -0.83853   7.70000 18
   0.18688  -0.51701   0.36229  -0.24261   7.70000 19
   0.07311  -0.20863   0.82607  -0.52102   7.70000 20
   0.11089  -1.46536   0.00270   0.80959   7.80000  1
   0.16595  -1.74289  -0.09861   0.15329   7.80000  2
   0.26150  -0.42104  -1.58246  -0.21334   7.80000  3
   0.08266  -0.52031   1.26161   0.90466   7.80000  4
   0.42339  -0.32159   0.10820  -0.58009   7.80000  5
   0.15104  -0.02470  -0.15993   0.96608   7.80000  6
  -0.85076   2.45814  -0.01407  -0.31003   7.80000  7
  -0.54052   1.86365   0.41172   0.09717   7.80000  8
   0.42467   0.39890   0.31652  -0.77687   7.80000  9
  -0.54167   1.96231  -0.00277   0.32222   7.80000 10
   0.02231  -0.35585  -1.45988  -1.46328   7.80000 11
   0.30837  -0.37665   0.90275  -0.49467   7.80000 12
   0.14465  -1.54739  -0.23466   0.35448   7.80000 13
  -0.43065   1.90118  -0.91337   0.41374   7.80000 14
   0.26759  -0.38556  -1.47410  -0.55761   7.80000 15
   0.16125  -0.45887  -0.06318   0.75609   7.80000 16
   0.15030  -0.04541   0.34031   0.41071   7.80000 17
   0.28021  -0.52268   1.03897  -0.31110   7.80000 18
   0.22476  -0.51046   0.38981   0.38505   7.80000 19
   0.17995  -0.27559   1.23044  -0.86609   7.80000 20
   0.11380  -1.38970   0.04846   0.70601   7.90000  1
   0.15482  -1.71645  -0.12354   0.37319   7.90000  2
   0.10840  -0.43760  -1.31731  -0.10041   7.90000  3
   0.23505  -0.40697   1.67416   1.25895   7.90000  4
   0.39494  -0.39156  -0.68034  -0.81083   7.90000  5
   0.14173   0.04741  -0.01679   0.49069   7.90000  6
  -0.85003   2.42381   0.03066  -0.37849   7.90000  7
  -0.49667   1.88338   0.42750   0.30594   7.90000  8
   0.45201   0.31090   0.22331  -0.98862   7.90000  9
  -0.53732   1.98626   0.08034   0.15545   7.90000 10
  -0.08548  -0.50262  -0.72064  -1.41166   7.90000 11
   0.36712  -0.43050   0.25330  -0.53768   7.90000 12
   0.12055  -1.50820  -0.23980   0.43397   7.90000 13
  -0.53120   1.94355  -1.05247   0.42854   7.90000 14
   0.12224  -0.44520  -1.27647  -0.56316   7.90000 15
   0.17606  -0.37872   0.34798   0.73843   7.90000 16
   0.18835  -0.02551   0.40343   0.00925   7.90000 17
   0.35971  -0.51922   0.53346   0.37231   7.90000 18
   0.25841  -0.44279   0.26747   0.90354   7.90000 19
   0.30337  -0.39042   1.13730  -1.38545   7.90000 20
   0.11938  -1.32338   0.05784   0.62531   8.00000  1
   0.14128  -1.66843  -0.14712   0.58754   8.00000  2
   0.00552  -0.44343  -0.76947  -0.04850   8.00000  3
   0.39646  -0.29795   1.44830   0.86343   8.00000  4
   0.29973  -0.47335  -1.05477  -0.72276   8.00000  5
   0.14905   0.07540   0.16858   0.07462   8.00000  6
  -0.84419   2.38193   0.08858  -0.46232   8.00000  7
  -0.46193   1.92385   0.25202   0.49048   8.00000  8
   0.46764   0.19979   0.07955  -1.24304   8.00000  9
  -0.52985   1.99504   0.05225   0.03635   8.00000 10
  -0.13057  -0.63223  -0.21919  -1.16955   8.00000 11
   0.36371  -0.47403  -0.25586  -0.29759   8.00000 12
   0.09795  -1.46002  -0.20702   0.53147   8.00000 13
  -0.63045   1.98680  -0.90294   0.43667   8.00000 14
   0.02014  -0.49003  -0.80024  -0.34421   8.00000 15
   0.22861  -0.32186   0.69070   0.39735   8.00000 16
   0.22956  -0.04164   0.42302  -0.33112   8.00000 17
   0.38723  -0.45316   0.01928   0.85695   8.00000 18
   0.28795  -0.35093   0.33572   0.84067   8.00000 19
   0.39863  -0.52252   0.74077  -1.12175   8.00000 20
   0.12442  -1.26361   0.03848   0.57534   8.10000  1
   0.12541  -1.59861  -0.17022   0.81208   8.10000  2
  -0.04946  -0.45161  -0.34090  -0.12659   8.10000  3
   0.51497  -0.22813   0.91173   0.57523   8.10000  4
   0.20230  -0.52672  -0.88468  -0.35105   8.10000  5
   0.17641   0.06258   0.38310  -0.33477   8.10000  6
  -0.83175   2.33052   0.16367  -0.57134   8.10000  7
  -0.44739   1.97884   0.03652   0.59575   8.10000  8
   0.46566   0.05951  -0.13173  -1.58287   8.10000  9
  -0.52731   1.99686   0.00395   0.01600   8.10000 10
  -0.13501  -0.73595   0.11048  -0.90708   8.10000 11
   0.32659  -0.48694  -0.45884   0.04295   8.10000 12
   0.08001  -1.40155  -0.14823   0.63991   8.10000 13
  -0.71081   2.03107  -0.71088   0.45184   8.10000 14
  -0.04182  -0.51674  -0.44486  -0.19979   8.10000 15
   0.30874  -0.29630   0.87570   0.14325   8.10000 16
   0.27463  -0.09256   0.49097  -0.69561   8.10000 17
   0.36807  -0.36274  -0.37072   0.94331   8.10000 18
   0.32200  -0.27964   0.33742   0.59422   8.10000 19
   0.45020  -0.60842   0.30903  -0.62079   8.10000 20
