   0.27070   1.71416  -0.01391   0.03707   0.10000  1
   0.20762   1.89945   0.01420  -0.04375   0.10000  2
   0.19589  -2.45305  -0.03671   0.03988   0.10000  3
   0.02233  -2.36300   0.04477   0.00238   0.10000  4
  -0.12318  -0.67842  -0.06351   0.02425   0.10000  5
   0.05337  -0.58934  -0.08637  -0.02989   0.10000  6
  -0.35107  -0.74540   0.13446   0.06690   0.10000  7
  -0.40826  -0.56213   0.14236  -0.09947   0.10000  8
   0.25464  -0.29946  -0.00928  -0.06028   0.10000  9
   0.44501  -0.34422  -0.09033  -0.01693   0.10000 10
   0.23385  -1.33091   0.12922  -0.05072   0.10000 11
   0.29753  -1.50899   0.07124   0.16148   0.10000 12
  -0.29565  -0.76810   0.05412   0.10741   0.10000 13
  -0.21574  -0.59605   0.01517  -0.10199   0.10000 14
   0.38457  -1.50482  -0.07812   0.15863   0.10000 15
   0.40618  -1.31958  -0.12328  -0.10918   0.10000 16
   0.39585   0.51029  -0.02885  -0.05366   0.10000 17
   0.28811   0.34624   0.01911   0.00455   0.10000 18
   0.43643  -1.41294  -0.16879   0.02678   0.10000 19
   0.26784  -1.33168   0.07449  -0.06347   0.10000 20
   0.26860   1.71976  -0.02814   0.07519   0.20000  1
   0.20976   1.89285   0.02872  -0.08849   0.20000  2
   0.19034  -2.44704  -0.07431   0.08039   0.20000  3
   0.02907  -2.36267   0.09029   0.00416   0.20000  4
  -0.13295  -0.67486  -0.13342   0.04612   0.20000  5
   0.04020  -0.59390  -0.17853  -0.06185   0.20000  6
  -0.33083  -0.73513   0.27072   0.14011   0.20000  7
  -0.38656  -0.57725   0.29429  -0.20421   0.20000  8
   0.25324  -0.30852  -0.01885  -0.12090   0.20000  9
   0.43139  -0.34680  -0.18257  -0.03493   0.20000 10
   0.25346  -1.33890   0.26414  -0.11180   0.20000 11
   0.30810  -1.48433   0.13888   0.33444   0.20000 12
  -0.28726  -0.75187   0.11560   0.21788   0.20000 13
  -0.21358  -0.61136   0.02720  -0.20388   0.20000 14
   0.37275  -1.48068  -0.15873   0.32605   0.20000 15
   0.38748  -1.33608  -0.25152  -0.22105   0.20000 16
   0.39150   0.50220  -0.05811  -0.10845   0.20000 17
   0.29099   0.34696   0.03839   0.01017   0.20000 18
   0.41090  -1.40886  -0.34264   0.05555   0.20000 19
   0.27938  -1.34148   0.15858  -0.13450   0.20000 20
   0.26505   1.72926  -0.04298   0.11529   0.30000  1
   0.21338   1.88169   0.04383  -0.13509   0.30000  2
   0.18097  -2.43693  -0.11353   0.12213   0.30000  3
   0.04043  -2.36221   0.13718   0.00481   0.30000  4
  -0.15025  -0.66944  -0.21467   0.06019   0.30000  5
   0.01723  -0.60187  -0.28387  -0.09856   0.30000  6
  -0.29685  -0.71700   0.40886   0.22419   0.30000  7
  -0.34870  -0.60328   0.46732  -0.31763   0.30000  8
   0.25084  -0.32365  -0.02921  -0.18191   0.30000  9
   0.40837  -0.35129  -0.27862  -0.05551   0.30000 10
   0.28680  -1.35395   0.39988  -0.19233   0.30000 11
   0.32464  -1.44164   0.18462   0.51840   0.30000 12
  -0.27198  -0.72443   0.19352   0.33017   0.30000 13
  -0.21056  -0.63661   0.03148  -0.29803   0.30000 14
   0.35275  -1.43931  -0.24077   0.49964   0.30000 15
   0.35593  -1.36357  -0.37534  -0.32348   0.30000 16
   0.38420   0.48852  -0.08811  -0.16547   0.30000 17
   0.29580   0.34835   0.05796   0.01790   0.30000 18
   0.36806  -1.40161  -0.50851   0.09121   0.30000 19
   0.29991  -1.35897   0.25098  -0.21593   0.30000 20
   0.25998   1.74290  -0.05849   0.15768   0.40000  1
   0.21855   1.86575   0.05957  -0.18384   0.40000  2
   0.16758  -2.42256  -0.15437   0.16556   0.40000  3
   0.05655  -2.36175   0.18533   0.00409   0.40000  4
  -0.17605  -0.66344  -0.29848   0.05598   0.40000  5
  -0.01737  -0.61390  -0.41347  -0.14388   0.40000  6
  -0.24925  -0.69023   0.53946   0.30717   0.40000  7
  -0.29204  -0.64072   0.67019  -0.42604   0.40000  8
   0.24733  -0.34489  -0.04164  -0.24273   0.40000  9
   0.37548  -0.35807  -0.38004  -0.08132   0.40000 10
   0.33100  -1.37714   0.45679  -0.25896   0.40000 11
   0.34225  -1.38293   0.14932   0.62818   0.40000 12
  -0.24774  -0.68649   0.29508   0.41935   0.40000 13
  -0.20759  -0.66957   0.02847  -0.34784   0.40000 14
   0.32536  -1.38287  -0.29635   0.60356   0.40000 15
   0.31501  -1.39782  -0.42035  -0.33541   0.40000 16
   0.37385   0.46900  -0.11886  -0.22556   0.40000 17
   0.30258   0.35064   0.07754   0.02848   0.40000 18
   0.31257  -1.39018  -0.57077   0.13759   0.40000 19
   0.32796  -1.38367   0.29106  -0.26206   0.40000 20
   0.25336   1.76082  -0.07388   0.20031   0.50000  1
   0.22529   1.84491   0.07518  -0.23264   0.50000  2
   0.15012  -2.40378  -0.19414   0.21001   0.50000  3
   0.07746  -2.36141   0.23206   0.00299   0.50000  4
  -0.20748  -0.65904  -0.30263   0.02905   0.50000  5
  -0.06677  -0.63109  -0.58085  -0.20228   0.50000  6
  -0.19069  -0.65777   0.61822   0.32490   0.50000  7
  -0.21512  -0.68555   0.85215  -0.44554   0.50000  8
   0.24232  -0.37214  -0.06030  -0.30167   0.50000  9
   0.33218  -0.36789  -0.48660  -0.11760   0.50000 10
   0.37156  -1.40135   0.33290  -0.20709   0.50000 11
   0.35186  -1.32275   0.03846   0.55271   0.50000 12
  -0.21249  -0.64419   0.40988   0.40304   0.50000 13
  -0.20369  -0.70216   0.06170  -0.28326   0.50000 14
   0.29637  -1.32507  -0.27344   0.53068   0.50000 15
   0.27627  -1.42537  -0.34238  -0.20049   0.50000 16
   0.36043   0.44331  -0.14930  -0.28844   0.50000 17
   0.31127   0.35413   0.09581   0.04147   0.50000 18
   0.26023  -1.37468  -0.45765   0.16907   0.50000 19
   0.35353  -1.40688   0.20481  -0.18522   0.50000 20
   0.24531   1.78267  -0.08590   0.23379   0.60000  1
   0.23347   1.81952   0.08738  -0.27209   0.60000  2
   0.12912  -2.38067  -0.22237   0.25091   0.60000  3
   0.10259  -2.36102   0.26694   0.00631   0.60000  4
  -0.22980  -0.65784  -0.12014  -0.00404   0.60000  5
  -0.13326  -0.65446  -0.72575  -0.26059   0.60000  6
  -0.12850  -0.62865   0.61114   0.24497   0.60000  7
  -0.12705  -0.72476   0.88051  -0.32367   0.60000  8
   0.23467  -0.40507  -0.09731  -0.35605   0.60000  9
   0.27818  -0.38225  -0.59214  -0.17400   0.60000 10
   0.39609  -1.41695   0.15742  -0.10322   0.60000 11
   0.34990  -1.27401  -0.07702   0.42227   0.60000 12
  -0.16641  -0.61000   0.50424   0.26768   0.60000 13
  -0.19242  -0.72357   0.17346  -0.14041   0.60000 14
   0.27130  -1.27814  -0.22843   0.40895   0.60000 15
   0.24719  -1.43699  -0.23985  -0.03211   0.60000 16
   0.34413   0.41136  -0.17534  -0.34962   0.60000 17
   0.32156   0.35887   0.10845   0.05217   0.60000 18
   0.22209  -1.35663  -0.30596   0.19209   0.60000 19
   0.36780  -1.41934   0.08066  -0.06332   0.60000 20
   0.23651   1.80661  -0.08798   0.23880   0.70000  1
   0.24243   1.79146   0.08961  -0.28288   0.70000  2
   0.10667  -2.35405  -0.22046   0.27851   0.70000  3
   0.12981  -2.35966   0.27136   0.02382   0.70000  4
  -0.22986  -0.65980   0.11666  -0.03661   0.70000  5
  -0.20345  -0.68128  -0.64195  -0.26690   0.70000  6
  -0.07096  -0.60996   0.53637   0.12986   0.70000  7
  -0.04323  -0.74981   0.78782  -0.18272   0.70000  8
   0.22150  -0.44322  -0.17461  -0.40720   0.70000  9
   0.21423  -0.40378  -0.68383  -0.26279   0.70000 10
   0.40328  -1.42196  -0.01232   0.00295   0.70000 11
   0.33656  -1.23779  -0.18955   0.30507   0.70000 12
  -0.11395  -0.59185   0.53595   0.09669   0.70000 13
  -0.16881  -0.73023   0.29224   0.00395   0.70000 14
   0.25046  -1.24273  -0.18945   0.30223   0.70000 15
   0.22802  -1.43198  -0.14506   0.13144   0.70000 16
   0.32582   0.37388  -0.18780  -0.39586   0.70000 17
   0.33246   0.36404   0.10625   0.04709   0.70000 18
   0.19861  -1.33611  -0.16588   0.21952   0.70000 19
   0.36990  -1.41971  -0.03736   0.05504   0.70000 20
   0.22813   1.82924  -0.07821   0.20914   0.80000  1
   0.25099   1.76414   0.07996  -0.25880   0.80000  2
   0.08612  -2.32551  -0.18664   0.29016   0.80000  3
   0.15575  -2.35568   0.24350   0.05805   0.80000  4
  -0.20784  -0.66547   0.31673  -0.07692   0.80000  5
  -0.25761  -0.70664  -0.43159  -0.23663   0.80000  6
  -0.02051  -0.60198   0.47823   0.03380   0.80000  7
   0.03053  -0.76226   0.68939  -0.06913   0.80000  8
   0.19796  -0.48687  -0.30491  -0.46944   0.80000  9
   0.14194  -0.43621  -0.76032  -0.39402   0.80000 10
   0.39383  -1.41624  -0.17608   0.11300   0.80000 11
   0.31206  -1.21248  -0.29989   0.20310   0.80000 12
  -0.05956  -0.58962   0.55391  -0.04584   0.80000 13
  -0.13536  -0.72390   0.37357   0.11662   0.80000 14
   0.23324  -1.21715  -0.15562   0.21169   0.80000 15
   0.21798  -1.41082  -0.05638   0.29175   0.80000 16
   0.30725   0.33315  -0.18060  -0.41424   0.80000 17
   0.34209   0.36729   0.08327   0.01305   0.80000 18
   0.18855  -1.31248  -0.03686   0.25447   0.80000 19
   0.36046  -1.40845  -0.15145   0.17021   0.80000 20
   0.22105   1.84790  -0.06289   0.16287   0.90000  1
   0.25824   1.74024   0.06474  -0.21794   0.90000  2
   0.06977  -2.29626  -0.13966   0.29448   0.90000  3
   0.17807  -2.34780   0.20203   0.10021   0.90000  4
  -0.16726  -0.67481   0.49518  -0.10607   0.90000  5
  -0.28922  -0.72833  -0.20175  -0.19722   0.90000  6
   0.02568  -0.60243   0.44771  -0.03966   0.90000  7
   0.09473  -0.76387   0.59229   0.03675   0.90000  8
   0.15892  -0.53819  -0.48295  -0.56390   0.90000  9
   0.06247  -0.48460  -0.82391  -0.58586   0.90000 10
   0.36810  -1.39888  -0.33871   0.23778   0.90000 11
   0.27683  -1.19690  -0.40194   0.10938   0.90000 12
  -0.00264  -0.59975   0.58494  -0.14999   0.90000 13
  -0.09389  -0.70785   0.45969   0.20094   0.90000 14
   0.21930  -1.20008  -0.12303   0.13055   0.90000 15
   0.21664  -1.37356   0.02876   0.45385   0.90000 16
   0.29008   0.29171  -0.16196  -0.41266   0.90000 17
   0.34871   0.36593   0.04808  -0.04232   0.90000 18
   0.19097  -1.28496   0.08342   0.29695   0.90000 19
   0.33946  -1.38545  -0.27004   0.29187   0.90000 20
   0.21557   1.86174  -0.04681   0.11412   1.00000  1
   0.26391   1.72063   0.04873  -0.17440   1.00000  2
   0.05821  -2.26665  -0.09162   0.29778   1.00000  3
   0.19611  -2.33559   0.15885   0.14384   1.00000  4
  -0.10813  -0.68558   0.69181  -0.10205   1.00000  5
  -0.29842  -0.74625   0.01571  -0.16213   1.00000  6
   0.06829  -0.60997   0.39378  -0.11909   1.00000  7
   0.14785  -0.75492   0.46086   0.14076   1.00000  8
   0.10048  -0.60108  -0.68102  -0.69688   1.00000  9
  -0.01986  -0.55540  -0.79781  -0.83106   1.00000 10
   0.32608  -1.36765  -0.50081   0.39376   1.00000 11
   0.23274  -1.19051  -0.46999   0.01930   1.00000 12
   0.05624  -0.61856   0.57772  -0.22695   1.00000 13
  -0.04240  -0.68424   0.57426   0.26817   1.00000 14
   0.20868  -1.19093  -0.08897   0.05297   1.00000 15
   0.22335  -1.32001   0.10099   0.61607   1.00000 16
   0.27491   0.25078  -0.14169  -0.40592   1.00000 17
   0.35166   0.35861   0.01106  -0.10459   1.00000 18
   0.20459  -1.25299   0.18255   0.34153   1.00000 19
   0.30613  -1.34938  -0.39760   0.43477   1.00000 20
   0.21166   1.87079  -0.03141   0.06719   1.10000  1
   0.26801   1.70530   0.03339  -0.13246   1.10000  2
   0.05136  -2.23667  -0.04597   0.30196   1.10000  3
   0.20990  -2.31905   0.11712   0.18690   1.10000  4
  -0.02864  -0.69380   0.88934  -0.06299   1.10000  5
  -0.28621  -0.76089   0.22990  -0.13147   1.10000  6
   0.10174  -0.62902   0.26726  -0.27284   1.10000  7
   0.18454  -0.73673   0.26218   0.21420   1.10000  8
   0.02703  -0.67620  -0.75386  -0.78759   1.10000  9
  -0.09169  -0.64874  -0.61577  -1.01428   1.10000 10
   0.26849  -1.31834  -0.64416   0.60256   1.10000 11
   0.18600  -1.19234  -0.44395  -0.04715   1.10000 12
   0.10880  -0.64659   0.45730  -0.34024   1.10000 13
   0.02059  -0.65622   0.67318   0.26614   1.10000 14
   0.20162  -1.18923  -0.05174  -0.01490   1.10000 15
   0.23488  -1.25120   0.11259   0.75044   1.10000 16
   0.26168   0.21045  -0.12310  -0.40122   1.10000 17
   0.35100   0.34501  -0.02374  -0.16738   1.10000 18
   0.22517  -1.21730   0.21154   0.36704   1.10000 19
   0.26005  -1.29718  -0.52012   0.61608   1.10000 20
   0.20926   1.87526  -0.01679   0.02244   1.20000  1
   0.27062   1.69407   0.01882  -0.09247   1.20000  2
   0.04893  -2.20622  -0.00306   0.30712   1.20000  3
   0.21959  -2.29824   0.07687   0.22915   1.20000  4
   0.06596  -0.70053   0.98483  -0.08531   1.20000  5
  -0.25176  -0.77290   0.46423  -0.11301   1.20000  6
   0.12212  -0.66512   0.15066  -0.44507   1.20000  7
   0.19895  -0.71421   0.02361   0.22457   1.20000  8
  -0.04341  -0.75475  -0.63495  -0.77628   1.20000  9
  -0.14117  -0.75353  -0.38084  -1.06721   1.20000 10
   0.19973  -1.24558  -0.71282   0.85328   1.20000 11
   0.14794  -1.19702  -0.30468  -0.02704   1.20000 12
   0.14663  -0.68653   0.30224  -0.45210   1.20000 13
   0.08934  -0.63745   0.69565   0.08765   1.20000 14
   0.19809  -1.19199  -0.02534  -0.02187   1.20000 15
   0.24157  -1.17298   0.00145   0.79661   1.20000 16
   0.25023   0.17039  -0.10619  -0.40084   1.20000 17
   0.34701   0.32515  -0.05565  -0.22966   1.20000 18
   0.24250  -1.18037   0.11168   0.37368   1.20000 19
   0.20387  -1.22537  -0.58972   0.81636   1.20000 20
   0.20829   1.87533  -0.00269  -0.02087   1.30000  1
   0.27179   1.68677   0.00476  -0.05368   1.30000  2
   0.05067  -2.17522   0.03765   0.31288   1.30000  3
   0.22530  -2.27323   0.03745   0.27106   1.30000  4
   0.16578  -0.71250   0.98985  -0.16184   1.30000  5
  -0.19264  -0.78553   0.71664  -0.15585   1.30000  6
   0.13506  -0.71637   0.12613  -0.56967   1.30000  7
   0.18997  -0.69488  -0.18916   0.14157   1.30000  8
  -0.09977  -0.83218  -0.49514  -0.77745   1.30000  9
  -0.16901  -0.86014  -0.17379  -1.05478   1.30000 10
   0.13020  -1.15017  -0.65831   1.03375   1.30000 11
   0.12531  -1.19293  -0.15747   0.13585   1.30000 12
   0.17045  -0.73519   0.18222  -0.51204   1.30000 13
   0.15873  -0.64146   0.68378  -0.17632   1.30000 14
   0.19367  -1.18800  -0.07935   0.13167   1.30000 15
   0.23276  -1.09409  -0.18288   0.77884   1.30000 16
   0.24041   0.13012  -0.09023  -0.40535   1.30000 17
   0.33996   0.29906  -0.08491  -0.29222   1.30000 18
   0.24376  -1.14065  -0.09734   0.43394   1.30000 19
   0.14531  -1.13668  -0.56722   0.94050   1.30000 20
   0.20871   1.87110   0.01119  -0.06370   1.40000  1
   0.27158   1.68333  -0.00910  -0.01509   1.40000  2
   0.05641  -2.14364   0.07696   0.31875   1.40000  3
   0.22708  -2.24401  -0.00188   0.31349   1.40000  4
   0.25752  -0.73449   0.81668  -0.28449   1.40000  5
  -0.10975  -0.80723   0.93596  -0.28904   1.40000  6
   0.14943  -0.77783   0.16098  -0.66078   1.40000  7
   0.16656  -0.69035  -0.25156  -0.07032   1.40000  8
  -0.14099  -0.91062  -0.31213  -0.79174   1.40000  9
  -0.17436  -0.96308   0.07550  -0.99887   1.40000 10
   0.07021  -1.04143  -0.53805   1.13745   1.40000 11
   0.11393  -1.16585  -0.08074   0.41683   1.40000 12
   0.18455  -0.78832   0.10230  -0.55542   1.40000 13
   0.22348  -0.67331   0.59566  -0.45935   1.40000 14
   0.18048  -1.16185  -0.18743   0.40113   1.40000 15
   0.20461  -1.01627  -0.37976   0.78685   1.40000 16
   0.23217   0.08916  -0.07463  -0.41447   1.40000 17
   0.33010   0.26666  -0.11195  -0.35619   1.40000 18
   0.22229  -1.09118  -0.33152   0.56585   1.40000 19
   0.09197  -1.03875  -0.49649   1.01911   1.40000 20
   0.21053   1.86257   0.02519  -0.10707   1.50000  1
   0.26997   1.68378  -0.02308   0.02432   1.50000  2
   0.06604  -2.11149   0.11563   0.32430   1.50000  3
   0.22490  -2.21048  -0.04182   0.35757   1.50000  4
   0.32543  -0.77019   0.52874  -0.42955   1.50000  5
  -0.00480  -0.84477   1.17347  -0.46882   1.50000  6
   0.16520  -0.84993   0.13411  -0.78618   1.50000  7
   0.14269  -0.71202  -0.22335  -0.37658   1.50000  8
  -0.15843  -0.99007  -0.02379  -0.78761   1.50000  9
  -0.15264  -1.05804   0.35907  -0.88351   1.50000 10
   0.02327  -0.92350  -0.38749   1.20527   1.50000 11
   0.10754  -1.10831  -0.05368   0.73927   1.50000 12
   0.18986  -0.84831  -0.01055  -0.65218   1.50000 13
   0.27486  -0.73268   0.41727  -0.72416   1.50000 14
   0.15596  -1.10649  -0.30317   0.71262   1.50000 15
   0.15757  -0.93467  -0.55083   0.85130   1.50000 16
   0.22547   0.04709  -0.05944  -0.42768   1.50000 17
   0.31763   0.22774  -0.13725  -0.42281   1.50000 18
   0.17810  -1.02552  -0.54576   0.75730   1.50000 19
   0.04685  -0.93267  -0.39328   1.09420   1.50000 20
   0.21377   1.84963   0.03959  -0.15194   1.60000  1
   0.26695   1.68825  -0.03749   0.06551   1.60000  2
   0.07954  -2.07880   0.15430   0.32935   1.60000  3
   0.21868  -2.17239  -0.08288   0.40491   1.60000  4
   0.36123  -0.81962   0.17975  -0.55295   1.60000  5
   0.12313  -0.89928   1.33911  -0.58830   1.60000  6
   0.17108  -0.93169  -0.03544  -0.80910   1.60000  7
   0.12106  -0.76833  -0.21712  -0.75770   1.60000  8
  -0.14515  -1.06522   0.28504  -0.70131   1.60000  9
  -0.10415  -1.13635   0.59770  -0.66914   1.60000 10
  -0.00194  -0.80745  -0.09729   1.07271   1.60000 11
   0.10243  -1.01698  -0.04462   1.08902   1.60000 12
   0.17870  -0.91696  -0.22470  -0.69335   1.60000 13
   0.30357  -0.81652   0.13899  -0.93682   1.60000 14
   0.12053  -1.01782  -0.39222   1.06570   1.60000 15
   0.09893  -0.84956  -0.58831   0.80382   1.60000 16
   0.22024   0.00349  -0.04573  -0.44509   1.60000 17
   0.30268   0.18196  -0.16150  -0.49372   1.60000 18
   0.11624  -0.93867  -0.65793   0.96598   1.60000 19
   0.01848  -0.82565  -0.14926   1.00241   1.60000 20
   0.21847   1.83211   0.05453  -0.19893   1.70000  1
   0.26245   1.69696  -0.05247   0.10908   1.70000  2
   0.09692  -2.04562   0.19327   0.33431   1.70000  3
   0.20829  -2.12931  -0.12489   0.45782   1.70000  4
   0.36044  -0.87951  -0.19705  -0.63887   1.70000  5
   0.24894  -0.95592   1.13125  -0.51590   1.70000  6
   0.15849  -1.00274  -0.19393  -0.57724   1.70000  7
   0.09827  -0.86004  -0.23381  -1.02640   1.70000  8
  -0.10297  -1.12798   0.54851  -0.54541   1.70000  9
  -0.03618  -1.19012   0.74679  -0.40327   1.70000 10
   0.00270  -0.71440   0.17026   0.77242   1.70000 11
   0.10125  -0.89518   0.02159   1.29074   1.70000 12
   0.14687  -0.97979  -0.38148  -0.52771   1.70000 13
   0.30001  -0.91543  -0.21338  -1.01342   1.70000 14
   0.08344  -0.89787  -0.32600   1.27841   1.70000 15
   0.04506  -0.78065  -0.47913   0.56369   1.70000 16
   0.21621  -0.04213  -0.03568  -0.46853   1.70000 17
   0.28533   0.12876  -0.18568  -0.57159   1.70000 18
   0.05517  -0.84095  -0.54090   0.95063   1.70000 19
   0.01684  -0.73815   0.09821   0.73017   1.70000 20
   0.22468   1.80980   0.06964  -0.24719   1.80000  1
   0.25644   1.71012  -0.06765   0.15414   1.80000  2
   0.11815  -2.01190   0.23091   0.34054   1.80000  3
   0.19373  -2.08056  -0.16566   0.51871   1.80000  4
   0.32294  -0.94626  -0.53707  -0.69062   1.80000  5
   0.34767  -1.00113   0.83873  -0.39784   1.80000  6
   0.13626  -1.04691  -0.24095  -0.32414   1.80000  7
   0.07730  -0.96130  -0.16963  -0.97510   1.80000  8
  -0.03709  -1.17333   0.76435  -0.35770   1.80000  9
   0.04304  -1.21691   0.82956  -0.13111   1.80000 10
   0.02771  -0.65414   0.30925   0.43400   1.80000 11
   0.10196  -0.76877  -0.03387   1.21727   1.80000 12
   0.10786  -1.02121  -0.38209  -0.31845   1.80000 13
   0.26389  -1.01376  -0.48365  -0.93385   1.80000 14
   0.05476  -0.77095  -0.26053   1.24277   1.80000 15
   0.00489  -0.73530  -0.31314   0.36413   1.80000 16
   0.21288  -0.09055  -0.03233  -0.50208   1.80000 17
   0.26552   0.06727  -0.21081  -0.66070   1.80000 18
   0.00959  -0.75154  -0.36665   0.84226   1.80000 19
   0.03382  -0.68063   0.22158   0.42496   1.80000 20
   0.23234   1.78281   0.08279  -0.29077   1.90000  1
   0.24898   1.72766  -0.08089   0.19469   1.90000  2
   0.14283  -1.97735   0.26007   0.35185   1.90000  3
   0.17544  -2.02529  -0.19754   0.58769   1.90000  4
   0.25661  -1.01671  -0.77911  -0.71778   1.90000  5
   0.41630  -1.03791   0.53970  -0.34764   1.90000  6
   0.11161  -1.07179  -0.24370  -0.19621   1.90000  7
   0.06638  -1.05663  -0.04089  -0.93785   1.90000  8
   0.04914  -1.19816   0.95327  -0.12887   1.90000  9
   0.12792  -1.21563   0.85475   0.16008   1.90000 10
   0.06062  -0.62600   0.32858   0.14797   1.90000 11
   0.09130  -0.65213  -0.18346   1.11121   1.90000 12
   0.07315  -1.04809  -0.29727  -0.24210   1.90000 13
   0.20595  -1.10069  -0.67074  -0.80439   1.90000 14
   0.03030  -0.65045  -0.22301   1.15420   1.90000 15
  -0.01595  -0.70282  -0.10191   0.30927   1.90000 16
   0.20938  -0.14309  -0.03989  -0.55204   1.90000 17
   0.24311  -0.00395  -0.23780  -0.76712   1.90000 18
  -0.01696  -0.67130  -0.15901   0.76433   1.90000 19
   0.05756  -0.65043   0.23605   0.20347   1.90000 20
   0.24099   1.75235   0.08839  -0.31294   2.00000  1
   0.24052   1.74836  -0.08660   0.21397   2.00000  2
   0.16936  -1.94102   0.26524   0.37853   2.00000  3
   0.15505  -1.96296  -0.20481   0.65832   2.00000  4
   0.16818  -1.09083  -0.97645  -0.77135   2.00000  5
   0.45745  -1.07187   0.29080  -0.33478   2.00000  6
   0.08997  -1.09056  -0.17549  -0.19655   2.00000  7
   0.07077  -1.14776   0.13526  -0.86781   2.00000  8
   0.15024  -1.19736   1.03393   0.14334   2.00000  9
   0.20959  -1.18551   0.74533   0.42270   2.00000 10
   0.08948  -0.61852   0.23420   0.03285   2.00000 11
   0.06685  -0.54895  -0.28982   0.93969   2.00000 12
   0.05153  -1.07336  -0.12296  -0.27502   2.00000 13
   0.13172  -1.17449  -0.78329  -0.66109   2.00000 14
   0.01222  -0.54384  -0.13205   0.96603   2.00000 15
  -0.01620  -0.66999   0.09099   0.35702   2.00000 16
   0.20427  -0.20181  -0.06662  -0.62761   2.00000 17
   0.21784  -0.08701  -0.26848  -0.89940   2.00000 18
  -0.02187  -0.59884   0.05808   0.68451   2.00000 19
   0.07805  -0.63398   0.16436   0.14959   2.00000 20
   0.24960   1.72148   0.08185  -0.29873   2.10000  1
   0.23208   1.76920  -0.08020   0.19697   2.10000  2
   0.19473  -1.90071   0.23719   0.43277   2.10000  3
   0.13561  -1.89386  -0.17940   0.72264   2.10000  4
   0.06831  -1.16911  -0.97903  -0.76986   2.10000  5
   0.47535  -1.10521   0.06884  -0.33216   2.10000  6
   0.07764  -1.11313  -0.07607  -0.25960   2.10000  7
   0.09194  -1.22616   0.26261  -0.68584   2.10000  8
   0.24711  -1.17373   0.88220   0.30148   2.10000  9
   0.27259  -1.13771   0.51770   0.50388   2.10000 10
   0.10632  -0.61539   0.10318   0.04175   2.10000 11
   0.03632  -0.46476  -0.30653   0.74861   2.10000 12
   0.04910  -1.10438   0.06608  -0.34917   2.10000 13
   0.05663  -1.22978  -0.69702  -0.44127   2.10000 14
   0.00439  -0.45749  -0.02299   0.76544   2.10000 15
   0.00109  -0.63035   0.24969   0.43856   2.10000 16
   0.19483  -0.26986  -0.13085  -0.74057   2.10000 17
   0.18907  -0.18511  -0.30980  -1.07023   2.10000 18
  -0.00655  -0.53410   0.24016   0.61348   2.10000 19
   0.08982  -0.61778   0.07239   0.18185   2.10000 20
   0.25710   1.69342   0.06757  -0.26015   2.20000  1
   0.22473   1.78694  -0.06609   0.15565   2.20000  2
   0.21611  -1.85356   0.18814   0.51399   2.20000  3
   0.11975  -1.81843  -0.13643   0.78725   2.20000  4
  -0.02188  -1.24182  -0.81006  -0.67961   2.20000  5
   0.47116  -1.13793  -0.15327  -0.31800   2.20000  6
   0.07313  -1.14251  -0.02001  -0.32521   2.20000  7
   0.11800  -1.28430   0.24294  -0.48093   2.20000  8
   0.32706  -1.14014   0.72441   0.36271   2.20000  9
   0.31583  -1.08818   0.36090   0.47676   2.20000 10
   0.11081  -0.60814  -0.00755   0.11390   2.20000 11
   0.00883  -0.39821  -0.22446   0.58426   2.20000 12
   0.06174  -1.14322   0.17201  -0.42347   2.20000 13
  -0.00555  -1.26421  -0.54283  -0.25892   2.20000 14
   0.00820  -0.38982   0.10364   0.58909   2.20000 15
   0.03277  -0.58202   0.37878   0.52843   2.20000 16
   0.17579  -0.35127  -0.26366  -0.89200   2.20000 17
   0.15473  -0.30283  -0.38701  -1.29182   2.20000 18
   0.02439  -0.47539   0.37052   0.56387   2.20000 19
   0.09328  -0.59634   0.00246   0.25421   2.20000 20
   0.26306   1.66964   0.05155  -0.21518   2.30000  1
   0.21892   1.80013  -0.05026   0.10794   2.30000  2
   0.23210  -1.79722   0.13084   0.61621   2.30000  3
   0.10835  -1.73589  -0.09225   0.86724   2.30000  4
  -0.09286  -1.30501  -0.60996  -0.58502   2.30000  5
   0.44494  -1.16742  -0.36561  -0.26345   2.30000  6
   0.07315  -1.17759   0.02005  -0.37447   2.30000  7
   0.13939  -1.32352   0.18341  -0.30903   2.30000  8
   0.39299  -1.10246   0.59377   0.38359   2.30000  9
   0.34681  -1.04368   0.26490   0.40921   2.30000 10
   0.10632  -0.59017  -0.07362   0.25836   2.30000 11
  -0.00512  -0.34902  -0.04654   0.38829   2.30000 12
   0.08138  -1.18787   0.21371  -0.46391   2.30000 13
  -0.05191  -1.28406  -0.38535  -0.15030   2.30000 14
   0.02569  -0.34124   0.24034   0.36718   2.30000 15
   0.07558  -0.52459   0.46776   0.61833   2.30000 16
   0.13963  -0.44813  -0.46226  -1.03618   2.30000 17
   0.10938  -0.44314  -0.51700  -1.49297   2.30000 18
   0.06635  -0.42155   0.45867   0.49562   2.30000 19
   0.09185  -0.56516  -0.02215   0.37852   2.30000 20
   0.26743   1.65035   0.03605  -0.17105   2.40000  1
   0.21466   1.80856  -0.03496   0.06104   2.40000  2
   0.24210  -1.72963   0.06800   0.73947   2.40000  3
   0.10109  -1.64399  -0.05423   0.97705   2.40000  4
  -0.14419  -1.35895  -0.41830  -0.49434   2.40000  5
   0.39992  -1.18937  -0.52580  -0.17509   2.40000  6
   0.07727  -1.21720   0.06363  -0.41732   2.40000  7
   0.15463  -1.34706   0.12110  -0.16574   2.40000  8
   0.44478  -1.06471   0.43565   0.36852   2.40000  9
   0.36942  -1.00665   0.18797   0.33190   2.40000 10
   0.09739  -0.55525  -0.10410   0.42487   2.40000 11
  -0.00072  -0.32202   0.13090   0.15284   2.40000 12
   0.10352  -1.23515   0.22580  -0.47914   2.40000 13
  -0.08279  -1.29642  -0.23222  -0.10535   2.40000 14
   0.05368  -0.31840   0.30885   0.09098   2.40000 15
   0.12216  -0.46221   0.43196   0.59330   2.40000 16
   0.08675  -0.55417  -0.55922  -1.04922   2.40000 17
   0.05719  -0.59306  -0.49021  -1.45425   2.40000 18
   0.11167  -0.38172   0.42432   0.29146   2.40000 19
   0.09005  -0.52092  -0.01519   0.48007   2.40000 20
   0.27030   1.63536   0.02142  -0.12907   2.50000  1
   0.21189   1.81241  -0.02053   0.01622   2.50000  2
   0.24540  -1.64839  -0.00422   0.89100   2.50000  3
   0.09723  -1.53901  -0.02374   1.13106   2.50000  4
  -0.17669  -1.40395  -0.23176  -0.40532   2.50000  5
   0.34064  -1.20347  -0.65977  -0.11582   2.50000  6
   0.08622  -1.26107   0.11730  -0.46050   2.50000  7
   0.16345  -1.35746   0.05385  -0.04636   2.50000  8
   0.47942  -1.02873   0.25626   0.35232   2.50000  9
   0.38432  -0.97700   0.10914   0.26278   2.50000 10
   0.08610  -0.50978  -0.11293   0.47892   2.50000 11
   0.02073  -0.31778   0.29814  -0.06524   2.50000 12
   0.12610  -1.28340   0.22403  -0.48512   2.50000 13
  -0.09819  -1.30641  -0.07406  -0.09879   2.50000 14
   0.08640  -0.32211   0.34300  -0.16014   2.50000 15
   0.15850  -0.40769   0.28807   0.50156   2.50000 16
   0.03316  -0.65358  -0.50247  -0.94276   2.50000 17
   0.01348  -0.73037  -0.38711  -1.30388   2.50000 18
   0.14877  -0.36244   0.31097   0.10103   2.50000 19
   0.08877  -0.47308  -0.00561   0.47812   2.50000 20
   0.27174   1.62448   0.00748  -0.08877   2.60000  1
   0.21053   1.81186  -0.00676  -0.02700   2.60000  2
   0.24058  -1.54999  -0.09737   1.08592   2.60000  3
   0.09657  -1.41614   0.01549   1.32956   2.60000  4
  -0.19047  -1.43968  -0.04349  -0.30628   2.60000  5
   0.26755  -1.21479  -0.80430  -0.12450   2.60000  6
   0.10112  -1.30933   0.18188  -0.50339   2.60000  7
   0.16493  -1.35721  -0.02711   0.04746   2.60000  8
   0.49607  -0.99412   0.07749   0.33974   2.60000  9
   0.39108  -0.95379   0.02557   0.20267   2.60000 10
   0.07692  -0.45851  -0.05911   0.55217   2.60000 11
   0.05893  -0.33468   0.46483  -0.27053   2.60000 12
   0.14772  -1.33194   0.20260  -0.48167   2.60000 13
  -0.09700  -1.31668   0.10209  -0.10693   2.60000 14
   0.12167  -0.34910   0.35665  -0.36851   2.60000 15
   0.17894  -0.36179   0.11845   0.41055   2.60000 16
  -0.01311  -0.74551  -0.42178  -0.91035   2.60000 17
  -0.02075  -0.85681  -0.29834  -1.23804   2.60000 18
   0.17280  -0.36007   0.16526  -0.04568   2.60000 19
   0.09016  -0.42414   0.04048   0.50358   2.60000 20
   0.27181   1.61758  -0.00610  -0.04920   2.70000  1
   0.21053   1.80703   0.00665  -0.06954   2.70000  2
   0.22417  -1.42934  -0.24439   1.33176   2.70000  3
   0.10197  -1.27736   0.09546   1.39773   2.70000  4
  -0.18547  -1.46445   0.14265  -0.18529   2.70000  5
   0.17987  -1.23148  -0.94365  -0.22291   2.70000  6
   0.12230  -1.35922   0.23703  -0.46469   2.70000  7
   0.15785  -1.34812  -0.11091   0.13614   2.70000  8
   0.49503  -0.96088  -0.09799   0.32432   2.70000  9
   0.38941  -0.93631  -0.05901   0.14742   2.70000 10
   0.07693  -0.39960   0.07381   0.61324   2.70000 11
   0.11251  -0.37033   0.59230  -0.42359   2.70000 12
   0.16488  -1.37669   0.13442  -0.38768   2.70000 13
  -0.07676  -1.32716   0.30717  -0.09554   2.70000 14
   0.15571  -0.39176   0.31219  -0.45590   2.70000 15
   0.18240  -0.32797  -0.04367   0.25113   2.70000 16
  -0.05093  -0.83808  -0.33257  -0.95161   2.70000 17
  -0.04601  -0.98036  -0.20382  -1.24470   2.70000 18
   0.18126  -0.36989   0.00417  -0.14227   2.70000 19
   0.09856  -0.37355   0.13625   0.49117   2.70000 20
   0.27052   1.61465  -0.01963  -0.00935   2.80000  1
   0.21186   1.79794   0.02004  -0.11241   2.80000  2
   0.18925  -1.28749  -0.45440   1.46252   2.80000  3
   0.11353  -1.14297   0.11560   1.27658   2.80000  4
  -0.16207  -1.47596   0.32532  -0.04040   2.80000  5
   0.08253  -1.25902  -0.97206  -0.30842   2.80000  6
   0.14667  -1.39677   0.23179  -0.26623   2.80000  7
   0.14367  -1.32981  -0.17344   0.23157   2.80000  8
   0.47646  -0.92948  -0.27400   0.30237   2.80000  9
   0.37925  -0.92420  -0.14488   0.09541   2.80000 10
   0.09363  -0.34044   0.26016   0.54622   2.80000 11
   0.17317  -0.41395   0.59937  -0.42618   2.80000 12
   0.17355  -1.40503   0.02902  -0.16410   2.80000 13
  -0.03511  -1.33387   0.52567  -0.02764   2.80000 14
   0.18277  -0.43506   0.22930  -0.39446   2.80000 15
   0.17208  -0.31371  -0.15091   0.03060   2.80000 16
  -0.07896  -0.93776  -0.22250  -1.05090   2.80000 17
  -0.06005  -1.10804  -0.06418  -1.31679   2.80000 18
   0.17498  -0.38686  -0.11547  -0.18922   2.80000 19
   0.11827  -0.33014   0.25519   0.36082   2.80000 20
   0.26787   1.61576  -0.03340   0.03178   2.90000  1
   0.21455   1.78451   0.03369  -0.15661   2.90000  2
   0.13534  -1.14297  -0.60677   1.41415   2.90000  3
   0.12318  -1.02283   0.08082   1.12690   2.90000  4
  -0.12032  -1.47133   0.51007   0.14104   2.90000  5
  -0.01026  -1.28943  -0.86991  -0.28768   2.90000  6
   0.16470  -1.41132   0.11466  -0.02856   2.90000  7
   0.12174  -1.30209  -0.27306   0.31443   2.90000  8
   0.44006  -0.90065  -0.45509   0.27328   2.90000  9
   0.36008  -0.91700  -0.24123   0.05069   2.90000 10
   0.12727  -0.29381   0.39893   0.37381   2.90000 11
   0.22890  -0.45376   0.50290  -0.37101   2.90000 12
   0.16904  -1.40934  -0.12385   0.07196   2.90000 13
   0.02678  -1.33047   0.68900   0.10158   2.90000 14
   0.20231  -0.46965   0.16616  -0.29918   2.90000 15
   0.15485  -0.32094  -0.17861  -0.16475   2.90000 16
  -0.09366  -1.04957  -0.06060  -1.18717   2.90000 17
  -0.05624  -1.24346   0.14798  -1.38189   2.90000 18
   0.16189  -0.40642  -0.12783  -0.19741   2.90000 19
   0.14792  -0.30315   0.32616   0.17465   2.90000 20
   0.26382   1.62108  -0.04762   0.07500   3.00000  1
   0.21862   1.76655   0.04779  -0.20294   3.00000  2
   0.07249  -1.00566  -0.62445   1.33283   3.00000  3
   0.13118  -0.91667   0.08651   1.00478   3.00000  4
  -0.06017  -1.44574   0.68939   0.37858   3.00000  5
  -0.08806  -1.31601  -0.67060  -0.24682   3.00000  6
   0.16756  -1.40338  -0.06504   0.18303   3.00000  7
   0.08879  -1.26980  -0.37705   0.31424   3.00000  8
   0.38530  -0.87493  -0.64008   0.24134   3.00000  9
   0.33026  -0.91327  -0.35906   0.03001   3.00000 10
   0.17032  -0.26750   0.44801   0.14709   3.00000 11
   0.27224  -0.48902   0.35937  -0.33940   3.00000 12
   0.14822  -1.39172  -0.29336   0.27465   3.00000 13
   0.09652  -1.31530   0.67937   0.18500   3.00000 14
   0.21673  -0.49580   0.12442  -0.22971   3.00000 15
   0.13961  -0.34449  -0.11216  -0.29870   3.00000 16
  -0.08949  -1.17455   0.14634  -1.30783   3.00000 17
  -0.03133  -1.38004   0.33558  -1.31948   3.00000 18
   0.15212  -0.42607  -0.05899  -0.19711   3.00000 19
   0.18126  -0.29562   0.33164  -0.02455   3.00000 20
   0.25834   1.63083  -0.06211   0.12019   3.10000  1
   0.22412   1.74385   0.06220  -0.25124   3.10000  2
   0.01504  -0.87530  -0.50890   1.28198   3.10000  3
   0.14151  -0.81979   0.12344   0.94260   3.10000  4
   0.01573  -1.39655   0.81424   0.59116   3.10000  5
  -0.14215  -1.33869  -0.40431  -0.20441   3.10000  6
   0.15081  -1.37583  -0.26963   0.36036   3.10000  7
   0.04943  -1.24218  -0.39390   0.22652   3.10000  8
   0.31231  -0.85204  -0.81630   0.22026   3.10000  9
   0.28777  -0.90942  -0.49091   0.05556   3.10000 10
   0.21474  -0.26485   0.43276  -0.09501   3.10000 11
   0.30009  -0.52261   0.19394  -0.33617   3.10000 12
   0.11108  -1.35623  -0.43946   0.42192   3.10000 13
   0.15824  -1.29639   0.53550   0.18479   3.10000 14
   0.22733  -0.51686   0.08664  -0.19788   3.10000 15
   0.13429  -0.38016   0.01091  -0.41560   3.10000 16
  -0.06459  -1.31017   0.35122  -1.38846   3.10000 17
   0.00786  -1.50099   0.43544  -1.07548   3.10000 18
   0.15106  -0.44658   0.03985  -0.21853   3.10000 19
   0.21301  -0.30799   0.29937  -0.22257   3.10000 20
   0.25143   1.64507  -0.07556   0.16375   3.20000  1
   0.23103   1.71635   0.07558  -0.29787   3.20000  2
  -0.02727  -0.74806  -0.32966   1.26623   3.20000  3
   0.15619  -0.72657   0.16888   0.92895   3.20000  4
   0.09899  -1.33034   0.82753   0.71783   3.20000  5
  -0.16880  -1.35696  -0.13478  -0.16037   3.20000  6
   0.11497  -1.33317  -0.43196   0.48273   3.20000  7
   0.01341  -1.22599  -0.30987   0.09873   3.20000  8
   0.22350  -0.82953  -0.94668   0.23933   3.20000  9
   0.23263  -0.90059  -0.60615   0.12695   3.20000 10
   0.25563  -0.28667   0.37924  -0.34279   3.20000 11
   0.31012  -0.55671   0.00097  -0.34602   3.20000 12
   0.06362  -1.31044  -0.48513   0.48022   3.20000 13
   0.20085  -1.27868   0.31015   0.17318   3.20000 14
   0.23353  -0.53657   0.03305  -0.20142   3.20000 15
   0.14225  -0.42821   0.14839  -0.54971   3.20000 16
  -0.01981  -1.44541   0.53053  -1.27890   3.20000 17
   0.05304  -1.59406   0.45618  -0.79483   3.20000 18
   0.16017  -0.47113   0.14111  -0.28060   3.20000 19
   0.24053  -0.34028   0.24816  -0.42539   3.20000 20
   0.24340   1.66310  -0.08370   0.19272   3.30000  1
   0.23906   1.68475   0.08366  -0.32984   3.30000  2
  -0.04938  -0.62205  -0.10482   1.24920   3.30000  3
   0.17467  -0.63207   0.20001   0.97128   3.30000  4
   0.17647  -1.25527   0.70725   0.77626   3.30000  5
  -0.17060  -1.36994   0.09211  -0.09312   3.30000  6
   0.06900  -1.28053  -0.46945   0.56783   3.30000  7
  -0.01044  -1.22072  -0.16367   0.01840   3.30000  8
   0.12690  -0.80250  -0.96264   0.30575   3.30000  9
   0.16802  -0.88338  -0.67726   0.21867   3.30000 10
   0.28937  -0.33387   0.28842  -0.60428   3.30000 11
   0.29899  -0.59126  -0.22955  -0.33792   3.30000 12
   0.01848  -1.26095  -0.40691   0.51078   3.30000 13
   0.22020  -1.26043   0.08157   0.20039   3.30000 14
   0.23286  -0.55788  -0.05171  -0.22562   3.30000 15
   0.16360  -0.49100   0.27419  -0.70896   3.30000 16
   0.03735  -1.56361   0.59703  -1.09222   3.30000 17
   0.09752  -1.66211   0.42860  -0.57609   3.30000 18
   0.17868  -0.50448   0.22426  -0.39454   3.30000 19
   0.26185  -0.39375   0.17261  -0.64869   3.30000 20
   0.23508   1.68245  -0.08076   0.18786   3.40000  1
   0.24738   1.65154   0.08065  -0.32793   3.40000  2
  -0.04715  -0.50046   0.14872   1.16687   3.40000  3
   0.19674  -0.53294   0.24384   0.97552   3.40000  4
   0.23929  -1.17604   0.54611   0.80596   3.40000  5
  -0.15161  -1.37421   0.28154   0.01455   3.40000  6
   0.02256  -1.21996  -0.45570   0.63949   3.40000  7
  -0.01973  -1.21969  -0.02808   0.01713   3.40000  8
   0.03528  -0.76845  -0.85047   0.37055   3.40000  9
   0.09924  -0.85677  -0.68646   0.31367   3.40000 10
   0.31149  -0.40826   0.14195  -0.88638   3.40000 11
   0.26383  -0.62177  -0.46584  -0.25755   3.40000 12
  -0.01711  -1.20826  -0.30275   0.54092   3.40000 13
   0.21891  -1.23668  -0.09746   0.28331   3.40000 14
   0.22279  -0.58085  -0.14369  -0.22655   3.40000 15
   0.19559  -0.56891   0.35420  -0.82583   3.40000 16
   0.09808  -1.66613   0.61418  -0.96679   3.40000 17
   0.13826  -1.71101   0.38542  -0.41013   3.40000 18
   0.20369  -0.55061   0.26771  -0.51898   3.40000 19
   0.27340  -0.47095   0.04688  -0.89571   3.40000 20
   0.22757   1.69962  -0.06840   0.15208   3.50000  1
   0.25487   1.62022   0.06820  -0.29507   3.50000  2
  -0.02122  -0.39161   0.35727   1.00019   3.50000  3
   0.22301  -0.44704   0.27095   0.71167   3.50000  4
   0.28534  -1.09387   0.37483   0.84193   3.50000  5
  -0.11558  -1.36569   0.43220   0.16194   3.50000  6
  -0.02097  -1.15383  -0.40587   0.67763   3.50000  7
  -0.01783  -1.21412   0.05703   0.10768   3.50000  8
  -0.04005  -0.73009  -0.64539   0.38572   3.50000  9
   0.03341  -0.82079  -0.61602   0.40314   3.50000 10
   0.31480  -0.51060  -0.08828  -1.14834   3.50000 11
   0.21003  -0.64141  -0.57700  -0.14405   3.50000 12
  -0.04158  -1.15322  -0.18433   0.55944   3.50000 13
   0.20227  -1.20263  -0.23072   0.40083   3.50000 14
   0.20692  -0.60314  -0.15828  -0.23058   3.50000 15
   0.23117  -0.65012   0.33663  -0.77674   3.50000 16
   0.15973  -1.75789   0.61624  -0.86933   3.50000 17
   0.17473  -1.74593   0.34626  -0.29799   3.50000 18
   0.23024  -0.60532   0.25041  -0.56656   3.50000 19
   0.26913  -0.57048  -0.13574  -1.07361   3.50000 20
   0.22149   1.71251  -0.05306   0.10499   3.60000  1
   0.26092   1.59289   0.05275  -0.25094   3.60000  2
   0.02150  -0.30131   0.48431   0.80573   3.60000  3
   0.24795  -0.39126   0.21737   0.41614   3.60000  4
   0.31431  -1.00616   0.20334   0.92254   3.60000  5
  -0.06653  -1.34078   0.54232   0.34108   3.60000  6
  -0.05657  -1.08489  -0.29599   0.70225   3.60000  7
  -0.00961  -1.19635   0.10449   0.25312   3.60000  8
  -0.09259  -0.69357  -0.40272   0.33437   3.60000  9
  -0.02128  -0.77730  -0.46620   0.45771   3.60000 10
   0.29273  -0.63493  -0.35300  -1.32475   3.60000 11
   0.15529  -0.65495  -0.49560  -0.15289   3.60000 12
  -0.05363  -1.09595  -0.05521   0.59021   3.60000 13
   0.17318  -1.15605  -0.35010   0.53324   3.60000 14
   0.19314  -0.63049  -0.11554  -0.33519   3.60000 15
   0.25904  -0.72187   0.20741  -0.65676   3.60000 16
   0.22074  -1.83976   0.60151  -0.76721   3.60000 17
   0.20818  -1.77251   0.32599  -0.24128   3.60000 18
   0.25078  -0.66359   0.14663  -0.60313   3.60000 19
   0.24695  -0.68160  -0.29870  -1.12924   3.60000 20
   0.21694   1.72061  -0.03797   0.05723   3.70000  1
   0.26543   1.57004   0.03751  -0.20622   3.70000  2
   0.07356  -0.22992   0.54916   0.62613   3.70000  3
   0.26552  -0.36090   0.13263   0.20310   3.70000  4
   0.32497  -0.90681  -0.00356   1.07657   3.70000  5
  -0.00834  -1.29648   0.61560   0.55070   3.70000  6
  -0.07812  -1.01275  -0.12399   0.74467   3.70000  7
   0.00318  -1.16264   0.15439   0.42654   3.70000  8
  -0.12042  -0.66513  -0.15407   0.22534   3.70000  9
  -0.05809  -0.73157  -0.26454   0.44276   3.70000 10
   0.24570  -0.77213  -0.56903  -1.39739   3.70000 11
   0.11236  -0.67656  -0.36575  -0.29584   3.70000 12
  -0.05217  -1.03408   0.08852   0.65339   3.70000 13
   0.13251  -1.09527  -0.46031   0.68753   3.70000 14
   0.18277  -0.67342  -0.10114  -0.53496   3.70000 15
   0.27058  -0.78319   0.01291  -0.58619   3.70000 16
   0.27968  -1.91142   0.57626  -0.66754   3.70000 17
   0.24047  -1.79518   0.32163  -0.21480   3.70000 18
   0.25729  -0.72804  -0.02577  -0.69911   3.70000 19
   0.21216  -0.79311  -0.38246  -1.09190   3.70000 20
   0.21386   1.72402  -0.02380   0.01141   3.80000  1
   0.26845   1.55157   0.02317  -0.16358   3.80000  2
   0.13018  -0.17534   0.57890   0.46843   3.80000  3
   0.27447  -0.34884   0.04686   0.04443   3.80000  4
   0.30880  -0.79327  -0.33408   1.14759   3.80000  5
   0.05537  -1.22914   0.65224   0.80609   3.80000  6
  -0.07886  -0.93533   0.12351   0.80350   3.80000  7
   0.02219  -1.10940   0.23192   0.65002   3.80000  8
  -0.12358  -0.65018   0.08961   0.06556   3.80000  9
  -0.07383  -0.69189  -0.05153   0.33470   3.80000 10
   0.18316  -0.90938  -0.67519  -1.32325   3.80000 11
   0.08095  -0.71621  -0.26861  -0.50305   3.80000 12
  -0.03445  -0.96408   0.27689   0.74996   3.80000 13
   0.08273  -1.01709  -0.51789   0.88326   3.80000 14
   0.17119  -0.73872  -0.13718  -0.77151   3.80000 15
   0.25999  -0.84182  -0.23229  -0.58666   3.80000 16
   0.33595  -1.97371   0.54934  -0.58059   3.80000 17
   0.27273  -1.81576   0.32424  -0.19748   3.80000 18
   0.24456  -0.80490  -0.23249  -0.83159   3.80000 19
   0.17213  -0.89848  -0.42363  -1.00724   3.80000 20
   0.21216   1.72295  -0.01042  -0.03261   3.90000  1
   0.27009   1.53726   0.00962  -0.12288   3.90000  2
   0.18860  -0.13575   0.58607   0.32526   3.90000  3
   0.27507  -0.35121  -0.03411  -0.09020   3.90000  4
   0.25984  -0.68692  -0.62721   0.95778   3.90000  5
   0.12073  -1.13247   0.64326   1.14499   3.90000  6
  -0.05069  -0.85335   0.44715   0.82195   3.90000  7
   0.05122  -1.02975   0.35678   0.94922   3.90000  8
  -0.10269  -0.65364   0.32802  -0.14307   3.90000  9
  -0.06897  -0.66778   0.14600   0.13287   3.90000 10
   0.10946  -1.03255  -0.78802  -1.11326   3.90000 11
   0.05753  -0.77793  -0.20569  -0.73384   3.90000 12
   0.00552  -0.88505   0.52301   0.81482   3.90000 13
   0.03446  -0.91965  -0.42115   1.04238   3.90000 14
   0.15345  -0.82644  -0.23576  -0.97094   3.90000 15
   0.22200  -0.89948  -0.53848  -0.56482   3.90000 16
   0.38960  -2.02797   0.52386  -0.50665   3.90000 17
   0.30538  -1.83473   0.32884  -0.18206   3.90000 18
   0.20884  -0.89094  -0.49654  -0.87328   3.90000 19
   0.12440  -0.99254  -0.53524  -0.85567   3.90000 20
   0.21176   1.71753   0.00247  -0.07566   4.00000  1
   0.27040   1.52696  -0.00343  -0.08331   4.00000  2
   0.24674  -0.11000   0.57356   0.19105   4.00000  3
   0.26762  -0.36700  -0.11624  -0.22834   4.00000  4
   0.18647  -0.60253  -0.82891   0.72827   4.00000  5
   0.17865  -0.99908   0.47380   1.49791   4.00000  6
   0.00917  -0.77533   0.71992   0.71102   4.00000  7
   0.09264  -0.92271   0.44674   1.15753   4.00000  8
  -0.05777  -0.68042   0.57293  -0.39839   4.00000  9
  -0.04471  -0.66783   0.34259  -0.14292   4.00000 10
   0.03298  -1.12583  -0.71078  -0.73858   4.00000 11
   0.03955  -0.86104  -0.13801  -0.88872   4.00000 12
   0.06591  -0.80619   0.63967   0.72927   4.00000 13
   0.00219  -0.81418  -0.21324   1.03804   4.00000 14
   0.12049  -0.92882  -0.41827  -1.03802   4.00000 15
   0.15143  -0.95392  -0.85865  -0.50795   4.00000 16
   0.44078  -2.07539   0.49997  -0.44326   4.00000 17
   0.33846  -1.85218   0.33239  -0.16695   4.00000 18
   0.14397  -0.97588  -0.78337  -0.79292   4.00000 19
   0.06928  -1.06410  -0.53312  -0.54806   4.00000 20
   0.21265   1.70781   0.01518  -0.11876   4.10000  1
   0.26941   1.52060  -0.01628  -0.04386   4.10000  2
   0.30272  -0.09726   0.54343   0.06530   4.10000  3
   0.25127  -0.39779  -0.21471  -0.39359   4.10000  4
   0.09698  -0.54293  -0.93605   0.45008   4.10000  5
   0.20830  -0.84291   0.11555   1.59339   4.10000  6
   0.08469  -0.71382   0.75474   0.51944   4.10000  7
   0.13222  -0.80667   0.31757   1.15384   4.10000  8
   0.01201  -0.73241   0.81401  -0.61680   4.10000  9
   0.00062  -0.69646   0.56657  -0.41600   4.10000 10
  -0.03103  -1.18177  -0.56775  -0.39017   4.10000 11
   0.03412  -0.94763   0.02532  -0.82814   4.10000 12
   0.12483  -0.74165   0.51469   0.57057   4.10000 13
  -0.00773  -0.71567   0.01972   0.92213   4.10000 14
   0.07471  -1.02461  -0.48959  -0.85587   4.10000 15
   0.05858  -0.99590  -0.95808  -0.32888   4.10000 16
   0.48963  -2.11690   0.47725  -0.38827   4.10000 17
   0.37176  -1.86815   0.33308  -0.15266   4.10000 18
   0.05986  -1.04242  -0.87110  -0.53405   4.10000 19
   0.02041  -1.10140  -0.44353  -0.20773   4.10000 20
   0.21480   1.69374   0.02799  -0.16292   4.20000  1
   0.26714   1.51822  -0.02922  -0.00350   4.20000  2
   0.35501  -0.09662   0.50066  -0.05121   4.20000  3
   0.22394  -0.44738  -0.33452  -0.60993   4.20000  4
   0.00602  -0.51385  -0.85084   0.13792   4.20000  5
   0.20289  -0.68203  -0.21404   1.60428   4.20000  6
   0.15608  -0.67101   0.66313   0.34593   4.20000  7
   0.15507  -0.69133   0.14884   1.13984   4.20000  8
   0.10065  -0.79551   0.92481  -0.60238   4.20000  9
   0.06751  -0.74479   0.75744  -0.51012   4.20000 10
  -0.08023  -1.20515  -0.41437  -0.08147   4.20000 11
   0.03899  -1.02705   0.03703  -0.76295   4.20000 12
   0.16718  -0.69029   0.33466   0.46692   4.20000 13
   0.00750  -0.63255   0.28322   0.73900   4.20000 14
   0.02197  -1.09965  -0.56558  -0.64581   4.20000 15
  -0.03403  -1.02347  -0.86831  -0.24623   4.20000 16
   0.53626  -2.15327   0.45563  -0.34000   4.20000 17
   0.40498  -1.88277   0.33100  -0.14008   4.20000 18
  -0.02603  -1.08515  -0.82574  -0.33589   4.20000 19
  -0.01971  -1.10805  -0.36178   0.05859   4.20000 20
   0.21825   1.67516   0.04113  -0.20905   4.30000  1
   0.26356   1.51996  -0.04245   0.03869   4.30000  2
   0.40255  -0.10730   0.44862  -0.16184   4.30000  3
   0.18409  -0.52268  -0.45917  -0.89582   4.30000  4
  -0.06860  -0.51218  -0.62884  -0.08442   4.30000  5
   0.17164  -0.52858  -0.37608   1.43655   4.30000  6
   0.21480  -0.63991   0.49758   0.29939   4.30000  7
   0.16564  -0.58174   0.07531   1.04399   4.30000  8
   0.18963  -0.84847   0.83108  -0.45346   4.30000  9
   0.14688  -0.79208   0.80244  -0.42174   4.30000 10
  -0.11366  -1.19879  -0.25431   0.20338   4.30000 11
   0.03652  -1.09960  -0.10010  -0.68119   4.30000 12
   0.19283  -0.64500   0.18435   0.45358   4.30000 13
   0.04735  -0.56620   0.50589   0.59563   4.30000 14
  -0.03744  -1.15371  -0.61531  -0.43491   4.30000 15
  -0.11196  -1.04891  -0.68351  -0.27442   4.30000 16
   0.58079  -2.18508   0.43521  -0.29703   4.30000 17
   0.43791  -1.89623   0.32729  -0.12953   4.30000 18
  -0.10188  -1.11237  -0.68048  -0.21901   4.30000 19
  -0.05290  -1.09424  -0.30865   0.19118   4.30000 20
   0.22304   1.65185   0.05456  -0.25752   4.40000  1
   0.25864   1.52603  -0.05598   0.08305   4.40000  2
   0.44431  -0.12892   0.38384  -0.27008   4.40000  3
   0.13558  -0.61926  -0.48077  -0.98396   4.40000  4
  -0.11933  -0.52703  -0.39138  -0.20011   4.40000  5
   0.13224  -0.39894  -0.39653   1.15243   4.40000  6
   0.25376  -0.60936   0.27819   0.30799   4.40000  7
   0.17045  -0.48482   0.01822   0.87986   4.40000  8
   0.26493  -0.88671   0.67228  -0.31415   4.40000  9
   0.22423  -0.82894   0.73332  -0.31852   4.40000 10
  -0.13176  -1.16633  -0.11608   0.43011   4.40000 11
   0.01785  -1.16174  -0.27400  -0.55457   4.40000 12
   0.20494  -0.59848   0.05985   0.47048   4.40000 13
   0.10708  -0.51292   0.67253   0.46790   4.40000 14
  -0.09956  -1.18653  -0.61914  -0.22009   4.40000 15
  -0.17025  -1.07937  -0.48115  -0.33448   4.40000 16
   0.62334  -2.21281   0.41598  -0.25816   4.40000 17
   0.47042  -1.90874   0.32301  -0.12094   4.40000 18
  -0.16100  -1.13029  -0.49891  -0.14218   4.40000 19
  -0.08291  -1.07464  -0.29786   0.18294   4.40000 20
   0.22915   1.62364   0.06751  -0.30638   4.50000  1
   0.25237   1.53658  -0.06901   0.12764   4.50000  2
   0.47874  -0.16118   0.30177  -0.37426   4.50000  3
   0.09117  -0.71499  -0.40787  -0.93199   4.50000  4
  -0.14847  -0.55082  -0.19932  -0.27266   4.50000  5
   0.09497  -0.29654  -0.34044   0.90602   4.50000  6
   0.27120  -0.57890   0.07855   0.30301   4.50000  7
   0.17007  -0.40614  -0.01724   0.69662   4.50000  8
   0.32409  -0.91189   0.51262  -0.19254   4.50000  9
   0.29218  -0.85668   0.62237  -0.24150   4.50000 10
  -0.13950  -1.11723  -0.05319   0.52683   4.50000 11
  -0.01787  -1.20918  -0.43647  -0.38814   4.50000 12
   0.20602  -0.55228  -0.02769   0.45323   4.50000 13
   0.17754  -0.47224   0.71773   0.35051   4.50000 14
  -0.15954  -1.19736  -0.57192   0.00366   4.50000 15
  -0.20799  -1.11473  -0.27343  -0.36233   4.50000 16
   0.66402  -2.23682   0.39781  -0.22252   4.50000 17
   0.50251  -1.92048   0.31882  -0.11422   4.50000 18
  -0.20136  -1.14078  -0.30868  -0.06639   4.50000 19
  -0.11331  -1.05992  -0.31192   0.10540   4.50000 20
   0.23643   1.59085   0.07698  -0.34654   4.60000  1
   0.24494   1.55127  -0.07858   0.16331   4.60000  2
   0.50408  -0.20356   0.20205  -0.47220   4.60000  3
   0.05269  -0.80704  -0.37075  -0.91680   4.60000  4
  -0.16055  -0.58136  -0.04806  -0.33832   4.60000  5
   0.06494  -0.21589  -0.25903   0.71433   4.60000  6
   0.27120  -0.54788  -0.06925   0.32260   4.60000  7
   0.16863  -0.34485  -0.00572   0.53265   4.60000  8
   0.36797  -0.92583   0.36807  -0.08933   4.60000  9
   0.34851  -0.87820   0.50488  -0.19266   4.60000 10
  -0.14443  -1.06519  -0.05076   0.49915   4.60000 11
  -0.06849  -1.23835  -0.57099  -0.19105   4.60000 12
   0.20173  -0.50742  -0.04688   0.44516   4.60000 13
   0.24749  -0.44222   0.66828   0.25179   4.60000 14
  -0.21239  -1.18646  -0.47717   0.20747   4.60000 15
  -0.22553  -1.14925  -0.08396  -0.31483   4.60000 16
   0.70294  -2.25740   0.38056  -0.18945   4.60000 17
   0.53421  -1.93164   0.31515  -0.10936   4.60000 18
  -0.22321  -1.14353  -0.13238   0.01015   4.60000 19
  -0.14516  -1.05401  -0.32245   0.01394   4.60000 20
   0.24424   1.55528   0.07732  -0.35858   4.70000  1
   0.23697   1.56829  -0.07903   0.17062   4.70000  2
   0.51854  -0.25542   0.08377  -0.56407   4.70000  3
   0.01495  -0.89975  -0.39605  -0.94299   4.70000  4
  -0.15909  -0.61869   0.07271  -0.40974   4.70000  5
   0.04311  -0.15254  -0.17859   0.55691   4.70000  6
   0.25933  -0.51353  -0.15816   0.36669   4.70000  7
   0.16956  -0.29902   0.02571   0.38608   4.70000  8
   0.39841  -0.93035   0.24462  -0.00391   4.70000  9
   0.39340  -0.89572   0.39425  -0.15901   4.70000 10
  -0.15005  -1.01927  -0.06124   0.41337   4.70000 11
  -0.13111  -1.24656  -0.67591   0.03160   4.70000 12
   0.19836  -0.46339  -0.01515   0.43350   4.70000 13
   0.30919  -0.42127   0.55906   0.17172   4.70000 14
  -0.25305  -1.15791  -0.32515   0.35067   4.70000 15
  -0.22657  -1.17525   0.05308  -0.19411   4.70000 16
   0.74016  -2.27478   0.36407  -0.15840   4.70000 17
   0.56557  -1.94241   0.31227  -0.10629   4.70000 18
  -0.22892  -1.13907   0.01186   0.07808   4.70000 19
  -0.17699  -1.05658  -0.30945  -0.06213   4.70000 20
   0.25153   1.52036   0.06725  -0.33518   4.80000  1
   0.22950   1.58417  -0.06911   0.14225   4.80000  2
   0.52008  -0.31612  -0.05701  -0.64776   4.80000  3
  -0.02926  -0.99620  -0.50253  -0.98406   4.80000  4
  -0.14691  -0.66372   0.16611  -0.49359   4.80000  5
   0.02903  -0.10384  -0.10397   0.41978   4.80000  6
   0.24140  -0.47442  -0.19273   0.41492   4.80000  7
   0.17388  -0.26743   0.06070   0.24595   4.80000  8
   0.41766  -0.92720   0.14413   0.06402   4.80000  9
   0.42757  -0.91004   0.28971  -0.12679   4.80000 10
  -0.15628  -0.98347  -0.06145   0.29677   4.80000 11
  -0.20189  -1.23097  -0.72421   0.28461   4.80000 12
   0.19927  -0.42110   0.03430   0.41072   4.80000 13
   0.35869  -0.40679   0.43107   0.12320   4.80000 14
  -0.27553  -1.11889  -0.11768   0.41813   4.80000 15
  -0.21681  -1.18628   0.13211  -0.01951   4.80000 16
   0.77577  -2.28913   0.34815  -0.12888   4.80000 17
   0.59669  -1.95296   0.31028  -0.10486   4.80000 18
  -0.22228  -1.12797   0.11276   0.14410   4.80000 19
  -0.20611  -1.06596  -0.26788  -0.12380   4.80000 20
   0.25754   1.48882   0.05266  -0.29422   4.90000  1
   0.22329   1.59615  -0.05471   0.09603   4.90000  2
   0.50629  -0.38430  -0.22214  -0.70999   4.90000  3
  -0.08815  -1.09500  -0.68461  -0.97800   4.90000  4
  -0.12690  -0.71803   0.22816  -0.59639   4.90000  5
   0.02214  -0.06819  -0.03458   0.29457   4.90000  6
   0.22205  -0.43084  -0.18886   0.45476   4.90000  7
   0.18168  -0.24993   0.09510   0.10294   4.90000  8
   0.42795  -0.91810   0.06471   0.11548   4.90000  9
   0.45141  -0.92077   0.18735  -0.08573   4.90000 10
  -0.16253  -0.96135  -0.06757   0.14029   4.90000 11
  -0.27129  -1.18957  -0.63650   0.53733   4.90000 12
   0.20516  -0.38153   0.08215   0.37931   4.90000 13
   0.39583  -0.39589   0.31447   0.09570   4.90000 14
  -0.27593  -1.07652   0.10857   0.41721   4.90000 15
  -0.20234  -1.17786   0.14813   0.19393   4.90000 16
   0.80981  -2.30059   0.33261  -0.10047   4.90000 17
   0.62766  -1.96343   0.30920  -0.10496   4.90000 18
  -0.20817  -1.11020   0.15998   0.21016   4.90000 19
  -0.22949  -1.08081  -0.19411  -0.16793   4.90000 20
   0.26206   1.46159   0.03779  -0.25041   5.00000  1
   0.21856   1.60328  -0.04009   0.04666   5.00000  2
   0.47552  -0.45635  -0.38953  -0.72065   5.00000  3
  -0.16627  -1.18703  -0.85927  -0.82936   5.00000  4
  -0.10268  -0.78385   0.24765  -0.72433   5.00000  5
   0.02199  -0.04472   0.03113   0.17559   5.00000  6
   0.20459  -0.38391  -0.15592   0.48115   5.00000  7
   0.19283  -0.24709   0.12744  -0.04713   5.00000  8
   0.43109  -0.90453  -0.00009   0.15422   5.00000  9
   0.46502  -0.92672   0.08444  -0.03073   5.00000 10
  -0.17068  -0.95576  -0.09776  -0.02808   5.00000 11
  -0.32423  -1.12616  -0.40465   0.71106   5.00000 12
   0.21521  -0.34547   0.11539   0.34081   5.00000 13
   0.42184  -0.38811   0.20384   0.05546   5.00000 14
  -0.25512  -1.03803   0.29563   0.34219   5.00000 15
  -0.18841  -1.14724   0.12265   0.41034   5.00000 16
   0.84230  -2.30925   0.31726  -0.07280   5.00000 17
   0.65856  -1.97400   0.30901  -0.10660   5.00000 18
  -0.19231  -1.08689   0.14550   0.25004   5.00000 19
  -0.24389  -1.09773  -0.09044  -0.15742   5.00000 20
   0.26513   1.43867   0.02382  -0.20837   5.10000  1
   0.21524   1.60554  -0.02637  -0.00120   5.10000  2
   0.42983  -0.52676  -0.51607  -0.68411   5.10000  3
  -0.25370  -1.25598  -0.86299  -0.54791   5.10000  4
  -0.07948  -0.86369   0.20324  -0.87487   5.10000  5
   0.02830  -0.03302   0.09483   0.05824   5.10000  6
   0.19162  -0.33524  -0.10006   0.48815   5.10000  7
   0.20698  -0.25938   0.15369  -0.19672   5.10000  8
   0.42811  -0.88748  -0.05946   0.18616   5.10000  9
   0.46822  -0.92645  -0.02092   0.03836   5.10000 10
  -0.18200  -0.96673  -0.12527  -0.18942   5.10000 11
  -0.35044  -1.05177  -0.11767   0.75759   5.10000 12
   0.22736  -0.31362   0.12256   0.29453   5.10000 13
   0.43580  -0.38548   0.07128  -0.00320   5.10000 14
  -0.21967  -1.00886   0.40072   0.24329   5.10000 15
  -0.17974  -1.09811   0.04677   0.56633   5.10000 16
   0.87326  -2.31516   0.30190  -0.04554   5.10000 17
   0.68949  -1.98481   0.30980  -0.10992   5.10000 18
  -0.18096  -1.06038   0.07905   0.28506   5.10000 19
  -0.24735  -1.10921   0.02114  -0.05644   5.10000 20
   0.26685   1.41984   0.01073  -0.16856   5.20000  1
   0.21325   1.60311  -0.01357  -0.04709   5.20000  2
   0.37378  -0.59330  -0.59860  -0.65032   5.20000  3
  -0.33595  -1.29851  -0.77562  -0.31522   5.20000  4
  -0.06529  -0.95835   0.06153  -1.00694   5.20000  5
   0.04095  -0.03316   0.15852  -0.06183   5.20000  6
   0.18519  -0.28754  -0.02628   0.45693   5.20000  7
   0.22305  -0.28518   0.16454  -0.30790   5.20000  8
   0.41908  -0.86733  -0.12231   0.21689   5.20000  9
   0.46067  -0.91866  -0.13116   0.11914   5.20000 10
  -0.19433  -0.99255  -0.11108  -0.31427   5.20000 11
  -0.34792  -0.97755   0.16629   0.71467   5.20000 12
   0.23879  -0.28706   0.10220   0.23303   5.20000 13
   0.43559  -0.38835  -0.07655  -0.05110   5.20000 14
  -0.17725  -0.98880   0.43529   0.15908   5.20000 15
  -0.17822  -1.03496  -0.00624   0.68576   5.20000 16
   0.90267  -2.31836   0.28636  -0.01838   5.20000 17
   0.72055  -1.99604   0.31167  -0.11504   5.20000 18
  -0.17583  -1.02891   0.03073   0.34512   5.20000 19
  -0.23964  -1.10626   0.13355   0.12602   5.20000 20
   0.26730   1.40491  -0.00171  -0.13027   5.30000  1
   0.21250   1.59616  -0.00143  -0.09168   5.30000  2
   0.31117  -0.65782  -0.64889  -0.64528   5.30000  3
  -0.40830  -1.32127  -0.67076  -0.14934   5.30000  4
  -0.07005  -1.05937  -0.15705  -0.97500   5.30000  5
   0.06009  -0.04563   0.22501  -0.18934   5.30000  6
   0.18644  -0.24581   0.04921   0.36984   5.30000  7
   0.23936  -0.31833   0.16017  -0.34419   5.30000  8
   0.40324  -0.84402  -0.19744   0.24990   5.30000  9
   0.44172  -0.90232  -0.24948   0.20874   5.30000 10
  -0.20203  -1.02507  -0.03417  -0.31037   5.30000 11
  -0.31782  -0.91118   0.43045   0.60230   5.30000 12
   0.24727  -0.26784   0.06597   0.14789   5.30000 13
   0.42037  -0.39508  -0.22816  -0.08039   5.30000 14
  -0.13548  -0.97704   0.38490   0.07847   5.30000 15
  -0.17864  -0.96591   0.00608   0.66473   5.30000 16
   0.93052  -2.31883   0.27041   0.00905   5.30000 17
   0.75186  -2.00788   0.31470  -0.12211   5.30000 18
  -0.17316  -0.99286   0.02887   0.36284   5.30000 19
  -0.22037  -1.08277   0.25332   0.34421   5.30000 20
   0.26652   1.39377  -0.01379  -0.09246   5.40000  1
   0.21295   1.58478   0.01037  -0.13596   5.40000  2
   0.24484  -0.72326  -0.67460  -0.66617   5.40000  3
  -0.47018  -1.32990  -0.56774  -0.02962   5.40000  4
  -0.09405  -1.14721  -0.30470  -0.76543   5.40000  5
   0.08617  -0.07144   0.29797  -0.32938   5.40000  6
   0.19431  -0.21453   0.10375   0.25314   5.40000  7
   0.25496  -0.35277   0.15142  -0.34257   5.40000  8
   0.37881  -0.81737  -0.29591   0.28185   5.40000  9
   0.41035  -0.87672  -0.38077   0.30371   5.40000 10
  -0.20009  -1.05061   0.07638  -0.18720   5.40000 11
  -0.26315  -0.85871   0.65597   0.44128   5.40000 12
   0.25183  -0.25789   0.02482   0.05054   5.40000 13
   0.38991  -0.40390  -0.38119  -0.09361   5.40000 14
  -0.10277  -0.97175   0.26262   0.03765   5.40000 15
  -0.17625  -0.90610   0.04481   0.52446   5.40000 16
   0.95673  -2.31653   0.25376   0.03712   5.40000 17
   0.78354  -2.02054   0.31901  -0.13141   5.40000 18
  -0.16931  -0.95841   0.05196   0.32290   5.40000 19
  -0.18914  -1.03887   0.36586   0.52116   5.40000 20
   0.26455   1.38644  -0.02577  -0.05407   5.50000  1
   0.21458   1.56895   0.02207  -0.18094   5.50000  2
   0.17638  -0.79104  -0.69847  -0.68660   5.50000  3
  -0.52204  -1.32821  -0.47043   0.05940   5.50000  4
  -0.12757  -1.21143  -0.35236  -0.52092   5.50000  5
   0.12002  -0.11208   0.38082  -0.48633   5.50000  6
   0.20622  -0.19557   0.12947   0.12361   5.50000  7
   0.26945  -0.38687   0.13608  -0.34065   5.50000  8
   0.34311  -0.78815  -0.42204   0.29929   5.50000  9
   0.36492  -0.84169  -0.53119   0.39503   5.50000 10
  -0.18641  -1.06080   0.19705  -0.01153   5.50000 11
  -0.18825  -0.82377   0.83140   0.25474   5.50000 12
   0.25217  -0.25769  -0.01845  -0.04611   5.50000 13
   0.34422  -0.41338  -0.53068  -0.09466   5.50000 14
  -0.08321  -0.96715   0.13174   0.06685   5.50000 15
  -0.16867  -0.86109   0.11521   0.37729   5.50000 16
   0.98123  -2.31137   0.23612   0.06623   5.50000 17
   0.81572  -2.03425   0.32486  -0.14333   5.50000 18
  -0.16157  -0.92791   0.11170   0.29156   5.50000 19
  -0.14885  -0.98088   0.43285   0.63115   5.50000 20
   0.26137   1.38301  -0.03786  -0.01406   5.60000  1
   0.21737   1.54854   0.03391  -0.22758   5.60000  2
   0.10322  -0.85961  -0.78008  -0.67758   5.60000  3
  -0.56447  -1.31871  -0.37921   0.12781   5.60000  4
  -0.16262  -1.25238  -0.34202  -0.30360   5.60000  5
   0.16259  -0.16928   0.47017  -0.65963   5.60000  6
   0.21920  -0.19052   0.12584  -0.02814   5.60000  7
   0.28115  -0.42114   0.08867  -0.34534   5.60000  8
   0.29384  -0.75803  -0.56582   0.30216   5.60000  9
   0.30351  -0.79834  -0.69895   0.46815   5.60000 10
  -0.16088  -1.05229   0.31276   0.18465   5.60000 11
  -0.09958  -0.80790   0.92722   0.06494   5.60000 12
   0.24799  -0.26705  -0.06640  -0.14124   5.60000 13
   0.28475  -0.42274  -0.64956  -0.09361   5.60000 14
  -0.07492  -0.95574   0.04626   0.17430   5.60000 15
  -0.15081  -0.83044   0.25501   0.23561   5.60000 16
   1.00391  -2.30323   0.21711   0.09690   5.60000 17
   0.84857  -2.04931   0.33270  -0.15835   5.60000 18
  -0.14474  -0.89907   0.23706   0.28950   5.60000 19
  -0.10347  -0.91373   0.47319   0.70510   5.60000 20
   0.25697   1.38371  -0.05011   0.02833   5.70000  1
   0.22136   1.52335   0.04592  -0.27654   5.70000  2
   0.01698  -0.92393  -0.94811  -0.58551   5.70000  3
  -0.59806  -1.30310  -0.29330   0.18241   5.70000  4
  -0.19507  -1.27324  -0.30404  -0.11861   5.70000  5
   0.21318  -0.24413   0.53047  -0.83634   5.70000  6
   0.23078  -0.20278   0.10432  -0.22604   5.70000  7
   0.28481  -0.45597  -0.02679  -0.35163   5.70000  8
   0.22935  -0.72766  -0.72777   0.30536   5.70000  9
   0.22485  -0.74887  -0.87549   0.51630   5.70000 10
  -0.12378  -1.02299   0.43132   0.40768   5.70000 11
  -0.00581  -0.80964   0.92958  -0.08791   5.70000 12
   0.23871  -0.28618  -0.11858  -0.24471   5.70000 13
   0.21685  -0.43269  -0.69489  -0.10988   5.70000 14
  -0.07070  -0.93025   0.05568   0.33948   5.70000 15
  -0.11547  -0.81402   0.45838   0.09371   5.70000 16
   1.02459  -2.29192   0.19623   0.12978   5.70000 17
   0.88234  -2.06604   0.34309  -0.17698   5.70000 18
  -0.11194  -0.86953   0.42632   0.30066   5.70000 19
  -0.05397  -0.84206   0.51776   0.71046   5.70000 20
   0.25135   1.38874  -0.06210   0.07247   5.80000  1
   0.22655   1.49317   0.05767  -0.32712   5.80000  2
  -0.08171  -0.97166  -0.97997  -0.35515   5.80000  3
  -0.62326  -1.28252  -0.21118   0.22810   5.80000  4
  -0.22304  -1.27692  -0.25444   0.04182   5.80000  5
   0.26484  -0.33588   0.47782  -0.99278   5.80000  6
   0.23982  -0.23730   0.07378  -0.46953   5.80000  7
   0.27400  -0.49165  -0.19592  -0.36286   5.80000  8
   0.14752  -0.69745  -0.90899   0.29084   5.80000  9
   0.12851  -0.69689  -1.04418   0.50658   5.80000 10
  -0.07432  -0.96941   0.55251   0.66700   5.80000 11
   0.08207  -0.82062   0.80789  -0.09534   5.80000 12
   0.22489  -0.31734  -0.15322  -0.38835   5.80000 13
   0.14838  -0.44617  -0.66264  -0.17185   5.80000 14
  -0.06099  -0.88862   0.14648   0.48500   5.80000 15
  -0.05913  -0.81078   0.66046  -0.01673   5.80000 16
   1.04307  -2.27718   0.17278   0.16564   5.80000 17
   0.91730  -2.08485   0.35679  -0.19985   5.80000 18
  -0.05953  -0.83951   0.61206   0.29979   5.80000 19
  -0.00033  -0.77512   0.55440   0.62233   5.80000 20
   0.24461   1.39809  -0.07199   0.11293   5.90000  1
   0.23283   1.45805   0.06729  -0.37381   5.90000  2
  -0.17159  -0.99525  -0.80790  -0.13151   5.90000  3
  -0.64036  -1.25765  -0.13094   0.26888   5.90000  4
  -0.24592  -1.26538  -0.20345   0.18702   5.90000  5
   0.30422  -0.44139   0.29163  -1.11146   5.90000  6
   0.24453  -0.29726   0.01334  -0.73142   5.90000  7
   0.24485  -0.52877  -0.38790  -0.38273   5.90000  8
   0.04994  -0.67220  -1.01277   0.19920   5.90000  9
   0.02077  -0.65186  -1.06829   0.37491   5.90000 10
  -0.01549  -0.88974   0.62152   0.92983   5.90000 11
   0.15143  -0.82313   0.56246   0.05713   5.90000 12
   0.20839  -0.36570  -0.17919  -0.58626   5.90000 13
   0.08600  -0.47028  -0.58050  -0.32770   5.90000 14
  -0.03933  -0.83385   0.30067   0.61214   5.90000 15
   0.01363  -0.81258   0.77207   0.01299   5.90000 16
   1.05904  -2.25867   0.14588   0.20525   5.90000 17
   0.95384  -2.10617   0.37471  -0.22748   5.90000 18
   0.00795  -0.80752   0.72281   0.35720   5.90000 19
   0.05664  -0.71667   0.57057   0.55489   5.90000 20
   0.23717   1.41067  -0.07527   0.13353   6.00000  1
   0.23979   1.41907   0.07024  -0.40042   6.00000  2
  -0.24417  -1.00110  -0.65126   0.00246   6.00000  3
  -0.64944  -1.22879  -0.05042   0.30835   6.00000  4
  -0.26392  -1.23978  -0.15784   0.32413   6.00000  5
   0.32017  -0.55693   0.01385  -1.19346   6.00000  6
   0.24079  -0.38400  -0.09793  -1.00704   6.00000  7
   0.19665  -0.56988  -0.57446  -0.45335   6.00000  8
  -0.04583  -0.65869  -0.85877   0.08025   6.00000  9
  -0.07607  -0.62300  -0.83687   0.20921   6.00000 10
   0.05018  -0.78333   0.68917   1.18756   6.00000 11
   0.19331  -0.80781   0.27545   0.25825   6.00000 12
   0.18807  -0.43599  -0.23340  -0.82808   6.00000 13
   0.03293  -0.51481  -0.47544  -0.57507   6.00000 14
   0.00092  -0.76543   0.50433   0.76013   6.00000 15
   0.09018  -0.80242   0.74132   0.21259   6.00000 16
   1.07211  -2.23600   0.11479   0.24841   6.00000 17
   0.99241  -2.13049   0.39755  -0.25941   6.00000 18
   0.08107  -0.76530   0.72161   0.49476   6.00000 19
   0.10968  -0.66393   0.48334   0.49721   6.00000 20
   0.22991   1.42354  -0.06844   0.11775   6.10000  1
   0.24653   1.37922   0.06301  -0.39048   6.10000  2
  -0.30303  -0.99642  -0.52962   0.08553   6.10000  3
  -0.65033  -1.19591   0.03339   0.34988   6.10000  4
  -0.27776  -1.20061  -0.12030   0.45954   6.10000  5
   0.30391  -0.67861  -0.35721  -1.22347   6.10000  6
   0.22255  -0.50006  -0.28250  -1.32525   6.10000  7
   0.13117  -0.62240  -0.71216  -0.60083   6.10000  8
  -0.11665  -0.65263  -0.54973   0.05672   6.10000  9
  -0.14343  -0.60814  -0.50630   0.09466   6.10000 10
   0.12134  -0.65667   0.72737   1.31403   6.10000 11
   0.20731  -0.76888   0.01279   0.53511   6.10000 12
   0.16038  -0.53378  -0.32564  -1.14293   6.10000 13
  -0.00663  -0.58608  -0.29462  -0.83837   6.10000 14
   0.06088  -0.68194   0.69461   0.90296   6.10000 15
   0.16054  -0.76633   0.66215   0.52284   6.10000 16
   1.08190  -2.20903   0.08128   0.28959   6.10000 17
   1.03346  -2.15803   0.42343  -0.28995   6.10000 18
   0.15049  -0.70714   0.66024   0.67423   6.10000 19
   0.15345  -0.61805   0.38826   0.40845   6.10000 20
   0.22369   1.43334  -0.05549   0.07574   6.20000  1
   0.25218   1.34186   0.04963  -0.35430   6.20000  2
  -0.35039  -0.98480  -0.41707   0.14377   6.20000  3
  -0.64250  -1.15864   0.12508   0.39662   6.20000  4
  -0.28817  -1.14770  -0.08818   0.60015   6.20000  5
   0.24802  -0.79316  -0.73073  -1.00994   6.20000  6
   0.18163  -0.64878  -0.52149  -1.59143   6.20000  7
   0.06445  -0.68341  -0.57877  -0.57622   6.20000  8
  -0.15609  -0.64660  -0.24462   0.05725   6.20000  9
  -0.17796  -0.60386  -0.19173  -0.01221   6.20000 10
   0.19140  -0.53316   0.64491   1.07660   6.20000 11
   0.19800  -0.69991  -0.19236   0.82528   6.20000 12
   0.12517  -0.66219  -0.34224  -1.35013   6.20000 13
  -0.02215  -0.67521  -0.01280  -0.90080   6.20000 14
   0.13856  -0.59100   0.83393   0.84841   6.20000 15
   0.21990  -0.69799   0.49391   0.81624   6.20000 16
   1.08866  -2.17882   0.05724   0.30832   6.20000 17
   1.07681  -2.18776   0.44030  -0.29854   6.20000 18
   0.20936  -0.63346   0.48576   0.75265   6.20000 19
   0.18543  -0.58670   0.24471   0.19255   6.20000 20
   0.21884   1.43845  -0.04159   0.02611   6.30000  1
   0.25642   1.30859   0.03530  -0.31076   6.30000  2
  -0.38600  -0.96817  -0.29170   0.18662   6.30000  3
  -0.62484  -1.11632   0.23098   0.45119   6.30000  4
  -0.29520  -1.08026  -0.04982   0.75000   6.30000  5
   0.16480  -0.87635  -0.91744  -0.66276   6.30000  6
   0.12511  -0.80119  -0.60432  -1.42366   6.30000  7
   0.01647  -0.73611  -0.39316  -0.49036   6.30000  8
  -0.16707  -0.64316   0.01639   0.00204   6.30000  9
  -0.18349  -0.61137   0.07272  -0.14092   6.30000 10
   0.24829  -0.44534   0.49516   0.69182   6.30000 11
   0.17118  -0.61333  -0.31234   0.86403   6.30000 12
   0.09436  -0.79017  -0.29350  -1.18845   6.30000 13
  -0.01095  -0.76122   0.22194  -0.81008   6.30000 14
   0.22104  -0.52067   0.79140   0.56157   6.30000 15
   0.25394  -0.61218   0.19081   0.87366   6.30000 16
   1.09422  -2.14875   0.05806   0.28763   6.30000 17
   1.12065  -2.21637   0.43247  -0.26819   6.30000 18
   0.24482  -0.56470   0.23214   0.61804   6.30000 19
   0.20340  -0.57934   0.12652  -0.01752   6.30000 20
   0.21534   1.43858  -0.02856  -0.02318   6.40000  1
   0.25927   1.27967   0.02184  -0.26802   6.40000  2
  -0.40795  -0.94784  -0.14314   0.21890   6.40000  3
  -0.59559  -1.06808   0.35827   0.51520   6.40000  4
  -0.29716  -0.99779   0.01788   0.89586   6.40000  5
   0.06604  -0.92814  -1.04809  -0.38647   6.40000  6
   0.06025  -0.93276  -0.69055  -1.20241   6.40000  7
  -0.01665  -0.78424  -0.27974  -0.48252   6.40000  8
  -0.15454  -0.64765   0.22557  -0.09736   6.40000  9
  -0.16498  -0.63232   0.28984  -0.27829   6.40000 10
   0.29087  -0.39251   0.35708   0.37415   6.40000 11
   0.14175  -0.53098  -0.25731   0.77121   6.40000 12
   0.06291  -0.90013  -0.34791  -1.01399   6.40000 13
   0.01813  -0.83755   0.33281  -0.72588   6.40000 14
   0.29290  -0.47583   0.62928   0.35295   6.40000 15
   0.26124  -0.52521  -0.02545   0.85640   6.40000 16
   1.10079  -2.12185   0.07432   0.24970   6.40000 17
   1.16280  -2.24085   0.40920  -0.22099   6.40000 18
   0.25844  -0.50880   0.05442   0.50581   6.40000 19
   0.21215  -0.58367   0.05022  -0.04108   6.40000 20
   0.21309   1.43388  -0.01657  -0.07057   6.50000  1
   0.26083   1.25491   0.00946  -0.22774   6.50000  2
  -0.41392  -0.92445   0.02640   0.24889   6.50000  3
  -0.55221  -1.01298   0.51501   0.58803   6.50000  4
  -0.28977  -0.90284   0.13982   0.98868   6.50000  5
  -0.04099  -0.95683  -1.06929  -0.20332   6.50000  6
  -0.01177  -1.03994  -0.74194  -0.93528   6.50000  7
  -0.04154  -0.83370  -0.22918  -0.50763   6.50000  8
  -0.12375  -0.66351   0.38014  -0.22327   6.50000  9
  -0.12726  -0.66692   0.45372  -0.41275   6.50000 10
   0.31945  -0.36876   0.21146   0.11012   6.50000 11
   0.12149  -0.46050  -0.14433   0.63535   6.50000 12
   0.02297  -0.99245  -0.45508  -0.82688   6.50000 13
   0.04899  -0.90791   0.25165  -0.68030   6.50000 14
   0.34449  -0.44654   0.39591   0.24815   6.50000 15
   0.25278  -0.44323  -0.12694   0.77132   6.50000 16
   1.10915  -2.09874   0.09293   0.21341   6.50000 17
   1.20242  -2.26065   0.38348  -0.17583   6.50000 18
   0.25816  -0.46250  -0.05066   0.42471   6.50000 19
   0.21339  -0.58429  -0.02597   0.03491   6.50000 20
   0.21200   1.42452  -0.00540  -0.11649   6.60000  1
   0.26119   1.23406  -0.00210  -0.18956   6.60000  2
  -0.40232  -0.89822   0.20676   0.27344   6.60000  3
  -0.49132  -0.95045   0.70976   0.66114   6.60000  4
  -0.26769  -0.80370   0.30513   0.97436   6.60000  5
  -0.14478  -0.97075  -0.99779  -0.07851   6.60000  6
  -0.08649  -1.11967  -0.74477  -0.66218   6.60000  7
  -0.06469  -0.88504  -0.24253  -0.51165   6.60000  8
  -0.08087  -0.69266   0.46392  -0.35880   6.60000  9
  -0.07707  -0.71443   0.53274  -0.53256   6.60000 10
   0.33239  -0.36832   0.04381  -0.08863   6.60000 11
   0.11333  -0.40415  -0.01706   0.49158   6.60000 12
  -0.02781  -1.06483  -0.55533  -0.62008   6.60000 13
   0.06472  -0.97223   0.05746  -0.59884   6.60000 14
   0.37168  -0.42409   0.14847   0.20658   6.60000 15
   0.23824  -0.37313  -0.15648   0.62068   6.60000 16
   1.11931  -2.07899   0.10989   0.18243   6.60000 17
   1.23955  -2.27621   0.35931  -0.13639   6.60000 18
   0.24970  -0.42323  -0.11337   0.36219   6.60000 19
   0.20694  -0.57642  -0.10242   0.12130   6.60000 20
   0.21199   1.41060   0.00521  -0.16187   6.70000  1
   0.26043   1.21695  -0.01315  -0.15259   6.70000  2
  -0.37220  -0.87056   0.39829   0.27484   6.70000  3
  -0.40895  -0.88171   0.94161   0.70389   6.70000  4
  -0.22914  -0.71149   0.45972   0.85719   6.70000  5
  -0.23926  -0.97308  -0.88777   0.02942   6.70000  6
  -0.15938  -1.17311  -0.70684  -0.41038   6.70000  7
  -0.09078  -0.93434  -0.27871  -0.46765   6.70000  8
  -0.03373  -0.73435   0.46651  -0.46703   6.70000  9
  -0.02427  -0.77163   0.50792  -0.59955   6.70000 10
   0.32782  -0.38377  -0.13563  -0.20688   6.70000 11
   0.11837  -0.36209   0.11862   0.35006   6.70000 12
  -0.08690  -1.11660  -0.62036  -0.41630   6.70000 13
   0.06051  -1.02655  -0.13912  -0.48290   6.70000 14
   0.37439  -0.40475  -0.09357   0.18010   6.70000 15
   0.22223  -0.32071  -0.16247   0.42168   6.70000 16
   1.13106  -2.06210   0.12473   0.15613   6.70000 17
   1.27436  -2.28810   0.33723  -0.10203   6.70000 18
   0.23628  -0.39015  -0.15206   0.29752   6.70000 19
   0.19319  -0.56043  -0.17017   0.19633   6.70000 20
   0.21303   1.39213   0.01551  -0.20776   6.80000  1
   0.25857   1.20353  -0.02394  -0.11579   6.80000  2
  -0.32225  -0.84428   0.59958   0.24637   6.80000  3
  -0.30360  -0.81272   1.15262   0.66054   6.80000  4
  -0.17724  -0.63349   0.57251   0.70234   6.80000  5
  -0.32126  -0.96488  -0.74041   0.13389   6.80000  6
  -0.22666  -1.20246  -0.63280  -0.18021   6.80000  7
  -0.11997  -0.97770  -0.30173  -0.39631   6.80000  8
   0.01045  -0.78421   0.40912  -0.52176   6.80000  9
   0.02224  -0.83199   0.41390  -0.59804   6.80000 10
   0.30534  -0.40713  -0.31329  -0.24858   6.80000 11
   0.13699  -0.33417   0.25153   0.20705   6.80000 12
  -0.15058  -1.14830  -0.64606  -0.21896   6.80000 13
   0.03762  -1.06797  -0.31450  -0.34131   6.80000 14
   0.35302  -0.38849  -0.33401   0.14207   6.80000 15
   0.20574  -0.28964  -0.16764   0.19674   6.80000 16
   1.14420  -2.04765   0.13781   0.13338   6.80000 17
   1.30705  -2.29675   0.31695  -0.07159   6.80000 18
   0.21965  -0.36430  -0.17963   0.21596   6.80000 19
   0.17366  -0.53749  -0.21552   0.26197   6.80000 20
   0.21509   1.36900   0.02569  -0.25519   6.90000  1
   0.25564   1.19383  -0.03469  -0.07811   6.90000  2
  -0.25324  -0.82170   0.77485   0.20523   6.90000  3
  -0.18162  -0.75118   1.27518   0.57043   6.90000  4
  -0.11517  -0.57035   0.67006   0.56578   6.90000  5
  -0.38483  -0.94782  -0.52609   0.19496   6.90000  6
  -0.28485  -1.20999  -0.52639   0.02527   6.90000  7
  -0.15016  -1.01310  -0.29610  -0.31099   6.90000  8
   0.04674  -0.83727   0.31076  -0.53294   6.90000  9
   0.05726  -0.88965   0.28219  -0.54814   6.90000 10
   0.26529  -0.43139  -0.48668  -0.22743   6.90000 11
   0.16761  -0.32119   0.35053   0.04858   6.90000 12
  -0.21457  -1.16081  -0.62587  -0.03474   6.90000 13
  -0.00139  -1.09401  -0.45975  -0.17601   6.90000 14
   0.30747  -0.37691  -0.57762   0.08727   6.90000 15
   0.18878  -0.28191  -0.17005  -0.04471   6.90000 16
   1.15858  -2.03534   0.14955   0.11322   6.90000 17
   1.33779  -2.30251   0.29810  -0.04408   6.90000 18
   0.20045  -0.34769  -0.20356   0.11207   6.90000 19
   0.15112  -0.50795  -0.23010   0.32954   6.90000 20
   0.21817   1.34101   0.03579  -0.30504   7.00000  1
   0.25163   1.18797  -0.04547  -0.03859   7.00000  2
  -0.16832  -0.80307   0.91849   0.16882   7.00000  3
  -0.05020  -0.69757   1.34596   0.51157   7.00000  4
  -0.04223  -0.51895   0.79725   0.47086   7.00000  5
  -0.42689  -0.92809  -0.31989   0.19153   7.00000  6
  -0.33119  -1.19826  -0.39758   0.20530   7.00000  7
  -0.17804  -1.04022  -0.25768  -0.23450   7.00000  8
   0.07173  -0.88946   0.18699  -0.50398   7.00000  9
   0.07819  -0.94029   0.13595  -0.45848   7.00000 10
   0.20843  -0.45110  -0.64651  -0.16117   7.00000 11
   0.20358  -0.32547   0.34290  -0.13897   7.00000 12
  -0.27430  -1.15614  -0.56227   0.12291   7.00000 13
  -0.05296  -1.10273  -0.56424   0.00175   7.00000 14
   0.23765  -0.37136  -0.81307   0.02161   7.00000 15
   0.17213  -0.29907  -0.16171  -0.30074   7.00000 16
   1.17408  -2.02494   0.16037   0.09494   7.00000 17
   1.36671  -2.30564   0.28032  -0.01874   7.00000 18
   0.17919  -0.34297  -0.22090  -0.02491   7.00000 19
   0.12864  -0.47157  -0.21470   0.39584   7.00000 20
   0.22224   1.30790   0.04558  -0.35742   7.10000  1
   0.24655   1.18618  -0.05604   0.00302   7.10000  2
  -0.07065  -0.78736   1.02825   0.15005   7.10000  3
   0.08584  -0.64557   1.36247   0.55151   7.10000  4
   0.04637  -0.47391   0.98260   0.44446   7.10000  5
  -0.44969  -0.91070  -0.13971   0.15180   7.10000  6
  -0.36392  -1.16966  -0.25536   0.36311   7.10000  7
  -0.20141  -1.06061  -0.21040  -0.17505   7.10000  8
   0.08412  -0.93688   0.06214  -0.43966   7.10000  9
   0.08476  -0.98033  -0.00167  -0.33853   7.10000 10
   0.13746  -0.46310  -0.75963  -0.07968   7.10000 11
   0.22977  -0.34914   0.15038  -0.33002   7.10000 12
  -0.32591  -1.13730  -0.46526   0.24905   7.10000 13
  -0.11285  -1.09412  -0.62767   0.16537   7.10000 14
   0.14820  -0.37394  -0.94785  -0.08734   7.10000 15
   0.15574  -0.34224  -0.17628  -0.56052   7.10000 16
   1.19063  -2.01630   0.17058   0.07798   7.10000 17
   1.39388  -2.30631   0.26328   0.00503   7.10000 18
   0.15573  -0.35440  -0.25540  -0.21259   7.10000 19
   0.10915  -0.43016  -0.17000   0.41943   7.10000 20
   0.22724   1.26952   0.05397  -0.40956   7.20000  1
   0.24046   1.18857  -0.06529   0.04410   7.20000  2
   0.03548  -0.77170   1.08193   0.17229   7.20000  3
   0.21795  -0.58305   1.25040   0.70748   7.20000  4
   0.15072  -0.42794   1.04722   0.46665   7.20000  5
  -0.45532  -0.89849   0.02587   0.08890   7.20000  6
  -0.38202  -1.12633  -0.10586   0.49999   7.20000  7
  -0.22071  -1.07504  -0.18058  -0.10940   7.20000  8
   0.08452  -0.97661  -0.05177  -0.35174   7.20000  9
   0.07860  -1.00753  -0.11716  -0.20455   7.20000 10
   0.06249  -0.46727  -0.69628  -0.00360   7.20000 11
   0.23005  -0.39044  -0.15057  -0.49186   7.20000 12
  -0.36648  -1.10716  -0.34191   0.35075   7.20000 13
  -0.17761  -1.07116  -0.66445   0.28444   7.20000 14
   0.05571  -0.39177  -0.85609  -0.27099   7.20000 15
   0.13447  -0.40921  -0.25139  -0.75588   7.20000 16
   1.20819  -2.00931   0.18049   0.06191   7.20000 17
   1.41938  -2.30467   0.24671   0.02772   7.20000 18
   0.12700  -0.38668  -0.31480  -0.43069   7.20000 19
   0.09589  -0.39168  -0.09044   0.32404   7.20000 20
   0.23289   1.22635   0.05789  -0.45031   7.30000  1
   0.23364   1.19463  -0.07010   0.07359   7.30000  2
   0.14279  -0.75083   1.04907   0.25545   7.30000  3
   0.33100  -0.50575   0.99631   0.81684   7.30000  4
   0.24619  -0.38655   0.84539   0.33504   7.30000  5
  -0.44455  -0.89363   0.19050   0.00472   7.30000  6
  -0.38502  -1.07046   0.04569   0.61295   7.30000  7
  -0.23882  -1.08109  -0.18855  -0.00299   7.30000  8
   0.07428  -1.00676  -0.15124  -0.24974   7.30000  9
   0.06218  -1.02135  -0.20762  -0.07381   7.30000 10
   0.00290  -0.46521  -0.49071   0.03071   7.30000 11
   0.20141  -0.44571  -0.39878  -0.59592   7.30000 12
  -0.39344  -1.06747  -0.19291   0.44278   7.30000 13
  -0.24525  -1.03914  -0.68625   0.34802   7.30000 14
  -0.01789  -0.42620  -0.61196  -0.40895   7.30000 15
   0.10779  -0.48648  -0.27377  -0.76102   7.30000 16
   1.22673  -2.00390   0.19039   0.04635   7.30000 17
   1.44323  -2.30079   0.23038   0.04971   7.30000 18
   0.09546  -0.43741  -0.30731  -0.56434   7.30000 19
   0.09048  -0.37019  -0.02638   0.09092   7.30000 20
   0.23852   1.18053   0.05326  -0.45971   7.40000  1
   0.22674   1.20221  -0.06635   0.07153   7.40000  2
   0.24240  -0.71909   0.92960   0.38179   7.40000  3
   0.41736  -0.42401   0.74147   0.80449   7.40000  4
   0.32055  -0.36211   0.65475   0.15973   7.40000  5
  -0.41689  -0.89836   0.36451  -0.10311   7.40000  6
  -0.37316  -1.00477   0.18795   0.69461   7.40000  7
  -0.25947  -1.07394  -0.22686   0.15388   7.40000  8
   0.05438  -1.02622  -0.24735  -0.13710   7.40000  9
   0.03750  -1.02272  -0.28518   0.04468   7.40000 10
  -0.03603  -0.46438  -0.29310  -0.03048   7.40000 11
   0.15349  -0.50683  -0.55461  -0.62170   7.40000 12
  -0.40414  -1.01850  -0.01642   0.53710   7.40000 13
  -0.31441  -1.00239  -0.69273   0.38751   7.40000 14
  -0.06714  -0.47238  -0.37722  -0.51001   7.40000 15
   0.08000  -0.55874  -0.28246  -0.67936   7.40000 16
   1.24627  -2.00004   0.20054   0.03092   7.40000 17
   1.46545  -2.29474   0.21403   0.07135   7.40000 18
   0.06573  -0.49703  -0.28915  -0.62131   7.40000 19
   0.08883  -0.37445  -0.01468  -0.17481   7.40000 20
   0.24330   1.13557   0.04148  -0.43533   7.50000  1
   0.22061   1.20777  -0.05537   0.03545   7.50000  2
   0.32663  -0.67531   0.75030   0.48554   7.50000  3
   0.48144  -0.34637   0.54923   0.74285   7.50000  4
   0.37956  -0.35299   0.53464   0.03118   7.50000  5
  -0.37182  -0.91435   0.52907  -0.20784   7.50000  6
  -0.34902  -0.93331   0.28506   0.72269   7.50000  7
  -0.28401  -1.04890  -0.25978   0.35341   7.50000  8
   0.02455  -1.03348  -0.35090  -0.00345   7.50000  9
   0.00506  -1.01254  -0.36502   0.15992   7.50000 10
  -0.05697  -0.47426  -0.13215  -0.17981   7.50000 11
   0.09120  -0.56970  -0.68763  -0.63384   7.50000 12
  -0.39606  -0.96026   0.17887   0.62279   7.50000 13
  -0.38134  -0.96080  -0.62149   0.44825   7.50000 14
  -0.09416  -0.52757  -0.16727  -0.59282   7.50000 15
   0.05091  -0.62183  -0.30415  -0.58158   7.50000 16
   1.26686  -1.99773   0.21121   0.01528   7.50000 17
   1.48603  -2.28652   0.19744   0.09295   7.50000 18
   0.03714  -0.56084  -0.28640  -0.65252   7.50000 19
   0.08609  -0.40452  -0.04714  -0.42311   7.50000 20
   0.24677   1.09393   0.02793  -0.39650   7.60000  1
   0.21572   1.20883  -0.04248  -0.01539   7.60000  2
   0.39271  -0.62364   0.57570   0.54197   7.60000  3
   0.52882  -0.27636   0.40607   0.65405   7.60000  4
   0.42870  -0.35431   0.45177  -0.05148   7.60000  5
  -0.31390  -0.93538   0.61764  -0.18450   7.60000  6
  -0.31718  -0.86285   0.35435   0.67688   7.60000  7
  -0.30987  -1.00208  -0.24436   0.58635   7.60000  8
  -0.01618  -1.02570  -0.46583   0.16664   7.60000  9
  -0.03591  -0.99017  -0.45714   0.29257   7.60000 10
  -0.06379  -0.50251  -0.01188  -0.39467   7.60000 11
   0.01671  -0.63335  -0.79701  -0.63984   7.60000 12
  -0.36861  -0.89587   0.36877   0.65393   7.60000 13
  -0.43272  -0.91304  -0.38434   0.50191   7.60000 14
  -0.10150  -0.59130   0.01479  -0.68598   7.60000 15
   0.01762  -0.67527  -0.37148  -0.49044   7.60000 16
   1.28854  -1.99700   0.22270  -0.00093   7.60000 17
   1.50492  -2.27614   0.18033   0.11482   7.60000 18
   0.00717  -0.62731  -0.32243  -0.67668   7.60000 19
   0.07796  -0.45844  -0.12309  -0.65271   7.60000 20
   0.24891   1.05631   0.01529  -0.35614   7.70000  1
   0.21209   1.20464  -0.03035  -0.06814   7.70000  2
   0.44290  -0.56761   0.43409   0.57675   7.70000  3
   0.56403  -0.21591   0.30407   0.55466   7.70000  4
   0.47025  -0.36251   0.37988  -0.11079   7.70000  5
  -0.24919  -0.94640   0.67853  -0.01561   7.70000  6
  -0.27655  -0.79864   0.47010   0.60699   7.70000  7
  -0.32897  -0.93207  -0.11487   0.80602   7.70000  8
  -0.06905  -0.99824  -0.59347   0.39494   7.70000  9
  -0.08696  -0.95250  -0.56623   0.47145   7.70000 10
  -0.06124  -0.55500   0.05032  -0.66391   7.70000 11
  -0.06671  -0.69824  -0.86145  -0.66371   7.70000 12
  -0.32219  -0.83105   0.56393   0.63882   7.70000 13
  -0.45622  -0.86121  -0.08120   0.53199   7.70000 14
  -0.09303  -0.66595   0.13712  -0.81241   7.70000 15
  -0.02560  -0.72103  -0.50384  -0.43271   7.70000 16
   1.31143  -1.99794   0.23530  -0.01807   7.70000 17
   1.52207  -2.26354   0.16240   0.13732   7.70000 18
  -0.02967  -0.69632  -0.42688  -0.70471   7.70000 19
   0.05970  -0.53473  -0.25273  -0.87274   7.70000 20
   0.24987   1.02262   0.00403  -0.31797   7.80000  1
   0.20961   1.19526  -0.01938  -0.11918   7.80000  2
   0.48070  -0.50844   0.32778   0.60666   7.80000  3
   0.59062  -0.16527   0.23144   0.45958   7.80000  4
   0.50474  -0.37638   0.31008  -0.16679   7.80000  5
  -0.17701  -0.93469   0.76407   0.27182   7.80000  6
  -0.22021  -0.74224   0.66901   0.50432   7.80000  7
  -0.32834  -0.84290   0.15020   0.96438   7.80000  8
  -0.13476  -0.94358  -0.71212   0.71694   7.80000  9
  -0.14877  -0.89330  -0.65610   0.72503   7.80000 10
  -0.05718  -0.63684   0.00720  -0.97868   7.80000 11
  -0.15336  -0.76781  -0.86006  -0.73296   7.80000 12
  -0.25402  -0.76876   0.81165   0.59694   7.80000 13
  -0.44808  -0.80713   0.25066   0.54644   7.80000 14
  -0.08012  -0.75378   0.07869  -0.93264   7.80000 15
  -0.08483  -0.76384  -0.68412  -0.43524   7.80000 16
   1.33565  -2.00066   0.24939  -0.03651   7.80000 17
   1.53736  -2.24864   0.14324   0.16083   7.80000 18
  -0.08063  -0.76840  -0.60225  -0.73484   7.80000 19
   0.02475  -0.63317  -0.46341  -1.09813   7.80000 20
   0.24976   0.99263  -0.00606  -0.28231   7.90000  1
   0.20818   1.18087  -0.00940  -0.16841   7.90000  2
   0.50961  -0.44632   0.25559   0.63370   7.90000  3
   0.61090  -0.12370   0.17638   0.37332   7.90000  4
   0.53220  -0.39577   0.23840  -0.21808   7.90000  5
  -0.10209  -0.88733   0.68904   0.67822   7.90000  6
  -0.14551  -0.70488   0.78159   0.20966   7.90000  7
  -0.29454  -0.74458   0.53309   0.95440   7.90000  8
  -0.20548  -0.85238  -0.65822   1.08767   7.90000  9
  -0.21120  -0.80795  -0.55203   0.94165   7.90000 10
  -0.06636  -0.75023  -0.22555  -1.26320   7.90000 11
  -0.23288  -0.84086  -0.68943  -0.68281   7.90000 12
  -0.16110  -0.71809   1.00241   0.37500   7.90000 13
  -0.40417  -0.75317   0.63852   0.52070   7.90000 14
  -0.08526  -0.84631  -0.19881  -0.86934   7.90000 15
  -0.16070  -0.80888  -0.80202  -0.45031   7.90000 16
   1.36137  -2.00530   0.26541  -0.05671   7.90000 17
   1.55066  -2.23132   0.12236   0.18582   7.90000 18
  -0.14996  -0.84015  -0.75816  -0.66195   7.90000 19
  -0.03746  -0.75423  -0.80313  -1.30704   7.90000 20
   0.24869   0.96610  -0.01524  -0.24858   8.00000  1
   0.20771   1.16161  -0.00012  -0.21675   8.00000  2
   0.53265  -0.38282   0.20775   0.62755   8.00000  3
   0.62618  -0.09037   0.13002   0.29419   8.00000  4
   0.55230  -0.41864   0.16341  -0.22948   8.00000  5
  -0.04753  -0.80668   0.37645   0.86759   8.00000  6
  -0.07421  -0.70173   0.60969  -0.12269   8.00000  7
  -0.22629  -0.66262   0.78188   0.65350   8.00000  8
  -0.25998  -0.73895  -0.42835   1.10953   8.00000  9
  -0.25511  -0.71772  -0.33202   0.82026   8.00000 10
  -0.10474  -0.87809  -0.51943  -1.22504   8.00000 11
  -0.28631  -0.89602  -0.37560  -0.41144   8.00000 12
  -0.06642  -0.69751   0.84456   0.05408   8.00000 13
  -0.31911  -0.70686   1.05398   0.38213   8.00000 14
  -0.11735  -0.91820  -0.42026  -0.54896   8.00000 15
  -0.23662  -0.84835  -0.68543  -0.32364   8.00000 16
   1.38882  -2.01208   0.28401  -0.07920   8.00000 17
   1.56176  -2.21141   0.09909   0.21284   8.00000 18
  -0.22368  -0.89248  -0.68364  -0.37458   8.00000 19
  -0.13476  -0.88511  -1.09076  -1.24133   8.00000 20
   0.24673   0.94287  -0.02374  -0.21601   8.10000  1
   0.20814   1.13751   0.00871  -0.26536   8.10000  2
   0.55135  -0.32218   0.16652   0.58241   8.10000  3
   0.63700  -0.06475   0.08649   0.21843   8.10000  4
   0.56499  -0.44006   0.09103  -0.19505   8.10000  5
  -0.02528  -0.71981   0.09005   0.86173   8.10000  6
  -0.02534  -0.72254   0.37154  -0.25856   8.10000  7
  -0.14695  -0.61404   0.78283   0.33189   8.10000  8
  -0.29161  -0.63716  -0.20157   0.91447   8.10000  9
  -0.27846  -0.64651  -0.13196   0.60530   8.10000 10
  -0.16603  -0.98820  -0.69257  -0.96756   8.10000 11
  -0.30872  -0.92576  -0.08326  -0.20457   8.10000 12
   0.00471  -0.70150   0.57573  -0.10688   8.10000 13
  -0.20136  -0.67851   1.24490   0.19648   8.10000 14
  -0.16722  -0.95816  -0.57239  -0.27197   8.10000 15
  -0.29483  -0.87546  -0.47523  -0.23883   8.10000 16
   1.41829  -2.02124   0.30608  -0.10461   8.10000 17
   1.57037  -2.18867   0.07254   0.24251   8.10000 18
  -0.28356  -0.91851  -0.50974  -0.17254   8.10000 19
  -0.24624  -0.99527  -1.10597  -0.95129   8.10000 20
