  -0.62958   0.11957   0.12840   0.05543   0.10000  1
  -0.44832   0.19804   0.08691   0.02653   0.10000  2
  -0.06125   0.18216  -0.07361   0.00550   0.10000  3
  -0.19154   0.32707   0.00977  -0.05859   0.10000  4
   0.16261   0.97309   0.01525  -0.11801   0.10000  5
   0.35523   1.00007  -0.09828  -0.10276   0.10000  6
  -0.45076   0.51694   0.06954  -0.03819   0.10000  7
  -0.50733   0.70620   0.07721  -0.08751   0.10000  8
   0.20947  -1.60755  -0.03015   0.03895   0.10000  9
   0.07840  -1.46212   0.02852  -0.02214   0.10000 10
  -0.22511   0.07219   0.04942   0.11450   0.10000 11
  -0.03768   0.11644  -0.09709   0.08736   0.10000 12
   0.00485  -0.44877   0.02378   0.07713   0.10000 13
   0.17758  -0.35837  -0.06914   0.03676   0.10000 14
   0.52633   0.57087  -0.11434   0.05609   0.10000 15
   0.40389   0.72534  -0.09353  -0.00118   0.10000 16
   0.11058   0.86176   0.05614  -0.03654   0.10000 17
   0.14435   0.66901   0.00425   0.04228   0.10000 18
  -0.32642   1.53533   0.05723  -0.02354   0.10000 19
  -0.13903   1.59072  -0.03029  -0.05207   0.10000 20
  -0.61014   0.12796   0.26174   0.11286   0.20000  1
  -0.43509   0.20208   0.17886   0.05462   0.20000  2
  -0.07248   0.18315  -0.15245   0.01543   0.20000  3
  -0.19010   0.31810   0.01900  -0.12192   0.20000  4
   0.16497   0.95525   0.03254  -0.23982   0.20000  5
   0.34036   0.98443  -0.19997  -0.21160   0.20000  6
  -0.44025   0.51111   0.14110  -0.07924   0.20000  7
  -0.49566   0.69296   0.15678  -0.17801   0.20000  8
   0.20493  -1.60168  -0.06092   0.07870   0.20000  9
   0.08271  -1.46548   0.05767  -0.04525   0.20000 10
  -0.21764   0.08955   0.10030   0.23399   0.20000 11
  -0.05240   0.12956  -0.19855   0.17528   0.20000 12
   0.00843  -0.43713   0.04791   0.15602   0.20000 13
   0.16716  -0.35285  -0.13946   0.07382   0.20000 14
   0.50900   0.57936  -0.23332   0.11435   0.20000 15
   0.38970   0.72524  -0.19149  -0.00028   0.20000 16
   0.11909   0.85620   0.11438  -0.07531   0.20000 17
   0.14511   0.67549   0.01189   0.08816   0.20000 18
  -0.31780   1.53180   0.11558  -0.04719   0.20000 19
  -0.14361   1.58289  -0.06156  -0.10462   0.20000 20
  -0.57688   0.14229   0.40592   0.17465   0.30000  1
  -0.41217   0.20908   0.28201   0.08614   0.30000  2
  -0.09210   0.18563  -0.24215   0.03690   0.30000  3
  -0.18779   0.30236   0.02683  -0.19485   0.30000  4
   0.16926   0.92489   0.05415  -0.36868   0.30000  5
   0.31501   0.95730  -0.30825  -0.33420   0.30000  6
  -0.42239   0.50089   0.21709  -0.12671   0.30000  7
  -0.47581   0.67038   0.24147  -0.27496   0.30000  8
   0.19725  -1.59176  -0.09286   0.11999   0.30000  9
   0.08998  -1.47123   0.08796  -0.07023   0.30000 10
  -0.20500   0.11931   0.15240   0.36290   0.30000 11
  -0.07767   0.15150  -0.30851   0.26338   0.30000 12
   0.01444  -0.41745   0.07242   0.23846   0.30000 13
   0.14961  -0.34359  -0.21188   0.11164   0.30000 14
   0.47932   0.59390  -0.36258   0.17735   0.30000 15
   0.36527   0.72545  -0.29924   0.00560   0.30000 16
   0.13359   0.84652   0.17642  -0.11971   0.30000 17
   0.14698   0.68690   0.02746   0.14162   0.30000 18
  -0.30324   1.52589   0.17596  -0.07118   0.30000 19
  -0.15140   1.56977  -0.09463  -0.15811   0.30000 20
  -0.52832   0.16314   0.56927   0.24390   0.40000  1
  -0.37804   0.21950   0.40489   0.12354   0.40000  2
  -0.12139   0.19134  -0.34553   0.08320   0.40000  3
  -0.18485   0.27874   0.03073  -0.27839   0.40000  4
   0.17602   0.88123   0.08211  -0.50565   0.40000  5
   0.27845   0.91677  -0.42383  -0.48163   0.40000  6
  -0.39658   0.48538   0.30097  -0.18597   0.40000  7
  -0.44708   0.63760   0.33499  -0.38295   0.40000  8
   0.18631  -1.57762  -0.12604   0.16311   0.40000  9
   0.10034  -1.47960   0.11948  -0.09752   0.40000 10
  -0.18740   0.16244   0.19568   0.49987   0.40000 11
  -0.11443   0.18219  -0.42746   0.34993   0.40000 12
   0.02289  -0.38927   0.09616   0.32601   0.40000 13
   0.12472  -0.33046  -0.28620   0.15124   0.40000 14
   0.43588   0.61511  -0.51015   0.24874   0.40000 15
   0.32929   0.72668  -0.42380   0.02128   0.40000 16
   0.15449   0.83186   0.24156  -0.17633   0.40000 17
   0.15110   0.70420   0.05817   0.20644   0.40000 18
  -0.28253   1.51753   0.23852  -0.09607   0.40000 19
  -0.16260   1.55123  -0.12952  -0.21274   0.40000 20
  -0.46195   0.19147   0.76507   0.32521   0.50000  1
  -0.33018   0.23408   0.55782   0.16956   0.50000  2
  -0.16117   0.20381  -0.44624   0.17503   0.50000  3
  -0.18214   0.24728   0.01791  -0.33832   0.50000  4
   0.18580   0.82367   0.11255  -0.64413   0.50000  5
   0.23042   0.85969  -0.53153  -0.66630   0.50000  6
  -0.36176   0.46301   0.39836  -0.26610   0.50000  7
  -0.40833   0.59319   0.44304  -0.50908   0.50000  8
   0.17205  -1.55911  -0.15885   0.20663   0.50000  9
   0.11387  -1.49078   0.15061  -0.12582   0.50000 10
  -0.16769   0.21858   0.18223   0.61291   0.50000 11
  -0.16285   0.22126  -0.53482   0.42837   0.50000 12
   0.03349  -0.35207   0.11377   0.41875   0.50000 13
   0.09244  -0.31318  -0.35809   0.19577   0.50000 14
   0.37626   0.64412  -0.68917   0.33443   0.50000 15
   0.27971   0.73028  -0.57129   0.05373   0.50000 16
   0.18164   0.81042   0.29677  -0.25819   0.50000 17
   0.15949   0.72850   0.11478   0.27894   0.50000 18
  -0.25555   1.50659   0.30028  -0.12357   0.50000 19
  -0.17728   1.52720  -0.16321  -0.26782   0.50000 20
  -0.37354   0.22882   1.01330   0.42586   0.60000  1
  -0.26577   0.25381   0.72420   0.22834   0.60000  2
  -0.20922   0.22789  -0.50476   0.31138   0.60000  3
  -0.18323   0.21612  -0.05058  -0.25365   0.60000  4
   0.19768   0.75352   0.11563  -0.74471   0.60000  5
   0.17475   0.78298  -0.55966  -0.85911   0.60000  6
  -0.31615   0.43094   0.51822  -0.38315   0.60000  7
  -0.35767   0.53477   0.57533  -0.66611   0.60000  8
   0.15476  -1.53649  -0.18461   0.24359   0.60000  9
   0.13024  -1.50458   0.17468  -0.14824   0.60000 10
  -0.15503   0.28188   0.05403   0.63846   0.60000 11
  -0.21923   0.26666  -0.57862   0.47264   0.60000 12
   0.04493  -0.30549   0.10950   0.51213   0.60000 13
   0.05366  -0.29085  -0.41280   0.25450   0.60000 14
   0.29634   0.68272  -0.91804   0.43996   0.60000 15
   0.21508   0.73774  -0.71038   0.08971   0.60000 16
   0.21156   0.77874   0.28176  -0.38194   0.60000 17
   0.17479   0.75848   0.18721   0.29868   0.60000 18
  -0.22288   1.49259   0.34918  -0.15820   0.60000 19
  -0.19482   1.49776  -0.18361  -0.32013   0.60000 20
  -0.25851   0.27759   1.26721   0.55319   0.70000  1
  -0.19049   0.28084   0.74024   0.32007   0.70000  2
  -0.25881   0.26676  -0.45781   0.46919   0.70000  3
  -0.19324   0.20195  -0.14317  -0.00981   0.70000  4
   0.20575   0.67936   0.02404  -0.71342   0.70000  5
   0.12288   0.69259  -0.47078  -0.91868   0.70000  6
  -0.25738   0.38465   0.65626  -0.54698   0.70000  7
  -0.29200   0.45818   0.74460  -0.87651   0.70000  8
   0.13582  -1.51113  -0.18985   0.25893   0.70000  9
   0.14811  -1.51972   0.17827  -0.14977   0.70000 10
  -0.15869   0.34442  -0.12748   0.60586   0.70000 11
  -0.27437   0.31487  -0.49041   0.49051   0.70000 12
   0.05399  -0.24987   0.06469   0.59924   0.70000 13
   0.01112  -0.26131  -0.43161   0.34173   0.70000 14
   0.19267   0.73057  -1.13026   0.48630   0.70000 15
   0.14245   0.74470  -0.71596   0.02581   0.70000 16
   0.23295   0.73416   0.12075  -0.49752   0.70000 17
   0.19371   0.78148   0.16665   0.13340   0.70000 18
  -0.18686   1.47447   0.36440  -0.20683   0.70000 19
  -0.21283   1.46344  -0.16979  -0.36472   0.70000 20
  -0.13029   0.33876   1.24697   0.65654   0.80000  1
  -0.12340   0.31915   0.59056   0.44649   0.80000  2
  -0.29354   0.32129  -0.20924   0.60630   0.80000  3
  -0.20833   0.21681  -0.13594   0.31158   0.80000  4
   0.19923   0.61286  -0.16085  -0.62146   0.80000  5
   0.07838   0.60275  -0.43762  -0.87827   0.80000  6
  -0.18702   0.32510   0.73482  -0.59977   0.80000  7
  -0.20868   0.35937   0.90856  -1.06715   0.80000  8
   0.11764  -1.48566  -0.17037   0.24665   0.80000  9
   0.16504  -1.53361   0.15719  -0.12440   0.80000 10
  -0.17786   0.40070  -0.22245   0.49975   0.80000 11
  -0.30976   0.36402  -0.19435   0.47950   0.80000 12
   0.05680  -0.18561  -0.01182   0.68790   0.80000 13
  -0.03166  -0.22144  -0.42043   0.46065   0.80000 14
   0.07791   0.77232  -1.14033   0.32517   0.80000 15
   0.07412   0.74002  -0.65255  -0.12430   0.80000 16
   0.23277   0.68189  -0.12581  -0.54308   0.80000 17
   0.20367   0.78356   0.01962  -0.08801   0.80000 18
  -0.15118   1.45073   0.34514  -0.27007   0.80000 19
  -0.22759   1.42500  -0.12111  -0.40403   0.80000 20
  -0.01361   0.40550   1.08844   0.67513   0.90000  1
  -0.07150   0.36803   0.46467   0.51822   0.90000  2
  -0.29881   0.38377   0.09944   0.63061   0.90000  3
  -0.21595   0.26295   0.00422   0.59185   0.90000  4
   0.17283   0.55331  -0.37158  -0.57947   0.90000  5
   0.03214   0.51479  -0.50007  -0.89589   0.90000  6
  -0.11308   0.27259   0.73484  -0.43030   0.90000  7
  -0.11481   0.25683   0.94676  -0.93605   0.90000  8
   0.10213  -1.46226  -0.13911   0.22015   0.90000  9
   0.17917  -1.54416   0.12445  -0.08547   0.90000 10
  -0.19575   0.44226  -0.11577   0.33862   0.90000 11
  -0.31274   0.40880   0.12860   0.41645   0.90000 12
   0.05123  -0.11155  -0.10071   0.79887   0.90000 13
  -0.07248  -0.16822  -0.39387   0.60880   0.90000 14
  -0.03331   0.79357  -1.07948   0.09634   0.90000 15
   0.01075   0.71934  -0.62031  -0.29289   0.90000 16
   0.20814   0.62522  -0.36633  -0.59546   0.90000 17
   0.19684   0.76461  -0.15653  -0.28953   0.90000 18
  -0.11833   1.42014   0.31047  -0.34312   0.90000 19
  -0.23659   1.38251  -0.05811  -0.44685   0.90000 20
   0.08734   0.47462   0.92198   0.70258   1.00000  1
  -0.02722   0.42243   0.42721   0.56801   1.00000  2
  -0.27443   0.44639   0.38758   0.61786   1.00000  3
  -0.20582   0.33179   0.19926   0.77853   1.00000  4
   0.12364   0.49502  -0.61651  -0.59145   1.00000  5
  -0.02208   0.42254  -0.57535  -0.93256   1.00000  6
  -0.04076   0.24027   0.71009  -0.21712   1.00000  7
  -0.02174   0.17576   0.90855  -0.68647   1.00000  8
   0.08987  -1.44171  -0.10622   0.19082   1.00000  9
   0.18989  -1.55064   0.09021  -0.04424   1.00000 10
  -0.19959   0.47040   0.04210   0.23168   1.00000 11
  -0.28471   0.44813   0.43194   0.37457   1.00000 12
   0.03648  -0.02418  -0.19478   0.96008   1.00000 13
  -0.10984  -0.09849  -0.34881   0.79261   1.00000 14
  -0.13723   0.79135  -0.99488  -0.14095   1.00000 15
  -0.05040   0.68026  -0.60189  -0.49606   1.00000 16
   0.15903   0.56142  -0.62033  -0.68843   1.00000 17
   0.17225   0.72547  -0.33703  -0.49677   1.00000 18
  -0.08925   1.38186   0.27059  -0.42348   1.00000 19
  -0.23917   1.33530   0.00630  -0.49920   1.00000 20
   0.16701   0.54276   0.64991   0.64239   1.10000  1
   0.01310   0.47971   0.36752   0.56315   1.10000  2
  -0.22109   0.50604   0.67820   0.56557   1.10000  3
  -0.17584   0.41820   0.40076   0.94148   1.10000  4
   0.05064   0.43621  -0.83275  -0.57181   1.10000  5
  -0.08040   0.33413  -0.57390  -0.80881   1.10000  6
   0.02786   0.22850   0.64962  -0.02221   1.10000  7
   0.06507   0.11808   0.81161  -0.46804   1.10000  8
   0.08083  -1.42407  -0.07472   0.16231   1.10000  9
   0.19727  -1.55305   0.05755  -0.00431   1.10000 10
  -0.18667   0.48972   0.22201   0.16121   1.10000 11
  -0.22610   0.48433   0.73967   0.35057   1.10000 12
   0.01270   0.08333  -0.27206   1.20087   1.10000 13
  -0.14084  -0.00841  -0.26277   1.01435   1.10000 14
  -0.23128   0.76522  -0.87834  -0.38329   1.10000 15
  -0.10912   0.61858  -0.56958  -0.74578   1.10000 16
   0.08397   0.48721  -0.87585  -0.78405   1.10000 17
   0.12889   0.66405  -0.53247  -0.73893   1.10000 18
  -0.06432   1.33521   0.22746  -0.51069   1.10000 19
  -0.23543   1.28225   0.06812  -0.56400   1.10000 20
   0.21558   0.60105   0.32377   0.51702   1.20000  1
   0.04176   0.53137   0.18045   0.45535   1.20000  2
  -0.14038   0.55662   0.91343   0.42002   1.20000  3
  -0.12653   0.51648   0.57191   0.98586   1.20000  4
  -0.04051   0.38343  -0.96924  -0.46811   1.20000  5
  -0.13219   0.26422  -0.44108  -0.58196   1.20000  6
   0.08525   0.23539   0.47661   0.16224   1.20000  7
   0.13767   0.08378   0.63641  -0.21374   1.20000  8
   0.07487  -1.40921  -0.04485   0.13508   1.20000  9
   0.20146  -1.55156   0.02668   0.03400   1.20000 10
  -0.15358   0.50414   0.44423   0.12846   1.20000 11
  -0.13827   0.51781   0.99358   0.30619   1.20000 12
  -0.01598   0.21661  -0.30253   1.46648   1.20000 13
  -0.16083   0.10557  -0.13018   1.27483   1.20000 14
  -0.31045   0.71470  -0.69003  -0.62146   1.20000 15
  -0.16253   0.53033  -0.46424  -0.99513   1.20000 16
  -0.01484   0.40873  -1.08530  -0.76082   1.20000 17
   0.06523   0.57704  -0.74936  -0.99479   1.20000 18
  -0.04384   1.27944   0.18189  -0.60654   1.20000 19
  -0.22562   1.22203   0.12786  -0.64296   1.20000 20
   0.23297   0.64542   0.02859   0.37029   1.30000  1
   0.04581   0.56863  -0.10753   0.27944   1.30000  2
  -0.04467   0.58472   0.97128   0.13279   1.30000  3
  -0.06507   0.60455   0.64545   0.73507   1.30000  4
  -0.13653   0.34502  -0.91429  -0.29551   1.30000  5
  -0.16689   0.21966  -0.25795  -0.28821   1.30000  6
   0.12030   0.26151   0.22064   0.35948   1.30000  7
   0.19288   0.07437   0.47111   0.01805   1.30000  8
   0.07182  -1.39703  -0.01614   0.10862   1.30000  9
   0.20264  -1.54629  -0.00295   0.07127   1.30000 10
  -0.09901   0.51326   0.63199   0.03774   1.30000 11
  -0.03501   0.54136   1.03117   0.15252   1.30000 12
  -0.05039   0.37639  -0.40061   1.71154   1.30000 13
  -0.16563   0.24907   0.03893   1.60219   1.30000 14
  -0.36686   0.64316  -0.43275  -0.79734   1.30000 15
  -0.19327   0.42829  -0.13706  -1.02810   1.30000 16
  -0.12628   0.33963  -1.09741  -0.60523   1.30000 17
  -0.02281   0.46974  -0.99831  -1.10889   1.30000 18
  -0.02797   1.21343   0.13564  -0.71698   1.30000 19
  -0.20977   1.15311   0.19020  -0.73874   1.30000 20
   0.22141   0.67499  -0.26204   0.21859   1.40000  1
   0.02229   0.58694  -0.33296   0.09125   1.40000  2
   0.04782   0.58509   0.85008  -0.09976   1.40000  3
   0.00055   0.66050   0.65621   0.38555   1.40000  4
  -0.21869   0.32465  -0.71289  -0.11467   1.40000  5
  -0.18582   0.21009  -0.13349   0.09740   1.40000  6
   0.12951   0.30687  -0.03346   0.54584   1.40000  7
   0.23240   0.08603   0.32121   0.20956   1.40000  8
   0.07162  -1.38748   0.01201   0.08224   1.40000  9
   0.20089  -1.53731  -0.03204   0.10835   1.40000 10
  -0.03199   0.51092   0.67788  -0.06178   1.40000 11
   0.06016   0.54974   0.84447   0.03982   1.40000 12
  -0.09261   0.55034  -0.39491   1.70854   1.40000 13
  -0.15396   0.42166   0.18513   1.78462   1.40000 14
  -0.39648   0.55683  -0.15629  -0.92385   1.40000 15
  -0.19176   0.32700   0.13580  -0.96509   1.40000 16
  -0.22801   0.29041  -0.91376  -0.37130   1.40000 17
  -0.12718   0.36202  -1.06492  -1.02438   1.40000 18
  -0.01666   1.13520   0.09109  -0.85318   1.40000 19
  -0.18724   1.07352   0.26285  -0.85775   1.40000 20
   0.18019   0.68810  -0.56072   0.03692   1.50000  1
  -0.01385   0.58916  -0.36270  -0.03006   1.50000  2
   0.12183   0.57043   0.62509  -0.17192   1.50000  3
   0.06343   0.68373   0.58996   0.09500   1.50000  4
  -0.27819   0.31840  -0.48387  -0.03143   1.50000  5
  -0.19618   0.23712  -0.08698   0.42057   1.50000  6
   0.11474   0.37086  -0.25319   0.73820   1.50000  7
   0.25740   0.11542   0.17964   0.37525   1.50000  8
   0.07423  -1.38060   0.04021   0.05514   1.50000  9
   0.19623  -1.52459  -0.06126   0.14612   1.50000 10
   0.03331   0.50692   0.62601  -0.00016   1.50000 11
   0.13171   0.55325   0.58584   0.04002   1.50000 12
  -0.12367   0.71095  -0.22515   1.49415   1.50000 13
  -0.12775   0.59781   0.34996   1.72918   1.50000 14
  -0.39760   0.45977   0.13231  -1.01158   1.50000 15
  -0.17442   0.24004   0.17757  -0.76433   1.50000 16
  -0.30647   0.26352  -0.65274  -0.17840   1.50000 17
  -0.23244   0.26620  -1.02335  -0.89034   1.50000 18
  -0.00967   1.04130   0.04874  -1.03478   1.50000 19
  -0.15657   0.98023   0.35464  -1.01754   1.50000 20
   0.11143   0.68167  -0.79131  -0.16166   1.60000  1
  -0.04614   0.58447  -0.26631  -0.05182   1.60000  2
   0.17208   0.55354   0.37357  -0.15660   1.60000  3
   0.11689   0.68242   0.46816  -0.11053   1.60000  4
  -0.31769   0.31598  -0.31584  -0.02153   1.60000  5
  -0.20548   0.28764  -0.10384   0.56425   1.60000  6
   0.08157   0.45549  -0.39008   0.95544   1.60000  7
   0.26843   0.16076   0.04095   0.53114   1.60000  8
   0.07968  -1.37650   0.06898   0.02655   1.60000  9
   0.18861  -1.50803  -0.09121   0.18548   1.60000 10
   0.09330   0.51231   0.56982   0.11098   1.60000 11
   0.17705   0.55861   0.31665   0.06836   1.60000 12
  -0.13823   0.85047  -0.06272   1.30302   1.60000 13
  -0.08407   0.76570   0.50976   1.62470   1.60000 14
  -0.37082   0.35456   0.39798  -1.09270   1.60000 15
  -0.15972   0.17567   0.11208  -0.52017   1.60000 16
  -0.35936   0.25311  -0.41197  -0.03594   1.60000 17
  -0.32873   0.18711  -0.89491  -0.67647   1.60000 18
  -0.00717   0.92561  -0.00289  -1.29393   1.60000 19
  -0.11539   0.86742   0.47313  -1.24860   1.60000 20
   0.02789   0.65806  -0.85377  -0.29777   1.70000  1
  -0.06492   0.57995  -0.10205  -0.03199   1.70000  2
   0.19541   0.54087   0.09105  -0.08750   1.70000  3
   0.15406   0.66262   0.26302  -0.28487   1.70000  4
  -0.34191   0.31311  -0.16487  -0.04159   1.70000  5
  -0.21678   0.34706  -0.11444   0.61307   1.70000  6
   0.04126   0.55997  -0.40120   1.11555   1.70000  7
   0.26546   0.22185  -0.10171   0.69324   1.70000  8
   0.08805  -1.37536   0.09856  -0.00414   1.70000  9
   0.17795  -1.48742  -0.12217   0.22712   1.70000 10
   0.14483   0.53021   0.44564   0.25119   1.70000 11
   0.19422   0.56691   0.02535   0.09753   1.70000 12
  -0.13545   0.96844   0.10842   1.04896   1.70000 13
  -0.02942   0.91938   0.56408   1.41168   1.70000 14
  -0.32096   0.24422   0.57148  -1.08070   1.70000 15
  -0.15205   0.13564   0.04178  -0.28389   1.70000 16
  -0.38953   0.25488  -0.19028   0.06010   1.70000 17
  -0.41047   0.13166  -0.73427  -0.43755   1.70000 18
  -0.01056   0.78215  -0.04903  -1.55896   1.70000 19
  -0.06082   0.73382   0.62443  -1.40950   1.70000 20
  -0.05433   0.62349  -0.75700  -0.39771   1.80000  1
  -0.06535   0.57956   0.09745   0.02073   1.80000  2
   0.19057   0.53746  -0.18556   0.02152   1.80000  3
   0.16805   0.62557   0.01543  -0.45435   1.80000  4
  -0.35018   0.30781  -0.00121  -0.05845   1.80000  5
  -0.22543   0.40919  -0.04098   0.63024   1.80000  6
   0.00163   0.67249  -0.38879   1.06888   1.80000  7
   0.24751   0.30022  -0.26239   0.88013   1.80000  8
   0.09940  -1.37739   0.12813  -0.03651   1.80000  9
   0.16417  -1.46254  -0.15335   0.27077   1.80000 10
   0.17967   0.56149   0.23617   0.35706   1.80000 11
   0.18241   0.57776  -0.25771   0.11250   1.80000 12
  -0.11882   1.06229   0.21686   0.84113   1.80000 13
   0.02573   1.04814   0.53178   1.18001   1.80000 14
  -0.26095   0.14382   0.62068  -0.91599   1.80000 15
  -0.15139   0.11830  -0.02886  -0.06592   1.80000 16
  -0.39759   0.26334   0.02558   0.10671   1.80000 17
  -0.47481   0.09764  -0.55261  -0.25347   1.80000 18
  -0.01269   0.61405   0.01669  -1.77937   1.80000 19
   0.00867   0.58531   0.73969  -1.52789   1.80000 20
  -0.11960   0.57725  -0.54771  -0.52592   1.90000  1
  -0.04677   0.57931   0.25808  -0.04889   1.90000  2
   0.15904   0.54345  -0.43453   0.07751   1.90000  3
   0.15815   0.57263  -0.20525  -0.59382   1.90000  4
  -0.34237   0.30265   0.15727  -0.03987   1.90000  5
  -0.22144   0.47288   0.13561   0.63681   1.90000  6
  -0.03440   0.76465  -0.32822   0.77805   1.90000  7
   0.21111   0.39933  -0.48106   1.10673   1.90000  8
   0.11355  -1.38259   0.15353  -0.06641   1.90000  9
   0.14741  -1.43332  -0.18055   0.31250   1.90000 10
   0.18963   0.59560  -0.04009   0.29130   1.90000 11
   0.14468   0.58601  -0.47739   0.03000   1.90000 12
  -0.09307   1.13862   0.29459   0.69250   1.90000 13
   0.07623   1.15780   0.47659   1.02164   1.90000 14
  -0.19723   0.06223   0.65110  -0.70962   1.90000 15
  -0.15737   0.12160  -0.08377   0.12624   1.90000 16
  -0.38494   0.27634   0.22648   0.15428   1.90000 17
  -0.52144   0.07930  -0.38281  -0.11946   1.90000 18
  -0.00727   0.43721   0.08868  -1.71664   1.90000 19
   0.08236   0.43707   0.71945  -1.40690   1.90000 20
  -0.16483   0.51945  -0.36080  -0.61961   2.00000  1
  -0.01555   0.56832   0.36528  -0.16972   2.00000  2
   0.10716   0.54923  -0.58792   0.03035   2.00000  3
   0.12828   0.51035  -0.38936  -0.62580   2.00000  4
  -0.31855   0.30054   0.32083   0.00069   2.00000  5
  -0.19679   0.53460   0.35859   0.58542   2.00000  6
  -0.06392   0.83001  -0.26264   0.53686   2.00000  7
   0.14917   0.51870  -0.75144   1.24868   2.00000  8
   0.12960  -1.39017   0.16381  -0.08103   2.00000  9
   0.12856  -1.40051  -0.19278   0.33985   2.00000 10
   0.17206   0.61540  -0.30998   0.09587   2.00000 11
   0.09100   0.58112  -0.58214  -0.12982   2.00000 12
  -0.06051   1.20185   0.35373   0.57612   2.00000 13
   0.12089   1.25370   0.41638   0.90092   2.00000 14
  -0.13177   0.00285   0.65369  -0.47695   2.00000 15
  -0.16598   0.14286  -0.07710   0.29968   2.00000 16
  -0.35217   0.29425   0.43055   0.20358   2.00000 17
  -0.55188   0.07280  -0.22805  -0.01408   2.00000 18
   0.00308   0.27492   0.10139  -1.52398   2.00000 19
   0.14841   0.30775   0.57797  -1.17704   2.00000 20
  -0.19167   0.45587  -0.17604  -0.64566   2.10000  1
   0.02536   0.54688   0.43026  -0.24373   2.10000  2
   0.04295   0.55008  -0.69215  -0.00806   2.10000  3
   0.07995   0.45332  -0.57825  -0.49944   2.10000  4
  -0.27772   0.30347   0.49861   0.06248   2.10000  5
  -0.15018   0.58717   0.57261   0.45654   2.10000  6
  -0.08701   0.87294  -0.19934   0.32364   2.10000  7
   0.06344   0.64009  -0.94226   1.12881   2.10000  8
   0.14546  -1.39780   0.14944  -0.06665   2.10000  9
   0.10970  -1.36631  -0.18041   0.33945   2.10000 10
   0.12718   0.61495  -0.59140  -0.09634   2.10000 11
   0.02983   0.56173  -0.63707  -0.24235   2.10000 12
  -0.02283   1.25453   0.39747   0.48052   2.10000 13
   0.15954   1.33870   0.35706   0.80191   2.10000 14
  -0.06682  -0.03332   0.64563  -0.24715   2.10000 15
  -0.17108   0.18180  -0.02077   0.47933   2.10000 16
  -0.29844   0.31696   0.64626   0.25104   2.10000 17
  -0.56738   0.07589  -0.08320   0.07348   2.10000 18
   0.01006   0.13186   0.03099  -1.34023   2.10000 19
   0.19594   0.19918   0.37253  -1.00760   2.10000 20
  -0.20052   0.39027  -0.00105  -0.66592   2.20000  1
   0.06206   0.52195   0.26357  -0.25159   2.20000  2
  -0.02952   0.54720  -0.74516  -0.05584   2.20000  3
   0.01328   0.41132  -0.75035  -0.34195   2.20000  4
  -0.21836   0.31429   0.68902   0.16161   2.20000  5
  -0.08254   0.62465   0.76694   0.28516   2.20000  6
  -0.10379   0.89468  -0.13662   0.10912   2.20000  7
  -0.03485   0.73923  -1.00727   0.85285   2.20000  8
   0.15895  -1.40276   0.11891  -0.03027   2.20000  9
   0.09302  -1.33331  -0.15184   0.31866   2.20000 10
   0.05409   0.59741  -0.86193  -0.25408   2.20000 11
  -0.03536   0.53476  -0.65982  -0.29258   2.20000 12
   0.01851   1.29851   0.42723   0.40190   2.20000 13
   0.19242   1.41453   0.30135   0.71633   2.20000 14
  -0.00256  -0.04669   0.63825  -0.02256   2.20000 15
  -0.17011   0.23936   0.04030   0.68002   2.20000 16
  -0.22266   0.34480   0.86775   0.30809   2.20000 17
  -0.56871   0.08714   0.05609   0.15034   2.20000 18
   0.00948   0.00630  -0.03550  -1.17416   2.20000 19
   0.22341   0.10436   0.18013  -0.89512   2.20000 20
  -0.19025   0.32554   0.21738  -0.59681   2.30000  1
   0.07341   0.49636  -0.04581  -0.26372   2.30000  2
  -0.10308   0.53694  -0.70881  -0.16581   2.30000  3
  -0.06966   0.38387  -0.90465  -0.21414   2.30000  4
  -0.14112   0.33751   0.83980   0.31226   2.30000  5
  -0.00437   0.64202   0.74744   0.05432   2.30000  6
  -0.11476   0.89428  -0.08819  -0.11805   2.30000  7
  -0.13465   0.81231  -0.97291   0.62168   2.30000  8
   0.16913  -1.40362   0.08479   0.01355   2.30000  9
   0.07944  -1.30275  -0.11959   0.29229   2.30000 10
  -0.04214   0.56408  -1.03771  -0.41440   2.30000 11
  -0.10037   0.50266  -0.63055  -0.36118   2.30000 12
   0.06219   1.33549   0.44451   0.34057   2.30000 13
   0.22000   1.48227   0.25133   0.63972   2.30000 14
   0.05977  -0.03969   0.60178   0.14838   2.30000 15
  -0.16180   0.31936   0.14009   0.91825   2.30000 16
  -0.12696   0.37882   1.02303   0.37550   2.30000 17
  -0.55620   0.10582   0.19425   0.22318   2.30000 18
   0.00512  -0.10256  -0.04087  -0.99718   2.30000 19
   0.23254   0.01930   0.00467  -0.80842   2.30000 20
  -0.15796   0.27788   0.40676  -0.33552   2.40000  1
   0.05242   0.46833  -0.37282  -0.30117   2.40000  2
  -0.16790   0.51093  -0.57123  -0.36013   2.40000  3
  -0.16142   0.36884  -0.87613  -0.07305   2.40000  4
  -0.05683   0.37827   0.80300   0.49973   2.40000  5
   0.06111   0.63596   0.55369  -0.16937   2.40000  6
  -0.12312   0.87168  -0.08649  -0.32778   2.40000  7
  -0.22710   0.86536  -0.86883   0.44273   2.40000  8
   0.17595  -1.40002   0.05196   0.05828   2.40000  9
   0.06905  -1.27480  -0.08854   0.26711   2.40000 10
  -0.14750   0.51246  -1.03467  -0.62473   2.40000 11
  -0.15855   0.46069  -0.51389  -0.47156   2.40000 12
   0.10710   1.36724   0.45242   0.29750   2.40000 13
   0.24294   1.54268   0.20883   0.56943   2.40000 14
   0.11739  -0.01892   0.55051   0.26051   2.40000 15
  -0.13954   0.41948   0.29826   1.05787   2.40000 16
  -0.02719   0.42053   0.92105   0.45152   2.40000 17
  -0.52970   0.13190   0.33724   0.29984   2.40000 18
   0.00231  -0.19317  -0.01450  -0.82029   2.40000 19
   0.22478  -0.05732  -0.15664  -0.72093   2.40000 20
  -0.11396   0.25907   0.45232  -0.04724   2.50000  1
   0.00082   0.43659  -0.63248  -0.31915   2.50000  2
  -0.21524   0.46661  -0.37595  -0.50937   2.50000  3
  -0.23904   0.37048  -0.67019   0.10043   2.50000  4
   0.01484   0.43443   0.62435   0.60334   2.50000  5
   0.10571   0.60895   0.33544  -0.36808   2.50000  6
  -0.13254   0.82957  -0.10019  -0.51390   2.50000  7
  -0.30806   0.90133  -0.75206   0.27988   2.50000  8
   0.17959  -1.39198   0.02118   0.10254   2.50000  9
   0.06167  -1.24923  -0.05949   0.24476   2.50000 10
  -0.24193   0.44254  -0.83286  -0.74359   2.50000 11
  -0.20130   0.41285  -0.34784  -0.46470   2.50000 12
   0.15248   1.39553   0.45439   0.27076   2.50000 13
   0.26204   1.59630   0.17463   0.50365   2.50000 14
   0.16920   0.01104   0.47907   0.33334   2.50000 15
  -0.10745   0.52300   0.32623   0.96865   2.50000 16
   0.05299   0.46633   0.67634   0.45160   2.50000 17
  -0.48826   0.16632   0.49521   0.39279   2.50000 18
   0.00221  -0.26778   0.01209  -0.67694   2.50000 19
   0.20249  -0.12396  -0.28017  -0.60878   2.50000 20
  -0.07055   0.26671   0.40402   0.19123   2.60000  1
  -0.06843   0.40726  -0.73862  -0.26709   2.60000  2
  -0.24506   0.41139  -0.23250  -0.58694   2.60000  3
  -0.29543   0.38595  -0.45862   0.18479   2.60000  4
   0.06776   0.49549   0.44028   0.60854   2.60000  5
   0.12766   0.56320   0.10216  -0.53853   2.60000  6
  -0.14234   0.76840  -0.08978  -0.71378   2.60000  7
  -0.37801   0.92213  -0.64958   0.14035   2.60000  8
   0.18024  -1.37952  -0.00802   0.14665   2.60000  9
   0.05710  -1.22576  -0.03213   0.22521   2.60000 10
  -0.31305   0.36775  -0.59068  -0.73729   2.60000 11
  -0.23066   0.36946  -0.25051  -0.39986   2.60000 12
   0.19784   1.42180   0.45218   0.25624   2.60000 13
   0.27814   1.64352   0.14852   0.44120   2.60000 14
   0.21200   0.04744   0.37291   0.39585   2.60000 15
  -0.07450   0.60985   0.33294   0.76996   2.60000 16
   0.10822   0.50982   0.43488   0.41811   2.60000 17
  -0.42960   0.21173   0.68491   0.52417   2.60000 18
   0.00467  -0.32935   0.03686  -0.55735   2.60000 19
   0.17027  -0.17928  -0.35924  -0.50146   2.60000 20
  -0.03528   0.29545   0.29286   0.37302   2.70000  1
  -0.14590   0.38179  -0.80919  -0.24922   2.70000  2
  -0.26366   0.35125  -0.14623  -0.60348   2.70000  3
  -0.33080   0.40221  -0.24742   0.11969   2.70000  4
   0.10442   0.55440   0.29580   0.55646   2.70000  5
   0.12672   0.50481  -0.11265  -0.60315   2.70000  6
  -0.14889   0.68637  -0.03280  -0.92359   2.70000  7
  -0.43843   0.93015  -0.56069   0.02318   2.70000  8
   0.17802  -1.36263  -0.03629   0.19145   2.70000  9
   0.05520  -1.20412  -0.00597   0.20795   2.70000 10
  -0.36047   0.29762  -0.35584  -0.65364   2.70000 11
  -0.25289   0.33324  -0.19857  -0.32364   2.70000 12
   0.24280   1.44706   0.44627   0.25006   2.70000 13
   0.29199   1.68463   0.12982   0.38142   2.70000 14
   0.24330   0.09056   0.25160   0.46832   2.70000 15
  -0.04165   0.67755   0.31806   0.58165   2.70000 16
   0.14092   0.54923   0.22084   0.36200   2.70000 17
  -0.34992   0.27324   0.91011   0.71205   2.70000 18
   0.00949  -0.37967   0.05893  -0.45056   2.70000 19
   0.13127  -0.22514  -0.41864  -0.41998   2.70000 20
  -0.01268   0.33934   0.16036   0.49756   2.80000  1
  -0.23006   0.35639  -0.86588  -0.26060   2.80000  2
  -0.27475   0.29413  -0.07100  -0.51391   2.80000  3
  -0.34403   0.40773  -0.01055  -0.01079   2.80000  4
   0.12668   0.60450   0.14793   0.43964   2.80000  5
   0.10673   0.44611  -0.28399  -0.56650   2.80000  6
  -0.14842   0.58492   0.03743  -1.10276   2.80000  7
  -0.49046   0.92734  -0.48125  -0.07689   2.80000  8
   0.17299  -1.34117  -0.06427   0.23796   2.80000  9
   0.05588  -1.18411   0.01942   0.19230   2.80000 10
  -0.38283   0.24026  -0.09074  -0.48254   2.80000 11
  -0.27038   0.30553  -0.14345  -0.22088   2.80000 12
   0.28698   1.47199   0.43669   0.24929   2.80000 13
   0.30432   1.71988   0.11769   0.32392   2.80000 14
   0.26202   0.14146   0.12083   0.55146   2.80000 15
  -0.01128   0.72503   0.29215   0.36467   2.80000 16
   0.15269   0.58105   0.01700   0.27297   2.80000 17
  -0.25030   0.35130   1.05326   0.81597   2.80000 18
   0.01626  -0.41964   0.07490  -0.34925   2.80000 19
   0.08691  -0.26405  -0.46653  -0.36163   2.80000 20
  -0.00272   0.39383   0.03975   0.58410   2.90000  1
  -0.31344   0.33068  -0.77132  -0.25156   2.90000  2
  -0.27769   0.25192   0.00580  -0.32532   2.90000  3
  -0.33250   0.40039   0.23552  -0.13600   2.90000  4
   0.13397   0.64175  -0.00169   0.30356   2.90000  5
   0.06959   0.39152  -0.46261  -0.52198   2.90000  6
  -0.14295   0.46570   0.06571  -1.27694   2.90000  7
  -0.53485   0.91520  -0.40696  -0.16406   2.90000  8
   0.16516  -1.31494  -0.09250   0.28729   2.90000  9
   0.05907  -1.16563   0.04433   0.17746   2.90000 10
  -0.37959   0.20186   0.14965  -0.28314   2.90000 11
  -0.28036   0.29013  -0.05773  -0.09062   2.90000 12
   0.33001   1.49704   0.42342   0.25207   2.90000 13
   0.31573   1.74948   0.11133   0.26847   2.90000 14
   0.26692   0.20117  -0.02643   0.64397   2.90000 15
   0.01744   0.75049   0.28461   0.14526   2.90000 16
   0.14494   0.60387  -0.16874   0.18375   2.90000 17
  -0.14499   0.43118   1.04901   0.77405   2.90000 18
   0.02406  -0.44959   0.07856  -0.25007   2.90000 19
   0.03845  -0.29803  -0.49971  -0.32029   2.90000 20
  -0.00481   0.45319  -0.07639   0.58778   3.00000  1
  -0.37983   0.30562  -0.54013  -0.25256   3.00000  2
  -0.27464   0.22911   0.05414  -0.13295   3.00000  3
  -0.29904   0.38020   0.42176  -0.26939   3.00000  4
   0.12635   0.66493  -0.15136   0.15850   3.00000  5
   0.01430   0.34377  -0.63623  -0.42245   3.00000  6
  -0.13560   0.33502   0.07226  -1.30412   3.00000  7
  -0.57193   0.89487  -0.33501  -0.24090   3.00000  8
   0.15448  -1.28358  -0.12126   0.34061   3.00000  9
   0.06473  -1.14862   0.06875   0.16256   3.00000 10
  -0.35412   0.18417   0.35350  -0.06857   3.00000 11
  -0.28230   0.28595   0.02071  -0.00247   3.00000 12
   0.37154   1.52249   0.40652   0.25736   3.00000 13
   0.32676   1.77364   0.11009   0.21490   3.00000 14
   0.25578   0.27030  -0.20154   0.73775   3.00000 15
   0.04583   0.75393   0.28250  -0.07910   3.00000 16
   0.11960   0.61779  -0.33497   0.09387   3.00000 17
  -0.03981   0.50338   1.05562   0.66043   3.00000 18
   0.03134  -0.46977   0.06362  -0.15474   3.00000 19
  -0.01235  -0.32836  -0.51261  -0.28652   3.00000 20
  -0.01495   0.51036  -0.10757   0.55618   3.10000  1
  -0.41965   0.27994  -0.25312  -0.25956   3.10000  2
  -0.26623   0.22444   0.11985   0.03258   3.10000  3
  -0.25025   0.34647   0.54402  -0.40306   3.10000  4
   0.10371   0.67288  -0.29850  -0.00403   3.10000  5
  -0.05614   0.30691  -0.76943  -0.32497   3.10000  6
  -0.13148   0.20950  -0.00192  -1.18477   3.10000  7
  -0.60187   0.86728  -0.26362  -0.30993   3.10000  8
   0.14090  -1.24665  -0.15024   0.39888   3.10000  9
   0.07279  -1.13314   0.09207   0.14689   3.10000 10
  -0.30998   0.18821   0.52532   0.14703   3.10000 11
  -0.27529   0.28734   0.12475   0.01833   3.10000 12
   0.41120   1.54857   0.38618   0.26467   3.10000 13
   0.33790   1.79252   0.11349   0.16310   3.10000 14
   0.22573   0.34842  -0.40272   0.82355   3.10000 15
   0.07337   0.73388   0.26269  -0.32602   3.10000 16
   0.07889   0.62222  -0.46882  -0.00792   3.10000 17
   0.06483   0.56487   1.02214   0.58570   3.10000 18
   0.03614  -0.48083   0.02955  -0.06813   3.10000 19
  -0.06335  -0.35519  -0.50413  -0.24852   3.10000 20
  -0.02352   0.56442  -0.05383   0.52300   3.20000  1
  -0.43042   0.25436   0.03651  -0.24789   3.20000  2
  -0.24943   0.23406   0.22228   0.15278   3.20000  3
  -0.19256   0.30071   0.59373  -0.50213   3.20000  4
   0.06871   0.66334  -0.38667  -0.18782   3.20000  5
  -0.13988   0.27673  -0.90541  -0.28539   3.20000  6
  -0.13698   0.10175  -0.10521  -0.95891   3.20000  7
  -0.62460   0.83305  -0.19055  -0.37396   3.20000  8
   0.12448  -1.20365  -0.17744   0.46161   3.20000  9
   0.08303  -1.11925   0.11195   0.13113   3.20000 10
  -0.24991   0.21246   0.66874   0.32988   3.20000 11
  -0.25627   0.28770   0.26056  -0.01768   3.20000 12
   0.44867   1.57548   0.36259   0.27380   3.20000 13
   0.34960   1.80631   0.12128   0.11302   3.20000 14
   0.17494   0.43524  -0.61270   0.91578   3.20000 15
   0.09663   0.68846   0.19241  -0.57695   3.20000 16
   0.02984   0.61633  -0.49299  -0.10796   3.20000 17
   0.15972   0.62196   0.85114   0.54889   3.20000 18
   0.03682  -0.48377  -0.01741   0.00757   3.20000 19
  -0.11262  -0.37766  -0.47896  -0.19876   3.20000 20
  -0.02429   0.61357   0.04083   0.44510   3.30000  1
  -0.41262   0.23119   0.31853  -0.21159   3.30000  2
  -0.22104   0.25367   0.34096   0.23062   3.30000  3
  -0.13642   0.24942   0.50534  -0.50047   3.30000  4
   0.02854   0.63543  -0.41199  -0.36907   3.30000  5
  -0.23366   0.24947  -0.92661  -0.25365   3.30000  6
  -0.15087   0.01820  -0.16343  -0.71664   3.30000  7
  -0.63983   0.79258  -0.11299  -0.43501   3.30000  8
   0.10566  -1.15435  -0.19686   0.52327   3.30000  9
   0.09486  -1.10674   0.12205   0.12099   3.30000 10
  -0.17926   0.25210   0.71852   0.44701   3.30000 11
  -0.22294   0.28312   0.39845  -0.07298   3.30000 12
   0.48361   1.60339   0.33575   0.28450   3.30000 13
   0.36230   1.81518   0.13342   0.06460   3.30000 14
   0.10364   0.53202  -0.80877   1.01574   3.30000 15
   0.10982   0.62133   0.05959  -0.74639   3.30000 16
  -0.01738   0.60062  -0.44255  -0.20633   3.30000 17
   0.23246   0.67194   0.60264   0.44196   3.30000 18
   0.03247  -0.47959  -0.07025   0.07494   3.30000 19
  -0.15877  -0.39452  -0.44263  -0.13659   3.30000 20
  -0.01637   0.64941   0.10399   0.25612   3.40000  1
  -0.36690   0.21283   0.59157  -0.15167   3.40000  2
  -0.18318   0.27837   0.41048   0.25816   3.40000  3
  -0.09344   0.20524   0.35521  -0.36679   3.40000  4
  -0.01311   0.59094  -0.42011  -0.50517   3.40000  5
  -0.31743   0.22753  -0.73550  -0.18459   3.40000  6
  -0.16821  -0.04317  -0.17828  -0.51892   3.40000  7
  -0.64695   0.74611  -0.02814  -0.49402   3.40000  8
   0.08572  -1.09952  -0.19834   0.56942   3.40000  9
   0.10676  -1.09437   0.11200   0.13118   3.40000 10
  -0.11071   0.29844   0.64277   0.47088   3.40000 11
  -0.17911   0.27461   0.46904  -0.08475   3.40000 12
   0.51570   1.63242   0.30534   0.29639   3.40000 13
   0.37643   1.81929   0.15007   0.01787   3.40000 14
   0.01523   0.63366  -0.94133   0.97382   3.40000 15
   0.10561   0.54399  -0.15380  -0.77864   3.40000 16
  -0.05713   0.57561  -0.34978  -0.28947   3.40000 17
   0.28154   0.71018   0.38802   0.32640   3.40000 18
   0.02271  -0.46891  -0.12494   0.13848   3.40000 19
  -0.20088  -0.40466  -0.39827  -0.06469   3.40000 20
  -0.00727   0.66399   0.06121   0.03942   3.50000  1
  -0.29663   0.20166   0.79835  -0.06798   3.50000  2
  -0.13912   0.30508   0.47099   0.27758   3.50000  3
  -0.06459   0.17783   0.22567  -0.17703   3.50000  4
  -0.05583   0.53671  -0.43424  -0.58264   3.50000  5
  -0.37991   0.21193  -0.50867  -0.12945   3.50000  6
  -0.18575  -0.08697  -0.16924  -0.36280   3.50000  7
  -0.64512   0.69384   0.06677  -0.55101   3.50000  8
   0.06666  -1.04134  -0.18056   0.59037   3.50000  9
   0.11651  -1.07946   0.08028   0.17183   3.50000 10
  -0.05146   0.34615   0.53988   0.48679   3.50000 11
  -0.13017   0.26871   0.50537  -0.02250   3.50000 12
   0.54454   1.66269   0.27075   0.30889   3.50000 13
   0.39247   1.81882   0.17161  -0.02690   3.50000 14
  -0.07989   0.71965  -0.93914   0.73514   3.50000 15
   0.07868   0.46697  -0.38588  -0.76677   3.50000 16
  -0.08793   0.54282  -0.27034  -0.37359   3.50000 17
   0.31178   0.73803   0.22379   0.23363   3.50000 18
   0.00747  -0.45188  -0.17997   0.20261   3.50000 19
  -0.23819  -0.40722  -0.34662   0.01441   3.50000 20
  -0.00554   0.65770  -0.02670  -0.16567   3.60000  1
  -0.20878   0.20015   0.95690   0.04457   3.60000  2
  -0.08918   0.33454   0.52402   0.31491   3.60000  3
  -0.04770   0.17053   0.11451   0.03496   3.60000  4
  -0.09877   0.47252  -0.41190  -0.70948   3.60000  5
  -0.41936   0.20154  -0.28580  -0.07838   3.60000  6
  -0.20150  -0.11669  -0.14340  -0.23562   3.60000  7
  -0.63318   0.63600   0.17441  -0.60548   3.60000  8
   0.04983  -0.98192  -0.15594   0.59705   3.60000  9
   0.12251  -1.05934   0.03918   0.23262   3.60000 10
  -0.00366   0.39600   0.40554   0.50063   3.60000 11
  -0.07910   0.27185   0.50909   0.09230   3.60000 12
   0.56969   1.69419   0.23134   0.32095   3.60000 13
   0.41094   1.81400   0.19869  -0.06880   3.60000 14
  -0.17056   0.78144  -0.87222   0.50978   3.60000 15
   0.02776   0.38935  -0.63437  -0.78752   3.60000 16
  -0.11128   0.49870  -0.19309  -0.51952   3.60000 17
   0.32736   0.75728   0.09188   0.15239   3.60000 18
  -0.01328  -0.42824  -0.23504   0.27118   3.60000 19
  -0.26994  -0.40159  -0.28710   0.09914   3.60000 20
  -0.01214   0.63042  -0.10146  -0.38353   3.70000  1
  -0.10582   0.21262   1.09105   0.21757   3.70000  2
  -0.03676   0.36719   0.50070   0.32064   3.70000  3
  -0.04129   0.18581   0.01531   0.27589   3.70000  4
  -0.13472   0.39471  -0.28913  -0.83901   3.70000  5
  -0.43808   0.19629  -0.09199  -0.02611   3.70000  6
  -0.21402  -0.13484  -0.10545  -0.13056   3.70000  7
  -0.60975   0.57283   0.29647  -0.65754   3.70000  8
   0.03538  -0.92195  -0.13390   0.60291   3.70000  9
   0.12435  -1.03270  -0.00213   0.30067   3.70000 10
   0.02651   0.44173   0.18965   0.39365   3.70000 11
  -0.03050   0.28798   0.44418   0.22613   3.70000 12
   0.59062   1.72680   0.18643   0.33058   3.70000 13
   0.43242   1.80521   0.23203  -0.10597   3.70000 14
  -0.25440   0.82334  -0.80559   0.33545   3.70000 15
  -0.04613   0.31102  -0.81522  -0.76627   3.70000 16
  -0.12530   0.43757  -0.07981  -0.70415   3.70000 17
   0.33075   0.76856  -0.02194   0.07289   3.70000 18
  -0.03955  -0.39738  -0.29031   0.34768   3.70000 19
  -0.29532  -0.38722  -0.21891   0.18909   3.70000 20
  -0.02480   0.58005  -0.14490  -0.62925   3.80000  1
   0.00302   0.24507   1.03523   0.42308   3.80000  2
   0.00655   0.39466   0.35847   0.21864   3.80000  3
  -0.04414   0.22605  -0.06855   0.52165   3.80000  4
  -0.15396   0.30737  -0.09102  -0.89131   3.80000  5
  -0.43799   0.19638   0.09455   0.02793   3.80000  6
  -0.22245  -0.14332  -0.06319  -0.04079   3.80000  7
  -0.57338   0.50447   0.43355  -0.71051   3.80000  8
   0.02287  -0.86116  -0.11732   0.61391   3.80000  9
   0.12217  -0.99914  -0.04112   0.37071   3.80000 10
   0.03502   0.47254  -0.01010   0.21613   3.80000 11
   0.00548   0.31429   0.26575   0.28479   3.80000 12
   0.60679   1.76010   0.13597   0.33416   3.80000 13
   0.45756   1.79308   0.27171  -0.13502   3.80000 14
  -0.33189   0.84972  -0.74510   0.19691   3.80000 15
  -0.12703   0.23914  -0.76690  -0.65272   3.80000 16
  -0.12605   0.35887   0.06698  -0.85864   3.80000 17
   0.32330   0.77169  -0.12588  -0.01164   3.80000 18
  -0.07138  -0.35832  -0.34675   0.43575   3.80000 19
  -0.31341  -0.36354  -0.14138   0.28620   3.80000 20
  -0.03933   0.50374  -0.13510  -0.89749   3.90000  1
   0.09469   0.29472   0.78343   0.55861   3.90000  2
   0.03482   0.41023   0.20656   0.09289   3.90000  3
  -0.05424   0.28663  -0.12658   0.66423   3.90000  4
  -0.15421   0.22019   0.06937  -0.83293   3.90000  5
  -0.41874   0.20173   0.29359   0.07733   3.90000  6
  -0.22671  -0.14313  -0.02238   0.04477   3.90000  7
  -0.52244   0.43042   0.58904  -0.77277   3.90000  8
   0.01172  -0.79893  -0.10667   0.63207   3.90000  9
   0.11620  -0.95853  -0.07787   0.44181   3.90000 10
   0.02648   0.48378  -0.15109   0.00170   3.90000 11
   0.02307   0.34317   0.09324   0.28950   3.90000 12
   0.61770   1.79325   0.08203   0.32625   3.90000 13
   0.48691   1.77865   0.31560  -0.15073   3.90000 14
  -0.40350   0.86352  -0.68725   0.08266   3.90000 15
  -0.19688   0.18240  -0.62793  -0.48566   3.90000 16
  -0.11276   0.26948   0.18615  -0.90301   3.90000 17
   0.30575   0.76590  -0.22462  -0.10632   3.90000 18
  -0.10902  -0.30966  -0.40680   0.54115   3.90000 19
  -0.32323  -0.32957  -0.05273   0.39595   3.90000 20
  -0.04984   0.40208  -0.07108  -1.11428   4.00000  1
   0.15821   0.35449   0.48363   0.62360   4.00000  2
   0.04739   0.41333   0.04221  -0.03080   4.00000  3
  -0.06647   0.35427  -0.10118   0.67308   4.00000  4
  -0.14405   0.14333   0.11735  -0.69999   4.00000  5
  -0.37871   0.21121   0.50838   0.10722   4.00000  6
  -0.22698  -0.13412   0.01679   0.13771   4.00000  7
  -0.45456   0.34926   0.77520  -0.85430   4.00000  8
   0.00134  -0.73446  -0.10188   0.65872   4.00000  9
   0.10665  -0.91072  -0.11301   0.51489   4.00000 10
   0.00682   0.47133  -0.23191  -0.25584   4.00000 11
   0.02528   0.37210  -0.04653   0.28630   4.00000 12
   0.62328   1.82478   0.03083   0.30127   4.00000 13
   0.52061   1.76356   0.35736  -0.14766   4.00000 14
  -0.46934   0.86687  -0.62945  -0.01280   4.00000 15
  -0.25250   0.14014  -0.48481  -0.36858   4.00000 16
  -0.09296   0.18339   0.18873  -0.80527   4.00000 17
   0.27844   0.74994  -0.32131  -0.21571   4.00000 18
  -0.15289  -0.24915  -0.47075   0.67478   4.00000 19
  -0.32344  -0.28362   0.05146   0.52766   4.00000 20
  -0.05485   0.28814  -0.04563  -1.13299   4.10000  1
   0.19157   0.41660   0.18901   0.60591   4.10000  2
   0.04300   0.40437  -0.12962  -0.14374   4.10000  3
  -0.07211   0.41736  -0.00672   0.56374   4.10000  4
  -0.13298   0.07999   0.09606  -0.56983   4.10000  5
  -0.31732   0.22166   0.71490   0.09085   4.10000  6
  -0.22344  -0.11486   0.05270   0.25346   4.10000  7
  -0.36587   0.25892   1.00553  -0.95363   4.10000  8
  -0.00884  -0.66683  -0.10262   0.69605   4.10000  9
   0.09363  -0.85542  -0.14717   0.59195   4.10000 10
  -0.01815   0.43296  -0.26129  -0.50010   4.10000 11
   0.01418   0.39855  -0.17081   0.22956   4.10000 12
   0.62427   1.85290  -0.00831   0.25851   4.10000 13
   0.55799   1.74978   0.38756  -0.12518   4.10000 14
  -0.52939   0.86148  -0.57146  -0.09278   4.10000 15
  -0.29365   0.10762  -0.33283  -0.28439   4.10000 16
  -0.07821   0.10886   0.09442  -0.68685   4.10000 17
   0.24144   0.72207  -0.41922  -0.34568   4.10000 18
  -0.20279  -0.17332  -0.52145   0.84886   4.10000 19
  -0.31222  -0.22282   0.17696   0.69629   4.10000 20
  -0.06288   0.17667  -0.13442  -1.10335   4.20000  1
   0.19750   0.47391  -0.06287   0.53530   4.20000  2
   0.02167   0.38573  -0.29540  -0.22496   4.20000  3
  -0.06792   0.46338   0.08596   0.34372   4.20000  4
  -0.12643   0.02896   0.02569  -0.44940   4.20000  5
  -0.23667   0.22648   0.89534  -0.00967   4.20000  6
  -0.21692  -0.08142   0.07604   0.42949   4.20000  7
  -0.25337   0.15915   1.23356  -1.03549   4.20000  8
  -0.01935  -0.59475  -0.10835   0.74852   4.20000  9
   0.07723  -0.79209  -0.18086   0.67607   4.20000 10
  -0.04464   0.37517  -0.26659  -0.63656   4.20000 11
  -0.00781   0.41577  -0.26352   0.10497   4.20000 12
   0.62222   1.87612  -0.02945   0.20488   4.20000 13
   0.59753   1.73895   0.40016  -0.09022   4.20000 14
  -0.58364   0.84872  -0.51383  -0.16055   4.20000 15
  -0.31675   0.08236  -0.11177  -0.23069   4.20000 16
  -0.07620   0.04585  -0.06498  -0.57136   4.20000 17
   0.19443   0.67982  -0.52222  -0.50511   4.20000 18
  -0.25440  -0.07841  -0.48650   1.04989   4.20000 19
  -0.28732  -0.14236   0.32400   0.92453   4.20000 20
  -0.08515   0.06633  -0.32045  -1.10165   4.30000  1
   0.18023   0.52307  -0.27877   0.44465   4.30000  2
  -0.01543   0.35939  -0.44084  -0.30617   4.30000  3
  -0.05601   0.48483   0.14662   0.08404   4.30000  4
  -0.12948  -0.00825  -0.08625  -0.28137   4.30000  5
  -0.13960   0.21804   1.02781  -0.15745   4.30000  6
  -0.20723  -0.02627   0.13288   0.67646   4.30000  7
  -0.12410   0.05292   1.30630  -1.07369   4.30000  8
  -0.03066  -0.51634  -0.11852   0.82490   4.30000  9
   0.05746  -0.71981  -0.21452   0.77213   4.30000 10
  -0.07172   0.30734  -0.27792  -0.72139   4.30000 11
  -0.03722   0.41799  -0.31690  -0.06588   4.30000 12
   0.61894   1.89382  -0.03386   0.14953   4.30000 13
   0.63748   1.73184   0.39647  -0.05193   4.30000 14
  -0.63218   0.82965  -0.45701  -0.21980   4.30000 15
  -0.31268   0.05857   0.20406  -0.25137   4.30000 16
  -0.09311  -0.00393  -0.27487  -0.41162   4.30000 17
   0.13679   0.61974  -0.63119  -0.70259   4.30000 18
  -0.29348   0.03497  -0.26238   1.19109   4.30000 19
  -0.24657  -0.03591   0.49934   1.20209   4.30000 20
  -0.12549  -0.03964  -0.45837  -0.97360   4.40000  1
   0.14204   0.56136  -0.48361   0.30735   4.40000  2
  -0.06464   0.32297  -0.53027  -0.43123   4.40000  3
  -0.03976   0.48053   0.17206  -0.16713   4.40000  4
  -0.14104  -0.02503  -0.12726  -0.05103   4.40000  5
  -0.03785   0.19727   0.96100  -0.24327   4.40000  6
  -0.18703   0.05027   0.27277   0.82107   4.40000  7
  -0.00375  -0.04901   1.06692  -0.93500   4.40000  8
  -0.04321  -0.42844  -0.13314   0.94152   4.40000  9
   0.03431  -0.63701  -0.24874   0.88800   4.40000 10
  -0.10041   0.22977  -0.29404  -0.83386   4.40000 11
  -0.06946   0.40188  -0.31964  -0.25915   4.40000 12
   0.61585   1.90616  -0.02647   0.09807   4.40000 13
   0.67645   1.72848   0.38142  -0.01595   4.40000 14
  -0.67505   0.80492  -0.40025  -0.27442   4.40000 15
  -0.27494   0.03467   0.55059  -0.20305   4.40000 16
  -0.12815  -0.03386  -0.39655  -0.17940   4.40000 17
   0.06814   0.53869  -0.74311  -0.91717   4.40000 18
  -0.30313   0.15228   0.07266   1.13022   4.40000 19
  -0.18660   0.09177   0.68402   1.29802   4.40000 20
  -0.17064  -0.12247  -0.42263  -0.67792   4.50000  1
   0.08453   0.58174  -0.65824   0.09023   4.50000  2
  -0.11896   0.27167  -0.54474  -0.59757   4.50000  3
  -0.02339   0.45171   0.14054  -0.41215   4.50000  4
  -0.15296  -0.01943  -0.10636   0.15614   4.50000  5
   0.04507   0.17163   0.67812  -0.25955   4.50000  6
  -0.15413   0.13426   0.38020   0.85537   4.50000  7
   0.08961  -0.13321   0.81121  -0.75769   4.50000  8
  -0.05745  -0.32591  -0.15255   1.12108   4.50000  9
   0.00768  -0.54115  -0.28386   1.03585   4.50000 10
  -0.13086   0.14168  -0.31124  -0.90264   4.50000 11
  -0.10007   0.36540  -0.29026  -0.47618   4.50000 12
   0.61389   1.91363  -0.01173   0.05230   4.50000 13
   0.71354   1.72851   0.35951   0.01581   4.50000 14
  -0.71217   0.77483  -0.34157  -0.32698   4.50000 15
  -0.20428   0.02044   0.84255  -0.07954   4.50000 16
  -0.16743  -0.03990  -0.36967   0.05336   4.50000 17
  -0.01253   0.43638  -0.87145  -1.13298   4.50000 18
  -0.27903   0.25933   0.40852   1.00680   4.50000 19
  -0.11417   0.21887   0.74366   1.23627   4.50000 20
  -0.20681  -0.17613  -0.28903  -0.40041   4.60000  1
   0.01216   0.57799  -0.78051  -0.17156   4.60000  2
  -0.16936   0.20651  -0.43616  -0.67986   4.60000  3
  -0.01574   0.39680  -0.00564  -0.68992   4.60000  4
  -0.16087   0.00524  -0.04163   0.33169   4.60000  5
   0.09651   0.14686   0.35038  -0.23324   4.60000  6
  -0.11294   0.22028   0.42705   0.86069   4.60000  7
   0.15969  -0.20195   0.59330  -0.61928   4.60000  8
  -0.07421  -0.20221  -0.18882   1.35863   4.60000  9
  -0.02243  -0.42825  -0.31783   1.23113   4.60000 10
  -0.15978   0.05397  -0.25176  -0.84449   4.60000 11
  -0.12689   0.30606  -0.23920  -0.70088   4.60000 12
   0.61365   1.91680   0.00749   0.01210   4.60000 13
   0.74821   1.73150   0.33357   0.04322   4.60000 14
  -0.74325   0.73958  -0.27960  -0.37757   4.60000 15
  -0.11365   0.01916   0.92139   0.05694   4.60000 16
  -0.19797  -0.02414  -0.22072   0.25658   4.60000 17
  -0.10480   0.31086  -0.95432  -1.37205   4.60000 18
  -0.22183   0.35190   0.72876   0.82712   4.60000 19
  -0.04343   0.33717   0.64330   1.11116   4.60000 20
  -0.22731  -0.20242  -0.12105  -0.12189   4.70000  1
  -0.06966   0.54596  -0.84245  -0.47628   4.70000  2
  -0.20258   0.13766  -0.22158  -0.70478   4.70000  3
  -0.02603   0.31585  -0.19793  -0.90778   4.70000  4
  -0.16019   0.04491   0.05290   0.45022   4.70000  5
   0.11520   0.12464   0.02255  -0.21493   4.70000  6
  -0.07254   0.30285   0.37182   0.76163   4.70000  7
   0.20905  -0.25691   0.39915  -0.47831   4.70000  8
  -0.09672  -0.05337  -0.26697   1.62084   4.70000  9
  -0.05590  -0.29306  -0.35423   1.48179   4.70000 10
  -0.17896  -0.02471  -0.12564  -0.70524   4.70000 11
  -0.14667   0.22819  -0.15330  -0.85028   4.70000 12
   0.61548   1.91621   0.02959  -0.02330   4.70000 13
   0.78017   1.73702   0.30512   0.06670   4.70000 14
  -0.76800   0.69941  -0.21496  -0.42538   4.70000 15
  -0.02829   0.03130   0.75764   0.18027   4.70000 16
  -0.20888   0.01015   0.00876   0.42283   4.70000 17
  -0.19617   0.16733  -0.83694  -1.48475   4.70000 18
  -0.13750   0.42069   0.92997   0.54431   4.70000 19
   0.01177   0.43632   0.45755   0.86433   4.70000 20
  -0.23132  -0.19951   0.03796   0.18913   4.80000  1
  -0.15191   0.48270  -0.77536  -0.77778   4.80000  2
  -0.21280   0.06436   0.02139  -0.74655   4.80000  3
  -0.05365   0.21753  -0.34626  -1.06412   4.80000  4
  -0.15195   0.09280   0.10489   0.48888   4.80000  5
   0.10041   0.10338  -0.32221  -0.21000   4.80000  6
  -0.03867   0.36978   0.30166   0.57471   4.80000  7
   0.24073  -0.29742   0.24076  -0.33236   4.80000  8
  -0.12806   0.11772  -0.35124   1.74505   4.80000  9
  -0.09470  -0.12994  -0.43224   1.78971   4.80000 10
  -0.18506  -0.08194  -0.00489  -0.42742   4.80000 11
  -0.15762   0.13458  -0.06501  -1.02560   4.80000 12
   0.61964   1.91227   0.05378  -0.05476   4.80000 13
   0.80918   1.74472   0.27482   0.08670   4.80000 14
  -0.78618   0.65459  -0.14839  -0.47092   4.80000 15
   0.03412   0.05483   0.48135   0.29022   4.80000 16
  -0.19664   0.05929   0.22575   0.54463   4.80000 17
  -0.26584   0.01606  -0.52869  -1.49825   4.80000 18
  -0.04117   0.46203   0.96628   0.28611   4.80000 19
   0.04775   0.51017   0.26565   0.61262   4.80000 20
  -0.22096  -0.16271   0.16121   0.54921   4.90000  1
  -0.22176   0.39238  -0.61542  -1.02790   4.90000  2
  -0.19905  -0.00623   0.24436  -0.64360   4.90000  3
  -0.09538   0.10290  -0.48527  -1.20384   4.90000  4
  -0.13896   0.13853   0.15699   0.40246   4.90000  5
   0.05055   0.08329  -0.67138  -0.18595   4.90000  6
  -0.01268   0.41800   0.21965   0.38918   4.90000  7
   0.25818  -0.32378   0.11129  -0.19753   4.90000  8
  -0.16066   0.28267  -0.28019   1.53009   4.90000  9
  -0.14305   0.06331  -0.51198   2.03226   4.90000 10
  -0.18186  -0.10895   0.05672  -0.10883   4.90000 11
  -0.15972   0.02959   0.02124  -1.02977   4.90000 12
   0.62630   1.90536   0.07973  -0.08299   4.90000 13
   0.83508   1.75426   0.24286   0.10360   4.90000 14
  -0.79755   0.60526  -0.07810  -0.51559   4.90000 15
   0.06647   0.08810   0.15671   0.36286   4.90000 16
  -0.16505   0.11379   0.39988   0.51863   4.90000 17
  -0.30149  -0.12527  -0.19572  -1.30997   4.90000 18
   0.05138   0.47876   0.86909   0.05883   4.90000 19
   0.06647   0.55876   0.11834   0.35887   4.90000 20
  -0.19920  -0.09174   0.28455   0.85087   5.00000  1
  -0.27263   0.27802  -0.38711  -1.24158   5.00000  2
  -0.16757  -0.06214   0.36480  -0.47570   5.00000  3
  -0.14757  -0.01535  -0.53565  -1.14672   5.00000  4
  -0.12205   0.17185   0.17188   0.27479   5.00000  5
  -0.03198   0.06738  -0.96252  -0.13189   5.00000  6
   0.00564   0.44769   0.14688   0.20757   5.00000  7
   0.26331  -0.33739  -0.00825  -0.07668   5.00000  8
  -0.18383   0.42361  -0.18184   1.28204   5.00000  9
  -0.18903   0.26273  -0.39425   1.92389   5.00000 10
  -0.17445  -0.10454   0.09636   0.19134   5.00000 11
  -0.15512  -0.06557   0.05933  -0.86788   5.00000 12
   0.63564   1.89577   0.10740  -0.10847   5.00000 13
   0.85769   1.76534   0.20912   0.11767   5.00000 14
  -0.80156   0.55149  -0.00064  -0.55958   5.00000 15
   0.06484   0.12500  -0.18456   0.36781   5.00000 16
  -0.12063   0.16081   0.46229   0.42562   5.00000 17
  -0.30809  -0.24325   0.04576  -1.04417   5.00000 18
   0.12980   0.47622   0.68867  -0.09846   5.00000 19
   0.07304   0.58208   0.01778   0.10953   5.00000 20
  -0.16363   0.00016   0.40975   0.94975   5.10000  1
  -0.29771   0.14857  -0.11407  -1.33826   5.10000  2
  -0.13082  -0.10034   0.34630  -0.28238   5.10000  3
  -0.19817  -0.12402  -0.45103  -0.99517   5.10000  4
  -0.10520   0.19394   0.16475   0.16219   5.10000  5
  -0.13648   0.05538  -1.08939  -0.12069   5.10000  6
   0.01650   0.46050   0.06978   0.05481   5.10000  7
   0.25650  -0.33944  -0.12846   0.03454   5.10000  8
  -0.19657   0.53950  -0.07525   1.04216   5.10000  9
  -0.22193   0.44617  -0.26042   1.75190   5.10000 10
  -0.16188  -0.07351   0.15156   0.40417   5.10000 11
  -0.14957  -0.14065   0.04768  -0.61698   5.10000 12
   0.64784   1.88375   0.13694  -0.13138   5.10000 13
   0.87683   1.77770   0.17335   0.12904   5.10000 14
  -0.79737   0.49345   0.08608  -0.60028   5.10000 15
   0.03113   0.16105  -0.48113   0.35176   5.10000 16
  -0.07612   0.19837   0.41652   0.31953   5.10000 17
  -0.29535  -0.33468   0.19822  -0.78972   5.10000 18
   0.18796   0.46086   0.47252  -0.20221   5.10000 19
   0.07030   0.58124  -0.07371  -0.12277   5.10000 20
  -0.12175   0.09551   0.41477   0.95063   5.20000  1
  -0.29455   0.01166   0.17823  -1.38260   5.20000  2
  -0.10147  -0.11891   0.23359  -0.09550   5.20000  3
  -0.23575  -0.21184  -0.30306  -0.76541   5.20000  4
  -0.08872   0.20391   0.16754   0.03968   5.20000  5
  -0.24137   0.04219  -0.97382  -0.14139   5.20000  6
   0.01982   0.45965  -0.00105  -0.06959   5.20000  7
   0.23744  -0.33065  -0.25409   0.14083   5.20000  8
  -0.19988   0.63335   0.00265   0.84258   5.20000  9
  -0.24121   0.61457  -0.12874   1.61666   5.20000 10
  -0.14583  -0.02710   0.15899   0.51588   5.20000 11
  -0.14614  -0.18894   0.01867  -0.35780   5.20000 12
   0.66310   1.86958   0.16862  -0.15159   5.20000 13
   0.89228   1.79106   0.13519   0.13762   5.20000 14
  -0.78410   0.43166   0.18024  -0.63420   5.20000 15
  -0.02910   0.19479  -0.70496   0.31759   5.20000 16
  -0.03861   0.22441   0.32780   0.20303   5.20000 17
  -0.27014  -0.40198   0.29876  -0.55874   5.20000 18
   0.22427   0.43672   0.25407  -0.27761   5.20000 19
   0.05797   0.55838  -0.17340  -0.33007   5.20000 20
  -0.08019   0.19053   0.41716   0.94932   5.30000  1
  -0.26486  -0.12377   0.39677  -1.31555   5.30000  2
  -0.08457  -0.12104   0.10500   0.04398   5.30000  3
  -0.25956  -0.27826  -0.17543  -0.56756   5.30000  4
  -0.07198   0.20330   0.16199  -0.03916   5.30000  5
  -0.32750   0.02657  -0.74291  -0.17043   5.30000  6
   0.01669   0.44638  -0.06067  -0.19953   5.30000  7
   0.20536  -0.31129  -0.38965   0.24665   5.30000  8
  -0.19721   0.70996   0.04647   0.69901   5.30000  9
  -0.24876   0.76888  -0.02885   1.46693   5.30000 10
  -0.13095   0.02793   0.14264   0.57939   5.30000 11
  -0.14618  -0.21411  -0.02080  -0.15444   5.30000 12
   0.68165   1.85354   0.20277  -0.16858   5.30000 13
   0.90378   1.80512   0.09422   0.14296   5.30000 14
  -0.76117   0.36679   0.27920  -0.66285   5.30000 15
  -0.10368   0.22291  -0.74724   0.23859   5.30000 16
  -0.01248   0.23979   0.18669   0.11121   5.30000 17
  -0.23690  -0.44669   0.36011  -0.33600   5.30000 18
   0.23881   0.40568   0.03612  -0.34246   5.30000 19
   0.03595   0.51579  -0.26359  -0.52149   5.30000 20
  -0.03938   0.28340   0.39539   0.89586   5.40000  1
  -0.21815  -0.25121   0.52387  -1.22982   5.40000  2
  -0.07979  -0.11201  -0.00314   0.12807   5.40000  3
  -0.27076  -0.32604  -0.04543  -0.39182   5.40000  4
  -0.05719   0.19925   0.13285  -0.02847   5.40000  5
  -0.39058   0.00909  -0.52487  -0.17415   5.40000  6
   0.00757   0.41854  -0.12336  -0.36556   5.40000  7
   0.15896  -0.28124  -0.54164   0.35462   5.40000  8
  -0.19118   0.77454   0.07209   0.59713   5.40000  9
  -0.24831   0.90807   0.03227   1.32052   5.40000 10
  -0.11589   0.08914   0.16397   0.65063   5.40000 11
  -0.15040  -0.22173  -0.06153  -0.01069   5.40000 12
   0.70374   1.83600   0.23966  -0.18131   5.40000 13
   0.91102   1.81951   0.05005   0.14408   5.40000 14
  -0.72799   0.29911   0.38625  -0.69093   5.40000 15
  -0.17162   0.24257  -0.59221   0.15823   5.40000 16
  -0.00170   0.24845   0.03221   0.07289   5.40000 17
  -0.19926  -0.46914   0.38744  -0.11209   5.40000 18
   0.23113   0.36823  -0.19289  -0.40666   5.40000 19
   0.00603   0.45347  -0.33098  -0.73054   5.40000 20
  -0.00167   0.36794   0.35013   0.77730   5.50000  1
  -0.16342  -0.36810   0.55523  -1.10084   5.50000  2
  -0.08365  -0.09645  -0.06662   0.18135   5.50000  3
  -0.26779  -0.35778   0.10769  -0.24955   5.50000  4
  -0.04548   0.19927   0.10052   0.03514   5.50000  5
  -0.43363  -0.00746  -0.34091  -0.15374   5.50000  6
  -0.00823   0.37169  -0.19156  -0.57408   5.50000  7
   0.09630  -0.24041  -0.71477   0.46097   5.50000  8
  -0.18308   0.82997   0.08885   0.51341   5.50000  9
  -0.24316   1.03395   0.06764   1.20218   5.50000 10
  -0.09730   0.15908   0.21189   0.75100   5.50000 11
  -0.15700  -0.21887  -0.06081   0.06064   5.50000 12
   0.72967   1.81748   0.27916  -0.18796   5.50000 13
   0.91368   1.83374   0.00272   0.13922   5.50000 14
  -0.68339   0.22854   0.50916  -0.72088   5.50000 15
  -0.22033   0.25501  -0.37719   0.09174   5.50000 16
  -0.00495   0.25618  -0.09223   0.08580   5.50000 17
  -0.16034  -0.46883   0.38695   0.11950   5.50000 18
   0.19922   0.32438  -0.45177  -0.46917   5.50000 19
  -0.02919   0.36869  -0.36407  -0.96203   5.50000 20
   0.02837   0.43310   0.24499   0.51041   5.60000  1
  -0.10912  -0.47017   0.52401  -0.93159   5.60000  2
  -0.09193  -0.07576  -0.09457   0.23345   5.60000  3
  -0.24929  -0.37672   0.25962  -0.12917   5.60000  4
  -0.03748   0.20769   0.05607   0.13727   5.60000  5
  -0.45942  -0.02107  -0.17689  -0.11549   5.60000  6
  -0.03014   0.30448  -0.24498  -0.76521   5.60000  7
   0.01583  -0.18932  -0.89245   0.56071   5.60000  8
  -0.17356   0.87755   0.10123   0.43942   5.60000  9
  -0.23521   1.14945   0.08968   1.11202   5.60000 10
  -0.07267   0.23898   0.28182   0.83104   5.60000 11
  -0.16116  -0.20968  -0.01756   0.12680   5.60000 12
   0.75962   1.79871   0.31997  -0.18573   5.60000 13
   0.91149   1.84707  -0.04660   0.12562   5.60000 14
  -0.62532   0.15486   0.65722  -0.75304   5.60000 15
  -0.24628   0.26088  -0.13872   0.02342   5.60000 16
  -0.01967   0.26495  -0.20036   0.07702   5.60000 17
  -0.12249  -0.44585   0.36715   0.33006   5.60000 18
   0.13943   0.27489  -0.75057  -0.51774   5.60000 19
  -0.06475   0.26398  -0.33906  -1.10926   5.60000 20
   0.04693   0.47031   0.12420   0.23980   5.70000  1
  -0.05939  -0.55297   0.46980  -0.72515   5.70000  2
  -0.10211  -0.04930  -0.11016   0.30025   5.70000  3
  -0.21668  -0.38293   0.38737   0.01043   5.70000  4
  -0.03525   0.22507  -0.01695   0.18795   5.70000  5
  -0.46912  -0.02995  -0.01551  -0.05908   5.70000  6
  -0.05666   0.22154  -0.27988  -0.86807   5.70000  7
  -0.08094  -0.12784  -1.02981   0.67252   5.70000  8
  -0.16290   0.91805   0.11167   0.37145   5.70000  9
  -0.22544   1.25708   0.10490   1.04355   5.70000 10
  -0.04271   0.31698   0.29999   0.68508   5.70000 11
  -0.15994  -0.19229   0.04180   0.23006   5.70000 12
   0.79358   1.78075   0.35828  -0.17110   5.70000 13
   0.90441   1.85845  -0.09416   0.09982   5.70000 14
  -0.55077   0.07785   0.84030  -0.78721   5.70000 15
  -0.24774   0.25871   0.10948  -0.07420   5.70000 16
  -0.04395   0.26796  -0.27600  -0.03238   5.70000 17
  -0.08775  -0.40497   0.32138   0.48375   5.70000 18
   0.04809   0.22155  -1.07452  -0.54338   5.70000 19
  -0.09541   0.15395  -0.27221  -1.06412   5.70000 20
   0.05287   0.48222  -0.00666   0.00304   5.80000  1
  -0.01499  -0.61640   0.41949  -0.55031   5.80000  2
  -0.11508  -0.01412  -0.15797   0.41336   5.80000  3
  -0.17317  -0.37332   0.47482   0.18868   5.80000  4
  -0.04241   0.24005  -0.13791   0.09159   5.80000  5
  -0.46147  -0.03247   0.17992   0.00773   5.80000  6
  -0.08599   0.13450  -0.31708  -0.86905   5.80000  7
  -0.18558  -0.05395  -1.03177   0.80926   5.80000  8
  -0.15127   0.95197   0.12069   0.30746   5.80000  9
  -0.21436   1.35870   0.11635   0.99116   5.80000 10
  -0.01609   0.37233   0.22107   0.42485   5.80000 11
  -0.15380  -0.16135   0.07160   0.40074   5.80000 12
   0.83094   1.76498   0.38644  -0.14185   5.80000 13
   0.89297   1.86655  -0.13229   0.05972   5.80000 14
  -0.45593  -0.00228   1.06221  -0.80919   5.80000 15
  -0.22457   0.24428   0.35205  -0.22454   5.80000 16
  -0.07351   0.25638  -0.31602  -0.20609   5.80000 17
  -0.05961  -0.34885   0.23467   0.64143   5.80000 18
  -0.07202   0.16697  -1.29319  -0.55392   5.80000 19
  -0.12068   0.05182  -0.24643  -0.98406   5.80000 20
   0.04550   0.47157  -0.14050  -0.21385   5.90000  1
   0.02478  -0.66421   0.37706  -0.41079   5.90000  2
  -0.13535   0.03338  -0.25435   0.51928   5.90000  3
  -0.12348  -0.34376   0.50894   0.41047   5.90000  4
  -0.06447   0.24133  -0.30530  -0.07164   5.90000  5
  -0.42970  -0.02931   0.47241   0.05335   5.90000  6
  -0.12336   0.04741  -0.44315  -0.87086   5.90000  7
  -0.28134   0.03261  -0.85837   0.89531   5.90000  8
  -0.13882   0.97966   0.12788   0.24699   5.90000  9
  -0.20225   1.45571   0.12553   0.95089   5.90000 10
   0.00061   0.40361   0.11265   0.20826   5.90000 11
  -0.14748  -0.11009   0.04512   0.63162   5.90000 12
   0.87022   1.75277   0.39537  -0.10107   5.90000 13
   0.87858   1.87002  -0.15180   0.00855   5.90000 14
  -0.33728  -0.08056   1.31449  -0.72722   5.90000 15
  -0.17894   0.21145   0.53920  -0.44194   5.90000 16
  -0.10815   0.22596  -0.38106  -0.40429   5.90000 17
  -0.04212  -0.27594   0.10788   0.82139   5.90000 18
  -0.20281   0.10795  -1.28468  -0.63948   5.90000 19
  -0.14789  -0.04155  -0.30734  -0.86498   5.90000 20
   0.02491   0.43977  -0.26995  -0.42087   6.00000  1
   0.06060  -0.69935   0.34006  -0.29522   6.00000  2
  -0.16598   0.08456  -0.34476   0.48374   6.00000  3
  -0.07397  -0.28939   0.46411   0.68622   6.00000  4
  -0.10283   0.22410  -0.45343  -0.28391   6.00000  5
  -0.36491  -0.02062   0.82562   0.12978   6.00000  6
  -0.17401  -0.03785  -0.54863  -0.82324   6.00000  7
  -0.35275   0.11857  -0.56016   0.79579   6.00000  8
  -0.12577   1.00149   0.13274   0.19016   6.00000  9
  -0.18930   1.54918   0.13331   0.91986   6.00000 10
   0.00656   0.41487   0.00660   0.01816   6.00000 11
  -0.14732  -0.03659  -0.05227   0.80896   6.00000 12
   0.90926   1.74485   0.38195  -0.05773   6.00000 13
   0.86335   1.86819  -0.14942  -0.04461   6.00000 14
  -0.19499  -0.14196   1.50325  -0.48289   6.00000 15
  -0.12339   0.15633   0.53381  -0.64800   6.00000 16
  -0.14943   0.17503  -0.43605  -0.61682   6.00000 17
  -0.04018  -0.18360  -0.08463   1.02743   6.00000 18
  -0.32221   0.03887  -1.07624  -0.72608   6.00000 19
  -0.18138  -0.11844  -0.34592  -0.66073   6.00000 20
  -0.00807   0.38766  -0.38735  -0.62083   6.10000  1
   0.09290  -0.72379   0.30635  -0.19574   6.10000  2
  -0.19988   0.12705  -0.31352   0.34747   6.10000  3
  -0.03460  -0.20556   0.30658   0.98622   6.10000  4
  -0.15284   0.18252  -0.53486  -0.55410   6.10000  5
  -0.26696  -0.00344   1.11298   0.20593   6.10000  6
  -0.22666  -0.11346  -0.47703  -0.66428   6.10000  7
  -0.39354   0.18898  -0.25989   0.61076   6.10000  8
  -0.11236   1.01781   0.13508   0.13687   6.10000  9
  -0.17561   1.63991   0.14027   0.89584   6.10000 10
   0.00176   0.40690  -0.10478  -0.18149   6.10000 11
  -0.15734   0.04646  -0.13725   0.84025   6.10000 12
   0.94605   1.74103   0.35160  -0.02011   6.10000 13
   0.84925   1.86132  -0.13048  -0.09142   6.10000 14
  -0.04631  -0.17683   1.42538  -0.22209   6.10000 15
  -0.07916   0.08458   0.32687  -0.77496   6.10000 16
  -0.19303   0.10315  -0.42201  -0.80790   6.10000 17
  -0.06166  -0.07229  -0.34261   1.18011   6.10000 18
  -0.41351  -0.03276  -0.73920  -0.68734   6.10000 19
  -0.21217  -0.17124  -0.25613  -0.38320   6.10000 20
  -0.05237   0.31517  -0.49985  -0.83492   6.20000  1
   0.12195  -0.73888   0.27516  -0.10752   6.20000  2
  -0.22569   0.15084  -0.19008   0.12262   6.20000  3
  -0.01402  -0.09508   0.09866   1.20915   6.20000  4
  -0.20659   0.11385  -0.51231  -0.79788   6.20000  5
  -0.14769   0.02118   1.22666   0.28955   6.20000  6
  -0.26675  -0.16749  -0.32328  -0.41200   6.20000  7
  -0.40571   0.24080   0.01171   0.42555   6.20000  8
  -0.09883   1.02896   0.13509   0.08658   6.20000  9
  -0.16126   1.72852   0.14682   0.87707   6.20000 10
  -0.01496   0.37747  -0.23276  -0.41355   6.20000 11
  -0.17293   0.12676  -0.16522   0.73280   6.20000 12
   0.97929   1.74053   0.31223   0.00864   6.20000 13
   0.83755   1.85023  -0.10279  -0.12869   6.20000 14
   0.08486  -0.18758   1.19099  -0.00088   6.20000 15
  -0.06012   0.00437   0.05429  -0.80290   6.20000 16
  -0.22960   0.01891  -0.28494  -0.83811   6.20000 17
  -0.10691   0.05029  -0.55372   1.25043   6.20000 18
  -0.47129  -0.09693  -0.42672  -0.59375   6.20000 19
  -0.23268  -0.19394  -0.15994  -0.07219   6.20000 20
  -0.10867   0.21895  -0.62934  -1.09231   6.30000  1
   0.14798  -0.74556   0.24555  -0.02727   6.30000  2
  -0.23614   0.15300  -0.01486  -0.06096   6.30000  3
  -0.01734   0.03319  -0.17069   1.33005   6.30000  4
  -0.24982   0.03103  -0.34467  -0.82466   6.30000  5
  -0.03160   0.05243   1.06180   0.32326   6.30000  6
  -0.29194  -0.19577  -0.18408  -0.15322   6.30000  7
  -0.39190   0.27391   0.26301   0.23505   6.30000  8
  -0.08540   1.03519   0.13321   0.03827   6.30000  9
  -0.14626   1.81545   0.15316   0.86211   6.30000 10
  -0.04560   0.32271  -0.38533  -0.68937   6.30000 11
  -0.18814   0.18971  -0.12891   0.52619   6.30000 12
   1.00838   1.74247   0.26935   0.02895   6.30000 13
   0.82880   1.83588  -0.07183  -0.15687   6.30000 14
   0.19250  -0.17949   0.96817   0.14991   6.30000 15
  -0.06548  -0.06959  -0.14453  -0.65001   6.30000 16
  -0.24916  -0.05897  -0.11883  -0.71128   6.30000 17
  -0.16815   0.17127  -0.64085   1.14936   6.30000 18
  -0.50040  -0.15125  -0.16053  -0.49154   6.30000 19
  -0.24541  -0.18658  -0.09980   0.21434   6.30000 20
  -0.17653   0.10236  -0.70566  -1.19348   6.40000  1
   0.17106  -0.74451   0.21579   0.04768   6.40000  2
  -0.22919   0.14271   0.14461  -0.13342   6.40000  3
  -0.04696   0.16623  -0.41786   1.30807   6.40000  4
  -0.27629  -0.04895  -0.18993  -0.77641   6.40000  5
   0.06066   0.08558   0.77621   0.33832   6.40000  6
  -0.30393  -0.19787  -0.05567   0.11258   6.40000  7
  -0.35301   0.28727   0.51589   0.02924   6.40000  8
  -0.07224   1.03664   0.12982  -0.00944   6.40000  9
  -0.13063   1.90104   0.15937   0.84989   6.40000 10
  -0.09314   0.23901  -0.56707  -0.97517   6.40000 11
  -0.19812   0.23188  -0.07584   0.31466   6.40000 12
   1.03314   1.74609   0.22582   0.04229   6.40000 13
   0.82320   1.81911  -0.04037  -0.17749   6.40000 14
   0.27975  -0.15963   0.78254   0.23965   6.40000 15
  -0.08833  -0.12440  -0.31709  -0.45026   6.40000 16
  -0.25605  -0.12311  -0.03033  -0.56861   6.40000 17
  -0.22985   0.27564  -0.57908   0.91557   6.40000 18
  -0.50397  -0.19488   0.08802  -0.37819   6.40000 19
  -0.25328  -0.15220  -0.05917   0.46452   6.40000 20
  -0.24689  -0.01630  -0.69175  -1.18953   6.50000  1
   0.19107  -0.73613   0.18390   0.11940   6.50000  2
  -0.21013   0.12680   0.21912  -0.18578   6.50000  3
  -0.10017   0.28948  -0.63643   1.13422   6.50000  4
  -0.28838  -0.12393  -0.05393  -0.71036   6.50000  5
   0.12476   0.11875   0.51667   0.31795   6.50000  6
  -0.30277  -0.17340   0.08114   0.37133   6.50000  7
  -0.28936   0.27974   0.74442  -0.17593   6.50000  8
  -0.05949   1.03327   0.12504  -0.05815   6.50000  9
  -0.11439   1.98550   0.16538   0.83959   6.50000 10
  -0.15762   0.13368  -0.71380  -1.09912   6.50000 11
  -0.20454   0.25282  -0.05891   0.10830   6.50000 12
   1.05356   1.75075   0.18282   0.05005   6.50000 13
   0.82071   1.80059  -0.00948  -0.19199   6.50000 14
   0.35002  -0.13272   0.62732   0.29424   6.50000 15
  -0.13017  -0.15996  -0.52580  -0.25917   6.50000 16
  -0.25705  -0.17054   0.00303  -0.36464   6.50000 17
  -0.28289   0.35274  -0.47592   0.62666   6.50000 18
  -0.48272  -0.22608   0.33869  -0.24034   6.50000 19
  -0.25732  -0.09706  -0.02151   0.61327   6.50000 20
  -0.31189  -0.13619  -0.58629  -1.18731   6.60000  1
   0.20771  -0.72069   0.14821   0.18916   6.60000  2
  -0.18923   0.10439   0.18022  -0.27016   6.60000  3
  -0.17141   0.39120  -0.76978   0.89599   6.60000  4
  -0.28813  -0.18671   0.04961  -0.52529   6.60000  5
   0.16602   0.14834   0.31641   0.27199   6.60000  6
  -0.28790  -0.12668   0.20766   0.53510   6.60000  7
  -0.20874   0.25317   0.83648  -0.34865   6.60000  8
  -0.04729   1.02493   0.11861  -0.10903   6.60000  9
  -0.09756   2.06900   0.17104   0.83070   6.60000 10
  -0.23330   0.02081  -0.78225  -1.16638   6.60000 11
  -0.21089   0.25502  -0.06808  -0.05835   6.60000 12
   1.06973   1.75595   0.14076   0.05326   6.60000 13
   0.82127   1.78088   0.02060  -0.20151   6.60000 14
   0.40598  -0.10143   0.49514   0.32908   6.60000 15
  -0.19422  -0.17571  -0.75359  -0.05484   6.60000 16
  -0.25681  -0.19394  -0.00621  -0.10114   6.60000 17
  -0.32352   0.40229  -0.33333   0.37590   6.60000 18
  -0.43567  -0.24155   0.60638  -0.06064   6.60000 19
  -0.25788  -0.03508   0.00842   0.60214   6.60000 20
  -0.36083  -0.24755  -0.38628  -1.01124   6.70000  1
   0.22055  -0.69834   0.10774   0.25767   6.70000  2
  -0.17632   0.07216   0.07272  -0.37344   6.70000  3
  -0.25056   0.46932  -0.80206   0.67503   6.70000  4
  -0.28124  -0.22685   0.07021  -0.27357   6.70000  5
   0.18915   0.17298   0.14973   0.22019   6.70000  6
  -0.26429  -0.07231   0.24625   0.53071   6.70000  7
  -0.12829   0.21080   0.75136  -0.49842   6.70000  8
  -0.03584   1.01139   0.10983  -0.16223   6.70000  9
  -0.08020   2.15167   0.17623   0.82292   6.70000 10
  -0.30998  -0.10061  -0.72494  -1.25276   6.70000 11
  -0.21723   0.24127  -0.05435  -0.21970   6.70000 12
   1.08174   1.76127   0.09965   0.05256   6.70000 13
   0.82481   1.76043   0.05004  -0.20681   6.70000 14
   0.44957  -0.06725   0.37858   0.35325   6.70000 15
  -0.27799  -0.17196  -0.88989   0.11557   6.70000 16
  -0.26034  -0.19224  -0.07516   0.12113   6.70000 17
  -0.34969   0.43025  -0.19299   0.19368   6.70000 18
  -0.36096  -0.23651   0.87981   0.16627   6.70000 19
  -0.25580   0.02009   0.03351   0.48920   6.70000 20
  -0.38910  -0.33435  -0.18734  -0.71948   6.80000  1
   0.22908  -0.66916   0.06211   0.32599   6.80000  2
  -0.17535   0.03043  -0.05469  -0.45505   6.80000  3
  -0.33043   0.52759  -0.78910   0.49495   6.80000  4
  -0.27700  -0.24146   0.01040  -0.02359   6.80000  5
   0.19637   0.19217  -0.00425   0.16203   6.80000  6
  -0.24060  -0.02247   0.22895   0.46872   6.80000  7
  -0.06085   0.15381   0.59057  -0.63672   6.80000  8
  -0.02542   0.99244   0.09812  -0.21687   6.80000  9
  -0.06234   2.23362   0.18084   0.81608   6.80000 10
  -0.37344  -0.22572  -0.52997  -1.21688   6.80000 11
  -0.22147   0.21025  -0.03063  -0.40557   6.80000 12
   1.08969   1.76634   0.05937   0.04833   6.80000 13
   0.83127   1.73964   0.07914  -0.20837   6.80000 14
   0.48197  -0.03100   0.27034   0.37081   6.80000 15
  -0.36326  -0.15710  -0.77395   0.16172   6.80000 16
  -0.27283  -0.17327  -0.16602   0.24055   6.80000 17
  -0.36305   0.44284  -0.08068   0.06551   6.80000 18
  -0.26692  -0.20891   0.94983   0.37287   6.80000 19
  -0.25006   0.06232   0.08698   0.35497   6.80000 20
  -0.40086  -0.39255  -0.05941  -0.45308   6.90000  1
   0.23279  -0.63309   0.01109   0.39595   6.90000  2
  -0.18686  -0.01718  -0.16884  -0.48759   6.90000  3
  -0.40706   0.56910  -0.73790   0.33987   6.90000  4
  -0.27800  -0.23315  -0.02146   0.18333   6.90000  5
   0.18844   0.20487  -0.15362   0.08872   6.90000  6
  -0.21761   0.02200   0.23246   0.41776   6.90000  7
  -0.01112   0.08494   0.40008  -0.73155   6.90000  8
  -0.01631   0.96800   0.08367  -0.27197   6.90000  9
  -0.04405   2.31492   0.18484   0.81009   6.90000 10
  -0.41655  -0.33890  -0.34418  -1.04143   6.90000 11
  -0.22347   0.15909  -0.00922  -0.62175   6.90000 12
   1.09364   1.77082   0.01975   0.04067   6.90000 13
   0.84063   1.71887   0.10819  -0.20640   6.90000 14
   0.50372   0.00670   0.16474   0.38207   6.90000 15
  -0.42839  -0.14110  -0.52348   0.15934   6.90000 16
  -0.28950  -0.14595  -0.14791   0.30554   6.90000 17
  -0.36729   0.44432  -0.01032  -0.03383   6.90000 18
  -0.17797  -0.16435   0.81631   0.51684   6.90000 19
  -0.23791   0.09061   0.15519   0.20740   6.90000 20
  -0.40287  -0.42700   0.01213  -0.24675   7.00000  1
   0.23111  -0.58984  -0.04584   0.46998   7.00000  2
  -0.20689  -0.06514  -0.22036  -0.46089   7.00000  3
  -0.47733   0.59657  -0.66599   0.21426   7.00000  4
  -0.27973  -0.20529  -0.00644   0.37451   7.00000  5
   0.16584   0.20923  -0.29766  -0.00473   7.00000  6
  -0.19467   0.05974   0.22112   0.32719   7.00000  7
   0.01842   0.00938   0.18661  -0.77070   7.00000  8
  -0.00875   0.93803   0.06739  -0.32756   7.00000  9
  -0.02539   2.39566   0.18826   0.80489   7.00000 10
  -0.44414  -0.43442  -0.21326  -0.87080   7.00000 11
  -0.22288   0.08594   0.02533  -0.83238   7.00000 12
   1.09365   1.77436  -0.01936   0.02942   7.00000 13
   0.85291   1.69848   0.13739  -0.20082   7.00000 14
   0.51490   0.04515   0.05872   0.38551   7.00000 15
  -0.46799  -0.12471  -0.26921   0.17050   7.00000 16
  -0.29974  -0.11178  -0.04719   0.37841   7.00000 17
  -0.36592   0.43603   0.03590  -0.13351   7.00000 18
  -0.10468  -0.10514   0.64572   0.66512   7.00000 19
  -0.21961   0.10277   0.20673   0.02837   7.00000 20
  -0.39932  -0.44383   0.05692  -0.09678   7.10000  1
   0.22337  -0.53886  -0.11047   0.55123   7.10000  2
  -0.22959  -0.10688  -0.23047  -0.36142   7.10000  3
  -0.54021   0.61282  -0.59199   0.11443   7.10000  4
  -0.27797  -0.15784   0.04909   0.57504   7.10000  5
   0.12892   0.20334  -0.44175  -0.11629   7.10000  6
  -0.17423   0.08481   0.18659   0.16274   7.10000  7
   0.02536  -0.06716  -0.04932  -0.74510   7.10000  8
  -0.00286   0.90243   0.05012  -0.38494   7.10000  9
  -0.00641   2.47592   0.19114   0.80038   7.10000 10
  -0.46001  -0.51319  -0.10778  -0.70536   7.10000 11
  -0.21775  -0.00394   0.07460  -0.94531   7.10000 12
   1.08978   1.77657  -0.05803   0.01421   7.10000 13
   0.86812   1.67884   0.16680  -0.19131   7.10000 14
   0.51544   0.08350  -0.04813   0.37993   7.10000 15
  -0.48228  -0.10671  -0.01591   0.19032   7.10000 16
  -0.29736  -0.07081   0.10127   0.43345   7.10000 17
  -0.36016   0.41724   0.08024  -0.24440   7.10000 18
  -0.04923  -0.03325   0.46193   0.75472   7.10000 19
  -0.19736   0.09499   0.23516  -0.18555   7.10000 20
  -0.39145  -0.44714   0.10207   0.02916   7.20000  1
   0.20860  -0.47922  -0.18769   0.64372   7.20000  2
  -0.25185  -0.13504  -0.20423  -0.19244   7.20000  3
  -0.59587   0.62005  -0.52219   0.03248   7.20000  4
  -0.26834  -0.09154   0.14993   0.73229   7.20000  5
   0.07697   0.18522  -0.60135  -0.25097   7.20000  6
  -0.15713   0.09127   0.15656  -0.03374   7.20000  7
   0.00930  -0.13640  -0.26603  -0.63000   7.20000  8
   0.00125   0.86091   0.03216  -0.44626   7.20000  9
   0.01282   2.55576   0.19356   0.79650   7.20000 10
  -0.46634  -0.57583  -0.02162  -0.54983   7.20000 11
  -0.20999  -0.09867   0.06981  -0.92019   7.20000 12
   1.08207   1.77705  -0.09611  -0.00562   7.20000 13
   0.88627   1.66037   0.19625  -0.17726   7.20000 14
   0.50526   0.12086  -0.15549   0.36598   7.20000 15
  -0.47089  -0.08665   0.24549   0.21024   7.20000 16
  -0.27877  -0.02777   0.26907   0.41216   7.20000 17
  -0.34955   0.38663   0.13416  -0.37101   7.20000 18
  -0.01291   0.04170   0.26202   0.73098   7.20000 19
  -0.17319   0.06647   0.24364  -0.37618   7.20000 20
  -0.37842  -0.43788   0.16169   0.15809   7.30000  1
   0.18508  -0.40961  -0.28774   0.75095   7.30000  2
  -0.26802  -0.14493  -0.10932  -0.01046   7.30000  3
  -0.64480   0.61971  -0.45697  -0.03753   7.30000  4
  -0.24745  -0.01629   0.26880   0.75511   7.30000  5
   0.00778   0.15201  -0.78502  -0.41743   7.30000  6
  -0.14295   0.07857   0.12443  -0.21515   7.30000  7
  -0.02695  -0.19227  -0.45526  -0.48378   7.30000  8
   0.00354   0.81295   0.01338  -0.51430   7.30000  9
   0.03228   2.63524   0.19557   0.79316   7.30000 10
  -0.46480  -0.62364   0.05075  -0.40850   7.30000 11
  -0.20434  -0.18226   0.04799  -0.73661   7.30000 12
   1.07060   1.77527  -0.13307  -0.03100   7.30000 13
   0.90735   1.64357   0.22514  -0.15775   7.30000 14
   0.48430   0.15647  -0.26426   0.34516   7.30000 15
  -0.43277  -0.06484   0.51894   0.22510   7.30000 16
  -0.24448   0.00979   0.41201   0.33706   7.30000 17
  -0.33274   0.34225   0.20575  -0.52164   7.30000 18
   0.00320   0.11152   0.06008   0.65695   7.30000 19
  -0.15013   0.02239   0.20712  -0.48741   7.30000 20
  -0.35830  -0.41489   0.24559   0.30599   7.40000  1
   0.14976  -0.32857  -0.42670   0.87155   7.40000  2
  -0.27229  -0.13832   0.02985   0.13840   7.40000  3
  -0.68738   0.61282  -0.39518  -0.09897   7.40000  4
  -0.21405   0.05654   0.40026   0.68465   7.40000  5
  -0.07978   0.10190  -0.96400  -0.58288   7.40000  6
  -0.13331   0.04998   0.06084  -0.34348   7.40000  7
  -0.08084  -0.23230  -0.61684  -0.31152   7.40000  8
   0.00389   0.75771  -0.00664  -0.59267   7.40000  9
   0.05193   2.71441   0.19724   0.79029   7.40000 10
  -0.45647  -0.65792   0.11479  -0.27861   7.40000 11
  -0.19930  -0.24508   0.05753  -0.51882   7.40000 12
   1.05553   1.77062  -0.16761  -0.06307   7.40000 13
   0.93124   1.62904   0.25213  -0.13165   7.40000 14
   0.45229   0.18969  -0.37686   0.31815   7.40000 15
  -0.36665  -0.04182   0.80584   0.23420   7.40000 16
  -0.19738   0.03963   0.52289   0.25956   7.40000 17
  -0.30741   0.28100   0.30749  -0.71150   7.40000 18
  -0.00152   0.17014  -0.15644   0.49974   7.40000 19
  -0.13369  -0.02656   0.11581  -0.46937   7.40000 20
  -0.32809  -0.37561   0.36578   0.48631   7.50000  1
   0.09789  -0.23508  -0.62128   0.99929   7.50000  2
  -0.26070  -0.11761   0.21006   0.27581   7.50000  3
  -0.72392   0.60014  -0.33587  -0.15360   7.50000  4
  -0.16889   0.11671   0.48166   0.49703   7.50000  5
  -0.18269   0.03619  -1.05527  -0.71571   7.50000  6
  -0.13245   0.01285  -0.05087  -0.38802   7.50000  7
  -0.14875  -0.25337  -0.72970  -0.10406   7.50000  8
   0.00216   0.69390  -0.02828  -0.68662   7.50000  9
   0.07172   2.79331   0.19862   0.78783   7.50000 10
  -0.44200  -0.67958   0.17378  -0.15538   7.50000 11
  -0.19234  -0.28566   0.08032  -0.28877   7.50000 12
   1.03724   1.76240  -0.19716  -0.10278   7.50000 13
   0.95763   1.61749   0.27458  -0.09795   7.50000 14
   0.40865   0.21987  -0.49772   0.28410   7.50000 15
  -0.27135  -0.01814   1.09764   0.23915   7.50000 16
  -0.14297   0.06103   0.53568   0.15902   7.50000 17
  -0.26948   0.19802   0.46179  -0.95785   7.50000 18
  -0.02757   0.20968  -0.35973   0.28547   7.50000 19
  -0.12784  -0.06854  -0.00402  -0.36325   7.50000 20
  -0.28368  -0.31598   0.52758   0.71582   7.60000  1
   0.02298  -0.12844  -0.89205   1.13506   7.60000  2
  -0.22921  -0.08338   0.41712   0.40201   7.60000  3
  -0.75463   0.58228  -0.27870  -0.20279   7.60000  4
  -0.12179   0.15333   0.45294   0.22911   7.60000  5
  -0.28037  -0.03823  -0.85017  -0.76150   7.60000  6
  -0.14363  -0.02656  -0.16220  -0.39578   7.60000  7
  -0.22315  -0.25233  -0.73386   0.12601   7.60000  8
  -0.00183   0.61960  -0.05174  -0.80414   7.60000  9
   0.09164   2.87198   0.19975   0.78571   7.60000 10
  -0.42186  -0.68905   0.22828  -0.03400   7.60000 11
  -0.18453  -0.30151   0.06600  -0.02006   7.60000 12
   1.01642   1.74981  -0.21717  -0.14999   7.60000 13
   0.98585   1.60970   0.28792  -0.05681   7.60000 14
   0.35221   0.24615  -0.63468   0.23917   7.60000 15
  -0.15190   0.00500   1.23837   0.21053   7.60000 16
  -0.09588   0.06978   0.39198   0.01213   7.60000 17
  -0.21333   0.08863   0.66221  -1.22362   7.60000 18
  -0.07206   0.22559  -0.51767   0.02111   7.60000 19
  -0.13499  -0.09838  -0.13390  -0.22797   7.60000 20
  -0.22348  -0.23077   0.66010   0.99216   7.70000  1
  -0.08262  -0.00878  -1.20188   1.23324   7.70000  2
  -0.17875  -0.04055   0.58538   0.43180   7.70000  3
  -0.77970   0.55970  -0.22284  -0.24846   7.70000  4
  -0.07881   0.16175   0.40113  -0.06242   7.70000  5
  -0.34792  -0.11470  -0.49540  -0.76310   7.70000  6
  -0.16083  -0.06501  -0.16237  -0.36624   7.70000  7
  -0.28992  -0.22810  -0.57298   0.36004   7.70000  8
  -0.00826   0.53191  -0.07733  -0.95678   7.70000  9
   0.11167   2.95046   0.20067   0.78390   7.70000 10
  -0.39655  -0.68631   0.27684   0.08936   7.70000 11
  -0.18050  -0.28785   0.01388   0.30334   7.70000 12
   0.99432   1.73225  -0.22162  -0.20147   7.70000 13
   1.01471   1.60628   0.28610  -0.01139   7.70000 14
   0.28083   0.26702  -0.79803   0.17340   7.70000 15
  -0.03413   0.02218   1.07111   0.13171   7.70000 16
  -0.06533   0.06229   0.22050  -0.16694   7.70000 17
  -0.13944  -0.04303   0.78367  -1.37168   7.70000 18
  -0.12664   0.21190  -0.54520  -0.29891   7.70000 19
  -0.15236  -0.11263  -0.20171  -0.05156   7.70000 20
  -0.15454  -0.11845   0.70721   1.23129   7.80000  1
  -0.20327   0.10757  -1.14635   1.06552   7.80000  2
  -0.11617  -0.00051   0.63393   0.36625   7.80000  3
  -0.79917   0.53263  -0.16605  -0.29312   7.80000  4
  -0.04375   0.14120   0.28850  -0.33965   7.80000  5
  -0.37976  -0.18865  -0.14967  -0.69683   7.80000  6
  -0.17398  -0.09896  -0.09651  -0.30925   7.80000  7
  -0.33423  -0.18126  -0.30753   0.56077   7.80000  8
  -0.01740   0.42654  -0.10621  -1.16083   7.80000  9
   0.13177   3.02877   0.20140   0.78237   7.80000 10
  -0.36671  -0.67103   0.31887   0.21739   7.80000 11
  -0.18056  -0.23931  -0.00408   0.66793   7.80000 12
   0.97276   1.70962  -0.20625  -0.24980   7.80000 13
   1.04242   1.60732   0.26483   0.03093   7.80000 14
   0.19153   0.27950  -0.99274   0.06720   7.80000 15
   0.05639   0.03314   0.73462   0.09465   7.80000 16
  -0.05235   0.03815   0.03767  -0.29928   7.80000 17
  -0.06767  -0.17418   0.61342  -1.20958   7.80000 18
  -0.17656   0.16604  -0.44083  -0.61373   7.80000 19
  -0.17250  -0.11013  -0.18423   0.08778   7.80000 20
  -0.08541   0.00886   0.66682   1.29206   7.90000  1
  -0.30668   0.20271  -0.91969   0.83537   7.90000  2
  -0.05632   0.03284   0.54837   0.30194   7.90000  3
  -0.81277   0.50104  -0.10498  -0.33896   7.90000  4
  -0.02229   0.09591   0.13582  -0.55649   7.90000  5
  -0.38049  -0.25021   0.12063  -0.52226   7.90000  6
  -0.17960  -0.12398  -0.01830  -0.17399   7.90000  7
  -0.35077  -0.11986  -0.01903   0.65381   7.90000  8
  -0.02971   0.29751  -0.14116  -1.43033   7.90000  9
   0.15194   3.10694   0.20197   0.78107   7.90000 10
  -0.33291  -0.64256   0.35683   0.35382   7.90000 11
  -0.17938  -0.15642   0.03240   0.97299   7.90000 12
   0.95367   1.68268  -0.17327  -0.28650   7.90000 13
   1.06709   1.61207   0.22633   0.06173   7.90000 14
   0.08169   0.27803  -1.20360  -0.11282   7.90000 15
   0.11268   0.04192   0.38829   0.08379   7.90000 16
  -0.05723   0.00502  -0.12970  -0.34604   7.90000 17
  -0.01728  -0.28070   0.40731  -0.92045   7.90000 18
  -0.21337   0.09191  -0.28349  -0.85037   7.90000 19
  -0.18660  -0.09570  -0.09155   0.20163   7.90000 20
  -0.02252   0.13358   0.57805   1.16498   8.00000  1
  -0.38849   0.27570  -0.72505   0.63211   8.00000  2
  -0.00917   0.06054   0.38062   0.25355   8.00000  3
  -0.81989   0.46477  -0.03579  -0.38674   8.00000  4
  -0.01796   0.03408  -0.05414  -0.64482   8.00000  5
  -0.35797  -0.29228   0.32165  -0.31915   8.00000  6
  -0.17839  -0.13029   0.04072   0.06441   8.00000  7
  -0.33696  -0.05171   0.30229   0.70478   8.00000  8
  -0.04628   0.13915  -0.19594  -1.73336   8.00000  9
   0.17216   3.18499   0.20241   0.77998   8.00000 10
  -0.29534  -0.59975   0.39500   0.50588   8.00000 11
  -0.17317  -0.04871   0.09868   1.15434   8.00000 12
   0.93843   1.65284  -0.13068  -0.30778   8.00000 13
   1.08737   1.61914   0.17851   0.07718   8.00000 14
  -0.04715   0.25235  -1.34787  -0.42509   8.00000 15
   0.13306   0.05018   0.01457   0.08025   8.00000 16
  -0.07647  -0.02634  -0.25047  -0.26595   8.00000 17
   0.01597  -0.35988   0.26422  -0.67263   8.00000 18
  -0.23074  -0.00098  -0.05827  -0.99071   8.00000 19
  -0.19023  -0.06939   0.02149   0.32878   8.00000 20
   0.02676   0.23541   0.40413   0.86411   8.10000  1
  -0.45317   0.33047  -0.57456   0.46873   8.10000  2
   0.01685   0.08097   0.13324   0.13555   8.10000  3
  -0.81951   0.42366   0.04578  -0.43528   8.10000  4
  -0.03455  -0.02827  -0.28613  -0.59334   8.10000  5
  -0.31716  -0.31412   0.49228  -0.11705   8.10000  6
  -0.17127  -0.10953   0.10598   0.34663   8.10000  7
  -0.28905   0.01863   0.65566   0.68251   8.10000  8
  -0.07066  -0.04210  -0.31294  -1.83219   8.10000  9
   0.19242   3.26295   0.20275   0.77907   8.10000 10
  -0.25374  -0.54047   0.43808   0.68568   8.10000 11
  -0.15798   0.06564   0.20651   1.07970   8.10000 12
   0.92759   1.62159  -0.08630  -0.31539   8.10000 13
   1.10274   1.62705   0.12904   0.07890   8.10000 14
  -0.18151   0.19203  -1.31588  -0.77177   8.10000 15
   0.11535   0.05694  -0.36481   0.04722   8.10000 16
  -0.10697  -0.04666  -0.35242  -0.14219   8.10000 17
   0.03619  -0.41666   0.14059  -0.46749   8.10000 18
  -0.22450  -0.09880   0.18152  -0.91849   8.10000 19
  -0.18154  -0.03072   0.15748   0.42506   8.10000 20
