  -0.09283   1.41609  -0.10424   0.00284   0.10000  1
  -0.28340   1.45350   0.00134  -0.06073   0.10000  2
  -0.31724   2.03446   0.03479  -0.00849   0.10000  3
  -0.17172   2.16558  -0.03541  -0.05406   0.10000  4
   0.02550  -2.20930   0.07149   0.07096   0.10000  5
  -0.03395  -2.39724   0.06251   0.13470   0.10000  6
   0.19991  -0.14389  -0.07122  -0.00386   0.10000  7
   0.00415  -0.14255   0.01379   0.00351   0.10000  8
   0.05529  -2.00452   0.03164  -0.12940   0.10000  9
   0.24166  -2.04470  -0.14546  -0.05948   0.10000 10
  -0.15974  -1.31791  -0.02075  -0.02466   0.10000 11
  -0.30809  -1.44556   0.05668   0.01695   0.10000 12
  -0.16399  -0.67248   0.02574  -0.03021   0.10000 13
  -0.08442  -0.85223  -0.02054   0.02437   0.10000 14
  -0.30977   0.32015   0.01891  -0.05426   0.10000 15
  -0.28878   0.12480   0.02493   0.01749   0.10000 16
   0.15992  -2.23718  -0.10581   0.10118   0.10000 17
   0.04271  -2.08833   0.05622  -0.04045   0.10000 18
  -0.31223   1.35372   0.01002   0.05515   0.10000 19
  -0.50261   1.30685   0.09534   0.03845   0.10000 20
  -0.10863   1.41648  -0.21278   0.00479   0.20000  1
  -0.28323   1.44444   0.00196  -0.11996   0.20000  2
  -0.31201   2.03321   0.06989  -0.01644   0.20000  3
  -0.17706   2.15742  -0.07139  -0.10953   0.20000  4
   0.03630  -2.19852   0.14468   0.14568   0.20000  5
  -0.02443  -2.37673   0.12875   0.27752   0.20000  6
   0.18917  -0.14445  -0.14375  -0.00731   0.20000  7
   0.00625  -0.14202   0.02855   0.00711   0.20000  8
   0.06018  -2.02416   0.06700  -0.26479   0.20000  9
   0.21951  -2.05386  -0.29986  -0.12546   0.20000 10
  -0.16286  -1.32166  -0.04192  -0.05070   0.20000 11
  -0.29958  -1.44298   0.11355   0.03488   0.20000 12
  -0.16014  -0.67705   0.05119  -0.06153   0.20000 13
  -0.08749  -0.84852  -0.04079   0.05015   0.20000 14
  -0.30690   0.31196   0.03859  -0.10994   0.20000 15
  -0.28505   0.12745   0.04954   0.03556   0.20000 16
   0.14399  -2.22178  -0.21298   0.20834   0.20000 17
   0.05120  -2.09459   0.11376  -0.08597   0.20000 18
  -0.31067   1.36192   0.02172   0.10829   0.20000 19
  -0.48817   1.31270   0.19429   0.07931   0.20000 20
  -0.13568   1.41697  -0.32997   0.00434   0.30000  1
  -0.28307   1.42970   0.00087  -0.17294   0.30000  2
  -0.30325   2.03121   0.10543  -0.02330   0.30000  3
  -0.18603   2.14358  -0.10837  -0.16790   0.30000  4
   0.05441  -2.17996   0.21619   0.22636   0.30000  5
  -0.00793  -2.34112   0.20285   0.43901   0.30000  6
   0.17107  -0.14532  -0.21878  -0.00981   0.30000  7
   0.00992  -0.14113   0.04507   0.01083   0.30000  8
   0.06889  -2.05780   0.10794  -0.40907   0.30000  9
   0.18114  -2.07030  -0.46998  -0.20681   0.30000 10
  -0.16814  -1.32814  -0.06372  -0.07956   0.30000 11
  -0.28538  -1.43852   0.17053   0.05473   0.30000 12
  -0.15377  -0.68486   0.07587  -0.09505   0.30000 13
  -0.09255  -0.84210  -0.06030   0.07873   0.30000 14
  -0.30199   0.29807   0.05994  -0.16843   0.30000 15
  -0.27889   0.13195   0.07343   0.05465   0.30000 16
   0.11747  -2.19518  -0.31447   0.32475   0.30000 17
   0.06545  -2.10583   0.16993  -0.14038   0.30000 18
  -0.30778   1.37516   0.03669   0.15458   0.30000 19
  -0.46350   1.32288   0.30086   0.12527   0.30000 20
  -0.17501   1.41717  -0.45850  -0.00153   0.40000  1
  -0.28317   1.41045  -0.00362  -0.20739   0.40000  2
  -0.29093   2.02860   0.14084  -0.02878   0.40000  3
  -0.19876   2.12369  -0.14612  -0.23055   0.40000  4
   0.07872  -2.15336   0.26079   0.30072   0.40000  5
   0.01654  -2.28780   0.28886   0.63425   0.40000  6
   0.14531  -0.14635  -0.29680  -0.01045   0.40000  7
   0.01533  -0.13986   0.06348   0.01448   0.40000  8
   0.08157  -2.10572   0.14022  -0.54128   0.40000  9
   0.12545  -2.09608  -0.63686  -0.31225   0.40000 10
  -0.17561  -1.33772  -0.08552  -0.11268   0.40000 11
  -0.26550  -1.43195   0.22674   0.07726   0.40000 12
  -0.14502  -0.69616   0.09886  -0.13170   0.40000 13
  -0.09950  -0.83264  -0.07820   0.11129   0.40000 14
  -0.29482   0.27814   0.08409  -0.23078   0.40000 15
  -0.27041   0.13842   0.09596   0.07476   0.40000 16
   0.08254  -2.15712  -0.36966   0.42757   0.40000 17
   0.08443  -2.12273   0.20070  -0.19523   0.40000 18
  -0.30320   1.39225   0.05530   0.18309   0.40000 19
  -0.42760   1.33802   0.41944   0.17918   0.40000 20
  -0.22753   1.41631  -0.58978  -0.01770   0.50000  1
  -0.28404   1.38951  -0.01587  -0.20341   0.50000  2
  -0.27516   2.02548   0.17347  -0.03363   0.50000  3
  -0.21522   2.09730  -0.18242  -0.29796   0.50000  4
   0.10339  -2.12250   0.21371   0.29550   0.50000  5
   0.05016  -2.21290   0.38120   0.86322   0.50000  6
   0.11167  -0.14730  -0.37571  -0.00769   0.50000  7
   0.02261  -0.13825   0.08134   0.01753   0.50000  8
   0.09462  -2.16212   0.10693  -0.55818   0.50000  9
   0.05798  -2.13232  -0.67844  -0.39964   0.50000 10
  -0.18515  -1.35084  -0.10415  -0.15050   0.50000 11
  -0.24016  -1.42299   0.27880   0.10200   0.50000 12
  -0.13412  -0.71131   0.11820  -0.17153   0.50000 13
  -0.10808  -0.81970  -0.09263   0.14811   0.50000 14
  -0.28503   0.25179   0.11260  -0.29683   0.50000 15
  -0.25978   0.14689   0.11616   0.09437   0.50000 16
   0.04756  -2.11382  -0.31241   0.41086   0.50000 17
   0.10255  -2.14369   0.14524  -0.21573   0.50000 18
  -0.29674   1.41067   0.07255   0.17894   0.50000 19
  -0.37914   1.35903   0.55121   0.24228   0.50000 20
  -0.29137   1.41328  -0.66910  -0.04322   0.60000  1
  -0.28678   1.37162  -0.04017  -0.14478   0.60000  2
  -0.25658   2.02174   0.19539  -0.04266   0.60000  3
  -0.23495   2.06405  -0.20956  -0.36661   0.60000  4
   0.11877  -2.09775   0.09023   0.19411   0.60000  5
   0.09027  -2.11977   0.39874   0.95260   0.60000  6
   0.07045  -0.14770  -0.44562   0.00078   0.60000  7
   0.03126  -0.13640   0.08843   0.01911   0.60000  8
   0.10144  -2.21158   0.03133  -0.40935   0.60000  9
  -0.00344  -2.17159  -0.52965  -0.36239   0.60000 10
  -0.19603  -1.36785  -0.11024  -0.18912   0.60000 11
  -0.21017  -1.41162   0.31747   0.12407   0.60000 12
  -0.12163  -0.73048   0.12982  -0.21144   0.60000 13
  -0.11778  -0.80297  -0.09959   0.18614   0.60000 14
  -0.27209   0.21878   0.14722  -0.36235   0.60000 15
  -0.24729   0.15708   0.13286   0.10743   0.60000 16
   0.02202  -2.07899  -0.19422   0.28037   0.60000 17
   0.11144  -2.16382   0.03220  -0.17366   0.60000 18
  -0.28932   1.42675   0.07094   0.13710   0.60000 19
  -0.31783   1.38648   0.66353   0.30387   0.60000 20
  -0.35581   1.40843  -0.59619  -0.04821   0.70000  1
  -0.29175   1.36217  -0.05578  -0.03940   0.70000  2
  -0.23693   2.01639   0.19259  -0.06830   0.70000  3
  -0.25633   2.02432  -0.21317  -0.42527   0.70000  4
   0.12189  -2.08280  -0.02301   0.11310   0.70000  5
   0.12668  -2.02920   0.32111   0.84246   0.70000  6
   0.02355  -0.14689  -0.48612   0.01674   0.70000  7
   0.03922  -0.13447   0.06410   0.01966   0.70000  8
   0.10158  -2.24258  -0.02647  -0.21183   0.70000  9
  -0.04718  -2.20267  -0.34813  -0.25761   0.70000 10
  -0.20626  -1.38828  -0.08890  -0.21646   0.70000 11
  -0.17761  -1.39869   0.32852   0.13076   0.70000 12
  -0.10864  -0.75325   0.12721  -0.24077   0.70000 13
  -0.12753  -0.78278  -0.09264   0.21468   0.70000 14
  -0.25536   0.17975   0.18840  -0.41474   0.70000 15
  -0.23332   0.16766   0.14619   0.09880   0.70000 16
   0.00904  -2.05708  -0.06610   0.16374   0.70000 17
   0.10995  -2.17655  -0.05710  -0.07823   0.70000 18
  -0.28334   1.43751   0.04791   0.07860   0.70000 19
  -0.25147   1.41825   0.63757   0.32228   0.70000 20
  -0.40854   1.40439  -0.45682  -0.03072   0.80000  1
  -0.29738   1.36392  -0.05543   0.07281   0.80000  2
  -0.21903   2.00719   0.16162  -0.11990   0.80000  3
  -0.27661   1.97962  -0.18853  -0.46602   0.80000  4
   0.11507  -2.07390  -0.11044   0.06753   0.80000  5
   0.15387  -1.95227   0.22285   0.69743   0.80000  6
  -0.02551  -0.14412  -0.49009   0.03983   0.80000  7
   0.04274  -0.13238   0.00101   0.02281   0.80000  8
   0.09633  -2.25455  -0.07819  -0.03036   0.80000  9
  -0.07380  -2.22328  -0.18715  -0.15555   0.80000 10
  -0.21283  -1.41047  -0.03887  -0.22435   0.80000 11
  -0.14543  -1.38630   0.31155   0.11351   0.80000 12
  -0.09678  -0.77776   0.10736  -0.24451   0.80000 13
  -0.13573  -0.76088  -0.06883   0.21856   0.80000 14
  -0.23431   0.13674   0.23277  -0.44104   0.80000 15
  -0.21804   0.17554   0.16005   0.05195   0.80000 16
   0.00832  -2.04528   0.04870   0.07491   0.80000 17
   0.10070  -2.17972  -0.12565   0.01259   0.80000 18
  -0.27938   1.44302   0.03334   0.03521   0.80000 19
  -0.19330   1.44975   0.52076   0.30532   0.80000 20
  -0.44736   1.40251  -0.32129  -0.00605   0.90000  1
  -0.30268   1.37628  -0.05000   0.17191   0.90000  2
  -0.20503   1.99179   0.11749  -0.19034   0.90000  3
  -0.29355   1.93140  -0.14915  -0.49810   0.90000  4
   0.10017  -2.06920  -0.18643   0.02562   0.90000  5
   0.17149  -1.88906   0.13126   0.57055   0.90000  6
  -0.07385  -0.13864  -0.47509   0.07136   0.90000  7
   0.03873  -0.12970  -0.08330   0.03200   0.90000  8
   0.08592  -2.24902  -0.13048   0.13976   0.90000  9
  -0.08497  -2.23387  -0.03721  -0.05580   0.90000 10
  -0.21361  -1.43277   0.02419  -0.22069   0.90000 11
  -0.11567  -1.37654   0.28293   0.07981   0.90000 12
  -0.08747  -0.80129   0.07824  -0.22294   0.90000 13
  -0.14100  -0.73990  -0.03607   0.19795   0.90000 14
  -0.20883   0.09210   0.27664  -0.45112   0.90000 15
  -0.20116   0.17693   0.17827  -0.02823   0.90000 16
   0.01811  -2.04185   0.14330  -0.00635   0.90000 17
   0.08517  -2.17437  -0.18328   0.09332   0.90000 18
  -0.27650   1.44525   0.02405   0.01242   0.90000 19
  -0.14751   1.47923   0.39593   0.28492   0.90000 20
  -0.47310   1.40337  -0.19479   0.02428   1.00000  1
  -0.30725   1.39780  -0.04063   0.25574   1.00000  2
  -0.19556   1.96880   0.07223  -0.27071   1.00000  3
  -0.30632   1.87988  -0.10578  -0.53353   1.00000  4
   0.07811  -2.06903  -0.25205  -0.02402   1.00000  5
   0.18045  -1.83743   0.04920   0.46531   1.00000  6
  -0.12029  -0.12941  -0.45210   0.11590   1.00000  7
   0.02583  -0.12572  -0.17570   0.04916   1.00000  8
   0.07015  -2.22675  -0.18507   0.30507   1.00000  9
  -0.08131  -2.23421   0.11050   0.05118   1.00000 10
  -0.20792  -1.45455   0.08972  -0.21517   1.00000 11
  -0.08886  -1.37058   0.25370   0.03852   1.00000 12
  -0.08111  -0.82198   0.04951  -0.19007   1.00000 13
  -0.14297  -0.72163  -0.00397   0.16685   1.00000 14
  -0.17902   0.04629   0.31901  -0.46759   1.00000 15
  -0.18227   0.16932   0.19982  -0.12593   1.00000 16
   0.03602  -2.04673   0.20810  -0.09246   1.00000 17
   0.06440  -2.16121  -0.22982   0.16925   1.00000 18
  -0.27474   1.44612   0.00997   0.00824   1.00000 19
  -0.11386   1.50692   0.27818   0.26998   1.00000 20
  -0.48650   1.40760  -0.07361   0.06173   1.10000  1
  -0.31064   1.42687  -0.02632   0.32270   1.10000  2
  -0.19050   1.93739   0.02954  -0.35882   1.10000  3
  -0.31467   1.82435  -0.06099  -0.57921   1.10000  4
   0.05060  -2.07440  -0.29246  -0.08520   1.10000  5
   0.18157  -1.79544  -0.02574   0.37706   1.10000  6
  -0.16374  -0.11495  -0.41231   0.17489   1.10000  7
   0.00340  -0.11952  -0.27398   0.07687   1.10000  8
   0.04896  -2.18818  -0.23730   0.46418   1.10000  9
  -0.06284  -2.22293   0.25842   0.17922   1.10000 10
  -0.19568  -1.47591   0.15492  -0.21256   1.10000 11
  -0.06485  -1.36898   0.22689  -0.00723   1.10000 12
  -0.07742  -0.83926   0.02506  -0.15566   1.10000 13
  -0.14194  -0.70654   0.02372   0.13516   1.10000 14
  -0.14530  -0.00207   0.35243  -0.50208   1.10000 15
  -0.16120   0.15141   0.22116  -0.23377   1.10000 16
   0.05779  -2.06056   0.21416  -0.18366   1.10000 17
   0.03986  -2.14072  -0.25627   0.23832   1.10000 18
  -0.27478   1.44763  -0.01212   0.02618   1.10000 19
  -0.09173   1.53346   0.16480   0.26187   1.10000 20
  -0.48785   1.41603   0.04676   0.10868   1.20000  1
  -0.31238   1.46173  -0.00801   0.37174   1.20000  2
  -0.18956   1.89670  -0.01033  -0.45703   1.20000  3
  -0.31844   1.76354  -0.01399  -0.63999   1.20000  4
   0.02095  -2.08622  -0.29390  -0.14874   1.20000  5
   0.17543  -1.76158  -0.09687   0.30209   1.20000  6
  -0.20131  -0.09464  -0.33119   0.22686   1.20000  7
  -0.02919  -0.10991  -0.37818   0.11697   1.20000  8
   0.02348  -2.13499  -0.26500   0.58842   1.20000  9
  -0.03008  -2.19707   0.39086   0.34518   1.20000 10
  -0.17694  -1.49724   0.21987  -0.21523   1.20000 11
  -0.04339  -1.37219   0.20261  -0.05786   1.20000 12
  -0.07594  -0.85318   0.00549  -0.12300   1.20000 13
  -0.13839  -0.69449   0.04663   0.10652   1.20000 14
  -0.10952  -0.05415   0.35723  -0.53564   1.20000 15
  -0.13821   0.12225   0.23732  -0.35123   1.20000 16
   0.07571  -2.08278   0.12830  -0.25277   1.20000 17
   0.01437  -2.11438  -0.24652   0.28236   1.20000 18
  -0.27738   1.45231  -0.04059   0.07270   1.20000 19
  -0.08096   1.55950   0.04951   0.25997   1.20000 20
  -0.47700   1.42977   0.17152   0.16863   1.30000  1
  -0.31219   1.50079   0.01191   0.40824   1.30000  2
  -0.19249   1.84547  -0.04817  -0.57073   1.30000  3
  -0.31734   1.69568   0.03652  -0.72074   1.30000  4
  -0.00680  -2.10245  -0.25289  -0.16069   1.30000  5
   0.16219  -1.73467  -0.16815   0.23745   1.30000  6
  -0.22878  -0.07084  -0.21483   0.24323   1.30000  7
  -0.07180  -0.09617  -0.46700   0.15452   1.30000  8
  -0.00217  -2.07419  -0.23916   0.60625   1.30000  9
   0.01309  -2.15287   0.45536   0.53723   1.30000 10
  -0.15169  -1.51920   0.28532  -0.22531   1.30000 11
  -0.02426  -1.38079   0.18045  -0.11565   1.30000 12
  -0.07617  -0.86393  -0.00937  -0.09236   1.30000 13
  -0.13276  -0.68511   0.06531   0.08182   1.30000 14
  -0.07502  -0.10767   0.32590  -0.52471   1.30000 15
  -0.11417   0.08082   0.24021  -0.47872   1.30000 16
   0.08087  -2.10856  -0.03164  -0.24765   1.30000 17
  -0.00801  -2.08568  -0.19479   0.28580   1.30000 18
  -0.28296   1.46325  -0.07094   0.15144   1.30000 19
  -0.08215   1.58558  -0.07557   0.26195   1.30000 20
  -0.45316   1.45035   0.30806   0.24655   1.40000  1
  -0.30994   1.54326   0.03393   0.43935   1.40000  2
  -0.19918   1.78177  -0.08568  -0.70814   1.40000  3
  -0.31108   1.61876   0.08813  -0.81759   1.40000  4
  -0.02790  -2.11475  -0.16303  -0.06999   1.40000  5
   0.14167  -1.71386  -0.24304   0.17981   1.40000  6
  -0.24396  -0.04695  -0.08804   0.23010   1.40000  7
  -0.12045  -0.07995  -0.49585   0.16703   1.40000  8
  -0.02307  -2.01701  -0.17507   0.52932   1.40000  9
   0.05676  -2.09208   0.39801   0.65895   1.40000 10
  -0.11983  -1.54265   0.35224  -0.24572   1.40000 11
  -0.00724  -1.39567   0.16023  -0.18425   1.40000 12
  -0.07766  -0.87169  -0.01981  -0.06290   1.40000 13
  -0.12544  -0.67799   0.08050   0.06110   1.40000 14
  -0.04587  -0.15721   0.25251  -0.46103   1.40000 15
  -0.09108   0.02638   0.21542  -0.60863   1.40000 16
   0.06957  -2.12919  -0.18698  -0.14989   1.40000 17
  -0.02360  -2.05774  -0.11410   0.27364   1.40000 18
  -0.29146   1.48365  -0.09796   0.26130   1.40000 19
  -0.09671   1.61181  -0.21947   0.26099   1.40000 20
  -0.41463   1.47978   0.46697   0.34452   1.50000  1
  -0.30502   1.58708   0.06783   0.42269   1.50000  2
  -0.20981   1.70287  -0.12938  -0.87265   1.50000  3
  -0.30034   1.53421   0.12019  -0.84838   1.50000  4
  -0.03910  -2.11465  -0.06234   0.07575   1.50000  5
   0.11341  -1.69859  -0.32294   0.12588   1.50000  6
  -0.24644  -0.02579   0.03658   0.18790   1.50000  7
  -0.16931  -0.06318  -0.47469   0.16460   1.50000  8
  -0.03675  -1.96861  -0.09724   0.44072   1.50000  9
   0.08983  -2.02454   0.25586   0.68224   1.50000 10
  -0.08117  -1.56883   0.42114  -0.28095   1.50000 11
   0.00786  -1.41817   0.14220  -0.26874   1.50000 12
  -0.07999  -0.87651  -0.02611  -0.03340   1.50000 13
  -0.11675  -0.67276   0.09285   0.04428   1.50000 14
  -0.02465  -0.19970   0.17285  -0.38985   1.50000 15
  -0.07256  -0.03985   0.14911  -0.70688   1.50000 16
   0.04550  -2.13620  -0.28581   0.01605   1.50000 17
  -0.03074  -2.03044  -0.02998   0.27556   1.50000 18
  -0.30209   1.51600  -0.10981   0.38162   1.50000 19
  -0.12686   1.63712  -0.38730   0.23907   1.50000 20
  -0.35914   1.51917   0.64120   0.43960   1.60000  1
  -0.29562   1.62515   0.12181   0.32763   1.60000  2
  -0.22621   1.60817  -0.20800  -1.00274   1.60000  3
  -0.28853   1.45534   0.11276  -0.70533   1.60000  4
  -0.04085  -2.09935   0.02413   0.23064   1.60000  5
   0.07701  -1.68862  -0.40444   0.07360   1.60000  6
  -0.23749  -0.01033   0.13560   0.11742   1.60000  7
  -0.21453  -0.04787  -0.42695   0.13904   1.60000  8
  -0.04236  -1.92820  -0.01429   0.37140   1.60000  9
   0.10741  -1.95628   0.09516   0.68279   1.60000 10
  -0.03561  -1.59957   0.48925  -0.33838   1.60000 11
   0.02129  -1.45017   0.12683  -0.37576   1.60000 12
  -0.08276  -0.87832  -0.02857  -0.00243   1.60000 13
  -0.10695  -0.66900   0.10280   0.03162   1.60000 14
  -0.01102  -0.23549   0.10072  -0.32769   1.60000 15
  -0.06156  -0.11307   0.07386  -0.75060   1.60000 16
   0.01372  -2.12545  -0.34384   0.20034   1.60000 17
  -0.03008  -2.00200   0.03995   0.29636   1.60000 18
  -0.31179   1.55762  -0.07337   0.43739   1.60000 19
  -0.17455   1.65754  -0.56462   0.15511   1.60000 20
  -0.28836   1.56661   0.75310   0.50003   1.70000  1
  -0.28123   1.65065   0.15910   0.17857   1.70000  2
  -0.25260   1.50830  -0.31237  -0.96388   1.70000  3
  -0.27744   1.39526   0.11177  -0.49633   1.70000  4
  -0.03508  -2.06841   0.08634   0.38926   1.70000  5
   0.03320  -1.68394  -0.46310   0.01833   1.70000  6
  -0.22103  -0.00275   0.18442   0.03393   1.70000  7
  -0.25412  -0.03555  -0.36152   0.10714   1.70000  8
  -0.03950  -1.89346   0.07191   0.32798   1.70000  9
   0.10878  -1.88780  -0.06839   0.68814   1.70000 10
   0.01600  -1.63754   0.53468  -0.42595   1.70000 11
   0.03330  -1.49434   0.11356  -0.51327   1.70000 12
  -0.08559  -0.87690  -0.02755   0.03155   1.70000 13
  -0.09627  -0.66627   0.11044   0.02387   1.70000 14
  -0.00443  -0.26562   0.03108  -0.27726   1.70000 15
  -0.05675  -0.18922   0.02795  -0.77082   1.70000 16
  -0.02190  -2.09584  -0.36003   0.39336   1.70000 17
  -0.02343  -1.97051   0.08934   0.33715   1.70000 18
  -0.31465   1.60101   0.02292   0.41902   1.70000 19
  -0.23852   1.66558  -0.70364  -0.00081   1.70000 20
  -0.21493   1.61725   0.68551   0.50524   1.80000  1
  -0.26546   1.66138   0.14835   0.04268   1.80000  2
  -0.28522   1.41839  -0.32602  -0.83659   1.80000  3
  -0.26620   1.35516   0.10987  -0.31241   1.80000  4
  -0.02472  -2.02104   0.11523   0.56189   1.80000  5
  -0.01249  -1.68606  -0.43203  -0.06961   1.80000  6
  -0.20217  -0.00337   0.18721  -0.04467   1.80000  7
  -0.28627  -0.02652  -0.27992   0.07290   1.80000  8
  -0.02800  -1.86160   0.15696   0.31457   1.80000  9
   0.09360  -1.81839  -0.23515   0.70085   1.80000 10
   0.06836  -1.68535   0.49441  -0.53122   1.80000 11
   0.04390  -1.55407   0.09691  -0.68788   1.80000 12
  -0.08816  -0.87186  -0.02339   0.07015   1.80000 13
  -0.08495  -0.66402   0.11545   0.02236   1.80000 14
  -0.00486  -0.29163  -0.03977  -0.24777   1.80000 15
  -0.05494  -0.26699   0.01250  -0.78285   1.80000 16
  -0.05625  -2.04650  -0.31554   0.59451   1.80000 17
  -0.01300  -1.93366   0.11529   0.40529   1.80000 18
  -0.30702   1.64042   0.12450   0.36746   1.80000 19
  -0.31083   1.65769  -0.71036  -0.14491   1.80000 20
  -0.15408   1.66611   0.52926   0.46609   1.90000  1
  -0.25237   1.66096   0.11303  -0.04136   1.90000  2
  -0.31617   1.34001  -0.28793  -0.73363   1.90000  3
  -0.25642   1.33111   0.08099  -0.17766   1.90000  4
  -0.01286  -1.95509   0.12009   0.76244   1.90000  5
  -0.05015  -1.69949  -0.30871  -0.20512   1.90000  6
  -0.18433  -0.01132   0.16748  -0.11261   1.90000  7
  -0.31004  -0.02108  -0.19585   0.03552   1.90000  8
  -0.00863  -1.82946   0.22540   0.33320   1.90000  9
   0.06257  -1.74828  -0.37539   0.68809   1.90000 10
   0.11137  -1.74360   0.34632  -0.62534   1.90000 11
   0.05213  -1.63325   0.06301  -0.90215   1.90000 12
  -0.09017  -0.86266  -0.01626   0.11507   1.90000 13
  -0.07329  -0.66152   0.11712   0.02914   1.90000 14
  -0.01227  -0.31638  -0.10695  -0.25388   1.90000 15
  -0.05371  -0.34531   0.01318  -0.78108   1.90000 16
  -0.08272  -1.97681  -0.20268   0.79967   1.90000 17
  -0.00108  -1.88819   0.12048   0.51080   1.90000 18
  -0.29155   1.67373   0.17718   0.29429   1.90000 19
  -0.37585   1.63978  -0.57977  -0.20148   1.90000 20
  -0.10860   1.70979   0.38388   0.40581   2.00000  1
  -0.24260   1.65490   0.08383  -0.07279   2.00000  2
  -0.34228   1.27155  -0.23390  -0.63570   2.00000  3
  -0.25065   1.31793   0.03310  -0.09264   2.00000  4
  -0.00061  -1.86759   0.12760   0.98854   2.00000  5
  -0.07200  -1.72773  -0.11876  -0.35861   2.00000  6
  -0.16892  -0.02561   0.14002  -0.17209   2.00000  7
  -0.32563  -0.01949  -0.11704  -0.00400   2.00000  8
   0.01551  -1.79441   0.24644   0.36594   2.00000  9
   0.02123  -1.68575  -0.43773   0.53056   2.00000 10
   0.13391  -1.80721   0.09177  -0.62877   2.00000 11
   0.05482  -1.73456  -0.02272  -1.10893   2.00000 12
  -0.09131  -0.84857  -0.00596   0.16819   2.00000 13
  -0.06168  -0.65782   0.11426   0.04692   2.00000 14
  -0.02576  -0.34364  -0.15979  -0.29613   2.00000 15
  -0.05234  -0.42286   0.01301  -0.76981   2.00000 16
  -0.09450  -1.88660  -0.02076   1.00309   2.00000 17
   0.01078  -1.83047   0.11597   0.64417   2.00000 18
  -0.27238   1.69874   0.20471   0.20491   2.00000 19
  -0.42659   1.61864  -0.43793  -0.21866   2.00000 20
  -0.07657   1.74709   0.26008   0.33975   2.10000  1
  -0.23529   1.64743   0.06381  -0.07309   2.10000  2
  -0.36311   1.21274  -0.18402  -0.54157   2.10000  3
  -0.24977   1.31167  -0.01447  -0.03553   2.10000  4
   0.01289  -1.76081   0.13432   1.10520   2.10000  5
  -0.07249  -1.76924   0.11100  -0.44423   2.10000  6
  -0.15640  -0.04555   0.10997  -0.22607   2.10000  7
  -0.33366  -0.02194  -0.04468  -0.04535   2.10000  8
   0.03769  -1.75845   0.18031   0.34232   2.10000  9
  -0.02261  -1.64636  -0.42696   0.25209   2.10000 10
   0.12889  -1.86490  -0.18467  -0.50379   2.10000 11
   0.04560  -1.84701  -0.15469  -1.07887   2.10000 12
  -0.09123  -0.82866   0.00819   0.23216   2.10000 13
  -0.05066  -0.65168   0.10472   0.07816   2.10000 14
  -0.04361  -0.37631  -0.19427  -0.35966   2.10000 15
  -0.05136  -0.49964   0.00562  -0.76895   2.10000 16
  -0.08442  -1.77796   0.22799   1.14468   2.10000 17
   0.02145  -1.76213   0.08846   0.69671   2.10000 18
  -0.25081   1.71470   0.22587   0.11482   2.10000 19
  -0.46415   1.59625  -0.31657  -0.22878   2.10000 20
  -0.05603   1.77768   0.15296   0.27168   2.20000  1
  -0.22955   1.64073   0.05246  -0.05962   2.20000  2
  -0.37941   1.16296  -0.14362  -0.45558   2.20000  3
  -0.25330   1.31050  -0.05485   0.01130   2.20000  4
   0.02357  -1.65475   0.07091   0.99556   2.20000  5
  -0.05109  -1.80915   0.30289  -0.33204   2.20000  6
  -0.14697  -0.07070   0.07863  -0.27650   2.20000  7
  -0.33475  -0.02863   0.02210  -0.08906   2.20000  8
   0.04908  -1.72567   0.04353   0.32431   2.20000  9
  -0.06120  -1.63409  -0.32691   0.01061   2.20000 10
   0.10001  -1.90582  -0.37723  -0.31533   2.20000 11
   0.02778  -1.94250  -0.18714  -0.83050   2.20000 12
  -0.08950  -0.80163   0.02746   0.31141   2.20000 13
  -0.04111  -0.64188   0.08377   0.11737   2.20000 14
  -0.06405  -0.41595  -0.21184  -0.43487   2.20000 15
  -0.05135  -0.57737  -0.00569  -0.78808   2.20000 16
  -0.05041  -1.66448   0.43385   1.10007   2.20000 17
   0.02655  -1.69479   0.00985   0.64675   2.20000 18
  -0.22742   1.72190   0.24065   0.03062   2.20000 19
  -0.49046   1.57291  -0.21179  -0.23810   2.20000 20
  -0.04559   1.80132   0.05770   0.20051   2.30000  1
  -0.22452   1.63565   0.04959  -0.04182   2.30000  2
  -0.39211   1.12135  -0.11162  -0.37792   2.30000  3
  -0.26049   1.31386  -0.08792   0.05606   2.30000  4
   0.02666  -1.56365  -0.00552   0.82381   2.30000  5
  -0.01503  -1.83513   0.40324  -0.19350   2.30000  6
  -0.14071  -0.10077   0.04647  -0.32450   2.30000  7
  -0.32939  -0.03986   0.08443  -0.13610   2.30000  8
   0.04682  -1.69169  -0.08275   0.36120   2.30000  9
  -0.08473  -1.63889  -0.13585  -0.08126   2.30000 10
   0.05611  -1.92891  -0.48905  -0.15193   2.30000 11
   0.00951  -2.01427  -0.17618  -0.61065   2.30000 12
  -0.08549  -0.76568   0.05424   0.41095   2.30000 13
  -0.03455  -0.62919   0.04399   0.12697   2.30000 14
  -0.08540  -0.46365  -0.21200  -0.52114   2.30000 15
  -0.05247  -0.65693  -0.01697  -0.79686   2.30000 16
  -0.00211  -1.56154   0.51099   0.94668   2.30000 17
   0.02369  -1.63252  -0.06205   0.60119   2.30000 18
  -0.20296   1.72114   0.24677  -0.04406   2.30000 19
  -0.50686   1.54862  -0.11753  -0.24763   2.30000 20
  -0.04418   1.81759  -0.02818   0.12361   2.40000  1
  -0.21936   1.63234   0.05508  -0.02475   2.40000  2
  -0.40195   1.08715  -0.08608  -0.30709   2.40000  3
  -0.27067   1.32176  -0.11476   0.10245   2.40000  4
   0.02383  -1.48964  -0.04298   0.66040   2.40000  5
   0.02652  -1.84926   0.41221  -0.09480   2.40000  6
  -0.13768  -0.13555   0.01420  -0.37095   2.40000  7
  -0.31798  -0.05601   0.14329  -0.18784   2.40000  8
   0.03388  -1.65283  -0.16944   0.41694   2.40000  9
  -0.08851  -1.64726   0.05516  -0.07744   2.40000 10
   0.00466  -1.93704  -0.52636  -0.01411   2.40000 11
  -0.00739  -2.06564  -0.16236  -0.42134   2.40000 12
  -0.07837  -0.71951   0.08812   0.50518   2.40000 13
  -0.03291  -0.61825  -0.01400   0.08674   2.40000 14
  -0.10568  -0.52058  -0.18882  -0.61918   2.40000 15
  -0.05500  -0.73491  -0.03465  -0.75067   2.40000 16
   0.04829  -1.47574   0.48232   0.77221   2.40000 17
   0.01549  -1.57424  -0.09500   0.56462   2.40000 18
  -0.17845   1.71350   0.24135  -0.10654   2.40000 19
  -0.51416   1.52337  -0.02911  -0.25744   2.40000 20
  -0.05092   1.82577  -0.10507   0.03843   2.50000  1
  -0.21324   1.63057   0.06835  -0.01152   2.50000  2
  -0.40949   1.05976  -0.06541  -0.24138   2.50000  3
  -0.28327   1.33447  -0.13645   0.15237   2.50000  4
   0.01944  -1.43071  -0.04027   0.52221   2.50000  5
   0.06480  -1.85467   0.34474  -0.01427   2.50000  6
  -0.13782  -0.17494  -0.01674  -0.41681   2.50000  7
  -0.30083  -0.07764   0.19936  -0.24610   2.50000  8
   0.01415  -1.60840  -0.21936   0.47010   2.50000  9
  -0.07501  -1.65312   0.20711  -0.03460   2.50000 10
  -0.04670  -1.93260  -0.49203   0.09832   2.50000 11
  -0.02314  -2.09947  -0.15337  -0.25971   2.50000 12
  -0.06856  -0.66669   0.10183   0.54358   2.50000 13
  -0.03784  -0.61235  -0.08624   0.02972   2.50000 14
  -0.12199  -0.58750  -0.13042  -0.71539   2.50000 15
  -0.05920  -0.80497  -0.04755  -0.64763   2.50000 16
   0.09206  -1.40604   0.38541   0.62786   2.50000 17
   0.00590  -1.51965  -0.09217   0.52701   2.50000 18
  -0.15519   1.70031   0.22110  -0.15480   2.50000 19
  -0.51275   1.49713   0.05718  -0.26739   2.50000 20
  -0.06487   1.82494  -0.17217  -0.05670   2.60000  1
  -0.20548   1.62984   0.08781  -0.00399   2.60000  2
  -0.41515   1.03875  -0.04829  -0.17923   2.60000  3
  -0.29782   1.35238  -0.15400   0.20650   2.60000  4
   0.01622  -1.38450  -0.02378   0.40535   2.60000  5
   0.09463  -1.85211   0.25062   0.06548   2.60000  6
  -0.14089  -0.21894  -0.04374  -0.46360   2.60000  7
  -0.27819  -0.10553   0.25284  -0.31337   2.60000  8
  -0.00868  -1.55922  -0.22977   0.51169   2.60000  9
  -0.04890  -1.65329   0.30494   0.03475   2.60000 10
  -0.09270  -1.91815  -0.42520   0.18779   2.60000 11
  -0.03816  -2.11838  -0.14741  -0.12191   2.60000 12
  -0.05944  -0.61250   0.07544   0.52742   2.60000 13
  -0.05009  -0.61249  -0.15561  -0.03171   2.60000 14
  -0.13048  -0.66155  -0.03716  -0.75059   2.60000 15
  -0.06425  -0.86518  -0.05259  -0.56224   2.60000 16
   0.12446  -1.34901   0.25996   0.51789   2.60000 17
  -0.00230  -1.46878  -0.06973   0.49134   2.60000 18
  -0.13482   1.68304   0.18311  -0.18795   2.60000 19
  -0.50268   1.46991   0.14473  -0.27691   2.60000 20
  -0.08501   1.81407  -0.22879  -0.16262   2.70000  1
  -0.19557   1.62956   0.11045  -0.00268   2.70000  2
  -0.41923   1.02384  -0.03361  -0.11921   2.70000  3
  -0.31397   1.37587  -0.16835   0.26348   2.70000  4
   0.01455  -1.34901  -0.01083   0.30750   2.70000  5
   0.11494  -1.84156   0.15641   0.14588   2.70000  6
  -0.14630  -0.26777  -0.06241  -0.51365   2.70000  7
  -0.25037  -0.14073   0.30293  -0.39296   2.70000  8
  -0.03028  -1.50617  -0.19538   0.55047   2.70000  9
  -0.01603  -1.64577   0.34377   0.11623   2.70000 10
  -0.13141  -1.89549  -0.34792   0.26345   2.70000 11
  -0.05263  -2.12445  -0.14188  -0.00201   2.70000 12
  -0.05387  -0.56339   0.03536   0.45022   2.70000 13
  -0.06790  -0.61810  -0.19455  -0.07643   2.70000 14
  -0.13004  -0.73542   0.04089  -0.72403   2.70000 15
  -0.06959  -0.91858  -0.05352  -0.51131   2.70000 16
   0.14374  -1.30161   0.12453   0.43352   2.70000 17
  -0.00782  -1.42107  -0.04009   0.46479   2.70000 18
  -0.11920   1.66320   0.12616  -0.20672   2.70000 19
  -0.48365   1.44183   0.23685  -0.28394   2.70000 20
  -0.11027   1.79203  -0.27468  -0.28016   2.80000  1
  -0.18344   1.62913   0.13136  -0.00667   2.80000  2
  -0.42191   1.01488  -0.02016  -0.05995   2.80000  3
  -0.33137   1.40497  -0.17863   0.31661   2.80000  4
   0.01368  -1.32229  -0.00894   0.23100   2.80000  5
   0.12611  -1.82286   0.06798   0.22864   2.80000  6
  -0.15286  -0.32188  -0.06553  -0.56977   2.80000  7
  -0.21779  -0.18465   0.34737  -0.48850   2.80000  8
  -0.04661  -1.44869  -0.12661   0.60193   2.80000  9
   0.01846  -1.63015   0.34076   0.19521   2.80000 10
  -0.16217  -1.86577  -0.26698   0.32951   2.80000 11
  -0.06651  -2.11919  -0.13545   0.10535   2.80000 12
  -0.05255  -0.52233  -0.01037   0.37412   2.80000 13
  -0.08795  -0.62703  -0.20259  -0.09916   2.80000 14
  -0.12321  -0.80685   0.09249  -0.70949   2.80000 15
  -0.07472  -0.96846  -0.04751  -0.49123   2.80000 16
   0.14913  -1.26178  -0.01831   0.36494   2.80000 17
  -0.01033  -1.37536  -0.01055   0.45183   2.80000 18
  -0.11019   1.64213   0.05124  -0.21268   2.80000 19
  -0.45509   1.41342   0.33511  -0.28152   2.80000 20
  -0.13955   1.75761  -0.30846  -0.41044   2.90000  1
  -0.16962   1.62809   0.14238  -0.01476   2.90000  2
  -0.42325   1.01187  -0.00647  -0.00012   2.90000  3
  -0.34920   1.43849  -0.17309   0.34881   2.90000  4
   0.01228  -1.30184  -0.02153   0.18428   2.90000  5
   0.12876  -1.79566  -0.01381   0.31652   2.90000  6
  -0.15854  -0.38197  -0.04272  -0.63284   2.90000  7
  -0.18119  -0.23907   0.38309  -0.60330   2.90000  8
  -0.05486  -1.38522  -0.03533   0.66996   2.90000  9
   0.05134  -1.60691   0.31386   0.26878   2.90000 10
  -0.18479  -1.82980  -0.18550   0.38921   2.90000 11
  -0.07968  -2.10365  -0.12764   0.20442   2.90000 12
  -0.05633  -0.48775  -0.06783   0.32123   2.90000 13
  -0.10787  -0.63742  -0.19377  -0.10647   2.90000 14
  -0.11194  -0.87857   0.13193  -0.73194   2.90000 15
  -0.07867  -1.01785  -0.02861  -0.50202   2.90000 16
   0.13972  -1.22837  -0.17223   0.30395   2.90000 17
  -0.01008  -1.33019   0.01436   0.45448   2.90000 18
  -0.10945   1.62104  -0.03845  -0.20720   2.90000 19
  -0.41671   1.38641   0.42984  -0.25254   2.90000 20
  -0.17137   1.70960  -0.32403  -0.55028   3.00000  1
  -0.15578   1.62595   0.12876  -0.03044   3.00000  2
  -0.42314   1.01491   0.00934   0.06131   3.00000  3
  -0.36452   1.47364  -0.12473   0.35026   3.00000  4
   0.00888  -1.28386  -0.04857   0.18527   3.00000  5
   0.12358  -1.75929  -0.08863   0.41231   3.00000  6
  -0.16027  -0.44834   0.01303  -0.69187   3.00000  7
  -0.14153  -0.30606   0.40818  -0.74039   3.00000  8
  -0.05318  -1.31431   0.07046   0.74907   3.00000  9
   0.08067  -1.57647   0.26979   0.34012   3.00000 10
  -0.19928  -1.78801  -0.10432   0.44650   3.00000 11
  -0.09199  -2.07847  -0.11843   0.29864   3.00000 12
  -0.06670  -0.45769  -0.14193   0.27919   3.00000 13
  -0.12645  -0.64786  -0.17678  -0.09979   3.00000 14
  -0.09683  -0.95482   0.17114  -0.80214   3.00000 15
  -0.07970  -1.07008   0.01314  -0.54925   3.00000 16
   0.11410  -1.20096  -0.34360   0.24414   3.00000 17
  -0.00778  -1.28386   0.02935   0.47552   3.00000 18
  -0.11819   1.60101  -0.13730  -0.19215   3.00000 19
  -0.37015   1.36422   0.49512  -0.18601   3.00000 20
  -0.20342   1.64787  -0.31243  -0.67969   3.10000  1
  -0.14536   1.62119   0.07122  -0.07085   3.10000  2
  -0.42125   1.02421   0.02916   0.12492   3.10000  3
  -0.37257   1.50825  -0.02973   0.34173   3.10000  4
   0.00229  -1.26232  -0.08384   0.25908   3.10000  5
   0.11128  -1.71285  -0.15616   0.51858   3.10000  6
  -0.15542  -0.51945   0.08340  -0.72657   3.10000  7
  -0.10006  -0.38783   0.41623  -0.89528   3.10000  8
  -0.04089  -1.23543   0.17108   0.82611   3.10000  9
   0.10468  -1.53881   0.20696   0.41391   3.10000 10
  -0.20563  -1.74043  -0.02244   0.50606   3.10000 11
  -0.10332  -2.04398  -0.10789   0.39108   3.10000 12
  -0.08463  -0.43274  -0.21135   0.21215   3.10000 13
  -0.14298  -0.65689  -0.15216  -0.07860   3.10000 14
  -0.07726  -1.04108   0.22434  -0.93496   3.10000 15
  -0.07466  -1.12913   0.09697  -0.63678   3.10000 16
   0.07021  -1.17963  -0.53756   0.18193   3.10000 17
  -0.00487  -1.23425   0.02395   0.52083   3.10000 18
  -0.13697   1.58271  -0.23810  -0.17478   3.10000 19
  -0.31878   1.34986   0.52834  -0.09891   3.10000 20
  -0.23328   1.57517  -0.28434  -0.76427   3.20000  1
  -0.14300   1.61037  -0.02934  -0.15172   3.20000  2
  -0.41713   1.03999   0.05424   0.19125   3.20000  3
  -0.36930   1.54188   0.10035   0.32843   3.20000  4
  -0.00801  -1.22962  -0.12349   0.40068   3.20000  5
   0.09257  -1.65513  -0.21727   0.63849   3.20000  6
  -0.14409  -0.59347   0.14020  -0.75522   3.20000  7
  -0.06008  -0.48388   0.37251  -1.01603   3.20000  8
  -0.02093  -1.15121   0.21269   0.82934   3.20000  9
   0.12122  -1.49341   0.11889   0.49591   3.20000 10
  -0.20367  -1.68652   0.06263   0.57417   3.20000 11
  -0.11353  -2.00021  -0.09607   0.48488   3.20000 12
  -0.10697  -0.41757  -0.22462   0.07902   3.20000 13
  -0.15630  -0.66332  -0.10957  -0.05071   3.20000 14
  -0.05061  -1.14379   0.31624  -1.11413   3.20000 15
  -0.05818  -1.19629   0.23820  -0.68059   3.20000 16
   0.00682  -1.16453  -0.71665   0.12038   3.20000 17
  -0.00441  -1.17964  -0.02331   0.56088   3.20000 18
  -0.16563   1.56551  -0.33335  -0.17407   3.20000 19
  -0.26510   1.34492   0.54206   0.00330   3.20000 20
  -0.26027   1.49747  -0.25337  -0.77622   3.30000  1
  -0.15191   1.59002  -0.15054  -0.25729   3.30000  2
  -0.41021   1.06260   0.08509   0.26200   3.30000  3
  -0.35179   1.57267   0.25023   0.27747   3.30000  4
  -0.02218  -1.18448  -0.15283   0.47430   3.30000  5
   0.06792  -1.58445  -0.27570   0.77968   3.30000  6
  -0.12795  -0.67072   0.18038  -0.78971   3.30000  7
  -0.02704  -0.59029   0.28374  -1.11312   3.30000  8
  -0.00120  -1.07678   0.17193   0.64516   3.30000  9
   0.12724  -1.43911  -0.00612   0.59346   3.30000 10
  -0.19284  -1.62500   0.15606   0.66015   3.30000 11
  -0.12248  -1.94684  -0.08260   0.58378   3.30000 12
  -0.12845  -0.41786  -0.20361  -0.08359   3.30000 13
  -0.16364  -0.66806  -0.03023  -0.05452   3.30000 14
  -0.01552  -1.25576   0.36258  -1.07983   3.30000 15
  -0.02907  -1.25910   0.32402  -0.56093   3.30000 16
  -0.06586  -1.15609  -0.69165   0.04773   3.30000 17
  -0.01013  -1.12691  -0.08659   0.47336   3.30000 18
  -0.20299   1.54665  -0.40862  -0.20931   3.30000 19
  -0.21126   1.35128   0.52782   0.12743   3.30000 20
  -0.28291   1.42227  -0.19381  -0.71891   3.40000  1
  -0.17323   1.55884  -0.27512  -0.36518   3.40000  2
  -0.39991   1.09267   0.12204   0.34148   3.40000  3
  -0.31995   1.59537   0.38022   0.16796   3.40000  4
  -0.03730  -1.13813  -0.14670   0.45056   3.40000  5
   0.03736  -1.49786  -0.33549   0.96077   3.40000  6
  -0.10808  -0.75154   0.21882  -0.83060   3.40000  7
  -0.00398  -0.70683   0.17585  -1.21992   3.40000  8
   0.01211  -1.02130   0.08950   0.47428   3.40000  9
   0.11808  -1.37428  -0.18798   0.70063   3.40000 10
  -0.17182  -1.55351   0.26870   0.77540   3.40000 11
  -0.12994  -1.88313  -0.06592   0.69234   3.40000 12
  -0.14763  -0.43383  -0.17976  -0.23384   3.40000 13
  -0.16137  -0.67687   0.07689  -0.13466   3.40000 14
   0.01954  -1.35770   0.33772  -0.96557   3.40000 15
   0.00390  -1.30961   0.32965  -0.46470   3.40000 16
  -0.12634  -1.15340  -0.50890   0.01628   3.40000 17
  -0.02082  -1.08542  -0.12383   0.36323   3.40000 18
  -0.24581   1.52296  -0.43737  -0.26426   3.40000 19
  -0.16152   1.37057   0.45549   0.25472   3.40000 20
  -0.29869   1.35492  -0.12430  -0.62513   3.50000  1
  -0.20622   1.51757  -0.37740  -0.45517   3.50000  2
  -0.38555   1.13145   0.16654   0.43763   3.50000  3
  -0.27751   1.60476   0.45730   0.01387   3.50000  4
  -0.05114  -1.09383  -0.12796   0.43976   3.50000  5
   0.00171  -1.39161  -0.36556   1.15010   3.50000  6
  -0.08356  -0.83863   0.27527  -0.92483   3.50000  7
   0.00809  -0.83527   0.06555  -1.35769   3.50000  8
   0.01583  -0.97997  -0.01978   0.36084   3.50000  9
   0.08853  -1.30137  -0.39885   0.74245   3.50000 10
  -0.13792  -1.46878   0.41552   0.92357   3.50000 11
  -0.13543  -1.80787  -0.04205   0.81583   3.50000 12
  -0.16432  -0.46438  -0.15342  -0.37681   3.50000 13
  -0.14865  -0.69698   0.17357  -0.27456   3.50000 14
   0.05079  -1.44788   0.27142  -0.81648   3.50000 15
   0.03587  -1.35410   0.29866  -0.42212   3.50000 16
  -0.16695  -1.15130  -0.30104   0.03112   3.50000 17
  -0.03432  -1.05263  -0.14350   0.30077   3.50000 18
  -0.28802   1.49435  -0.39444  -0.30498   3.50000 19
  -0.12216   1.40083   0.32448   0.34181   3.50000 20
  -0.30868   1.29728  -0.08070  -0.52868   3.60000  1
  -0.24670   1.46914  -0.42230  -0.50747   3.60000  2
  -0.36623   1.18110   0.22211   0.56048   3.60000  3
  -0.23086   1.59753   0.46569  -0.15852   3.60000  4
  -0.06216  -1.04936  -0.08586   0.44908   3.60000  5
  -0.03408  -1.27150  -0.34873   1.24830   3.60000  6
  -0.05257  -0.93968   0.34103  -1.10798   3.60000  7
   0.00865  -0.97996  -0.06194  -1.52884   3.60000  8
   0.00715  -0.94886  -0.15716   0.24476   3.60000  9
   0.03976  -1.22651  -0.57195   0.76370   3.60000 10
  -0.08830  -1.36825   0.57118   1.09081   3.60000 11
  -0.13782  -1.71931  -0.00215   0.95893   3.60000 12
  -0.17809  -0.50925  -0.12032  -0.52161   3.60000 13
  -0.12747  -0.73289   0.24657  -0.44924   3.60000 14
   0.07232  -1.51848   0.16075  -0.59631   3.60000 15
   0.06031  -1.39074   0.17966  -0.29625   3.60000 16
  -0.18569  -1.14640  -0.06602   0.07010   3.60000 17
  -0.04873  -1.02387  -0.13788   0.27380   3.60000 18
  -0.32287   1.46212  -0.29747  -0.34089   3.60000 19
  -0.09756   1.43714   0.16550   0.37582   3.60000 20
  -0.31578   1.24935  -0.06412  -0.42373   3.70000  1
  -0.28924   1.41671  -0.42445  -0.54111   3.70000  2
  -0.34076   1.24427   0.28714   0.70206   3.70000  3
  -0.18575   1.57354   0.43297  -0.31764   3.70000  4
  -0.06679  -1.00739  -0.00622   0.35632   3.70000  5
  -0.06752  -1.14010  -0.30833   1.38409   3.70000  6
  -0.01859  -1.05955   0.30920  -1.26717   3.70000  7
  -0.00588  -1.13587  -0.22848  -1.55724   3.70000  8
  -0.01537  -0.93635  -0.28838  -0.00919   3.70000  9
  -0.02505  -1.14538  -0.71163   0.87121   3.70000 10
  -0.02691  -1.24901   0.63013   1.30748   3.70000 11
  -0.13490  -1.61544   0.06600   1.12092   3.70000 12
  -0.18801  -0.56911  -0.07577  -0.67867   3.70000 13
  -0.09993  -0.78828   0.30158  -0.66876   3.70000 14
   0.08364  -1.56806   0.06769  -0.39889   3.70000 15
   0.07162  -1.41222   0.05026  -0.13169   3.70000 16
  -0.17790  -1.13657   0.23462   0.13117   3.70000 17
  -0.06043  -1.00143  -0.09406   0.14663   3.70000 18
  -0.34708   1.42561  -0.18624  -0.39294   3.70000 19
  -0.08898   1.47455   0.00810   0.36715   3.70000 20
  -0.32145   1.21472  -0.04780  -0.26022   3.80000  1
  -0.33081   1.36070  -0.39980  -0.57682   3.80000  2
  -0.30981   1.32021   0.32149   0.80575   3.80000  3
  -0.14467   1.53485   0.38618  -0.45025   3.80000  4
  -0.06527  -0.98153   0.02332   0.16509   3.80000  5
  -0.09320  -1.00060  -0.20148   1.37137   3.80000  6
   0.00434  -1.18567   0.14901  -1.20826   3.80000  7
  -0.03381  -1.28221  -0.30058  -1.34768   3.80000  8
  -0.04966  -0.95115  -0.39138  -0.28097   3.80000  9
  -0.09652  -1.05467  -0.68260   0.93057   3.80000 10
   0.03029  -1.10756   0.47319   1.48190   3.80000 11
  -0.12358  -1.49456   0.16543   1.30140   3.80000 12
  -0.19264  -0.64596  -0.01301  -0.86547   3.80000 13
  -0.06796  -0.86949   0.32932  -0.97215   3.80000 14
   0.08617  -1.59838  -0.01522  -0.20580   3.80000 15
   0.07077  -1.41701  -0.06922   0.03624   3.80000 16
  -0.13796  -1.11860   0.55011   0.24019   3.80000 17
  -0.06835  -0.99643  -0.07085  -0.03351   3.80000 18
  -0.36009   1.38292  -0.07310  -0.46106   3.80000 19
  -0.09540   1.50967  -0.13301   0.32965   3.80000 20
  -0.32545   1.19773  -0.03443  -0.08134   3.90000  1
  -0.36710   1.30355  -0.31834  -0.55473   3.90000  2
  -0.27856   1.40136   0.30259   0.79547   3.90000  3
  -0.10967   1.48539   0.30463  -0.52657   3.90000  4
  -0.06417  -0.97157  -0.00513   0.04525   3.90000  5
  -0.10730  -0.87309  -0.08790   1.13978   3.90000  6
   0.01306  -1.29944   0.03078  -1.08246   3.90000  7
  -0.06256  -1.40774  -0.26402  -1.16394   3.90000  8
  -0.09040  -0.98803  -0.39597  -0.41986   3.90000  9
  -0.15464  -0.96094  -0.45243   0.92035   3.90000 10
   0.06236  -0.95841   0.15329   1.47073   3.90000 11
  -0.10052  -1.35415   0.30226   1.49980   3.90000 12
  -0.18940  -0.74424   0.08746  -1.11318   3.90000 13
  -0.03788  -0.98211   0.24923  -1.22964   3.90000 14
   0.08099  -1.60886  -0.08702  -0.00252   3.90000 15
   0.05679  -1.40481  -0.21477   0.20775   3.90000 16
  -0.07398  -1.08609   0.69250   0.41699   3.90000 17
  -0.07517  -1.00272  -0.06282  -0.06941   3.90000 18
  -0.36162   1.33467   0.03907  -0.49369   3.90000 19
  -0.11440   1.53873  -0.23899   0.24121   3.90000 20
  -0.32888   1.19777  -0.03664   0.07711   4.00000  1
  -0.39369   1.25053  -0.21057  -0.50506   4.00000  2
  -0.24778   1.47731   0.32082   0.72101   4.00000  3
  -0.08535   1.43172   0.17766  -0.53865   4.00000  4
  -0.06650  -0.97213  -0.04201  -0.05674   4.00000  5
  -0.11385  -0.77468  -0.05041   0.82612   4.00000  6
   0.01156  -1.40234  -0.05036  -0.96518   4.00000  7
  -0.08430  -1.51325  -0.16564  -0.95044   4.00000  8
  -0.12385  -1.02981  -0.25640  -0.40198   4.00000  9
  -0.18653  -0.87505  -0.19558   0.78612   4.00000 10
   0.06256  -0.82023  -0.12864   1.27829   4.00000 11
  -0.06447  -1.19751   0.40078   1.64025   4.00000 12
  -0.17236  -0.86978   0.26387  -1.38138   4.00000 13
  -0.02007  -1.10364   0.10981  -1.17022   4.00000 14
   0.06865  -1.59875  -0.16243   0.20474   4.00000 15
   0.02825  -1.37616  -0.34597   0.35625   4.00000 16
  -0.00722  -1.03712   0.60352   0.53038   4.00000 17
  -0.08017  -1.00943  -0.03570  -0.06959   4.00000 18
  -0.35371   1.28528   0.11129  -0.49308   4.00000 19
  -0.14190   1.55652  -0.30741   0.11206   4.00000 20
  -0.33304   1.21159  -0.04597   0.18791   4.10000  1
  -0.40871   1.20286  -0.08820  -0.44536   4.10000  2
  -0.21380   1.54531   0.35631   0.63720   4.10000  3
  -0.07412   1.37875   0.04928  -0.51831   4.10000  4
  -0.07228  -0.98312  -0.06706  -0.16568   4.10000  5
  -0.11688  -0.70688  -0.00702   0.54236   4.10000  6
   0.00423  -1.49189  -0.09354  -0.82997   4.10000  7
  -0.09558  -1.59881  -0.06141  -0.76251   4.10000  8
  -0.13971  -1.06656  -0.05503  -0.32248   4.10000  9
  -0.19527  -0.80635   0.01305   0.58815   4.10000 10
   0.04025  -0.70350  -0.30264   1.05813   4.10000 11
  -0.02502  -1.02540   0.35458   1.77183   4.10000 12
  -0.13596  -1.01497   0.46834  -1.49708   4.10000 13
  -0.01446  -1.21316   0.01251  -1.01469   4.10000 14
   0.04781  -1.56822  -0.25744   0.40184   4.10000 15
  -0.00991  -1.33500  -0.40751   0.46909   4.10000 16
   0.04126  -0.98570   0.35337   0.48290   4.10000 17
  -0.08234  -1.01728  -0.00609  -0.08774   4.10000 18
  -0.34068   1.23629   0.14362  -0.48336   4.10000 19
  -0.17540   1.56131  -0.35916  -0.01223   4.10000 20
  -0.33746   1.23258  -0.03768   0.21810   4.20000  1
  -0.41134   1.16215   0.03409  -0.36583   4.20000  2
  -0.17798   1.60404   0.35038   0.53343   4.20000  3
  -0.07503   1.32813  -0.06575  -0.49482   4.20000  4
  -0.07779  -1.00413  -0.03788  -0.24599   4.20000  5
  -0.11487  -0.66403   0.04890   0.32317   4.20000  6
  -0.00676  -1.56849  -0.12650  -0.69544   4.20000  7
  -0.09721  -1.66565   0.02436  -0.57366   4.20000  8
  -0.13509  -1.09433   0.14190  -0.24609   4.20000  9
  -0.18506  -0.75562   0.18782   0.43639   4.20000 10
   0.00416  -0.60805  -0.41152   0.85227   4.20000 11
   0.00375  -0.85298   0.22986   1.65287   4.20000 12
  -0.08176  -1.16168   0.58544  -1.42051   4.20000 13
  -0.01668  -1.30840  -0.05756  -0.89234   4.20000 14
   0.01708  -1.52008  -0.35345   0.54934   4.20000 15
  -0.05178  -1.28135  -0.42263   0.60318   4.20000 16
   0.06339  -0.94135   0.09861   0.40802   4.20000 17
  -0.08085  -1.02688   0.03589  -0.10859   4.20000 18
  -0.32600   1.18990   0.14567  -0.43648   4.20000 19
  -0.21232   1.55546  -0.36995  -0.09700   4.20000 20
  -0.33967   1.25321  -0.00288   0.18887   4.30000  1
  -0.40230   1.13005   0.14472  -0.27551   4.30000  2
  -0.14501   1.65183   0.30669   0.42437   4.30000  3
  -0.08712   1.27957  -0.17603  -0.47746   4.30000  4
  -0.07980  -1.03201  -0.00351  -0.31303   4.30000  5
  -0.10680  -0.64064   0.11367   0.15353   4.30000  6
  -0.02141  -1.62997  -0.16714  -0.53433   4.30000  7
  -0.09158  -1.71366   0.08483  -0.38774   4.30000  8
  -0.11299  -1.11773   0.28906  -0.22612   4.30000  9
  -0.15827  -0.71716   0.34419   0.34237   4.30000 10
  -0.04048  -0.53318  -0.47165   0.64363   4.30000 11
   0.02142  -0.69391   0.11980   1.53685   4.30000 12
  -0.02332  -1.29998   0.56597  -1.35012   4.30000 13
  -0.02549  -1.39142  -0.11241  -0.77128   4.30000 14
  -0.02158  -1.45907  -0.41202   0.67542   4.30000 15
  -0.09252  -1.21596  -0.38142   0.69399   4.30000 16
   0.06325  -0.90360  -0.09184   0.34698   4.30000 17
  -0.07564  -1.03999   0.06469  -0.15788   4.30000 18
  -0.31214   1.15014   0.12997  -0.35568   4.30000 19
  -0.24817   1.54274  -0.34468  -0.15685   4.30000 20
  -0.33753   1.26980   0.04730   0.14153   4.40000  1
  -0.38277   1.10706   0.24422  -0.18442   4.40000  2
  -0.11667   1.68956   0.26089   0.33339   4.40000  3
  -0.11033   1.23249  -0.28924  -0.46452   4.40000  4
  -0.07883  -1.06700   0.02015  -0.38617   4.40000  5
  -0.09227  -0.63116   0.17301   0.04668   4.40000  6
  -0.03989  -1.67597  -0.19895  -0.38879   4.40000  7
  -0.08077  -1.74346   0.12930  -0.20917   4.40000  8
  -0.08015  -1.13938   0.35041  -0.20082   4.40000  9
  -0.11749  -0.68546   0.46206   0.29746   4.40000 10
  -0.08789  -0.47928  -0.46450   0.43812   4.40000 11
   0.02690  -0.54545  -0.00996   1.42707   4.40000 12
   0.02856  -1.43254   0.45959  -1.29880   4.40000 13
  -0.03779  -1.46283  -0.12706  -0.65561   4.40000 14
  -0.06287  -1.38541  -0.40031   0.78165   4.40000 15
  -0.12629  -1.14322  -0.28294   0.75857   4.40000 16
   0.04648  -0.87211  -0.23739   0.28274   4.40000 17
  -0.06877  -1.05924   0.06754  -0.22954   4.40000 18
  -0.30009   1.11903   0.11152  -0.26610   4.40000 19
  -0.28117   1.52383  -0.31563  -0.22327   4.40000 20
  -0.33006   1.28138   0.10185   0.08933   4.50000  1
  -0.35372   1.09311   0.33562  -0.09484   4.50000  2
  -0.09261   1.71907   0.22134   0.25938   4.50000  3
  -0.14521   1.18663  -0.40973  -0.45270   4.50000  4
  -0.07644  -1.10812   0.02613  -0.42622   4.50000  5
  -0.07329  -0.63006   0.20232  -0.02284   4.50000  6
  -0.06011  -1.70817  -0.19816  -0.25698   4.50000  7
  -0.06610  -1.75561   0.16199  -0.03457   4.50000  8
  -0.04624  -1.15650   0.31432  -0.13866   4.50000  9
  -0.06818  -0.65730   0.51142   0.26350   4.50000 10
  -0.13133  -0.44408  -0.39795   0.27479   4.50000 11
   0.02041  -0.40956  -0.11282   1.28887   4.50000 12
   0.06759  -1.55874   0.32130  -1.22761   4.50000 13
  -0.04972  -1.52369  -0.10756  -0.57310   4.50000 14
  -0.10060  -1.30428  -0.35252   0.85062   4.50000 15
  -0.14672  -1.06686  -0.12043   0.74986   4.50000 16
   0.01688  -0.84687  -0.34895   0.22390   4.50000 17
  -0.06319  -1.08570   0.04035  -0.29527   4.50000 18
  -0.28964   1.09698   0.09915  -0.17426   4.50000 19
  -0.31135   1.49763  -0.28767  -0.30319   4.50000 20
  -0.31739   1.28747   0.14914   0.03124   4.60000  1
  -0.31597   1.08808   0.41703  -0.00587   4.60000  2
  -0.07219   1.74183   0.18795   0.19743   4.60000  3
  -0.19249   1.14203  -0.53562  -0.43834   4.60000  4
  -0.07352  -1.15046   0.03205  -0.41376   4.60000  5
  -0.05228  -0.63581   0.21643  -0.09339   4.60000  6
  -0.07790  -1.72771  -0.14968  -0.13579   4.60000  7
  -0.04875  -1.75069   0.18345   0.12926   4.60000  8
  -0.01961  -1.16720   0.20792  -0.07584   4.60000  9
  -0.01772  -0.63373   0.48615   0.20218   4.60000 10
  -0.16694  -0.42271  -0.31412   0.15853   4.60000 11
   0.00579  -0.28739  -0.17329   1.15823   4.60000 12
   0.09272  -1.67866   0.17963  -1.17040   4.60000 13
  -0.05900  -1.57969  -0.07784  -0.55580   4.60000 14
  -0.13205  -1.21300  -0.26436   0.97827   4.60000 15
  -0.15098  -0.99598   0.02782   0.66421   4.60000 16
  -0.02205  -0.82685  -0.42258   0.17858   4.60000 17
  -0.06089  -1.11730   0.00607  -0.33311   4.60000 18
  -0.27984   1.08432   0.09914  -0.07809   4.60000 19
  -0.33856   1.46271  -0.25528  -0.39756   4.60000 20
  -0.30097   1.28730   0.17454  -0.03658   4.70000  1
  -0.27136   1.09177   0.46407   0.07685   4.70000  2
  -0.05485   1.75884   0.15968   0.14378   4.70000  3
  -0.25147   1.09946  -0.63130  -0.40733   4.70000  4
  -0.07033  -1.18871   0.03236  -0.33839   4.70000  5
  -0.03041  -0.64898   0.21774  -0.17109   4.70000  6
  -0.08884  -1.73574  -0.06576  -0.02671   4.70000  7
  -0.02991  -1.73119   0.18833   0.25043   4.70000  8
  -0.00592  -1.17158   0.06435  -0.01207   4.70000  9
   0.02715  -0.61784   0.40423   0.11203   4.70000 10
  -0.19437  -0.41159  -0.23620   0.06636   4.70000 11
  -0.01329  -0.17698  -0.20490   1.05475   4.70000 12
   0.10346  -1.79183   0.03839  -1.08490   4.70000 13
  -0.06525  -1.63617  -0.04667  -0.57755   4.70000 14
  -0.15111  -1.11097  -0.11288   1.04087   4.70000 15
  -0.14256  -0.93352   0.13472   0.59046   4.70000 16
  -0.06615  -0.81106  -0.45188   0.13583   4.70000 17
  -0.06198  -1.15108  -0.02630  -0.33162   4.70000 18
  -0.26951   1.08143   0.10668   0.01898   4.70000 19
  -0.36194   1.41771  -0.20918  -0.50407   4.70000 20
  -0.28351   1.27977   0.16990  -0.11605   4.80000  1
  -0.22665   1.10239   0.41343   0.13072   4.80000  2
  -0.04012   1.77077   0.13567   0.09578   4.80000  3
  -0.31434   1.06250  -0.60445  -0.32265   4.80000  4
  -0.06649  -1.21689   0.04649  -0.22495   4.80000  5
  -0.00964  -0.67020   0.19214  -0.25378   4.80000  6
  -0.09081  -1.73349   0.02595   0.06849   4.80000  7
  -0.01267  -1.70282   0.14801   0.30624   4.80000  8
  -0.00635  -1.17013  -0.06882   0.03685   4.80000  9
   0.06218  -0.61178   0.29354   0.00760   4.80000 10
  -0.21450  -0.40922  -0.16772  -0.01878   4.80000 11
  -0.03470  -0.07553  -0.22148   0.97841   4.80000 12
   0.10174  -1.89441  -0.06479  -0.96464   4.80000 13
  -0.06804  -1.69501  -0.00731  -0.59187   4.80000 14
  -0.15567  -1.00711   0.01391   1.03800   4.80000 15
  -0.12513  -0.87673   0.20775   0.55040   4.80000 16
  -0.11087  -0.80030  -0.43410   0.07541   4.80000 17
  -0.06514  -1.18181  -0.03065  -0.27918   4.80000 18
  -0.25929   1.08750   0.09277   0.09871   4.80000 19
  -0.37963   1.36176  -0.14024  -0.61469   4.80000 20
  -0.26770   1.26360   0.14423  -0.21020   4.90000  1
  -0.19060   1.11752   0.30278   0.17163   4.90000  2
  -0.02760   1.77812   0.11511   0.05160   4.90000  3
  -0.37019   1.03576  -0.50974  -0.21163   4.90000  4
  -0.06097  -1.23404   0.06291  -0.12042   4.90000  5
   0.00685  -0.69975   0.13140  -0.33685   4.90000  6
  -0.08401  -1.72308   0.10716   0.13321   4.90000  7
  -0.00134  -1.67183   0.07744   0.30721   4.90000  8
  -0.01860  -1.16519  -0.16969   0.05698   4.90000  9
   0.08546  -0.61659   0.17030  -0.10495   4.90000 10
  -0.22814  -0.41544  -0.10585  -0.10683   4.90000 11
  -0.05735   0.01944  -0.23075   0.92425   4.90000 12
   0.09187  -1.98496  -0.12727  -0.84883   4.90000 13
  -0.06663  -1.75208   0.03442  -0.53647   4.90000 14
  -0.14933  -0.90193   0.11030   1.07343   4.90000 15
  -0.10253  -0.82282   0.23589   0.52824   4.90000 16
  -0.15101  -0.79649  -0.35782   0.00137   4.90000 17
  -0.06723  -1.20674  -0.00866  -0.21942   4.90000 18
  -0.25146   1.10075   0.06356   0.16605   4.90000 19
  -0.38913   1.29500  -0.04571  -0.71838   4.90000 20
  -0.25481   1.23719   0.11378  -0.31998   5.00000  1
  -0.16679   1.13659   0.17040   0.20823   5.00000  2
  -0.01701   1.78118   0.09721   0.00999   5.00000  3
  -0.41622   1.02004  -0.41082  -0.10376   5.00000  4
  -0.05431  -1.24144   0.06764  -0.02978   5.00000  5
   0.01523  -0.73718   0.02905  -0.40590   5.00000  6
  -0.07007  -1.70785   0.16796   0.16917   5.00000  7
   0.00301  -1.64185   0.01146   0.29272   5.00000  8
  -0.03889  -1.15966  -0.22875   0.04958   5.00000  9
   0.09583  -0.63300   0.03426  -0.22394   5.00000 10
  -0.23572  -0.43091  -0.04533  -0.20483   5.00000 11
  -0.08074   0.10991  -0.23663   0.88788   5.00000 12
   0.07708  -2.06474  -0.16566  -0.74941   5.00000 13
  -0.06149  -1.80057   0.06682  -0.42963   5.00000 14
  -0.13395  -0.79211   0.19612   1.11366   5.00000 15
  -0.07913  -0.77122   0.22958   0.50279   5.00000 16
  -0.18031  -0.79883  -0.21950  -0.03639   5.00000 17
  -0.06670  -1.22567   0.01884  -0.15873   5.00000 18
  -0.24658   1.12075   0.03348   0.23338   5.00000 19
  -0.38805   1.21863   0.07011  -0.80506   5.00000 20
  -0.24473   1.19957   0.08921  -0.42929   5.10000  1
  -0.15705   1.15856   0.02229   0.22614   5.10000  2
  -0.00810   1.78017   0.08114  -0.03000   5.10000  3
  -0.45217   1.01478  -0.30586  -0.00344   5.10000  4
  -0.04800  -1.24048   0.05583   0.04640   5.10000  5
   0.01176  -0.77855  -0.09644  -0.40552   5.10000  6
  -0.05113  -1.68916   0.20736   0.20677   5.10000  7
   0.00138  -1.61299  -0.04182   0.28633   5.10000  8
  -0.06283  -1.15586  -0.24268   0.02473   5.10000  9
   0.09153  -0.66128  -0.12490  -0.33898   5.10000 10
  -0.23696  -0.45695   0.02299  -0.31888   5.10000 11
  -0.10463   0.19751  -0.24117   0.86637   5.10000 12
   0.05922  -2.13534  -0.18953  -0.66497   5.10000 13
  -0.05355  -1.83793   0.09070  -0.31916   5.10000 14
  -0.11017  -0.68273   0.27791   1.05625   5.10000 15
  -0.05666  -0.72254   0.21992   0.46859   5.10000 16
  -0.19409  -0.80126  -0.05720  -0.00592   5.10000 17
  -0.06368  -1.23835   0.03998  -0.09410   5.10000 18
  -0.24490   1.14679   0.00014   0.27980   5.10000 19
  -0.37486   1.13530   0.19214  -0.85113   5.10000 20
  -0.23689   1.15303   0.06659  -0.48810   5.20000  1
  -0.16238   1.18040  -0.12662   0.20222   5.20000  2
  -0.00075   1.77521   0.06601  -0.06906   5.20000  3
  -0.47668   1.01854  -0.18075   0.07230   5.20000  4
  -0.04365  -1.23265   0.02890   0.10783   5.20000  5
  -0.00265  -0.81610  -0.18388  -0.34182   5.20000  6
  -0.02930  -1.66592   0.22564   0.26118   5.20000  7
  -0.00485  -1.58419  -0.07996   0.29186   5.20000  8
  -0.08602  -1.15484  -0.21471  -0.00399   5.20000  9
   0.07015  -0.69958  -0.30308  -0.41785   5.20000 10
  -0.23032  -0.49520   0.11537  -0.44707   5.20000 11
  -0.12897   0.28364  -0.24562   0.85847   5.20000 12
   0.03949  -2.19815  -0.20375  -0.59309   5.20000 13
  -0.04359  -1.86482   0.10722  -0.22079   5.20000 14
  -0.07966  -0.58322   0.32196   0.92664   5.20000 15
  -0.03536  -0.67810   0.20396   0.41665   5.20000 16
  -0.19220  -0.79989   0.09290   0.03148   5.20000 17
  -0.05909  -1.24433   0.04967  -0.02475   5.20000 18
  -0.24604   1.17425  -0.01784   0.25516   5.20000 19
  -0.35087   1.05116   0.27799  -0.81726   5.20000 20
  -0.23183   1.10455   0.03226  -0.47256   5.30000  1
  -0.18143   1.19744  -0.24800   0.13271   5.30000  2
   0.00510   1.76637   0.05094  -0.10771   5.30000  3
  -0.48798   1.02785  -0.04549   0.10831   5.30000  4
  -0.04256  -1.21935  -0.00816   0.15623   5.30000  5
  -0.02392  -0.84697  -0.23836  -0.27718   5.30000  6
  -0.00677  -1.63632   0.22099   0.33360   5.30000  7
  -0.01400  -1.55415  -0.09979   0.31142   5.30000  8
  -0.10464  -1.15640  -0.15278  -0.02538   5.30000  9
   0.03176  -0.74308  -0.45748  -0.44648   5.30000 10
  -0.21278  -0.54600   0.23885  -0.56552   5.30000 11
  -0.15378   0.36968  -0.25096   0.86501   5.30000 12
   0.01869  -2.25432  -0.21133  -0.53200   5.30000 13
  -0.03232  -1.88250   0.11724  -0.13470   5.30000 14
  -0.04793  -0.49851   0.30509   0.76407   5.30000 15
  -0.01671  -0.64014   0.16262   0.33779   5.30000 16
  -0.17580  -0.79544   0.23410   0.05492   5.30000 17
  -0.05418  -1.24316   0.04631   0.04883   5.30000 18
  -0.24754   1.19568  -0.00933   0.16780   5.30000 19
  -0.32100   0.97403   0.31326  -0.71917   5.30000 20
  -0.23084   1.05934  -0.01362  -0.43086   5.40000  1
  -0.21060   1.20633  -0.32858   0.04417   5.40000  2
   0.00942   1.75367   0.03523  -0.14622   5.40000  3
  -0.48598   1.03945   0.08456   0.12135   5.40000  4
  -0.04543  -1.20170  -0.04957   0.19581   5.40000  5
  -0.04989  -0.87183  -0.27908  -0.22069   5.40000  6
   0.01410  -1.59872   0.19264   0.42052   5.40000  7
  -0.02416  -1.52129  -0.10062   0.34943   5.40000  8
  -0.11576  -1.15942  -0.06641  -0.03207   5.40000  9
  -0.01992  -0.78855  -0.57003  -0.46373   5.40000 10
  -0.18234  -0.60786   0.36943  -0.67224   5.40000 11
  -0.17922   0.45723  -0.25819   0.88938   5.40000 12
  -0.00263  -2.30486  -0.21447  -0.48039   5.40000 13
  -0.02033  -1.89208   0.12175  -0.05818   5.40000 14
  -0.01922  -0.43054   0.26910   0.59745   5.40000 15
  -0.00414  -0.61121   0.08425   0.23867   5.40000 16
  -0.14561  -0.78950   0.36738   0.05985   5.40000 17
  -0.05028  -1.23443   0.02927   0.12650   5.40000 18
  -0.24778   1.20748   0.00320   0.06851   5.40000 19
  -0.28901   0.90773   0.32376  -0.60728   5.40000 20
  -0.23461   1.01821  -0.06154  -0.39309   5.50000  1
  -0.24582   1.20626  -0.36938  -0.04528   5.50000  2
   0.01211   1.73713   0.01850  -0.18478   5.50000  3
  -0.47118   1.05185   0.21149   0.12587   5.50000  4
  -0.05244  -1.18031  -0.09008   0.23168   5.50000  5
  -0.07919  -0.89117  -0.30282  -0.16693   5.50000  6
   0.03104  -1.55184   0.14269   0.51905   5.50000  7
  -0.03361  -1.48347  -0.08619   0.41122   5.50000  8
  -0.11746  -1.16214   0.03360  -0.01840   5.50000  9
  -0.08074  -0.83579  -0.63288  -0.47788   5.50000 10
  -0.13926  -0.68098   0.48828  -0.79399   5.50000 11
  -0.20551   0.54838  -0.26803   0.93874   5.50000 12
  -0.02411  -2.35067  -0.21482  -0.43707   5.50000 13
  -0.00812  -1.89438   0.12178   0.01126   5.50000 14
   0.00609  -0.37827   0.23822   0.45227   5.50000 15
  -0.00023  -0.59285  -0.00498   0.12539   5.50000 16
  -0.10362  -0.78467   0.45852   0.02823   5.50000 17
  -0.04879  -1.21772  -0.00179   0.20844   5.50000 18
  -0.24748   1.20955  -0.00156  -0.02652   5.50000 19
  -0.25667   0.85213   0.32101  -0.50820   5.50000 20
  -0.24296   0.98042  -0.10417  -0.36415   5.60000  1
  -0.28327   1.19729  -0.37450  -0.13453   5.60000  2
   0.01308   1.71671   0.00062  -0.22361   5.60000  3
  -0.44359   1.06450   0.34098   0.12645   5.60000  4
  -0.06321  -1.15536  -0.12349   0.26771   5.60000  5
  -0.10932  -0.90575  -0.29256  -0.13011   5.60000  6
   0.04202  -1.49451   0.07407   0.62991   5.60000  7
  -0.04112  -1.43808  -0.06312   0.50179   5.60000  8
  -0.10911  -1.16222   0.13141   0.02186   5.60000  9
  -0.14233  -0.88360  -0.57660  -0.47993   5.60000 10
  -0.08641  -0.76726   0.55419  -0.93126   5.60000 11
  -0.23285   0.64623  -0.27792   1.02565   5.60000 12
  -0.04554  -2.39252  -0.21358  -0.40090   5.60000 13
   0.00391  -1.89000   0.11833   0.07542   5.60000 14
   0.02859  -0.33926   0.21239   0.33160   5.60000 15
  -0.00437  -0.58678  -0.07215  -0.00635   5.60000 16
  -0.05775  -0.78546   0.44181  -0.05032   5.60000 17
  -0.05107  -1.19262  -0.04552   0.29384   5.60000 18
  -0.24905   1.20226  -0.03468  -0.11910   5.60000 19
  -0.22525   0.80525   0.30450  -0.43396   5.60000 20
  -0.25513   0.94514  -0.13724  -0.34260   5.70000  1
  -0.31986   1.17912  -0.35321  -0.23082   5.70000  2
   0.01220   1.69238  -0.01851  -0.26314   5.70000  3
  -0.40288   1.07705   0.47283   0.12392   5.70000  4
  -0.07654  -1.12667  -0.13873   0.30673   5.70000  5
  -0.13590  -0.91907  -0.22953  -0.14970   5.70000  6
   0.04526  -1.42527  -0.01233   0.75848   5.70000  7
  -0.04617  -1.38196  -0.03813   0.62719   5.70000  8
  -0.09205  -1.15668   0.20316   0.09457   5.70000  9
  -0.19258  -0.93289  -0.41637  -0.51213   5.70000 10
  -0.03203  -0.86593   0.51593  -1.03374   5.70000 11
  -0.26042   0.75476  -0.26769   1.14500   5.70000 12
  -0.06680  -2.43106  -0.21155  -0.37080   5.70000 13
   0.01546  -1.87942   0.11232   0.13563   5.70000 14
   0.04866  -0.31127   0.18931   0.23134   5.70000 15
  -0.01354  -0.59435  -0.10658  -0.14547   5.70000 16
  -0.01711  -0.79615   0.36717  -0.17042   5.70000 17
  -0.05807  -1.15893  -0.09384   0.37977   5.70000 18
  -0.25526   1.18562  -0.09284  -0.21512   5.70000 19
  -0.19685   0.76486   0.25584  -0.36867   5.70000 20
  -0.27004   0.91186  -0.15932  -0.31776   5.80000  1
  -0.35292   1.15066  -0.30005  -0.33983   5.80000  2
   0.00933   1.66403  -0.03903  -0.30412   5.80000  3
  -0.34966   1.08903   0.58341   0.11259   5.80000  4
  -0.08979  -1.09386  -0.11890   0.34867   5.80000  5
  -0.15371  -0.93865  -0.12121  -0.25475   5.80000  6
   0.03889  -1.34184  -0.11887   0.91657   5.80000  7
  -0.04887  -1.31115  -0.01691   0.79758   5.80000  8
  -0.07012  -1.14223   0.22679   0.19846   5.80000  9
  -0.22389  -0.98684  -0.20222  -0.56793   5.80000 10
   0.01395  -0.97317   0.39101  -1.11152   5.80000 11
  -0.28566   0.87438  -0.23776   1.24458   5.80000 12
  -0.08784  -2.46685  -0.20921  -0.34577   5.80000 13
   0.02632  -1.86297   0.10452   0.19306   5.80000 14
   0.06651  -0.29247   0.16786   0.14681   5.80000 15
  -0.02497  -0.61589  -0.11939  -0.28591   5.80000 16
   0.01527  -0.82043   0.27807  -0.31740   5.80000 17
  -0.06929  -1.11681  -0.12501   0.46044   5.80000 18
  -0.26812   1.15883  -0.16539  -0.32331   5.80000 19
  -0.17502   0.73362   0.18161  -0.25046   5.80000 20
  -0.28656   0.88440  -0.16725  -0.21692   5.90000  1
  -0.37767   1.11133  -0.18350  -0.44327   5.90000  2
   0.00433   1.63146  -0.06140  -0.34786   5.90000  3
  -0.28911   1.09820   0.60726   0.06104   5.90000  4
  -0.09880  -1.05805  -0.05581   0.35556   5.90000  5
  -0.15912  -0.97195   0.01983  -0.41735   5.90000  6
   0.02067  -1.24024  -0.24960   1.12631   5.90000  7
  -0.04978  -1.22048  -0.00225   1.02584   5.90000  8
  -0.04817  -1.11678   0.20669   0.30627   5.90000  9
  -0.23135  -1.04590   0.06200  -0.60518   5.90000 10
   0.04326  -1.08780   0.18055  -1.16756   5.90000 11
  -0.30839   1.00286  -0.21834   1.32084   5.90000 12
  -0.10864  -2.50035  -0.20685  -0.32488   5.90000 13
   0.03633  -1.84085   0.09557   0.24925   5.90000 14
   0.08227  -0.28152   0.14765   0.07374   5.90000 15
  -0.03707  -0.65183  -0.12154  -0.43554   5.90000 16
   0.03778  -0.86007   0.16687  -0.47865   5.90000 17
  -0.08147  -1.06822  -0.11079   0.49648   5.90000 18
  -0.28808   1.12039  -0.22859  -0.44643   5.90000 19
  -0.16004   0.71464   0.11951  -0.13166   5.90000 20
  -0.30273   0.86923  -0.15360  -0.08810   6.00000  1
  -0.38805   1.06381  -0.02307  -0.49028   6.00000  2
  -0.00305   1.59431  -0.08674  -0.39619   6.00000  3
  -0.23262   1.10035   0.50631  -0.01368   6.00000  4
  -0.10036  -1.02549   0.02871   0.28381   6.00000  5
  -0.14780  -1.02198   0.21845  -0.57114   6.00000  6
  -0.01139  -1.11579  -0.39233   1.34551   6.00000  7
  -0.04960  -1.10592  -0.00177   1.24642   6.00000  8
  -0.03033  -1.08281   0.13729   0.36819   6.00000  9
  -0.20996  -1.10501   0.36983  -0.55574   6.00000 10
   0.04867  -1.20063  -0.06526  -1.04178   6.00000 11
  -0.32893   1.13588  -0.18772   1.30148   6.00000 12
  -0.12921  -2.53193  -0.20459  -0.30724   6.00000 13
   0.04540  -1.81308   0.08576   0.30688   6.00000 14
   0.09606  -0.27748   0.12829   0.00806   6.00000 15
  -0.04913  -0.70391  -0.11901  -0.61284   6.00000 16
   0.04709  -0.91706   0.00775  -0.66629   6.00000 17
  -0.09053  -1.02125  -0.06502   0.42577   6.00000 18
  -0.31220   1.07120  -0.24564  -0.51626   6.00000 19
  -0.15096   0.70682   0.06235  -0.02658   6.00000 20
  -0.31700   0.86651  -0.13130   0.03303   6.10000  1
  -0.38338   1.01517   0.11020  -0.48361   6.10000  2
  -0.01320   1.55202  -0.11755  -0.45054   6.10000  3
  -0.18859   1.09633   0.37750  -0.06555   6.10000  4
  -0.09164  -1.00205   0.15047   0.19498   6.10000  5
  -0.11426  -1.07957   0.44027  -0.53107   6.10000  6
  -0.05717  -0.97731  -0.49978   1.37545   6.10000  7
  -0.05226  -0.97799  -0.05069   1.26490   6.10000  8
  -0.02334  -1.04164  -0.00477   0.46371   6.10000  9
  -0.15856  -1.15190   0.64045  -0.36046   6.10000 10
   0.03421  -1.29206  -0.20719  -0.79274   6.10000 11
  -0.34543   1.25854  -0.14247   1.15485   6.10000 12
  -0.14957  -2.56188  -0.20247  -0.29201   6.10000 13
   0.05344  -1.77927   0.07469   0.37067   6.10000 14
   0.10793  -0.27980   0.10893  -0.05434   6.10000 15
  -0.06077  -0.77649  -0.11324  -0.85384   6.10000 16
   0.03583  -0.99297  -0.25328  -0.82801   6.10000 17
  -0.09232  -0.98519   0.04046   0.29749   6.10000 18
  -0.33591   1.01969  -0.22408  -0.51484   6.10000 19
  -0.14762   0.70911   0.00386   0.07193   6.10000 20
  -0.32898   0.87571  -0.10844   0.14958   6.20000  1
  -0.36704   0.96640   0.21144  -0.49482   6.20000  2
  -0.02685   1.50403  -0.15720  -0.50988   6.20000  3
  -0.15633   1.08721   0.27115  -0.11735   6.20000  4
  -0.07137  -0.98335   0.24195   0.18703   6.20000  5
  -0.06459  -1.12261   0.53226  -0.32621   6.20000  6
  -0.10482  -0.84932  -0.42937   1.16387   6.20000  7
  -0.05894  -0.86062  -0.08317   1.06249   6.20000  8
  -0.03089  -0.99154  -0.13977   0.52076   6.20000  9
  -0.08612  -1.17541   0.78826  -0.11040   6.20000 10
   0.00938  -1.36060  -0.28098  -0.58297   6.20000 11
  -0.35753   1.36854  -0.09969   1.05283   6.20000 12
  -0.16971  -2.59039  -0.20047  -0.27858   6.20000 13
   0.06026  -1.73852   0.06105   0.44694   6.20000 14
   0.11779  -0.28838   0.08778  -0.11762   6.20000 15
  -0.07165  -0.87752  -0.10328  -1.15835   6.20000 16
  -0.00348  -1.07392  -0.50945  -0.75960   6.20000 17
  -0.08218  -0.95921   0.15471   0.23267   6.20000 18
  -0.35620   0.96753  -0.17683  -0.53086   6.20000 19
  -0.15036   0.72121  -0.05995   0.17048   6.20000 20
  -0.33858   0.89540  -0.08131   0.23300   6.30000  1
  -0.34228   0.91603   0.27677  -0.51003   6.30000  2
  -0.04496   1.45005  -0.20589  -0.56905   6.30000  3
  -0.13388   1.07277   0.17945  -0.17193   6.30000  4
  -0.04634  -0.96513   0.24324   0.16640   6.30000  5
  -0.01159  -1.14578   0.50759  -0.14651   6.30000  6
  -0.14123  -0.74611  -0.29968   0.91094   6.30000  7
  -0.06865  -0.76779  -0.10828   0.80153   6.30000  8
  -0.04959  -0.94078  -0.22040   0.47464   6.30000  9
  -0.00551  -1.17481   0.79381   0.11310   6.30000 10
  -0.02032  -1.40942  -0.30511  -0.39767   6.30000 11
  -0.36537   1.47015  -0.05735   0.98222   6.30000 12
  -0.18967  -2.61764  -0.19860  -0.26657   6.30000 13
   0.06547  -1.68926   0.04191   0.54179   6.30000 14
   0.12534  -0.30347   0.06215  -0.18533   6.30000 15
  -0.07974  -1.00020  -0.04451  -1.25424   6.30000 16
  -0.05926  -1.14265  -0.56455  -0.61139   6.30000 17
  -0.06350  -0.93903   0.20752   0.15919   6.30000 18
  -0.37003   0.91357  -0.09303  -0.54431   6.30000 19
  -0.15994   0.74338  -0.13373   0.27423   6.30000 20
  -0.34433   0.91892  -0.02793   0.21977   6.40000  1
  -0.31308   0.86568   0.30210  -0.48941   6.40000  2
  -0.06806   1.39033  -0.25526  -0.62538   6.40000  3
  -0.12027   1.05274   0.09290  -0.22903   6.40000  4
  -0.02453  -0.95171   0.19050   0.10209   6.40000  5
   0.03395  -1.15386   0.39631  -0.02404   6.40000  6
  -0.16515  -0.66459  -0.18082   0.72942   6.40000  7
  -0.08020  -0.69775  -0.12131   0.61068   6.40000  8
  -0.07141  -0.89915  -0.20063   0.35722   6.40000  9
   0.06722  -1.15579   0.64478   0.25078   6.40000 10
  -0.05031  -1.44105  -0.28941  -0.23897   6.40000 11
  -0.36919   1.56530  -0.02075   0.92191   6.40000 12
  -0.20944  -2.64375  -0.19688  -0.25575   6.40000 13
   0.06826  -1.62942   0.01119   0.65881   6.40000 14
   0.12998  -0.32566   0.02912  -0.25968   6.40000 15
  -0.07900  -1.12354   0.06131  -1.20653   6.40000 16
  -0.11027  -1.19558  -0.44299  -0.45011   6.40000 17
  -0.04239  -0.92833   0.20941   0.05876   6.40000 18
  -0.37373   0.86018   0.02262  -0.51502   6.40000 19
  -0.17767   0.77628  -0.22425   0.38449   6.40000 20
  -0.34314   0.93714   0.05566   0.13974   6.50000  1
  -0.28235   0.81937   0.31091  -0.43043   6.50000  2
  -0.09574   1.32476  -0.29706  -0.68842   6.50000  3
  -0.11542   1.02688   0.00268  -0.28864   6.50000  4
  -0.00814  -0.94417   0.13936   0.05134   6.50000  5
   0.06756  -1.15230   0.27927   0.04899   6.50000  6
  -0.17773  -0.59883  -0.07217   0.59059   6.50000  7
  -0.09265  -0.64380  -0.12614   0.47600   6.50000  8
  -0.08771  -0.86876  -0.11969   0.25402   6.50000  9
   0.12219  -1.12756   0.45431   0.30361   6.50000 10
  -0.07734  -1.45766  -0.24713  -0.09293   6.50000 11
  -0.36995   1.65477   0.00344   0.86894   6.50000 12
  -0.22905  -2.66883  -0.19533  -0.24596   6.50000 13
   0.06701  -1.55679  -0.04052   0.79714   6.50000 14
   0.13082  -0.35566  -0.01424  -0.34149   6.50000 15
  -0.06846  -1.24034   0.13991  -1.12449   6.50000 16
  -0.14676  -1.23461  -0.28426  -0.34327   6.50000 17
  -0.02223  -0.92624   0.19258  -0.01283   6.50000 18
  -0.36511   0.81188   0.15060  -0.44583   6.50000 19
  -0.20544   0.81999  -0.33218   0.48392   6.50000 20
  -0.33258   0.94661   0.15795   0.05008   6.60000  1
  -0.25170   0.78126   0.29506  -0.32391   6.60000  2
  -0.12727   1.25198  -0.33302  -0.77147   6.60000  3
  -0.12022   0.99500  -0.10209  -0.34816   6.60000  4
   0.00388  -0.94111   0.10408   0.01057   6.60000  5
   0.09068  -1.14463   0.18674   0.10402   6.60000  6
  -0.17984  -0.54581   0.02889   0.47173   6.60000  7
  -0.10509  -0.60132  -0.12068   0.37852   6.60000  8
  -0.09478  -0.84778  -0.02049   0.16752   6.60000  9
   0.15838  -1.09627   0.27079   0.31866   6.60000 10
  -0.09889  -1.45915  -0.17948   0.06640   6.60000 11
  -0.36886   1.73944   0.01694   0.82625   6.60000 12
  -0.24851  -2.69297  -0.19394  -0.23702   6.60000 13
   0.05913  -1.46945  -0.12313   0.95113   6.60000 14
   0.12668  -0.39421  -0.07091  -0.43054   6.60000 15
  -0.05281  -1.34844   0.16779  -1.04081   6.60000 16
  -0.16708  -1.26652  -0.12346  -0.30298   6.60000 17
  -0.00388  -0.93032   0.17510  -0.06688   6.60000 18
  -0.34372   0.77203   0.27439  -0.34567   6.60000 19
  -0.24315   0.87092  -0.41053   0.52257   6.60000 20
  -0.31129   0.94748   0.26692  -0.02923   6.70000  1
  -0.22458   0.75532   0.24391  -0.19465   6.70000  2
  -0.16239   1.16943  -0.37033  -0.88549   6.70000  3
  -0.13662   0.95764  -0.22943  -0.39569   6.70000  4
   0.01331  -0.94204   0.08772  -0.02985   6.70000  5
   0.10529  -1.13135   0.10543   0.16260   6.70000  6
  -0.17216  -0.50428   0.12347   0.35919   6.70000  7
  -0.11629  -0.56727  -0.10035   0.30569   6.70000  8
  -0.09172  -0.83501   0.08172   0.08830   6.70000  9
   0.17644  -1.06424   0.08979   0.32070   6.70000 10
  -0.11232  -1.44417  -0.08628   0.22943   6.70000 11
  -0.36677   1.82035   0.02409   0.79361   6.70000 12
  -0.26784  -2.71625  -0.19265  -0.22880   6.70000 13
   0.04119  -1.36736  -0.23541   1.07879   6.70000 14
   0.11610  -0.44197  -0.14361  -0.52544   6.70000 15
  -0.03548  -1.44796   0.17326  -0.93475   6.70000 16
  -0.17173  -1.29611   0.02975  -0.29018   6.70000 17
   0.01301  -0.93940   0.16388  -0.11406   6.70000 18
  -0.31118   0.74366   0.37112  -0.21902   6.70000 19
  -0.28459   0.92277  -0.40299   0.50885   6.70000 20
  -0.28009   0.94190   0.35026  -0.07613   6.80000  1
  -0.20319   0.74225   0.18362  -0.06651   6.80000  2
  -0.20171   1.07353  -0.41895  -1.03909   6.80000  3
  -0.16651   0.91670  -0.36776  -0.41862   6.80000  4
   0.02206  -0.94732   0.09021  -0.07734   6.80000  5
   0.11145  -1.11178   0.01458   0.23138   6.80000  6
  -0.15542  -0.47411   0.20955   0.24275   6.80000  7
  -0.12449  -0.53976  -0.06017   0.24557   6.80000  8
  -0.07844  -0.83022   0.18401   0.00607   6.80000  9
   0.17604  -1.03236  -0.10013   0.31597   6.80000 10
  -0.11636  -1.41443   0.00084   0.36220   6.80000 11
  -0.36415   1.89843   0.02791   0.76899   6.80000 12
  -0.28704  -2.73875  -0.19139  -0.22116   6.80000 13
   0.01374  -1.25554  -0.30203   1.15777   6.80000 14
   0.09741  -0.49939  -0.23272  -0.62305   6.80000 15
  -0.01965  -1.53259   0.14049  -0.75690   6.80000 16
  -0.16122  -1.32423   0.17889  -0.26746   6.80000 17
   0.02915  -0.95313   0.16012  -0.16105   6.80000 18
  -0.27042   0.72854   0.44012  -0.08192   6.80000 19
  -0.32079   0.97150  -0.30745   0.45853   6.80000 20
  -0.24272   0.93259   0.38613  -0.11626   6.90000  1
  -0.18798   0.74223   0.11912   0.06782   6.90000  2
  -0.24629   0.96127  -0.46496  -1.19777   6.90000  3
  -0.20919   0.87472  -0.47486  -0.41767   6.90000  4
   0.03184  -0.95793   0.10665  -0.13705   6.90000  5
   0.10729  -1.08423  -0.10287   0.32601   6.90000  6
  -0.13076  -0.45613   0.28032   0.11423   6.90000  7
  -0.12760  -0.51823   0.00128   0.18313   6.90000  8
  -0.05491  -0.83427   0.28664  -0.09068   6.90000  9
   0.15578  -1.00122  -0.30866   0.30569   6.90000 10
  -0.11312  -1.37195   0.06102   0.48586   6.90000 11
  -0.36125   1.97435   0.03001   0.75035   6.90000 12
  -0.30611  -2.76050  -0.19010  -0.21403   6.90000 13
  -0.01648  -1.13519  -0.28578   1.25366   6.90000 14
   0.06926  -0.56655  -0.33011  -0.72008   6.90000 15
  -0.00723  -1.60024   0.10978  -0.60190   6.90000 16
  -0.13683  -1.34822   0.30189  -0.20452   6.90000 17
   0.04511  -0.97172   0.15788  -0.21069   6.90000 18
  -0.22412   0.72775   0.47856   0.06946   6.90000 19
  -0.34433   1.01272  -0.16194   0.35444   6.90000 20
  -0.20605   0.91587   0.33444  -0.23046   7.00000  1
  -0.17992   0.75587   0.03788   0.20169   7.00000  2
  -0.29071   0.83759  -0.40070  -1.25511   7.00000  3
  -0.25800   0.83345  -0.48082  -0.40885   7.00000  4
   0.04308  -0.97458   0.11260  -0.18811   7.00000  5
   0.09011  -1.04509  -0.24206   0.46299   7.00000  6
  -0.10025  -0.45177   0.32438  -0.02924   7.00000  7
  -0.12377  -0.50373   0.07638   0.10297   7.00000  8
  -0.02124  -0.84936   0.38433  -0.21739   7.00000  9
   0.11383  -0.97154  -0.52928   0.28552   7.00000 10
  -0.10417  -1.31796   0.12025   0.58981   7.00000 11
  -0.35818   2.04864   0.03127   0.73609   7.00000 12
  -0.32506  -2.78157  -0.18877  -0.20737   7.00000 13
  -0.03962  -1.00451  -0.15758   1.35140   7.00000 14
   0.03192  -0.64364  -0.41083  -0.82542   7.00000 15
   0.00267  -1.65401   0.08975  -0.47780   7.00000 16
  -0.10243  -1.36349   0.37840  -0.09273   7.00000 17
   0.05976  -0.99436   0.12603  -0.22857   7.00000 18
  -0.17723   0.74277   0.44138   0.22767   7.00000 19
  -0.35436   1.04067  -0.04704   0.20290   7.00000 20
  -0.17670   0.88575   0.25315  -0.37045   7.10000  1
  -0.18089   0.78074  -0.05442   0.28309   7.10000  2
  -0.32391   0.71472  -0.26403  -1.18132   7.10000  3
  -0.30199   0.79261  -0.38864  -0.40801   7.10000  4
   0.05282  -0.99195   0.07369  -0.13827   7.10000  5
   0.05949  -0.99160  -0.36215   0.59883   7.10000  6
  -0.06702  -0.46229   0.33490  -0.18190   7.10000  7
  -0.11230  -0.49845   0.15255  -0.00142   7.10000  8
   0.02042  -0.87868   0.43308  -0.36577   7.10000  9
   0.05190  -0.94436  -0.68756   0.26053   7.10000 10
  -0.08845  -1.25416   0.19698   0.68943   7.10000 11
  -0.35500   2.12168   0.03211   0.72503   7.10000 12
  -0.34387  -2.80199  -0.18739  -0.20116   7.10000 13
  -0.04580  -0.86922   0.03229   1.32917   7.10000 14
  -0.01113  -0.73321  -0.43827  -0.97801   7.10000 15
   0.01098  -1.69652   0.07752  -0.37558   7.10000 16
  -0.06243  -1.36554   0.41681   0.05537   7.10000 17
   0.06833  -1.01315   0.03638  -0.12711   7.10000 18
  -0.13911   0.77114   0.31179   0.32607   7.10000 19
  -0.35496   1.05373   0.03121   0.06148   7.10000 20
  -0.15522   0.84277   0.17669  -0.47875   7.20000  1
  -0.18921   0.81042  -0.10185   0.30208   7.20000  2
  -0.34515   0.60332  -0.16976  -1.04650   7.20000  3
  -0.33482   0.75231  -0.26777  -0.39462   7.20000  4
   0.05588  -0.99942  -0.02073  -0.00584   7.20000  5
   0.01997  -0.92813  -0.41610   0.65170   7.20000  6
  -0.03420  -0.48834   0.31764  -0.34078   7.20000  7
  -0.09337  -0.50486   0.22569  -0.13140   7.20000  8
   0.06083  -0.92023   0.34820  -0.45192   7.20000  9
  -0.01747  -0.91866  -0.66877   0.25379   7.20000 10
  -0.06428  -1.17868   0.28855   0.83012   7.20000 11
  -0.35176   2.19373   0.03274   0.71636   7.20000 12
  -0.36254  -2.82181  -0.18597  -0.19537   7.20000 13
  -0.03598  -0.74301   0.14112   1.17580   7.20000 14
  -0.05244  -0.84036  -0.36489  -1.15092   7.20000 15
   0.01835  -1.72965   0.07065  -0.28918   7.20000 16
  -0.01982  -1.35199   0.43229   0.21716   7.20000 17
   0.06562  -1.01758  -0.09446   0.04095   7.20000 18
  -0.11543   0.80595   0.16180   0.36204   7.20000 19
  -0.34859   1.05348   0.09494  -0.06471   7.20000 20
  -0.14148   0.79336   0.09735  -0.49111   7.30000  1
  -0.19954   0.83948  -0.09925   0.27222   7.30000  2
  -0.35919   0.50471  -0.11557  -0.93050   7.30000  3
  -0.35589   0.71425  -0.15612  -0.36467   7.30000  4
   0.04771  -0.99371  -0.14461   0.11057   7.30000  5
  -0.02220  -0.86621  -0.42068   0.56417   7.30000  6
  -0.00418  -0.53099   0.27904  -0.51481   7.30000  7
  -0.06714  -0.52585   0.29920  -0.29419   7.30000  8
   0.08602  -0.96668   0.14435  -0.46833   7.30000  9
  -0.07791  -0.89499  -0.52744   0.20794   7.30000 10
  -0.03057  -1.08575   0.38300   1.03886   7.30000 11
  -0.34846   2.26501   0.03322   0.70948   7.30000 12
  -0.38106  -2.84108  -0.18454  -0.19000   7.30000 13
  -0.02085  -0.63346   0.15304   1.03008   7.30000 14
  -0.08021  -0.95925  -0.18075  -1.19897   7.30000 15
   0.02522  -1.75477   0.06704  -0.21501   7.30000 16
   0.02342  -1.32175   0.42896   0.39011   7.30000 17
   0.04930  -1.00573  -0.23031   0.18644   7.30000 18
  -0.10652   0.84164   0.01887   0.34197   7.30000 19
  -0.33608   1.04101   0.15521  -0.18423   7.30000 20
  -0.13585   0.74721   0.01534  -0.42574   7.40000  1
  -0.20858   0.86411  -0.08117   0.21999   7.40000  2
  -0.36883   0.41630  -0.07906  -0.84185   7.40000  3
  -0.36656   0.67964  -0.05942  -0.32653   7.40000  4
   0.02732  -0.97968  -0.25532   0.16359   7.40000  5
  -0.06237  -0.81713  -0.37310   0.42007   7.40000  6
   0.02064  -0.59081   0.21241  -0.66980   7.40000  7
  -0.03364  -0.56423   0.36725  -0.46899   7.40000  8
   0.08851  -1.01186  -0.09477  -0.41845   7.40000  9
  -0.12099  -0.87815  -0.32664   0.13431   7.40000 10
   0.01032  -0.97214   0.41652   1.19634   7.40000 11
  -0.34512   2.33567   0.03361   0.70398   7.40000 12
  -0.39944  -2.85983  -0.18313  -0.18502   7.40000 13
  -0.00618  -0.53622   0.13960   0.89724   7.40000 14
  -0.08793  -1.07403   0.02264  -1.06815   7.40000 15
   0.03180  -1.77296   0.06472  -0.15005   7.40000 16
   0.06510  -1.27337   0.39881   0.58089   7.40000 17
   0.02062  -0.98286  -0.33135   0.26137   7.40000 18
  -0.11103   0.87293  -0.10628   0.28089   7.40000 19
  -0.31741   1.01662   0.21932  -0.30408   7.40000 20
  -0.13830   0.70858  -0.06371  -0.34718   7.50000  1
  -0.21589   0.88377  -0.06605   0.17514   7.50000  2
  -0.37524   0.33560  -0.04996  -0.77530   7.50000  3
  -0.36814   0.64909   0.02636  -0.28392   7.50000  4
  -0.00085  -0.96045  -0.29701   0.22622   7.50000  5
  -0.09464  -0.78124  -0.26050   0.30167   7.50000  6
   0.03772  -0.66368   0.12674  -0.79181   7.50000  7
   0.00464  -0.61882   0.38773  -0.62685   7.50000  8
   0.06898  -1.04732  -0.28081  -0.28542   7.50000  9
  -0.14222  -0.86640  -0.09550   0.10875   7.50000 10
   0.04801  -0.85378   0.31687   1.15690   7.50000 11
  -0.34174   2.40584   0.03393   0.69958   7.50000 12
  -0.41769  -2.87809  -0.18175  -0.18037   7.50000 13
   0.00718  -0.45718   0.12816   0.68346   7.50000 14
  -0.07801  -1.17066   0.16522  -0.86512   7.50000 15
   0.03815  -1.78498   0.06214  -0.09124   7.50000 16
   0.10152  -1.20510   0.31919   0.78406   7.50000 17
  -0.01378  -0.95368  -0.34379   0.32457   7.50000 18
  -0.12741   0.89769  -0.22018   0.21462   7.50000 19
  -0.29190   0.98005   0.29292  -0.42777   7.50000 20
  -0.14846   0.67762  -0.13896  -0.27298   7.60000  1
  -0.22194   0.89934  -0.05488   0.13508   7.60000  2
  -0.37892   0.26065  -0.02368  -0.72640   7.60000  3
  -0.36148   0.62301   0.10627  -0.23664   7.60000  4
  -0.03068  -0.93362  -0.29384   0.31480   7.60000  5
  -0.11238  -0.75676  -0.08701   0.18352   7.60000  6
   0.04547  -0.75012   0.02586  -0.92981   7.60000  7
   0.04175  -0.69131   0.34358  -0.82706   7.60000  8
   0.03539  -1.06882  -0.37585  -0.14162   7.60000  9
  -0.13985  -0.85539   0.14363   0.11329   7.60000 10
   0.07180  -0.74056   0.15545   1.09969   7.60000 11
  -0.33834   2.47561   0.03418   0.69604   7.60000 12
  -0.43580  -2.89591  -0.18041  -0.17602   7.60000 13
   0.01944  -0.39815   0.11662   0.50453   7.60000 14
  -0.05663  -1.24722   0.25363  -0.66753   7.60000 15
   0.04419  -1.79132   0.05843  -0.03578   7.60000 16
   0.12686  -1.11743   0.17828   0.96210   7.60000 17
  -0.04657  -0.91746  -0.30569   0.40244   7.60000 18
  -0.15495   0.91584  -0.32936   0.14669   7.60000 19
  -0.25854   0.93124   0.37376  -0.54433   7.60000 20
  -0.16598   0.65388  -0.21049  -0.20193   7.70000  1
  -0.22656   0.90987  -0.03489   0.06859   7.70000  2
  -0.37999   0.18982   0.00245  -0.69256   7.70000  3
  -0.34693   0.60197   0.18479  -0.18296   7.70000  4
  -0.05812  -0.89668  -0.24400   0.42427   7.70000  5
  -0.11152  -0.74607   0.10229   0.02183   7.70000  6
   0.04193  -0.84610  -0.10363  -0.97639   7.70000  7
   0.07064  -0.78225   0.21670  -0.97506   7.70000  8
  -0.00354  -1.07414  -0.39325   0.04403   7.70000  9
  -0.11356  -0.84397   0.37908   0.11147   7.70000 10
   0.07970  -0.63889   0.01291   0.91718   7.70000 11
  -0.33491   2.54507   0.03437   0.69319   7.70000 12
  -0.45377  -2.91331  -0.17912  -0.17195   7.70000 13
   0.03041  -0.35511   0.10230   0.36047   7.70000 14
  -0.02902  -1.30481   0.29140  -0.48902   7.70000 15
   0.04980  -1.79217   0.05353   0.01872   7.70000 16
   0.13572  -1.01402  -0.00679   1.10342   7.70000 17
  -0.07327  -0.87310  -0.21687   0.47890   7.70000 18
  -0.19246   0.92620  -0.41166   0.05371   7.70000 19
  -0.21820   0.87305   0.42088  -0.60592   7.70000 20
  -0.19029   0.63723  -0.27340  -0.13135   7.80000  1
  -0.22876   0.91195  -0.01109  -0.02991   7.80000  2
  -0.37836   0.12168   0.03050  -0.67260   7.80000  3
  -0.32447   0.58672   0.26480  -0.12038   7.80000  4
  -0.07703  -0.85057  -0.12490   0.48240   7.80000  5
  -0.09282  -0.75368   0.26565  -0.17674   7.80000  6
   0.02532  -0.94154  -0.21618  -0.90494   7.80000  7
   0.08249  -0.88406   0.01628  -1.04052   7.80000  8
  -0.04166  -1.05858  -0.36029   0.27195   7.80000  9
  -0.06613  -0.83409   0.54974   0.08198   7.80000 10
   0.07599  -0.55647  -0.08153   0.73939   7.80000 11
  -0.33146   2.61427   0.03452   0.69091   7.80000 12
  -0.47162  -2.93031  -0.17788  -0.16813   7.80000 13
   0.03981  -0.32556   0.08537   0.23177   7.80000 14
   0.00064  -1.34606   0.29846  -0.34078   7.80000 15
   0.05488  -1.78754   0.04792   0.07431   7.80000 16
   0.12368  -0.89711  -0.24411   1.21808   7.80000 17
  -0.08782  -0.82460  -0.06763   0.47367   7.80000 18
  -0.23469   0.92553  -0.42064  -0.06837   7.80000 19
  -0.17732   0.81206   0.38441  -0.61075   7.80000 20
  -0.21989   0.62744  -0.31306  -0.06641   7.90000  1
  -0.22958   0.90370  -0.00999  -0.13537   7.90000  2
  -0.37375   0.05485   0.06251  -0.66628   7.90000  3
  -0.29400   0.57832   0.34333  -0.04517   7.90000  4
  -0.08208  -0.80300   0.02644   0.45924   7.90000  5
  -0.05990  -0.78057   0.38348  -0.34606   7.90000  6
   0.00096  -1.02288  -0.26380  -0.71588   7.90000  7
   0.07420  -0.98407  -0.17860  -0.93994   7.90000  8
  -0.07336  -1.01978  -0.26156   0.49581   7.90000  9
  -0.00871  -0.82762   0.57281   0.05306   7.90000 10
   0.06431  -0.48967  -0.14816   0.60152   7.90000 11
  -0.32801   2.68327   0.03462   0.68909   7.90000 12
  -0.48935  -2.94694  -0.17668  -0.16455   7.90000 13
   0.04737  -0.30871   0.06508   0.10452   7.90000 14
   0.03022  -1.37373   0.29162  -0.21540   7.90000 15
   0.05938  -1.77721   0.04226   0.13292   7.90000 16
   0.08660  -0.77654  -0.49074   1.17334   7.90000 17
  -0.08631  -0.78104   0.09780   0.38945   7.90000 18
  -0.27477   0.91281  -0.37475  -0.18384   7.90000 19
  -0.14295   0.75063   0.29738  -0.62003   7.90000 20
  -0.25134   0.62331  -0.30622  -0.01970   8.00000  1
  -0.23151   0.88482  -0.03125  -0.24275   8.00000  2
  -0.36565  -0.01205   0.10095  -0.67415   8.00000  3
  -0.25645   0.57817   0.40194   0.04395   8.00000  4
  -0.07173  -0.76014   0.17686   0.39455   8.00000  5
  -0.01872  -0.81801   0.42310  -0.37820   8.00000  6
  -0.02569  -1.08459  -0.25909  -0.52208   8.00000  7
   0.04845  -1.07078  -0.32465  -0.79296   8.00000  8
  -0.09252  -0.96219  -0.12005   0.64375   8.00000  9
   0.04365  -0.82174   0.45459   0.07013   8.00000 10
   0.04703  -0.43538  -0.19475   0.48725   8.00000 11
  -0.32454   2.75210   0.03468   0.68764   8.00000 12
  -0.50696  -2.96323  -0.17553  -0.16121   8.00000 13
   0.05259  -0.30493   0.03732  -0.03068   8.00000 14
   0.05867  -1.38954   0.27557  -0.10207   8.00000 15
   0.06334  -1.76079   0.03706   0.19633   8.00000 16
   0.02805  -0.66539  -0.65785   1.03733   8.00000 17
  -0.06876  -0.74742   0.24689   0.28471   8.00000 18
  -0.30878   0.88915  -0.30247  -0.28791   8.00000 19
  -0.11876   0.68789   0.18291  -0.63391   8.00000 20
  -0.27916   0.62303  -0.24226   0.01356   8.10000  1
  -0.23619   0.85500  -0.06332  -0.35456   8.10000  2
  -0.35323  -0.08051   0.14935  -0.69783   8.10000  3
  -0.21510   0.58707   0.41764   0.13129   8.10000  4
  -0.04834  -0.72401   0.28047   0.32956   8.10000  5
   0.02173  -0.85332   0.37568  -0.31901   8.10000  6
  -0.04923  -1.12886  -0.20644  -0.37291   8.10000  7
   0.01174  -1.14306  -0.39812  -0.65670   8.10000  8
  -0.09726  -0.89230   0.02649   0.75041   8.10000  9
   0.08003  -0.81347   0.26947   0.09454   8.10000 10
   0.02579  -0.39184  -0.22815   0.38438   8.10000 11
  -0.32107   2.82081   0.03473   0.68649   8.10000 12
  -0.52446  -2.97919  -0.17445  -0.15810   8.10000 13
   0.05424  -0.31520  -0.00855  -0.17584   8.10000 14
   0.08492  -1.39433   0.24681   0.00526   8.10000 15
   0.06681  -1.73773   0.03244   0.26604   8.10000 16
  -0.04005  -0.56949  -0.68246   0.88653   8.10000 17
  -0.03911  -0.72304   0.33315   0.20801   8.10000 18
  -0.33481   0.85539  -0.21633  -0.38701   8.10000 19
  -0.10686   0.62430   0.05384  -0.63410   8.10000 20
