  -0.22761   1.52686   0.00561   0.00045   0.10000  1
  -0.14319   1.34597   0.00056   0.00658   0.10000  2
  -0.35341  -1.51057   0.01938   0.00593   0.10000  3
  -0.18848  -1.39913   0.00562  -0.00759   0.10000  4
  -0.21358   1.78644   0.00598  -0.00636   0.10000  5
  -0.02175   1.84075  -0.00687  -0.00709   0.10000  6
  -0.02257  -1.53299  -0.00729   0.00107   0.10000  7
   0.12145  -1.67177  -0.00785   0.00034   0.10000  8
   0.08951  -1.87774   0.00063   0.01417   0.10000  9
   0.26397  -1.78191  -0.01628   0.00526   0.10000 10
   0.44065  -0.46988  -0.00831  -0.00137   0.10000 11
   0.24415  -0.50431   0.00166   0.00104   0.10000 12
   0.35054   1.09681  -0.00726  -0.00158   0.10000 13
   0.19651   0.97016   0.00173   0.00592   0.10000 14
  -0.11314  -0.23168   0.00088   0.00193   0.10000 15
  -0.19827  -0.05120   0.00417  -0.00644   0.10000 16
  -0.14962  -1.44591   0.00023  -0.00080   0.10000 17
  -0.21944  -1.25953   0.00621  -0.01940   0.10000 18
  -0.18265  -2.50478   0.00633   0.00291   0.10000 19
   0.01316  -2.54253  -0.00513   0.00504   0.10000 20
  -0.22677   1.52693   0.01122   0.00091   0.20000  1
  -0.14311   1.34696   0.00112   0.01318   0.20000  2
  -0.35049  -1.50968   0.03890   0.01187   0.20000  3
  -0.18764  -1.40027   0.01122  -0.01519   0.20000  4
  -0.21268   1.78548   0.01197  -0.01274   0.20000  5
  -0.02278   1.83968  -0.01375  -0.01423   0.20000  6
  -0.02367  -1.53283  -0.01463   0.00218   0.20000  7
   0.12027  -1.67172  -0.01571   0.00069   0.20000  8
   0.08961  -1.87561   0.00123   0.02842   0.20000  9
   0.26152  -1.78112  -0.03262   0.01056   0.20000 10
   0.43940  -0.47008  -0.01663  -0.00273   0.20000 11
   0.24440  -0.50416   0.00333   0.00208   0.20000 12
   0.34945   1.09658  -0.01455  -0.00317   0.20000 13
   0.19677   0.97104   0.00348   0.01186   0.20000 14
  -0.11301  -0.23140   0.00176   0.00387   0.20000 15
  -0.19764  -0.05217   0.00834  -0.01290   0.20000 16
  -0.14959  -1.44603   0.00047  -0.00165   0.20000 17
  -0.21851  -1.26245   0.01245  -0.03893   0.20000 18
  -0.18170  -2.50434   0.01268   0.00582   0.20000 19
   0.01239  -2.54177  -0.01027   0.01009   0.20000 20
  -0.22537   1.52704   0.01685   0.00138   0.30000  1
  -0.14297   1.34861   0.00168   0.01986   0.30000  2
  -0.34562  -1.50820   0.05870   0.01786   0.30000  3
  -0.18624  -1.40217   0.01676  -0.02283   0.30000  4
  -0.21119   1.78389   0.01799  -0.01914   0.30000  5
  -0.02450   1.83790  -0.02068  -0.02144   0.30000  6
  -0.02550  -1.53255  -0.02206   0.00338   0.30000  7
   0.11830  -1.67163  -0.02359   0.00104   0.30000  8
   0.08976  -1.87205   0.00179   0.04284   0.30000  9
   0.25744  -1.77980  -0.04910   0.01592   0.30000 10
   0.43732  -0.47042  -0.02500  -0.00409   0.30000 11
   0.24482  -0.50390   0.00504   0.00313   0.30000 12
   0.34763   1.09618  -0.02186  -0.00475   0.30000 13
   0.19721   0.97253   0.00525   0.01783   0.30000 14
  -0.11279  -0.23091   0.00262   0.00583   0.30000 15
  -0.19660  -0.05378   0.01254  -0.01939   0.30000 16
  -0.14953  -1.44624   0.00070  -0.00260   0.30000 17
  -0.21695  -1.26733   0.01878  -0.05872   0.30000 18
  -0.18012  -2.50362   0.01905   0.00874   0.30000 19
   0.01110  -2.54051  -0.01545   0.01516   0.30000 20
  -0.22340   1.52720   0.02250   0.00188   0.40000  1
  -0.14277   1.35093   0.00224   0.02662   0.40000  2
  -0.33874  -1.50611   0.07893   0.02390   0.40000  3
  -0.18429  -1.40483   0.02222  -0.03051   0.40000  4
  -0.20908   1.78165   0.02407  -0.02558   0.40000  5
  -0.02692   1.83539  -0.02766  -0.02877   0.40000  6
  -0.02809  -1.53215  -0.02965   0.00472   0.40000  7
   0.11555  -1.67151  -0.03151   0.00140   0.40000  8
   0.08996  -1.86704   0.00225   0.05753   0.40000  9
   0.25170  -1.77793  -0.06579   0.02138   0.40000 10
   0.43440  -0.47090  -0.03343  -0.00546   0.40000 11
   0.24541  -0.50353   0.00680   0.00418   0.40000 12
   0.34507   1.09563  -0.02923  -0.00635   0.40000 13
   0.19782   0.97461   0.00705   0.02386   0.40000 14
  -0.11249  -0.23023   0.00347   0.00783   0.40000 15
  -0.19513  -0.05605   0.01678  -0.02594   0.40000 16
  -0.14945  -1.44656   0.00094  -0.00372   0.40000 17
  -0.21475  -1.27421   0.02523  -0.07888   0.40000 18
  -0.17789  -2.50260   0.02546   0.01166   0.40000 19
   0.00930  -2.53874  -0.02069   0.02024   0.40000 20
  -0.22087   1.52742   0.02819   0.00240   0.50000  1
  -0.14252   1.35394   0.00281   0.03352   0.50000  2
  -0.32981  -1.50341   0.09975   0.03001   0.50000  3
  -0.18180  -1.40827   0.02757  -0.03825   0.50000  4
  -0.20637   1.77877   0.03020  -0.03206   0.50000  5
  -0.03003   1.83214  -0.03470  -0.03627   0.50000  6
  -0.03144  -1.53160  -0.03743   0.00627   0.50000  7
   0.11200  -1.67135  -0.03948   0.00178   0.50000  8
   0.09020  -1.86054   0.00259   0.07256   0.50000  9
   0.24427  -1.77551  -0.08275   0.02699   0.50000 10
   0.43063  -0.47151  -0.04194  -0.00681   0.50000 11
   0.24618  -0.50306   0.00861   0.00525   0.50000 12
   0.34178   1.09491  -0.03666  -0.00795   0.50000 13
   0.19862   0.97730   0.00890   0.02995   0.50000 14
  -0.11210  -0.22934   0.00430   0.00987   0.50000 15
  -0.19324  -0.05897   0.02107  -0.03255   0.50000 16
  -0.14934  -1.44700   0.00119  -0.00507   0.50000 17
  -0.21189  -1.28312   0.03186  -0.09956   0.50000 18
  -0.17502  -2.50128   0.03193   0.01458   0.50000 19
   0.00696  -2.53646  -0.02599   0.02535   0.50000 20
  -0.21776   1.52768   0.03390   0.00298   0.60000  1
  -0.14221   1.35764   0.00338   0.04058   0.60000  2
  -0.31877  -1.50011   0.12129   0.03616   0.60000  3
  -0.17878  -1.41249   0.03278  -0.04607   0.60000  4
  -0.20304   1.77524   0.03641  -0.03861   0.60000  5
  -0.03386   1.82813  -0.04183  -0.04398   0.60000  6
  -0.03558  -1.53088  -0.04547   0.00808   0.60000  7
   0.10765  -1.67115  -0.04750   0.00220   0.60000  8
   0.09047  -1.85251   0.00273   0.08802   0.60000  9
   0.23514  -1.77253  -0.10005   0.03280   0.60000 10
   0.42601  -0.47226  -0.05055  -0.00817   0.60000 11
   0.24714  -0.50248   0.01050   0.00633   0.60000 12
   0.33774   1.09404  -0.04417  -0.00957   0.60000 13
   0.19960   0.98060   0.01079   0.03612   0.60000 14
  -0.11163  -0.22825   0.00510   0.01197   0.60000 15
  -0.19092  -0.06256   0.02542  -0.03926   0.60000 16
  -0.14921  -1.44758   0.00147  -0.00672   0.60000 17
  -0.20837  -1.29414   0.03871  -0.12087   0.60000 18
  -0.17150  -2.49968   0.03847   0.01752   0.60000 19
   0.00410  -2.53367  -0.03138   0.03049   0.60000 20
  -0.21408   1.52801   0.03966   0.00360   0.70000  1
  -0.14184   1.36206   0.00396   0.04785   0.70000  2
  -0.30552  -1.49618   0.14372   0.04232   0.70000  3
  -0.17525  -1.41749   0.03781  -0.05398   0.70000  4
  -0.19909   1.77105   0.04269  -0.04524   0.70000  5
  -0.03840   1.82334  -0.04905  -0.05195   0.70000  6
  -0.04054  -1.52997  -0.05382   0.01022   0.70000  7
   0.10250  -1.67091  -0.05558   0.00269   0.70000  8
   0.09074  -1.84292   0.00260   0.10398   0.70000  9
   0.22425  -1.76895  -0.11775   0.03887   0.70000 10
   0.42052  -0.47315  -0.05927  -0.00951   0.70000 11
   0.24828  -0.50179   0.01248   0.00743   0.70000 12
   0.33294   1.09300  -0.05178  -0.01119   0.70000 13
   0.20078   0.98453   0.01275   0.04239   0.70000 14
  -0.11108  -0.22695   0.00586   0.01413   0.70000 15
  -0.18816  -0.06683   0.02984  -0.04606   0.70000 16
  -0.14904  -1.44835   0.00181  -0.00877   0.70000 17
  -0.20414  -1.30732   0.04584  -0.14294   0.70000 18
  -0.16733  -2.49778   0.04507   0.02047   0.70000 19
   0.00068  -2.53036  -0.03686   0.03567   0.70000 20
  -0.20983   1.52841   0.04545   0.00430   0.80000  1
  -0.14142   1.36722   0.00456   0.05536   0.80000  2
  -0.28999  -1.49164   0.16715   0.04840   0.80000  3
  -0.17122  -1.42328   0.04266  -0.06198   0.80000  4
  -0.19450   1.76619   0.04905  -0.05195   0.80000  5
  -0.04367   1.81773  -0.05636  -0.06025   0.80000  6
  -0.04636  -1.52882  -0.06253   0.01279   0.80000  7
   0.09653  -1.67061  -0.06373   0.00330   0.80000  8
   0.09098  -1.83170   0.00206   0.12052   0.80000  9
   0.21157  -1.76474  -0.13587   0.04529   0.80000 10
   0.41415  -0.47416  -0.06813  -0.01084   0.80000 11
   0.24964  -0.50099   0.01456   0.00854   0.80000 12
   0.32738   1.09180  -0.05948  -0.01281   0.80000 13
   0.20216   0.98909   0.01478   0.04877   0.80000 14
  -0.11046  -0.22542   0.00659   0.01637   0.80000 15
  -0.18495  -0.07178   0.03435  -0.05298   0.80000 16
  -0.14884  -1.44935   0.00227  -0.01134   0.80000 17
  -0.19919  -1.32275   0.05332  -0.16583   0.80000 18
  -0.16249  -2.49558   0.05176   0.02344   0.80000 19
  -0.00328  -2.52654  -0.04245   0.04090   0.80000 20
  -0.20499   1.52888   0.05128   0.00509   0.90000  1
  -0.14093   1.37314   0.00518   0.06315   0.90000  2
  -0.27206  -1.48651   0.19162   0.05421   0.90000  3
  -0.16672  -1.42989   0.04733  -0.07007   0.90000  4
  -0.18927   1.76065   0.05548  -0.05876   0.90000  5
  -0.04968   1.81127  -0.06374  -0.06894   0.90000  6
  -0.05306  -1.52740  -0.07164   0.01587   0.90000  7
   0.08975  -1.67024  -0.07195   0.00411   0.90000  8
   0.09113  -1.81879   0.00093   0.13766   0.90000  9
   0.19706  -1.75987  -0.15444   0.05218   0.90000 10
   0.40688  -0.47531  -0.07713  -0.01215   0.90000 11
   0.25120  -0.50008   0.01674   0.00966   0.90000 12
   0.32104   1.09044  -0.06729  -0.01442   0.90000 13
   0.20374   0.99429   0.01686   0.05527   0.90000 14
  -0.10976  -0.22367   0.00728   0.01867   0.90000 15
  -0.18128  -0.07743   0.03895  -0.06003   0.90000 16
  -0.14858  -1.45064   0.00296  -0.01456   0.90000 17
  -0.19347  -1.34052   0.06123  -0.18956   0.90000 18
  -0.15697  -2.49309   0.05851   0.02643   0.90000 19
  -0.00781  -2.52218  -0.04815   0.04618   0.90000 20
  -0.19957   1.52943   0.05713   0.00600   1.00000  1
  -0.14038   1.37986   0.00583   0.07128   1.00000  2
  -0.25163  -1.48082   0.21699   0.05934   1.00000  3
  -0.16176  -1.43730   0.05189  -0.07825   1.00000  4
  -0.18340   1.75443   0.06193  -0.06569   1.00000  5
  -0.05642   1.80392  -0.07115  -0.07809   1.00000  6
  -0.06070  -1.52563  -0.08114   0.01958   1.00000  7
   0.08214  -1.66978  -0.08023   0.00526   1.00000  8
   0.09113  -1.80414  -0.00110   0.15539   1.00000  9
   0.18067  -1.75429  -0.17340   0.05971   1.00000 10
   0.39872  -0.47659  -0.08628  -0.01342   1.00000 11
   0.25299  -0.49906   0.01902   0.01079   1.00000 12
   0.31392   1.08891  -0.07519  -0.01600   1.00000 13
   0.20553   1.00014   0.01899   0.06189   1.00000 14
  -0.10900  -0.22169   0.00792   0.02105   1.00000 15
  -0.17715  -0.08379   0.04368  -0.06722   1.00000 16
  -0.14824  -1.45229   0.00406  -0.01862   1.00000 17
  -0.18693  -1.36069   0.06967  -0.21395   1.00000 18
  -0.15078  -2.49030   0.06533   0.02944   1.00000 19
  -0.01291  -2.51730  -0.05395   0.05151   1.00000 20
  -0.19357   1.53008   0.06299   0.00705   1.10000  1
  -0.13976   1.38741   0.00653   0.07979   1.10000  2
  -0.22865  -1.47469   0.24273   0.06306   1.10000  3
  -0.15634  -1.44554   0.05652  -0.08647   1.10000  4
  -0.17689   1.74751   0.06835  -0.07276   1.10000  5
  -0.06391   1.79564  -0.07853  -0.08779   1.10000  6
  -0.06930  -1.52346  -0.09093   0.02402   1.10000  7
   0.07370  -1.66917  -0.08856   0.00696   1.10000  8
   0.09087  -1.78770  -0.00444   0.17358   1.10000  9
   0.16237  -1.74790  -0.19259   0.06814   1.10000 10
   0.38962  -0.47800  -0.09556  -0.01465   1.10000 11
   0.25501  -0.49792   0.02137   0.01192   1.10000 12
   0.30600   1.08724  -0.08316  -0.01753   1.10000 13
   0.20754   1.00667   0.02114   0.06861   1.10000 14
  -0.10818  -0.21946   0.00851   0.02349   1.10000 15
  -0.17254  -0.09088   0.04852  -0.07454   1.10000 16
  -0.14774  -1.45440   0.00596  -0.02376   1.10000 17
  -0.17951  -1.38331   0.07880  -0.23850   1.10000 18
  -0.14391  -2.48720   0.07216   0.03250   1.10000 19
  -0.01860  -2.51188  -0.05982   0.05690   1.10000 20
  -0.18697   1.53085   0.06883   0.00829   1.20000  1
  -0.13907   1.39584   0.00730   0.08873   1.20000  2
  -0.20312  -1.46830   0.26757   0.06399   1.20000  3
  -0.15044  -1.45460   0.06156  -0.09465   1.20000  4
  -0.16974   1.73987   0.07464  -0.07998   1.20000  5
  -0.07212   1.78635  -0.08575  -0.09811   1.20000  6
  -0.07888  -1.52080  -0.10066   0.02920   1.20000  7
   0.06443  -1.66836  -0.09693   0.00952   1.20000  8
   0.09018  -1.76942  -0.00973   0.19199   1.20000  9
   0.14215  -1.74062  -0.21170   0.07783   1.20000 10
   0.37960  -0.47952  -0.10496  -0.01582   1.20000 11
   0.25726  -0.49668   0.02378   0.01304   1.20000 12
   0.29728   1.08541  -0.09116  -0.01894   1.20000 13
   0.20976   1.01387   0.02325   0.07540   1.20000 14
  -0.10730  -0.21699   0.00906   0.02597   1.20000 15
  -0.16744  -0.09870   0.05350  -0.08200   1.20000 16
  -0.14700  -1.45709   0.00926  -0.03031   1.20000 17
  -0.17113  -1.40836   0.08889  -0.26210   1.20000 18
  -0.13635  -2.48380   0.07895   0.03560   1.20000 19
  -0.02488  -2.50592  -0.06570   0.06234   1.20000 20
  -0.17980   1.53175   0.07460   0.00976   1.30000  1
  -0.13830   1.40518   0.00817   0.09816   1.30000  2
  -0.17524  -1.46205   0.28916   0.06001   1.30000  3
  -0.14400  -1.46446   0.06754  -0.10264   1.30000  4
  -0.16197   1.73151   0.08061  -0.08740   1.30000  5
  -0.08105   1.77599  -0.09263  -0.10914   1.30000  6
  -0.08940  -1.51760  -0.10947   0.03494   1.30000  7
   0.05431  -1.66722  -0.10536   0.01342   1.30000  8
   0.08883  -1.74931  -0.01779   0.21018   1.30000  9
   0.12005  -1.73228  -0.23024   0.08927   1.30000 10
   0.36863  -0.48116  -0.11441  -0.01689   1.30000 11
   0.25976  -0.49532   0.02616   0.01412   1.30000 12
   0.28777   1.08346  -0.09909  -0.02017   1.30000 13
   0.21218   1.02175   0.02525   0.08221   1.30000 14
  -0.10637  -0.21427   0.00957   0.02844   1.30000 15
  -0.16184  -0.10728   0.05860  -0.08955   1.30000 16
  -0.14581  -1.46052   0.01489  -0.03865   1.30000 17
  -0.16169  -1.43563   0.10034  -0.28270   1.30000 18
  -0.12812  -2.48008   0.08558   0.03878   1.30000 19
  -0.03174  -2.49941  -0.07149   0.06783   1.30000 20
  -0.17206   1.53281   0.08023   0.01154   1.40000  1
  -0.13743   1.41548   0.00918   0.10811   1.40000  2
  -0.14550  -1.45654   0.30437   0.04891   1.40000  3
  -0.13689  -1.47511   0.07492  -0.11037   1.40000  4
  -0.15363   1.72238   0.08601  -0.09509   1.40000  5
  -0.09063   1.76449  -0.09888  -0.12095   1.40000  6
  -0.10069  -1.51382  -0.11556   0.04043   1.40000  7
   0.04335  -1.66561  -0.11388   0.01931   1.40000  8
   0.08650  -1.72741  -0.02955   0.22759   1.40000  9
   0.09614  -1.72268  -0.24763   0.10302   1.40000 10
   0.35672  -0.48289  -0.12381  -0.01783   1.40000 11
   0.26249  -0.49385   0.02841   0.01514   1.40000 12
   0.27747   1.08139  -0.10681  -0.02107   1.40000 13
   0.21480   1.03031   0.02697   0.08893   1.40000 14
  -0.10539  -0.21130   0.01006   0.03084   1.40000 15
  -0.15572  -0.11661   0.06384  -0.09715   1.40000 16
  -0.14391  -1.46489   0.02382  -0.04913   1.40000 17
  -0.15101  -1.46471   0.11346  -0.29764   1.40000 18
  -0.11924  -2.47604   0.09188   0.04206   1.40000 19
  -0.03917  -2.49235  -0.07703   0.07334   1.40000 20
  -0.16377   1.53407   0.08561   0.01370   1.50000  1
  -0.13646   1.42682   0.01039   0.11865   1.50000  2
  -0.11466  -1.45253   0.31080   0.03021   1.50000  3
  -0.12896  -1.48653   0.08382  -0.11791   1.50000  4
  -0.14480   1.71248   0.09050  -0.10315   1.50000  5
  -0.10079   1.75177  -0.10408  -0.13358   1.50000  6
  -0.11233  -1.50958  -0.11609   0.04371   1.50000  7
   0.03153  -1.66327  -0.12266   0.02795   1.50000  8
   0.08277  -1.70383  -0.04576   0.24369   1.50000  9
   0.07058  -1.71158  -0.26338   0.11960   1.50000 10
   0.34387  -0.48472  -0.13300  -0.01858   1.50000 11
   0.26543  -0.49229   0.03035   0.01604   1.50000 12
   0.26642   1.07926  -0.11412  -0.02147   1.50000 13
   0.21756   1.03953   0.02822   0.09540   1.50000 14
  -0.10436  -0.20810   0.01058   0.03305   1.50000 15
  -0.14907  -0.12671   0.06917  -0.10470   1.50000 16
  -0.14093  -1.47043   0.03640  -0.06191   1.50000 17
  -0.13895  -1.49491   0.12773  -0.30505   1.50000 18
  -0.10976  -2.47166   0.09759   0.04551   1.50000 19
  -0.04713  -2.48474  -0.08206   0.07884   1.50000 20
  -0.15495   1.53556   0.09061   0.01633   1.60000  1
  -0.13535   1.43923   0.01186   0.12979   1.60000  2
  -0.08363  -1.45069   0.30848   0.00589   1.60000  3
  -0.12009  -1.49870   0.09380  -0.12548   1.60000  4
  -0.13558   1.70174   0.09364  -0.11173   1.60000  5
  -0.11139   1.73775  -0.10774  -0.14703   1.60000  6
  -0.12363  -1.50524  -0.10840   0.04206   1.60000  7
   0.01880  -1.65990  -0.13196   0.04011   1.60000  8
   0.07719  -1.67872  -0.06668   0.25821   1.60000  9
   0.04353  -1.69866  -0.27729   0.13932   1.60000 10
   0.33013  -0.48660  -0.14174  -0.01909   1.60000 11
   0.26854  -0.49065   0.03173   0.01679   1.60000 12
   0.25467   1.07712  -0.12072  -0.02113   1.60000 13
   0.22041   1.04937   0.02870   0.10141   1.60000 14
  -0.10327  -0.20470   0.01117   0.03492   1.60000 15
  -0.14188  -0.13755   0.07455  -0.11207   1.60000 16
  -0.13653  -1.47735   0.05198  -0.07680   1.60000 17
  -0.12547  -1.52547   0.14188  -0.30496   1.60000 18
  -0.09976  -2.46693   0.10234   0.04918   1.60000 19
  -0.05555  -2.47658  -0.08622   0.08427   1.60000 20
  -0.14566   1.53735   0.09501   0.01954   1.70000  1
  -0.13407   1.45280   0.01368   0.14153   1.70000  2
  -0.05319  -1.45145   0.29949  -0.02153   1.70000  3
  -0.11018  -1.51163   0.10434  -0.13336   1.70000  4
  -0.12613   1.69010   0.09503  -0.12105   1.70000  5
  -0.12226   1.72234  -0.10932  -0.16121   1.70000  6
  -0.13372  -1.50138  -0.09214   0.03403   1.70000  7
   0.00511  -1.65511  -0.14207   0.05630   1.70000  8
   0.06928  -1.65224  -0.09216   0.27110   1.70000  9
   0.01518  -1.68361  -0.28937   0.16226   1.70000 10
   0.31555  -0.48852  -0.14969  -0.01926   1.70000 11
   0.27175  -0.48894   0.03221   0.01731   1.70000 12
   0.24231   1.07507  -0.12629  -0.01976   1.70000 13
   0.22326   1.05979   0.02807   0.10670   1.70000 14
  -0.10212  -0.20114   0.01194   0.03621   1.70000 15
  -0.13416  -0.14911   0.07991  -0.11904   1.70000 16
  -0.13047  -1.48584   0.06939  -0.09329   1.70000 17
  -0.11060  -1.55571   0.15536  -0.29921   1.70000 18
  -0.08934  -2.46181   0.10573   0.05316   1.70000 19
  -0.06433  -2.46789  -0.08912   0.08957   1.70000 20
  -0.13598   1.53949   0.09854   0.02343   1.80000  1
  -0.13260   1.46756   0.01593   0.15381   1.80000  2
  -0.02388  -1.45504   0.28591  -0.05047   1.80000  3
  -0.09921  -1.52539   0.11513  -0.14185   1.80000  4
  -0.11664   1.67750   0.09439  -0.13130   1.80000  5
  -0.13317   1.70549  -0.10836  -0.17597   1.80000  6
  -0.14184  -1.49862  -0.06935   0.02039   1.80000  7
  -0.00964  -1.64850  -0.15302   0.07649   1.80000  8
   0.05862  -1.62456  -0.12170   0.28218   1.80000  9
  -0.01427  -1.66611  -0.29926   0.18813   1.80000 10
   0.30023  -0.49044  -0.15648  -0.01902   1.80000 11
   0.27494  -0.48720   0.03139   0.01754   1.80000 12
   0.22946   1.07321  -0.13053  -0.01713   1.80000 13
   0.22598   1.07068   0.02604   0.11105   1.80000 14
  -0.10087  -0.19749   0.01302   0.03663   1.80000 15
  -0.12591  -0.16133   0.08513  -0.12536   1.80000 16
  -0.12263  -1.49604   0.08758  -0.11089   1.80000 17
  -0.09440  -1.58519   0.16861  -0.28986   1.80000 18
  -0.07867  -2.45628   0.10738   0.05752   1.80000 19
  -0.07332  -2.45868  -0.09037   0.09467   1.80000 20
  -0.12600   1.54206   0.10088   0.02803   1.90000  1
  -0.13087   1.48357   0.01871   0.16651   1.90000  2
   0.00387  -1.46157   0.26850  -0.07998   1.90000  3
  -0.08716  -1.54002   0.12579  -0.15085   1.90000  4
  -0.10732   1.66381   0.09168  -0.14263   1.90000  5
  -0.14384   1.68714  -0.10458  -0.19112   1.90000  6
  -0.14745  -1.49744  -0.04244   0.00274   1.90000  7
  -0.02550  -1.63971  -0.16399   0.09962   1.90000  8
   0.04484  -1.59590  -0.15422   0.29044   1.90000  9
  -0.04454  -1.64593  -0.30508   0.21535   1.90000 10
   0.28431  -0.49231  -0.16178  -0.01830   1.90000 11
   0.27797  -0.48545   0.02894   0.01747   1.90000 12
   0.21626   1.07169  -0.13326  -0.01309   1.90000 13
   0.22842   1.08196   0.02243   0.11434   1.90000 14
  -0.09950  -0.19385   0.01454   0.03585   1.90000 15
  -0.11714  -0.17415   0.09008  -0.13072   1.90000 16
  -0.11295  -1.50804   0.10591  -0.12923   1.90000 17
  -0.07692  -1.61355   0.18057  -0.27628   1.90000 18
  -0.06793  -2.45030   0.10710   0.06230   1.90000 19
  -0.08234  -2.44897  -0.08977   0.09955   1.90000 20
  -0.11585   1.54512   0.10167   0.03325   2.00000  1
  -0.12883   1.50086   0.02206   0.17930   2.00000  2
   0.02967  -1.47101   0.24667  -0.10865   2.00000  3
  -0.07411  -1.55553   0.13474  -0.15887   2.00000  4
  -0.09837   1.64894   0.08708  -0.15496   2.00000  5
  -0.15399   1.66726  -0.09782  -0.20633   2.00000  6
  -0.15025  -1.49817  -0.01320  -0.01762   2.00000  7
  -0.04236  -1.62856  -0.17266   0.12328   2.00000  8
   0.02777  -1.56665  -0.18700   0.29354   2.00000  9
  -0.07500  -1.62314  -0.30236   0.23965   2.00000 10
   0.26794  -0.49409  -0.16541  -0.01710   2.00000 11
   0.28067  -0.48372   0.02465   0.01708   2.00000 12
   0.20286   1.07064  -0.13456  -0.00769   2.00000 13
   0.23042   1.09352   0.01731   0.11665   2.00000 14
  -0.09794  -0.19037   0.01668   0.03359   2.00000 15
  -0.10790  -0.18744   0.09461  -0.13488   2.00000 16
  -0.10146  -1.52189   0.12357  -0.14765   2.00000 17
  -0.05849  -1.64016   0.18639  -0.25434   2.00000 18
  -0.05731  -2.44381   0.10496   0.06752   2.00000 19
  -0.09121  -2.43878  -0.08737   0.10421   2.00000 20
  -0.10572   1.54872   0.10059   0.03876   2.10000  1
  -0.12644   1.51941   0.02591   0.19153   2.10000  2
   0.05302  -1.48318   0.21952  -0.13394   2.10000  3
  -0.06038  -1.57163   0.13866  -0.16201   2.10000  4
  -0.08996   1.63280   0.08086  -0.16791   2.10000  5
  -0.16330   1.64588  -0.08798  -0.22105   2.10000  6
  -0.15006  -1.50102   0.01703  -0.03953   2.10000  7
  -0.05985  -1.61514  -0.17602   0.14464   2.10000  8
   0.00759  -1.53747  -0.21547   0.28826   2.10000  9
  -0.10461  -1.59825  -0.28773   0.25654   2.10000 10
   0.25128  -0.49571  -0.16743  -0.01541   2.10000 11
   0.28284  -0.48204   0.01856   0.01646   2.10000 12
   0.18939   1.07019  -0.13466  -0.00111   2.10000 13
   0.23184   1.10526   0.01089   0.11819   2.10000 14
  -0.09614  -0.18719   0.01954   0.02969   2.10000 15
  -0.09824  -0.20108   0.09864  -0.13771   2.10000 16
  -0.08832  -1.53751   0.13858  -0.16403   2.10000 17
  -0.03997  -1.66410   0.18272  -0.22324   2.10000 18
  -0.04699  -2.43678   0.10125   0.07312   2.10000 19
  -0.09977  -2.42813  -0.08344   0.10873   2.10000 20
  -0.09580   1.55286   0.09750   0.04395   2.20000  1
  -0.12364   1.53911   0.03010   0.20185   2.20000  2
   0.07341  -1.49760   0.18768  -0.15333   2.20000  3
  -0.04663  -1.58764   0.13512  -0.15678   2.20000  4
  -0.08224   1.61536   0.07326  -0.18055   2.20000  5
  -0.17148   1.62310  -0.07497  -0.23424   2.20000  6
  -0.14686  -1.50607   0.04682  -0.06149   2.20000  7
  -0.07734  -1.59977  -0.17264   0.16185   2.20000  8
  -0.01505  -1.50936  -0.23580   0.27218   2.20000  9
  -0.13221  -1.57214  -0.26309   0.26425   2.20000 10
   0.23449  -0.49715  -0.16812  -0.01329   2.20000 11
   0.28433  -0.48043   0.01091   0.01568   2.20000 12
   0.17595   1.07045  -0.13388   0.00638   2.20000 13
   0.23256   1.11714   0.00347   0.11924   2.20000 14
  -0.09401  -0.18448   0.02313   0.02416   2.20000 15
  -0.08819  -0.21494   0.10217  -0.13930   2.20000 16
  -0.07395  -1.55449   0.14753  -0.17408   2.20000 17
  -0.02216  -1.68470   0.17278  -0.18873   2.20000 18
  -0.03710  -2.42917   0.09639   0.07906   2.20000 19
  -0.10786  -2.41703  -0.07836   0.11319   2.20000 20
  -0.08629   1.55747   0.09255   0.04791   2.30000  1
  -0.12042   1.55964   0.03432   0.20786   2.30000  2
   0.09050  -1.51365   0.15401  -0.16697   2.30000  3
  -0.03355  -1.60276   0.12585  -0.14478   2.30000  4
  -0.07534   1.59675   0.06459  -0.19129   2.30000  5
  -0.17820   1.59914  -0.05891  -0.24425   2.30000  6
  -0.14078  -1.51324   0.07413  -0.08111   2.30000  7
  -0.09417  -1.58295  -0.16312   0.17355   2.30000  8
  -0.03929  -1.48335  -0.24766   0.24697   2.30000  9
  -0.15704  -1.54569  -0.23298   0.26333   2.30000 10
   0.21769  -0.49836  -0.16785  -0.01080   2.30000 11
   0.28498  -0.47890   0.00205   0.01486   2.30000 12
   0.16263   1.07149  -0.13253   0.01457   2.30000 13
   0.23251   1.12910  -0.00465   0.12006   2.30000 14
  -0.09149  -0.18240   0.02740   0.01722   2.30000 15
  -0.07782  -0.22890   0.10528  -0.13989   2.30000 16
  -0.05908  -1.57201   0.14866  -0.17498   2.30000 17
  -0.00548  -1.70188   0.16055  -0.15520   2.30000 18
  -0.02774  -2.42096   0.09080   0.08527   2.30000 19
  -0.11541  -2.40549  -0.07250   0.11767   2.30000 20
  -0.07734   1.56237   0.08619   0.04968   2.40000  1
  -0.11678   1.58044   0.03844   0.20685   2.40000  2
   0.10424  -1.53087   0.12091  -0.17686   2.40000  3
  -0.02153  -1.61651   0.11449  -0.13008   2.40000  4
  -0.06934   1.57724   0.05539  -0.19815   2.40000  5
  -0.18318   1.57442  -0.04056  -0.24939   2.40000  6
  -0.13219  -1.52212   0.09676  -0.09561   2.40000  7
  -0.10983  -1.56525  -0.14956   0.17961   2.40000  8
  -0.06437  -1.46011  -0.25317   0.21733   2.40000  9
  -0.17875  -1.51968  -0.20118   0.25602   2.40000 10
   0.20094  -0.49930  -0.16700  -0.00795   2.40000 11
   0.28471  -0.47746  -0.00768   0.01408   2.40000 12
   0.14946   1.07338  -0.13087   0.02328   2.40000 13
   0.23161   1.14115  -0.01328   0.12087   2.40000 14
  -0.08851  -0.18108   0.03222   0.00915   2.40000 15
  -0.06715  -0.24290   0.10811  -0.13985   2.40000 16
  -0.04441  -1.58925   0.14422  -0.16906   2.40000 17
   0.00994  -1.71581   0.14796  -0.12386   2.40000 18
  -0.01896  -2.41211   0.08478   0.09172   2.40000 19
  -0.12235  -2.39349  -0.06615   0.12224   2.40000 20
  -0.06908   1.56731   0.07900   0.04864   2.50000  1
  -0.11273   1.60075   0.04251   0.19804   2.50000  2
   0.11473  -1.54896   0.08916  -0.18468   2.50000  3
  -0.01064  -1.62878   0.10353  -0.11541   2.50000  4
  -0.06425   1.55728   0.04648  -0.20008   2.50000  5
  -0.18628   1.54944  -0.02141  -0.24939   2.50000  6
  -0.12162  -1.53215   0.11360  -0.10394   2.50000  7
  -0.12402  -1.54718  -0.13420   0.18112   2.50000  8
  -0.08977  -1.43991  -0.25425   0.18682   2.50000  9
  -0.19730  -1.49462  -0.16992   0.24481   2.50000 10
   0.18430  -0.49994  -0.16585  -0.00474   2.50000 11
   0.28343  -0.47608  -0.01802   0.01341   2.50000 12
   0.13646   1.07616  -0.12907   0.03239   2.50000 13
   0.22984   1.15328  -0.02230   0.12181   2.50000 14
  -0.08503  -0.18060   0.03746   0.00025   2.50000 15
  -0.05620  -0.25687   0.11082  -0.13954   2.50000 16
  -0.03030  -1.60573   0.13780  -0.16022   2.50000 17
   0.02412  -1.72672   0.13559  -0.09462   2.50000 18
  -0.01079  -2.40261   0.07858   0.09839   2.50000 19
  -0.12863  -2.38104  -0.05951   0.12695   2.50000 20
  -0.06155   1.57201   0.07157   0.04480   2.60000  1
  -0.10828   1.61986   0.04661   0.18359   2.60000  2
   0.12211  -1.56777   0.05874  -0.19138   2.60000  3
  -0.00077  -1.63964   0.09403  -0.10192   2.60000  4
  -0.06001   1.53736   0.03862  -0.19780   2.60000  5
  -0.18748   1.52466  -0.00277  -0.24573   2.60000  6
  -0.10964  -1.54275   0.12519  -0.10739   2.60000  7
  -0.13665  -1.52914  -0.11835   0.17922   2.60000  8
  -0.11511  -1.42271  -0.25208   0.15743   2.60000  9
  -0.21280  -1.47078  -0.14057   0.23193   2.60000 10
   0.16777  -0.50024  -0.16464  -0.00115   2.60000 11
   0.28109  -0.47477  -0.02878   0.01290   2.60000 12
   0.12364   1.07987  -0.12727   0.04187   2.60000 13
   0.22714   1.16552  -0.03163   0.12298   2.60000 14
  -0.08101  -0.18105   0.04300  -0.00924   2.60000 15
  -0.04498  -0.27081   0.11355  -0.13929   2.60000 16
  -0.01684  -1.62128   0.13163  -0.15092   2.60000 17
   0.03707  -1.73479   0.12350  -0.06704   2.60000 18
  -0.00324  -2.39243   0.07233   0.10529   2.60000 19
  -0.13424  -2.36810  -0.05269   0.13185   2.60000 20
  -0.05476   1.57620   0.06434   0.03872   2.70000  1
  -0.10341   1.63737   0.05069   0.16632   2.70000  2
   0.12651  -1.58721   0.02938  -0.19739   2.70000  3
   0.00823  -1.64922   0.08626  -0.08996   2.70000  4
  -0.05649   1.51781   0.03207  -0.19302   2.70000  5
  -0.18687   1.50036   0.01481  -0.24016   2.70000  6
  -0.09670  -1.55354   0.13335  -0.10837   2.70000  7
  -0.14771  -1.51141  -0.10304   0.17510   2.70000  8
  -0.14012  -1.40834  -0.24768   0.13031   2.70000  9
  -0.22549  -1.44824  -0.11362   0.21878   2.70000 10
   0.15137  -0.50015  -0.16348   0.00287   2.70000 11
   0.27766  -0.47350  -0.03986   0.01258   2.70000 12
   0.11100   1.08454  -0.12555   0.05170   2.70000 13
   0.22350   1.17789  -0.04127   0.12445   2.70000 14
  -0.07642  -0.18247   0.04875  -0.01915   2.70000 15
  -0.03349  -0.28473   0.11640  -0.13935   2.70000 16
  -0.00394  -1.63593   0.12648  -0.14206   2.70000 17
   0.04882  -1.74017   0.11160  -0.04077   2.70000 18
   0.00368  -2.38154   0.06613   0.11242   2.70000 19
  -0.13917  -2.35466  -0.04576   0.13697   2.70000 20
  -0.04866   1.57970   0.05758   0.03117   2.80000  1
  -0.09814   1.65310   0.05465   0.14815   2.80000  2
   0.12802  -1.60723   0.00083  -0.20288   2.80000  3
   0.01654  -1.65768   0.08022  -0.07960   2.80000  4
  -0.05356   1.49879   0.02673  -0.18728   2.80000  5
  -0.18456   1.47665   0.03134  -0.23386   2.80000  6
  -0.08302  -1.56441   0.14010  -0.10910   2.80000  7
  -0.15731  -1.49415  -0.08927   0.17006   2.80000  8
  -0.16460  -1.39656  -0.24175   0.10594   2.80000  9
  -0.23561  -1.42701  -0.08910   0.20586   2.80000 10
   0.13507  -0.49964  -0.16243   0.00741   2.80000 11
   0.27311  -0.47224  -0.05120   0.01250   2.80000 12
   0.09853   1.09022  -0.12398   0.06192   2.80000 13
   0.21888   1.19042  -0.05126   0.12625   2.80000 14
  -0.07126  -0.18489   0.05463  -0.02938   2.80000 15
  -0.02170  -0.29869   0.11945  -0.13994   2.80000 16
   0.00850  -1.64972   0.12244  -0.13382   2.80000 17
   0.05939  -1.74298   0.09976  -0.01555   2.80000 18
   0.00999  -2.36993   0.06002   0.11981   2.80000 19
  -0.14339  -2.34070  -0.03874   0.14232   2.80000 20
  -0.04322   1.58240   0.05145   0.02281   2.90000  1
  -0.09249   1.66700   0.05842   0.12999   2.90000  2
   0.12670  -1.62777  -0.02703  -0.20774   2.90000  3
   0.02432  -1.66519   0.07578  -0.07080   2.90000  4
  -0.05111   1.48035   0.02241  -0.18163   2.90000  5
  -0.18063   1.45359   0.04699  -0.22743   2.90000  6
  -0.06868  -1.57540   0.14684  -0.11100   2.90000  7
  -0.16564  -1.47740  -0.07771   0.16501   2.90000  8
  -0.18842  -1.38706  -0.23449   0.08449   2.90000  9
  -0.24339  -1.40706  -0.06694   0.19317   2.90000 10
   0.11888  -0.49865  -0.16148   0.01253   2.90000 11
   0.26741  -0.47099  -0.06280   0.01267   2.90000 12
   0.08620   1.09694  -0.12261   0.07258   2.90000 13
   0.21324   1.20315  -0.06164   0.12841   2.90000 14
  -0.06550  -0.18835   0.06059  -0.03988   2.90000 15
  -0.00959  -0.31275   0.12273  -0.14123   2.90000 16
   0.02058  -1.66271   0.11930  -0.12608   2.90000 17
   0.06877  -1.74332   0.08783   0.00870   2.90000 18
   0.01569  -2.35757   0.05403   0.12748   2.90000 19
  -0.14691  -2.32619  -0.03164   0.14795   2.90000 20
  -0.03835   1.58425   0.04601   0.01409   3.00000  1
  -0.08647   1.67911   0.06196   0.11220   3.00000  2
   0.12264  -1.64874  -0.05408  -0.21159   3.00000  3
   0.03174  -1.67189   0.07275  -0.06357   3.00000  4
  -0.04904   1.46244   0.01897  -0.17670   3.00000  5
  -0.17518   1.43116   0.06202  -0.22118   3.00000  6
  -0.05363  -1.58668   0.15428  -0.11479   3.00000  7
  -0.17294  -1.46113  -0.06863   0.16035   3.00000  8
  -0.21145  -1.37956  -0.22576   0.06605   3.00000  9
  -0.24908  -1.38838  -0.04722   0.18049   3.00000 10
   0.10278  -0.49711  -0.16054   0.01834   3.00000 11
   0.26054  -0.46970  -0.07469   0.01313   3.00000 12
   0.07400   1.10475  -0.12147   0.08375   3.00000 13
   0.20653   1.21612  -0.07250   0.13093   3.00000 14
  -0.05914  -0.19287   0.06661  -0.05063   3.00000 15
   0.00286  -0.32697   0.12619  -0.14335   3.00000 16
   0.03238  -1.67494   0.11674  -0.11866   3.00000 17
   0.07695  -1.74128   0.07564   0.03181   3.00000 18
   0.02080  -2.34443   0.04816   0.13547   3.00000 19
  -0.14972  -2.31110  -0.02445   0.15386   3.00000 20
  -0.03399   1.58522   0.04130   0.00526   3.10000  1
  -0.08010   1.68946   0.06526   0.09488   3.10000  2
   0.11593  -1.67003  -0.07975  -0.21367   3.10000  3
   0.03891  -1.67795   0.07085  -0.05794   3.10000  4
  -0.04729   1.44497   0.01631  -0.17279   3.10000  5
  -0.16824   1.40934   0.07664  -0.21520   3.10000  6
  -0.03779  -1.59844   0.16263  -0.12076   3.10000  7
  -0.17945  -1.44531  -0.06197   0.15613   3.10000  8
  -0.23351  -1.37375  -0.21523   0.05069   3.10000  9
  -0.25292  -1.37097  -0.03011   0.16752   3.10000 10
   0.08678  -0.49496  -0.15942   0.02489   3.10000 11
   0.25246  -0.46835  -0.08692   0.01390   3.10000 12
   0.06190   1.11371  -0.12059   0.09554   3.10000 13
   0.19872   1.22935  -0.08394   0.13380   3.10000 14
  -0.05217  -0.19849   0.07266  -0.06167   3.10000 15
   0.01565  -0.34145   0.12974  -0.14637   3.10000 16
   0.04393  -1.68644   0.11429  -0.11137   3.10000 17
   0.08388  -1.73701   0.06297   0.05324   3.10000 18
   0.02533  -2.33047   0.04243   0.14382   3.10000 19
  -0.15180  -2.29540  -0.01715   0.16009   3.10000 20
  -0.03007   1.58530   0.03730  -0.00356   3.20000  1
  -0.07342   1.69810   0.06829   0.07802   3.20000  2
   0.10677  -1.69138  -0.10292  -0.21273   3.20000  3
   0.04593  -1.68354   0.06964  -0.05397   3.20000  4
  -0.04576   1.42784   0.01443  -0.17007   3.20000  5
  -0.15986   1.38811   0.09106  -0.20953   3.20000  6
  -0.02108  -1.61090   0.17179  -0.12900   3.20000  7
  -0.18540  -1.42990  -0.05751   0.15225   3.20000  8
  -0.25443  -1.36932  -0.20265   0.03843   3.20000  9
  -0.25519  -1.35489  -0.01576   0.15402   3.20000 10
   0.07091  -0.49211  -0.15782   0.03221   3.20000 11
   0.24314  -0.46691  -0.09954   0.01502   3.20000 12
   0.04987   1.12389  -0.12003   0.10807   3.20000 13
   0.18972   1.24289  -0.09607   0.13700   3.20000 14
  -0.04460  -0.20522   0.07870  -0.07303   3.20000 15
   0.02880  -0.35627   0.13314  -0.15032   3.20000 16
   0.05522  -1.69721   0.11132  -0.10403   3.20000 17
   0.08952  -1.73072   0.04953   0.07197   3.20000 18
   0.02929  -2.31565   0.03680   0.15259   3.20000 19
  -0.15314  -2.27907  -0.00969   0.16667   3.20000 20
  -0.02651   1.58451   0.03399  -0.01234   3.30000  1
  -0.06645   1.70508   0.07106   0.06155   3.30000  2
   0.09549  -1.71242  -0.12189  -0.20727   3.30000  3
   0.05284  -1.68880   0.06855  -0.05166   3.30000  4
  -0.04438   1.41092   0.01333  -0.16863   3.30000  5
  -0.15003   1.36743   0.10544  -0.20416   3.30000  6
  -0.00342  -1.62431   0.18135  -0.13944   3.30000  7
  -0.19101  -1.41486  -0.05493   0.14860   3.30000  8
  -0.27398  -1.36596  -0.18808   0.02909   3.30000  9
  -0.25616  -1.34019  -0.00409   0.13998   3.30000 10
   0.05525  -0.48850  -0.15527   0.04016   3.30000 11
   0.23254  -0.46533  -0.11265   0.01652   3.30000 12
   0.03788   1.13536  -0.11980   0.12147   3.30000 13
   0.17948   1.25676  -0.10902   0.14047   3.30000 14
  -0.03643  -0.21310   0.08472  -0.08477   3.30000 15
   0.04226  -0.37154   0.13605  -0.15504   3.30000 16
   0.06615  -1.70724   0.10697  -0.09653   3.30000 17
   0.09375  -1.72276   0.03502   0.08652   3.30000 18
   0.03269  -2.29993   0.03128   0.16183   3.30000 19
  -0.15373  -2.26206  -0.00203   0.17364   3.30000 20
  -0.02325   1.58284   0.03134  -0.02112   3.40000  1
  -0.05922   1.71042   0.07357   0.04541   3.40000  2
   0.08259  -1.73265  -0.13491  -0.19632   3.40000  3
   0.05963  -1.69392   0.06701  -0.05088   3.40000  4
  -0.04306   1.39407   0.01310  -0.16846   3.40000  5
  -0.13877   1.34727   0.11991  -0.19905   3.40000  6
   0.01518  -1.63886   0.19060  -0.15175   3.40000  7
  -0.19644  -1.40017  -0.05384   0.14508   3.40000  8
  -0.29199  -1.36341  -0.17184   0.02230   3.40000  9
  -0.25609  -1.32691   0.00519   0.12554   3.40000 10
   0.03991  -0.48407  -0.15117   0.04841   3.40000 11
   0.22059  -0.46359  -0.12632   0.01841   3.40000 12
   0.02589   1.14822  -0.11996   0.13593   3.40000 13
   0.16789   1.27099  -0.12295   0.14413   3.40000 14
  -0.02766  -0.22219   0.09067  -0.09696   3.40000 15
   0.05597  -0.38729   0.13797  -0.16013   3.40000 16
   0.07654  -1.71651   0.10043  -0.08873   3.40000 17
   0.09649  -1.71360   0.01947   0.09557   3.40000 18
   0.03555  -2.28327   0.02586   0.17161   3.40000 19
  -0.15354  -2.24433   0.00587   0.18103   3.40000 20
  -0.02022   1.58028   0.02934  -0.02994   3.50000  1
  -0.05175   1.71416   0.07580   0.02949   3.50000  2
   0.06873  -1.75152  -0.14108  -0.18041   3.50000  3
   0.06622  -1.69902   0.06464  -0.05132   3.50000  4
  -0.04172   1.37718   0.01385  -0.16951   3.50000  5
  -0.12604   1.32761   0.13459  -0.19410   3.50000  6
   0.03465  -1.65470   0.19839  -0.16517   3.50000  7
  -0.20182  -1.38584  -0.05386   0.14161   3.50000  8
  -0.30831  -1.36143  -0.15448   0.01757   3.50000  9
  -0.25519  -1.31508   0.01253   0.11094   3.50000 10
   0.02508  -0.47882  -0.14498   0.05634   3.50000 11
   0.20725  -0.46164  -0.14057   0.02065   3.50000 12
   0.01387   1.16258  -0.12053   0.15159   3.50000 13
   0.15485   1.28558  -0.13800   0.14780   3.50000 14
  -0.01830  -0.23252   0.09650  -0.10970   3.50000 15
   0.06981  -0.40355   0.13847  -0.16489   3.50000 16
   0.08614  -1.72498   0.09125  -0.08055   3.50000 17
   0.09764  -1.70384   0.00359   0.09864   3.50000 18
   0.03786  -2.26559   0.02050   0.18203   3.50000 19
  -0.15255  -2.22583   0.01406   0.18891   3.50000 20
  -0.01736   1.57684   0.02794  -0.03891   3.60000  1
  -0.04407   1.71633   0.07777   0.01373   3.60000  2
   0.05459  -1.76863  -0.14068  -0.16145   3.60000  3
   0.07253  -1.70421   0.06140  -0.05257   3.60000  4
  -0.04026   1.36014   0.01567  -0.17162   3.60000  5
  -0.11184   1.30845   0.14947  -0.18915   3.60000  6
   0.05476  -1.67188   0.20317  -0.17823   3.60000  7
  -0.20724  -1.37185  -0.05465   0.13816   3.60000  8
  -0.32286  -1.35985  -0.13648   0.01443   3.60000  9
  -0.25363  -1.30472   0.01836   0.09644   3.60000 10
   0.01099  -0.47283  -0.13652   0.06328   3.60000 11
   0.19246  -0.45945  -0.15532   0.02315   3.60000 12
   0.00177   1.17858  -0.12150   0.16858   3.60000 13
   0.14025   1.30054  -0.15427   0.15120   3.60000 14
  -0.00837  -0.24415   0.10213  -0.12307   3.60000 15
   0.08361  -0.42023   0.13734  -0.16843   3.60000 16
   0.09471  -1.73261   0.07966  -0.07199   3.60000 17
   0.09724  -1.69407  -0.01132   0.09593   3.60000 18
   0.03965  -2.24684   0.01520   0.19316   3.60000 19
  -0.15072  -2.20653   0.02263   0.19734   3.60000 20
  -0.01461   1.57249   0.02711  -0.04811   3.70000  1
  -0.03620   1.71691   0.07946  -0.00198   3.70000  2
   0.04078  -1.78378  -0.13481  -0.14165   3.70000  3
   0.07848  -1.70955   0.05755  -0.05440   3.70000  4
  -0.03855   1.34284   0.01861  -0.17445   3.70000  5
  -0.09615   1.28979   0.16436  -0.18381   3.70000  6
   0.07513  -1.69027   0.20329  -0.18899   3.70000  7
  -0.21276  -1.35821  -0.05589   0.13468   3.70000  8
  -0.33560  -1.35851  -0.11824   0.01251   3.70000  9
  -0.25156  -1.29579   0.02303   0.08222   3.70000 10
  -0.00216  -0.46622  -0.12609   0.06881   3.70000 11
   0.17618  -0.45701  -0.17023   0.02564   3.70000 12
  -0.01043   1.19634  -0.12269   0.18685   3.70000 13
   0.12396   1.31580  -0.17173   0.15388   3.70000 14
   0.00211  -0.25715   0.10743  -0.13714   3.70000 15
   0.09722  -0.43717   0.13465  -0.17001   3.70000 16
   0.10202  -1.73937   0.06644  -0.06329   3.70000 17
   0.09545  -1.68484  -0.02385   0.08775   3.70000 18
   0.04090  -2.22693   0.00995   0.20513   3.70000 19
  -0.14801  -2.18635   0.03164   0.20637   3.70000 20
  -0.01192   1.56721   0.02677  -0.05769   3.80000  1
  -0.02819   1.71593   0.08086  -0.01773   3.80000  2
   0.02777  -1.79699  -0.12491  -0.12274   3.80000  3
   0.08403  -1.71511   0.05342  -0.05677   3.80000  4
  -0.03650   1.32524   0.02253  -0.17733   3.80000  5
  -0.07899   1.27172   0.17862  -0.17727   3.80000  6
   0.09522  -1.70954   0.19759  -0.19578   3.80000  7
  -0.21842  -1.34492  -0.05729   0.13108   3.80000  8
  -0.34651  -1.35731  -0.10002   0.01150   3.80000  9
  -0.24906  -1.28826   0.02672   0.06841   3.80000 10
  -0.01418  -0.45912  -0.11422   0.07293   3.80000 11
   0.15843  -0.45434  -0.18452   0.02765   3.80000 12
  -0.02275   1.21597  -0.12352   0.20575   3.80000 13
   0.10587   1.33127  -0.19008   0.15520   3.80000 14
   0.01310  -0.27160   0.11226  -0.15198   3.80000 15
   0.11049  -0.45415   0.13032  -0.16911   3.80000 16
   0.10797  -1.74528   0.05255  -0.05494   3.80000 17
   0.09258  -1.67668  -0.03299   0.07467   3.80000 18
   0.04164  -2.20578   0.00474   0.21804   3.80000 19
  -0.14437  -2.16523   0.04117   0.21610   3.80000 20
  -0.00925   1.56094   0.02683  -0.06778   3.90000  1
  -0.02004   1.71336   0.08193  -0.03361   3.90000  2
   0.01589  -1.80839  -0.11240  -0.10571   3.90000  3
   0.08916  -1.72093   0.04920  -0.05976   3.90000  4
  -0.03403   1.30741   0.02687  -0.17901   3.90000  5
  -0.06050   1.25443   0.19065  -0.16795   3.90000  6
   0.11446  -1.72927   0.18616  -0.19813   3.90000  7
  -0.22422  -1.33200  -0.05861   0.12727   3.90000  8
  -0.35561  -1.35618  -0.08197   0.01120   3.90000  9
  -0.24624  -1.28209   0.02954   0.05514   3.90000 10
  -0.02497  -0.45167  -0.10137   0.07585   3.90000 11
   0.13934  -0.45151  -0.19699   0.02873   3.90000 12
  -0.03508   1.23745  -0.12257   0.22341   3.90000 13
   0.08594   1.34677  -0.20849   0.15445   3.90000 14
   0.02454  -0.28757   0.11637  -0.16758   3.90000 15
   0.12322  -0.47090   0.12384  -0.16550   3.90000 16
   0.11254  -1.75039   0.03887  -0.04757   3.90000 17
   0.08897  -1.67003  -0.03878   0.05790   3.90000 18
   0.04186  -2.18329  -0.00041   0.23204   3.90000 19
  -0.13975  -2.14310   0.05134   0.22660   3.90000 20
  -0.00655   1.55363   0.02711  -0.07852   4.00000  1
  -0.01181   1.70920   0.08261  -0.04974   4.00000  2
   0.00534  -1.81820  -0.09841  -0.09093   4.00000  3
   0.09386  -1.72708   0.04484  -0.06342   4.00000  4
  -0.03114   1.28954   0.03068  -0.17761   4.00000  5
  -0.04101   1.23829   0.19814  -0.15411   4.00000  6
   0.13230  -1.74904   0.17009  -0.19666   4.00000  7
  -0.23013  -1.31948  -0.05962   0.12309   4.00000  8
  -0.36291  -1.35505  -0.06417   0.01145   4.00000  9
  -0.24318  -1.27721   0.03149   0.04252   4.00000 10
  -0.03443  -0.44398  -0.08773   0.07772   4.00000 11
   0.11913  -0.44863  -0.20672   0.02887   4.00000 12
  -0.04713   1.26051  -0.11775   0.23688   4.00000 13
   0.06422   1.36208  -0.22554   0.15122   4.00000 14
   0.03634  -0.30514   0.11946  -0.18383   4.00000 15
   0.13517  -0.48717   0.11477  -0.15943   4.00000 16
   0.11577  -1.75484   0.02596  -0.04174   4.00000 17
   0.08491  -1.66517  -0.04200   0.03899   4.00000 18
   0.04156  -2.15933  -0.00550   0.24728   4.00000 19
  -0.13408  -2.11988   0.06225   0.23796   4.00000 20
  -0.00382   1.54521   0.02732  -0.09004   4.10000  1
  -0.00354   1.70340   0.08281  -0.06620   4.10000  2
  -0.00377  -1.82665  -0.08371  -0.07842   4.10000  3
   0.09812  -1.73363   0.04017  -0.06768   4.10000  4
  -0.02794   1.27205   0.03316  -0.17145   4.10000  5
  -0.02106   1.22375   0.19996  -0.13605   4.10000  6
   0.14837  -1.76851   0.15072  -0.19231   4.10000  7
  -0.23612  -1.30740  -0.06012   0.11838   4.10000  8
  -0.36845  -1.35388  -0.04664   0.01215   4.10000  9
  -0.23997  -1.27356   0.03255   0.03065   4.10000 10
  -0.04249  -0.43616  -0.07333   0.07851   4.10000 11
   0.09809  -0.44575  -0.21363   0.02866   4.10000 12
  -0.05847   1.28463  -0.10837   0.24457   4.10000 13
   0.04093   1.37695  -0.23958   0.14590   4.10000 14
   0.04838  -0.32435   0.12109  -0.20046   4.10000 15
   0.14610  -0.50274   0.10353  -0.15175   4.10000 16
   0.11776  -1.75880   0.01403  -0.03781   4.10000 17
   0.08062  -1.66226  -0.04355   0.01909   4.10000 18
   0.04076  -2.13378  -0.01046   0.26395   4.10000 19
  -0.12727  -2.09548   0.07405   0.25029   4.10000 20
  -0.00110   1.53560   0.02700  -0.10233   4.20000  1
   0.00473   1.69594   0.08240  -0.08308   4.20000  2
  -0.01140  -1.83396  -0.06872  -0.06806   4.20000  3
   0.10188  -1.74063   0.03491  -0.07247   4.20000  4
  -0.02455   1.25541   0.03444  -0.16071   4.20000  5
  -0.00118   1.21113   0.19699  -0.11631   4.20000  6
   0.16237  -1.78744   0.12911  -0.18599   4.20000  7
  -0.24213  -1.29582  -0.05994   0.11297   4.20000  8
  -0.37225  -1.35261  -0.02937   0.01322   4.20000  9
  -0.23670  -1.27105   0.03267   0.01964   4.20000 10
  -0.04907  -0.42832  -0.05825   0.07797   4.20000 11
   0.07649  -0.44288  -0.21808   0.02871   4.20000 12
  -0.06871   1.30928  -0.09600   0.24806   4.20000 13
   0.01644   1.39123  -0.24949   0.13973   4.20000 14
   0.06049  -0.34522   0.12065  -0.21687   4.20000 15
   0.15584  -0.51750   0.09112  -0.14339   4.20000 16
   0.11861  -1.76247   0.00294  -0.03585   4.20000 17
   0.07624  -1.66136  -0.04406  -0.00119   4.20000 18
   0.03947  -2.10649  -0.01522   0.28223   4.20000 19
  -0.11923  -2.06978   0.08689   0.26371   4.20000 20
   0.00154   1.52472   0.02553  -0.11518   4.30000  1
   0.01292   1.68677   0.08119  -0.10041   4.30000  2
  -0.01752  -1.84033  -0.05363  -0.05971   4.30000  3
   0.10507  -1.74814   0.02883  -0.07770   4.30000  4
  -0.02106   1.24000   0.03534  -0.14731   4.30000  5
   0.01823   1.20047   0.19071  -0.09707   4.30000  6
   0.17414  -1.80567   0.10601  -0.17839   4.30000  7
  -0.24809  -1.28483  -0.05896   0.10669   4.30000  8
  -0.37433  -1.35122  -0.01236   0.01461   4.30000  9
  -0.23347  -1.26960   0.03184   0.00956   4.30000 10
  -0.05412  -0.42062  -0.04272   0.07577   4.30000 11
   0.05456  -0.44000  -0.22005   0.02897   4.30000 12
  -0.07764   1.33419  -0.08253   0.25006   4.30000 13
  -0.00882   1.40491  -0.25485   0.13393   4.30000 14
   0.07242  -0.36769   0.11749  -0.23208   4.30000 15
   0.16431  -0.53141   0.07843  -0.13499   4.30000 16
   0.11837  -1.76604  -0.00762  -0.03577   4.30000 17
   0.07183  -1.66251  -0.04394  -0.02165   4.30000 18
   0.03773  -2.07727  -0.01965   0.30234   4.30000 19
  -0.10985  -2.04269   0.10095   0.27834   4.30000 20
   0.00394   1.51256   0.02218  -0.12799   4.40000  1
   0.02093   1.67585   0.07899  -0.11819   4.40000  2
  -0.02212  -1.84596  -0.03845  -0.05317   4.40000  3
   0.10761  -1.75619   0.02169  -0.08334   4.40000  4
  -0.01747   1.22598   0.03653  -0.13302   4.40000  5
   0.03689   1.19167   0.18229  -0.07935   4.40000  6
   0.18354  -1.82309   0.08176  -0.16998   4.40000  7
  -0.25390  -1.27452  -0.05715   0.09944   4.40000  8
  -0.37473  -1.34968   0.00441   0.01626   4.40000  9
  -0.23037  -1.26910   0.03007   0.00046   4.40000 10
  -0.05762  -0.41323  -0.02721   0.07172   4.40000 11
   0.03257  -0.43711  -0.21924   0.02865   4.40000 12
  -0.08521   1.35930  -0.06896   0.25224   4.40000 13
  -0.03438   1.41804  -0.25561   0.12900   4.40000 14
   0.08389  -0.39156   0.11131  -0.24485   4.40000 15
   0.17153  -0.54450   0.06592  -0.12681   4.40000 16
   0.11709  -1.76968  -0.01798  -0.03744   4.40000 17
   0.06746  -1.66570  -0.04342  -0.04233   4.40000 18
   0.03556  -2.04595  -0.02356   0.32443   4.40000 19
  -0.09900  -2.01407   0.11643   0.29427   4.40000 20
   0.00589   1.49916   0.01646  -0.13978   4.50000  1
   0.02867   1.66312   0.07558  -0.13631   4.50000  2
  -0.02520  -1.85102  -0.02305  -0.04817   4.50000  3
   0.10936  -1.76482   0.01321  -0.08937   4.50000  4
  -0.01374   1.21339   0.03828  -0.11881   4.50000  5
   0.05464   1.18454   0.17255  -0.06338   4.50000  6
   0.19046  -1.83964   0.05644  -0.16092   4.50000  7
  -0.25949  -1.26498  -0.05449   0.09116   4.50000  8
  -0.37346  -1.34796   0.02097   0.01814   4.50000  9
  -0.22748  -1.26947   0.02746  -0.00770   4.50000 10
  -0.05959  -0.40634  -0.01237   0.06578   4.50000 11
   0.01079  -0.43431  -0.21590   0.02707   4.50000 12
  -0.09144   1.38466  -0.05566   0.25493   4.50000 13
  -0.05978   1.43073  -0.25177   0.12471   4.50000 14
   0.09461  -0.41655   0.10280  -0.25437   4.50000 15
   0.17751  -0.55679   0.05377  -0.11894   4.50000 16
   0.11477  -1.77358  -0.02851  -0.04074   4.50000 17
   0.06315  -1.67098  -0.04267  -0.06338   4.50000 18
   0.03304  -2.01232  -0.02664   0.34854   4.50000 19
  -0.08651  -1.98379   0.13354   0.31152   4.50000 20
   0.00716   1.48468   0.00844  -0.14943   4.60000  1
   0.03600   1.64858   0.07073  -0.15460   4.60000  2
  -0.02671  -1.85563  -0.00718  -0.04411   4.60000  3
   0.11019  -1.77408   0.00308  -0.09577   4.60000  4
  -0.00980   1.20220   0.04066  -0.10499   4.60000  5
   0.07137   1.17894   0.16206  -0.04901   4.60000  6
   0.19478  -1.85525   0.02994  -0.15099   4.60000  7
  -0.26477  -1.25632  -0.05106   0.08186   4.60000  8
  -0.37054  -1.34605   0.03734   0.02023   4.60000  9
  -0.22490  -1.27062   0.02413  -0.01502   4.60000 10
  -0.06014  -0.40013   0.00110   0.05815   4.60000 11
  -0.01055  -0.43174  -0.21081   0.02429   4.60000 12
  -0.09636   1.41029  -0.04285   0.25750   4.60000 13
  -0.08459   1.44299  -0.24358   0.12060   4.60000 14
   0.10442  -0.44233   0.09344  -0.26091   4.60000 15
   0.18230  -0.56830   0.04198  -0.11140   4.60000 16
   0.11137  -1.77788  -0.03953  -0.04560   4.60000 17
   0.05893  -1.67840  -0.04181  -0.08507   4.60000 18
   0.03027  -1.97619  -0.02850   0.37438   4.60000 19
  -0.07223  -1.95173   0.15241   0.32988   4.60000 20
   0.00753   1.46938  -0.00112  -0.15604   4.70000  1
   0.04277   1.63221   0.06429  -0.17279   4.70000  2
  -0.02660  -1.85982   0.00964  -0.03960   4.70000  3
   0.10991  -1.78398  -0.00909  -0.10237   4.70000  4
  -0.00559   1.19238   0.04358  -0.09161   4.70000  5
   0.08704   1.17470   0.15113  -0.03601   4.70000  6
   0.19640  -1.86979   0.00219  -0.13960   4.70000  7
  -0.26968  -1.24864  -0.04693   0.07160   4.70000  8
  -0.36600  -1.34391   0.05352   0.02250   4.70000  9
  -0.22268  -1.27245   0.02023  -0.02162   4.70000 10
  -0.05943  -0.39476   0.01258   0.04913   4.70000 11
  -0.03133  -0.42947  -0.20459   0.02090   4.70000 12
  -0.10003   1.43612  -0.03075   0.25872   4.70000 13
  -0.10837   1.45485  -0.23164   0.11651   4.70000 14
   0.11331  -0.46866   0.08453  -0.26535   4.70000 15
   0.18592  -0.57908   0.03051  -0.10419   4.70000 16
   0.10683  -1.78275  -0.05144  -0.05188   4.70000 17
   0.05479  -1.68803  -0.04097  -0.10776   4.70000 18
   0.02740  -1.93742  -0.02861   0.40090   4.70000 19
  -0.05597  -1.91781   0.17294   0.34857   4.70000 20
   0.00692   1.45358  -0.01101  -0.15921   4.80000  1
   0.04880   1.61404   0.05618  -0.19055   4.80000  2
  -0.02473  -1.86344   0.02801  -0.03194   4.80000  3
   0.10829  -1.79454  -0.02380  -0.10855   4.80000  4
  -0.00107   1.18387   0.04691  -0.07860   4.80000  5
   0.10159   1.17170   0.13994  -0.02410   4.80000  6
   0.19519  -1.88309  -0.02661  -0.12586   4.80000  7
  -0.27414  -1.24203  -0.04215   0.06046   4.80000  8
  -0.35984  -1.34154   0.06954   0.02490   4.80000  9
  -0.22087  -1.27492   0.01593  -0.02767   4.80000 10
  -0.05770  -0.39034   0.02159   0.03912   4.80000 11
  -0.05144  -0.42756  -0.19739   0.01740   4.80000 12
  -0.10255   1.46195  -0.01970   0.25738   4.80000 13
  -0.13082   1.46630  -0.21683   0.11259   4.80000 14
   0.12136  -0.49536   0.07677  -0.26857   4.80000 15
   0.18841  -0.58915   0.01928  -0.09739   4.80000 16
   0.10104  -1.78829  -0.06462  -0.05916   4.80000 17
   0.05073  -1.70000  -0.04031  -0.13179   4.80000 18
   0.02463  -1.89606  -0.02624   0.42573   4.80000 19
  -0.03760  -1.88206   0.19453   0.36581   4.80000 20
   0.00536   1.43764  -0.01996  -0.15923   4.90000  1
   0.05395   1.59413   0.04642  -0.20744   4.90000  2
  -0.02094  -1.86600   0.04817  -0.01795   4.90000  3
   0.10506  -1.80562  -0.04133  -0.11264   4.90000  4
   0.00380   1.17665   0.05054  -0.06584   4.90000  5
   0.11502   1.16985   0.12858  -0.01307   4.90000  6
   0.19107  -1.89486  -0.05579  -0.10900   4.90000  7
  -0.27809  -1.23657  -0.03677   0.04855   4.90000  8
  -0.35209  -1.33893   0.08538   0.02741   4.90000  9
  -0.21950  -1.27798   0.01138  -0.03333   4.90000 10
  -0.05520  -0.38695   0.02797   0.02851   4.90000 11
  -0.07078  -0.42599  -0.18918   0.01401   4.90000 12
  -0.10402   1.48748  -0.00995   0.25284   4.90000 13
  -0.15168   1.47737  -0.20014   0.10899   4.90000 14
   0.12871  -0.52235   0.07030  -0.27108   4.90000 15
   0.18978  -0.59857   0.00824  -0.09110   4.90000 16
   0.09386  -1.79457  -0.07931  -0.06616   4.90000 17
   0.04672  -1.71444  -0.03996  -0.15729   4.90000 18
   0.02226  -1.85247  -0.02051   0.44481   4.90000 19
  -0.01707  -1.84478   0.21592   0.37901   4.90000 20
   0.00299   1.42182  -0.02704  -0.15697   5.00000  1
   0.05804   1.57259   0.03521  -0.22298   5.00000  2
  -0.01507  -1.86680   0.06935   0.00294   5.00000  3
   0.09996  -1.81690  -0.06078  -0.11171   5.00000  4
   0.00905   1.17069   0.05435  -0.05323   5.00000  5
   0.12730   1.16906   0.11706  -0.00272   5.00000  6
   0.18405  -1.90477  -0.08438  -0.08879   5.00000  7
  -0.28147  -1.23234  -0.03076   0.03594   5.00000  8
  -0.34277  -1.33606   0.10101   0.02998   5.00000  9
  -0.21859  -1.28158   0.00675  -0.03871   5.00000 10
  -0.05219  -0.38464   0.03186   0.01771   5.00000 11
  -0.08924  -0.42476  -0.18000   0.01070   5.00000 12
  -0.10458   1.51241  -0.00157   0.24520   5.00000 13
  -0.17082   1.48811  -0.18252   0.10569   5.00000 14
   0.13546  -0.54956   0.06504  -0.27307   5.00000 15
   0.19006  -0.60740  -0.00260  -0.08554   5.00000 16
   0.08515  -1.80143  -0.09478  -0.07020   5.00000 17
   0.04273  -1.73147  -0.03986  -0.18314   5.00000 18
   0.02065  -1.80745  -0.01120   0.45351   5.00000 19
   0.00550  -1.80649   0.23487   0.38539   5.00000 20
   0.00003   1.40629  -0.03184  -0.15347   5.10000  1
   0.06096   1.54959   0.02300  -0.23670   5.10000  2
  -0.00707  -1.86528   0.09035   0.02772   5.10000  3
   0.09293  -1.82772  -0.07939  -0.10357   5.10000  4
   0.01468   1.16600   0.05823  -0.04063   5.10000  5
   0.13842   1.16929   0.10535   0.00709   5.10000  6
   0.17424  -1.91252  -0.11154  -0.06568   5.10000  7
  -0.28422  -1.22940  -0.02407   0.02272   5.10000  8
  -0.33190  -1.33293   0.11637   0.03255   5.10000  9
  -0.21815  -1.28571   0.00222  -0.04392   5.10000 10
  -0.04890  -0.38341   0.03367   0.00700   5.10000 11
  -0.10675  -0.42385  -0.17008   0.00736   5.10000 12
  -0.10437   1.53644   0.00550   0.23493   5.10000 13
  -0.18818   1.49852  -0.16477   0.10254   5.10000 14
   0.14175  -0.57694   0.06072  -0.27449   5.10000 15
   0.18927  -0.61571  -0.01318  -0.08101   5.10000 16
   0.07496  -1.80841  -0.10840  -0.06829   5.10000 17
   0.03877  -1.75093  -0.03898  -0.20463   5.10000 18
   0.02008  -1.76222  -0.00019   0.44880   5.10000 19
   0.02968  -1.76804   0.24702   0.38167   5.10000 20
  -0.00330   1.39114  -0.03433  -0.14955   5.20000  1
   0.06263   1.52532   0.01048  -0.24843   5.20000  2
   0.00296  -1.86124   0.11011   0.05282   5.20000  3
   0.08420  -1.83742  -0.09440  -0.08972   5.20000  4
   0.02069   1.16257   0.06207  -0.02794   5.20000  5
   0.14836   1.17047   0.09340   0.01647   5.20000  6
   0.16180  -1.91784  -0.13688  -0.04047   5.20000  7
  -0.28626  -1.22781  -0.01660   0.00900   5.20000  8
  -0.31951  -1.32955   0.13134   0.03501   5.20000  9
  -0.21814  -1.29036  -0.00202  -0.04898   5.20000 10
  -0.04551  -0.38323   0.03389  -0.00343   5.20000 11
  -0.12324  -0.42329  -0.15971   0.00390   5.20000 12
  -0.10353   1.55933   0.01125   0.22261   5.20000 13
  -0.20378   1.50861  -0.14743   0.09939   5.20000 14
   0.14763  -0.60443   0.05700  -0.27510   5.20000 15
   0.18744  -0.62364  -0.02335  -0.07786   5.20000 16
   0.06364  -1.81489  -0.11704  -0.06083   5.20000 17
   0.03503  -1.77202  -0.03524  -0.21538   5.20000 18
   0.02057  -1.71810   0.00959   0.43191   5.20000 19
   0.05452  -1.73055   0.24786   0.36659   5.20000 20
  -0.00677   1.37637  -0.03466  -0.14570   5.30000  1
   0.06307   1.49996  -0.00162  -0.25843   5.30000  2
   0.01486  -1.85480   0.12727   0.07555   5.30000  3
   0.07419  -1.84559  -0.10527  -0.07361   5.30000  4
   0.02709   1.16042   0.06578  -0.01507   5.30000  5
   0.15709   1.17257   0.08116   0.02550   5.30000  6
   0.14692  -1.92057  -0.16038  -0.01392   5.30000  7
  -0.28751  -1.22762  -0.00823  -0.00514   5.30000  8
  -0.30565  -1.32594   0.14572   0.03723   5.30000  9
  -0.21853  -1.29550  -0.00572  -0.05383   5.30000 10
  -0.04216  -0.38408   0.03300  -0.01349   5.30000 11
  -0.13869  -0.42308  -0.14917   0.00027   5.30000 12
  -0.10217   1.58091   0.01558   0.20891   5.30000 13
  -0.21769   1.51839  -0.13083   0.09613   5.30000 14
   0.15315  -0.63193   0.05346  -0.27466   5.30000 15
   0.18462  -0.63134  -0.03290  -0.07644   5.30000 16
   0.05174  -1.82052  -0.12008  -0.05159   5.30000 17
   0.03182  -1.79370  -0.02859  -0.21709   5.30000 18
   0.02192  -1.67601   0.01687   0.40960   5.30000 19
   0.07891  -1.69491   0.23860   0.34577   5.30000 20
  -0.01016   1.36198  -0.03300  -0.14219   5.40000  1
   0.06234   1.47367  -0.01276  -0.26730   5.40000  2
   0.02826  -1.84629   0.13980   0.09360   5.40000  3
   0.06327  -1.85214  -0.11249  -0.05740   5.40000  4
   0.03384   1.15957   0.06927  -0.00193   5.40000  5
   0.16458   1.17556   0.06854   0.03425   5.40000  6
   0.12978  -1.92059  -0.18213   0.01351   5.40000  7
  -0.28787  -1.22885   0.00119  -0.01954   5.40000  8
  -0.29040  -1.32212   0.15921   0.03896   5.40000  9
  -0.21926  -1.30111  -0.00857  -0.05834   5.40000 10
  -0.03893  -0.38592   0.03136  -0.02317   5.40000 11
  -0.15308  -0.42324  -0.13868  -0.00355   5.40000 12
  -0.10046   1.60109   0.01846   0.19458   5.40000 13
  -0.22998   1.52784  -0.11512   0.09274   5.40000 14
   0.15831  -0.65932   0.04974  -0.27302   5.40000 15
   0.18089  -0.63900  -0.04160  -0.07695   5.40000 16
   0.03978  -1.82525  -0.11832  -0.04337   5.40000 17
   0.02935  -1.81531  -0.02064  -0.21448   5.40000 18
   0.02387  -1.63615   0.02192   0.38798   5.40000 19
   0.10206  -1.66136   0.22383   0.32563   5.40000 20
  -0.01330   1.34792  -0.02950  -0.13914   5.50000  1
   0.06055   1.44652  -0.02270  -0.27565   5.50000  2
   0.04259  -1.83630   0.14544   0.10504   5.50000  3
   0.05181  -1.85709  -0.11615  -0.04184   5.50000  4
   0.04093   1.16005   0.07243   0.01156   5.50000  5
   0.17079   1.17941   0.05545   0.04274   5.50000  6
   0.11056  -1.91785  -0.20192   0.04152   5.50000  7
  -0.28723  -1.23153   0.01180  -0.03405   5.50000  8
  -0.27385  -1.31817   0.17141   0.03987   5.50000  9
  -0.22020  -1.30715  -0.01015  -0.06232   5.50000 10
  -0.03590  -0.38871   0.02924  -0.03249   5.50000 11
  -0.16643  -0.42379  -0.12837  -0.00756   5.50000 12
  -0.09852   1.61983   0.02002   0.18025   5.50000 13
  -0.24075   1.53693  -0.10035   0.08922   5.50000 14
   0.16308  -0.68650   0.04555  -0.27027   5.50000 15
   0.17633  -0.64680  -0.04933  -0.07934   5.50000 16
   0.02822  -1.82925  -0.11237  -0.03691   5.50000 17
   0.02771  -1.83648  -0.01232  -0.20833   5.50000 18
   0.02624  -1.59832   0.02515   0.36923   5.50000 19
   0.12359  -1.62968   0.20666   0.30850   5.50000 20
  -0.01601   1.33414  -0.02428  -0.13660   5.60000  1
   0.05784   1.41854  -0.03132  -0.28397   5.60000  2
   0.05708  -1.82552   0.14311   0.10941   5.60000  3
   0.04016  -1.86054  -0.11625  -0.02727   5.60000  4
   0.04831   1.16189   0.07513   0.02544   5.60000  5
   0.17565   1.18410   0.04177   0.05099   5.60000  6
   0.08949  -1.91229  -0.21903   0.06953   5.60000  7
  -0.28546  -1.23566   0.02370  -0.04847   5.60000  8
  -0.25617  -1.31419   0.18182   0.03957   5.60000  9
  -0.22123  -1.31355  -0.00993  -0.06548   5.60000 10
  -0.03310  -0.39241   0.02683  -0.04151   5.60000 11
  -0.17876  -0.42476  -0.11829  -0.01175   5.60000 12
  -0.09649   1.63715   0.02052   0.16633   5.60000 13
  -0.25008   1.54568  -0.08651   0.08560   5.60000 14
   0.16740  -0.71335   0.04075  -0.26674   5.60000 15
   0.17105  -0.65492  -0.05606  -0.08332   5.60000 16
   0.01743  -1.83269  -0.10289  -0.03206   5.60000 17
   0.02688  -1.85683  -0.00445  -0.19787   5.60000 18
   0.02885  -1.56220   0.02676   0.35366   5.60000 19
   0.14336  -1.59956   0.18861   0.29451   5.60000 20
  -0.01811   1.32058  -0.01741  -0.13460   5.70000  1
   0.05433   1.38972  -0.03858  -0.29247   5.70000  2
   0.07097  -1.81460   0.13356   0.10839   5.70000  3
   0.02866  -1.86259  -0.11328  -0.01403   5.70000  4
   0.05594   1.16515   0.07723   0.03976   5.70000  5
   0.17912   1.18960   0.02739   0.05897   5.70000  6
   0.06689  -1.90398  -0.23225   0.09636   5.70000  7
  -0.28244  -1.24122   0.03695  -0.06261   5.70000  8
  -0.23756  -1.31031   0.19003   0.03767   5.70000  9
  -0.22211  -1.32021  -0.00741  -0.06757   5.70000 10
  -0.03054  -0.39700   0.02423  -0.05028   5.70000 11
  -0.19010  -0.42615  -0.10849  -0.01610   5.70000 12
  -0.09445   1.65312   0.02019   0.15305   5.70000 13
  -0.25808   1.55405  -0.07355   0.08193   5.70000 14
   0.17121  -0.73983   0.03535  -0.26289   5.70000 15
   0.16515  -0.66350  -0.06189  -0.08849   5.70000 16
   0.00772  -1.83570  -0.09105  -0.02843   5.70000 17
   0.02676  -1.87590   0.00181  -0.18283   5.70000 18
   0.03154  -1.52749   0.02681   0.34095   5.70000 19
   0.16131  -1.57069   0.17038   0.28323   5.70000 20
  -0.01944   1.30720  -0.00900  -0.13319   5.80000  1
   0.05018   1.36004  -0.04431  -0.30111   5.80000  2
   0.08362  -1.80394   0.11866   0.10454   5.80000  3
   0.01758  -1.86339  -0.10822  -0.00222   5.80000  4
   0.06373   1.16986   0.07850   0.05448   5.80000  5
   0.18110   1.19588   0.01215   0.06656   5.80000  6
   0.04321  -1.89312  -0.24022   0.12011   5.80000  7
  -0.27803  -1.24816   0.05152  -0.07626   5.80000  8
  -0.21825  -1.30672   0.19583   0.03392   5.80000  9
  -0.22262  -1.32702  -0.00222  -0.06844   5.80000 10
  -0.02825  -0.40246   0.02153  -0.05884   5.80000 11
  -0.20047  -0.42798  -0.09897  -0.02061   5.80000 12
  -0.09247   1.66779   0.01927   0.14048   5.80000 13
  -0.26482   1.56206  -0.06140   0.07825   5.80000 14
   0.17446  -0.76593   0.02942  -0.25914   5.80000 15
   0.15870  -0.67264  -0.06697  -0.09446   5.80000 16
  -0.00075  -1.83840  -0.07822  -0.02559   5.80000 17
   0.02714  -1.89324   0.00513  -0.16335   5.80000 18
   0.03416  -1.49393   0.02528   0.33067   5.80000 19
   0.17744  -1.54284   0.15224   0.27417   5.80000 20
  -0.01986   1.29392   0.00087  -0.13240   5.90000  1
   0.04553   1.32951  -0.04823  -0.30952   5.90000  2
   0.09459  -1.79371   0.10048   0.09993   5.90000  3
   0.00705  -1.86307  -0.10213   0.00849   5.90000  4
   0.07160   1.17605   0.07866   0.06944   5.90000  5
   0.18152   1.20289  -0.00408   0.07357   5.90000  6
   0.01905  -1.88012  -0.24206   0.13911   5.90000  7
  -0.27210  -1.25645   0.06728  -0.08927   5.90000  8
  -0.19847  -1.30359   0.19940   0.02834   5.90000  9
  -0.22247  -1.33386   0.00568  -0.06812   5.90000 10
  -0.02624  -0.40876   0.01877  -0.06726   5.90000 11
  -0.20990  -0.43028  -0.08970  -0.02527   5.90000 12
  -0.09061   1.68124   0.01793   0.12862   5.90000 13
  -0.27038   1.56970  -0.04999   0.07463   5.90000 14
   0.17708  -0.79168   0.02305  -0.25586   5.90000 15
   0.15177  -0.68241  -0.07148  -0.10094   5.90000 16
  -0.00794  -1.84082  -0.06568  -0.02290   5.90000 17
   0.02766  -1.90844   0.00475  -0.13988   5.90000 18
   0.03654  -1.46129   0.02216   0.32234   5.90000 19
   0.19177  -1.51579   0.13430   0.26694   5.90000 20
  -0.01922   1.28070   0.01200  -0.13228   6.00000  1
   0.04061   1.29817  -0.04990  -0.31687   6.00000  2
   0.10366  -1.78394   0.08065   0.09571   6.00000  3
  -0.00285  -1.86172  -0.09591   0.01861   6.00000  4
   0.07941   1.18374   0.07731   0.08422   6.00000  5
   0.18025   1.21056  -0.02137   0.07965   6.00000  6
  -0.00500  -1.86548  -0.23791   0.15284   6.00000  7
  -0.26454  -1.26599   0.08407  -0.10151   6.00000  8
  -0.17842  -1.30110   0.20129   0.02113   6.00000  9
  -0.22140  -1.34061   0.01599  -0.06679   6.00000 10
  -0.02450  -0.41590   0.01598  -0.07557   6.00000 11
  -0.21842  -0.43304  -0.08066  -0.03008   6.00000 12
  -0.08889   1.69353   0.01630   0.11742   6.00000 13
  -0.27484   1.57699  -0.03922   0.07109   6.00000 14
   0.17906  -0.81713   0.01634  -0.25334   6.00000 15
   0.14442  -0.69284  -0.07554  -0.10775   6.00000 16
  -0.01393  -1.84296  -0.05447  -0.01961   6.00000 17
   0.02798  -1.92113   0.00101  -0.11362   6.00000 18
   0.03854  -1.42941   0.01746   0.31553   6.00000 19
   0.20431  -1.48940   0.11657   0.26123   6.00000 20
  -0.01742   1.26745   0.02416  -0.13281   6.10000  1
   0.03564   1.26622  -0.04887  -0.32172   6.10000  2
   0.11071  -1.77454   0.06028   0.09229   6.10000  3
  -0.01214  -1.85935  -0.09007   0.02863   6.10000  4
   0.08699   1.19286   0.07399   0.09788   6.10000  5
   0.17721   1.21877  -0.03965   0.08429   6.10000  6
  -0.02837  -1.84971  -0.22875   0.16187   6.10000  7
  -0.25526  -1.27672   0.10169  -0.11291   6.10000  8
  -0.15824  -1.29941   0.20220   0.01266   6.10000  9
  -0.21920  -1.34719   0.02828  -0.06468   6.10000 10
  -0.02304  -0.42387   0.01317  -0.08382   6.10000 11
  -0.22604  -0.43630  -0.07184  -0.03503   6.10000 12
  -0.08735   1.70474   0.01446   0.10679   6.10000 13
  -0.27825   1.58393  -0.02902   0.06767   6.10000 14
   0.18034  -0.84238   0.00931  -0.25178   6.10000 15
   0.13668  -0.70397  -0.07925  -0.11479   6.10000 16
  -0.01890  -1.84470  -0.04532  -0.01500   6.10000 17
   0.02779  -1.93112  -0.00497  -0.08610   6.10000 18
   0.03998  -1.39815   0.01120   0.30976   6.10000 19
   0.21508  -1.46351   0.09899   0.25679   6.10000 20
  -0.01437   1.25412   0.03698  -0.13386   6.20000  1
   0.03093   1.23398  -0.04500  -0.32211   6.20000  2
   0.11572  -1.76545   0.03994   0.08973   6.20000  3
  -0.02088  -1.85599  -0.08478   0.03878   6.20000  4
   0.09413   1.20323   0.06838   0.10891   6.20000  5
   0.17230   1.22736  -0.05854   0.08700   6.20000  6
  -0.05062  -1.83323  -0.21582   0.16717   6.20000  7
  -0.24418  -1.28854   0.11993  -0.12337   6.20000  8
  -0.13800  -1.29860   0.20277   0.00336   6.20000  9
  -0.21569  -1.35353   0.04209  -0.06206   6.20000 10
  -0.02187  -0.43267   0.01034  -0.09205   6.20000 11
  -0.23279  -0.44005  -0.06319  -0.04013   6.20000 12
  -0.08601   1.71491   0.01250   0.09667   6.20000 13
  -0.28066   1.59053  -0.01931   0.06441   6.20000 14
   0.18091  -0.86752   0.00200  -0.25136   6.20000 15
   0.12858  -0.71581  -0.08270  -0.12203   6.20000 16
  -0.02307  -1.84590  -0.03846  -0.00866   6.20000 17
   0.02694  -1.93834  -0.01212  -0.05841   6.20000 18
   0.04073  -1.36744   0.00348   0.30456   6.20000 19
   0.22411  -1.43800   0.08149   0.25345   6.20000 20
  -0.01002   1.24067   0.05004  -0.13505   6.30000  1
   0.02672   1.20199  -0.03897  -0.31661   6.30000  2
   0.11870  -1.75657   0.01991   0.08795   6.30000  3
  -0.02911  -1.85159  -0.07991   0.04910   6.30000  4
   0.10061   1.21450   0.06082   0.11586   6.30000  5
   0.16550   1.23610  -0.07740   0.08744   6.30000  6
  -0.07145  -1.81636  -0.20034   0.16981   6.30000  7
  -0.23126  -1.30136   0.13855  -0.13277   6.30000  8
  -0.11769  -1.29875   0.20347  -0.00627   6.30000  9
  -0.21075  -1.35959   0.05706  -0.05915   6.30000 10
  -0.02097  -0.44228   0.00750  -0.10028   6.30000 11
  -0.23868  -0.44433  -0.05470  -0.04538   6.30000 12
  -0.08486   1.72409   0.01046   0.08696   6.30000 13
  -0.28212   1.59681  -0.01000   0.06131   6.30000 14
   0.18073  -0.89269  -0.00560  -0.25223   6.30000 15
   0.12015  -0.72838  -0.08592  -0.12950   6.30000 16
  -0.02666  -1.84637  -0.03367  -0.00055   6.30000 17
   0.02535  -1.94281  -0.01978  -0.03108   6.30000 18
   0.04064  -1.33724  -0.00550   0.29938   6.30000 19
   0.23138  -1.41279   0.06397   0.25105   6.30000 20
  -0.00437   1.22712   0.06289  -0.13583   6.40000  1
   0.02316   1.17085  -0.03212  -0.30551   6.40000  2
   0.11971  -1.74784   0.00022   0.08685   6.40000  3
  -0.03687  -1.84616  -0.07524   0.05952   6.40000  4
   0.10626   1.22626   0.05220   0.11852   6.40000  5
   0.15685   1.24477  -0.09541   0.08568   6.40000  6
  -0.09064  -1.79932  -0.18335   0.17086   6.40000  7
  -0.21647  -1.31505   0.15729  -0.14094   6.40000  8
  -0.09729  -1.29985   0.20449  -0.01564   6.40000  9
  -0.20425  -1.36536   0.07294  -0.05619   6.40000 10
  -0.02037  -0.45272   0.00463  -0.10854   6.40000 11
  -0.24373  -0.44913  -0.04633  -0.05080   6.40000 12
  -0.08391   1.73231   0.00837   0.07759   6.40000 13
  -0.28267   1.60280  -0.00102   0.05838   6.40000 14
   0.17978  -0.91802  -0.01353  -0.25456   6.40000 15
   0.11140  -0.74172  -0.08894  -0.13724   6.40000 16
  -0.02986  -1.84596  -0.03047   0.00906   6.40000 17
   0.02298  -1.94458  -0.02759  -0.00423   6.40000 18
   0.03960  -1.30758  -0.01534   0.29357   6.40000 19
   0.23690  -1.38777   0.04631   0.24946   6.40000 20
   0.00254   1.21354   0.07504  -0.13561   6.50000  1
   0.02028   1.14102  -0.02558  -0.29064   6.50000  2
   0.11876  -1.73918  -0.01917   0.08634   6.50000  3
  -0.04416  -1.83969  -0.07055   0.06996   6.50000  4
   0.11104   1.23810   0.04325   0.11783   6.50000  5
   0.14647   1.25317  -0.11180   0.08204   6.50000  6
  -0.10809  -1.78221  -0.16556   0.17119   6.50000  7
  -0.19981  -1.32950   0.17580  -0.14766   6.50000  8
  -0.07678  -1.30184   0.20570  -0.02407   6.50000  9
  -0.19613  -1.37084   0.08955  -0.05345   6.50000 10
  -0.02005  -0.46399   0.00174  -0.11687   6.50000 11
  -0.24795  -0.45449  -0.03808  -0.05639   6.50000 12
  -0.08318   1.73961   0.00624   0.06849   6.50000 13
  -0.28233   1.60850   0.00771   0.05562   6.50000 14
   0.17801  -0.94366  -0.02185  -0.25851   6.50000 15
   0.10236  -0.75584  -0.09177  -0.14533   6.50000 16
  -0.03279  -1.84452  -0.02837   0.01988   6.50000 17
   0.01983  -1.94367  -0.03539   0.02219   6.50000 18
   0.03756  -1.27857  -0.02529   0.28643   6.50000 19
   0.24063  -1.36287   0.02837   0.24856   6.50000 20
   0.01060   1.20005   0.08599  -0.13388   6.60000  1
   0.01802   1.11278  -0.01979  -0.27391   6.60000  2
   0.11588  -1.73055  -0.03833   0.08640   6.60000  3
  -0.05097  -1.83217  -0.06567   0.08041   6.60000  4
   0.11491   1.24975   0.03421   0.11488   6.60000  5
   0.13456   1.26113  -0.12593   0.07696   6.60000  6
  -0.12374  -1.76508  -0.14738   0.17142   6.60000  7
  -0.18133  -1.34453   0.19364  -0.15277   6.60000  8
  -0.05616  -1.30461   0.20658  -0.03096   6.60000  9
  -0.18632  -1.37607   0.10676  -0.05121   6.60000 10
  -0.02002  -0.47610  -0.00118  -0.12529   6.60000 11
  -0.25135  -0.46042  -0.02990  -0.06218   6.60000 12
  -0.08267   1.74602   0.00409   0.05959   6.60000 13
  -0.28114   1.61393   0.01623   0.05302   6.60000 14
   0.17539  -0.96978  -0.03066  -0.26428   6.60000 15
   0.09305  -0.77080  -0.09439  -0.15386   6.60000 16
  -0.03555  -1.84195  -0.02698   0.03169   6.60000 17
   0.01591  -1.94015  -0.04310   0.04832   6.60000 18
   0.03457  -1.25036  -0.03422   0.27743   6.60000 19
   0.24256  -1.33803   0.01003   0.24824   6.60000 20
   0.01968   1.18682   0.09524  -0.13042   6.70000  1
   0.01630   1.08625  -0.01476  -0.25665   6.70000  2
   0.11110  -1.72188  -0.05739   0.08701   6.70000  3
  -0.05728  -1.82360  -0.06046   0.09089   6.70000  4
   0.11787   1.26102   0.02502   0.11041   6.70000  5
   0.12138   1.26853  -0.13728   0.07085   6.70000  6
  -0.13756  -1.74792  -0.12894   0.17195   6.70000  7
  -0.16112  -1.36000   0.21031  -0.15621   6.70000  8
  -0.03550  -1.30797   0.20645  -0.03608   6.70000  9
  -0.17477  -1.38111   0.12446  -0.04974   6.70000 10
  -0.02028  -0.48906  -0.00413  -0.13383   6.70000 11
  -0.25394  -0.46693  -0.02179  -0.06818   6.70000 12
  -0.08237   1.75154   0.00191   0.05083   6.70000 13
  -0.27909   1.61910   0.02462   0.05056   6.70000 14
   0.17186  -0.99658  -0.04009  -0.27203   6.70000 15
   0.08349  -0.78663  -0.09679  -0.16295   6.70000 16
  -0.03820  -1.83816  -0.02603   0.04437   6.70000 17
   0.01122  -1.93401  -0.05065   0.07435   6.70000 18
   0.03080  -1.22315  -0.04082   0.26651   6.70000 19
   0.24262  -1.31321  -0.00887   0.24835   6.70000 20
   0.02958   1.17402   0.10235  -0.12526   6.80000  1
   0.01505   1.06144  -0.01035  -0.23960   6.80000  2
   0.10440  -1.71313  -0.07644   0.08821   6.80000  3
  -0.06305  -1.81399  -0.05482   0.10147   6.80000  4
   0.11991   1.27179   0.01558   0.10490   6.80000  5
   0.10721   1.27528  -0.14550   0.06409   6.80000  6
  -0.14952  -1.73067  -0.11018   0.17301   6.80000  7
  -0.13932  -1.37572   0.22533  -0.15811   6.80000  8
  -0.01492  -1.31177   0.20483  -0.03969   6.80000  9
  -0.16142  -1.38605   0.14250  -0.04929   6.80000 10
  -0.02085  -0.50287  -0.00712  -0.14251   6.80000 11
  -0.25571  -0.47406  -0.01373  -0.07442   6.80000 12
  -0.08229   1.75619  -0.00031   0.04216   6.80000 13
  -0.27621   1.62404   0.03292   0.04822   6.80000 14
   0.16735  -1.02426  -0.05031  -0.28187   6.80000 15
   0.07371  -0.80341  -0.09894  -0.17272   6.80000 16
  -0.04077  -1.83305  -0.02534   0.05791   6.80000 17
   0.00579  -1.92528  -0.05800   0.10045   6.80000 18
   0.02653  -1.19710  -0.04403   0.25428   6.80000 19
   0.24076  -1.28835  -0.02846   0.24876   6.80000 20
   0.04007   1.16181   0.10703  -0.11870   6.90000  1
   0.01421   1.03831  -0.00640  -0.22314   6.90000  2
   0.09581  -1.70422  -0.09554   0.09005   6.90000  3
  -0.06823  -1.80330  -0.04867   0.11228   6.90000  4
   0.12098   1.28198   0.00585   0.09870   6.90000  5
   0.09239   1.28134  -0.15044   0.05707   6.90000  6
  -0.15958  -1.71330  -0.09092   0.17465   6.90000  7
  -0.11612  -1.39158   0.23833  -0.15877   6.90000  8
   0.00542  -1.31588   0.20168  -0.04234   6.90000  9
  -0.14626  -1.39100   0.16070  -0.05002   6.90000 10
  -0.02171  -0.51756  -0.01015  -0.15135   6.90000 11
  -0.25668  -0.48183  -0.00569  -0.08092   6.90000 12
  -0.08243   1.75997  -0.00257   0.03354   6.90000 13
  -0.27251   1.62875   0.04117   0.04598   6.90000 14
   0.16177  -1.05302  -0.06144  -0.29374   6.90000 15
   0.06372  -0.82120  -0.10079  -0.18332   6.90000 16
  -0.04328  -1.82654  -0.02477   0.07236   6.90000 17
  -0.00037  -1.91391  -0.06510   0.12682   6.90000 18
   0.02212  -1.17231  -0.04342   0.24160   6.90000 19
   0.23690  -1.26345  -0.04886   0.24926   6.90000 20
   0.05090   1.15031   0.10927  -0.11122   7.00000  1
   0.01375   1.01679  -0.00279  -0.20746   7.00000  2
   0.08529  -1.69509  -0.11472   0.09263   7.00000  3
  -0.07276  -1.79152  -0.04194   0.12345   7.00000  4
   0.12107   1.29152  -0.00410   0.09211   7.00000  5
   0.07723   1.28670  -0.15231   0.05023   7.00000  6
  -0.16767  -1.69573  -0.07088   0.17684   7.00000  7
  -0.09173  -1.40745   0.24906  -0.15858   7.00000  8
   0.02537  -1.32022   0.19715  -0.04442   7.00000  9
  -0.12928  -1.39609   0.17880  -0.05200   7.00000 10
  -0.02288  -0.53315  -0.01321  -0.16039   7.00000 11
  -0.25685  -0.49026   0.00232  -0.08771   7.00000 12
  -0.08280   1.76289  -0.00489   0.02491   7.00000 13
  -0.26798   1.63324   0.04940   0.04381   7.00000 14
   0.15503  -1.08306  -0.07345  -0.30716   7.00000 15
   0.05356  -0.84011  -0.10228  -0.19492   7.00000 16
  -0.04572  -1.81854  -0.02422   0.08780   7.00000 17
  -0.00722  -1.89990  -0.07187   0.15363   7.00000 18
   0.01796  -1.14878  -0.03915   0.22891   7.00000 19
   0.23096  -1.23851  -0.07019   0.24954   7.00000 20
   0.06184   1.13958   0.10925  -0.10332   7.10000  1
   0.01365   0.99679   0.00056  -0.19260   7.10000  2
   0.07286  -1.68567  -0.13393   0.09608   7.10000  3
  -0.07659  -1.77860  -0.03454   0.13513   7.10000  4
   0.12016   1.30040  -0.01412   0.08535   7.10000  5
   0.06201   1.29140  -0.15153   0.04393   7.10000  6
  -0.17372  -1.67792  -0.04977   0.17939   7.10000  7
  -0.06639  -1.42328   0.25728  -0.15790   7.10000  8
   0.04480  -1.32475   0.19132  -0.04608   7.10000  9
  -0.11051  -1.40144   0.19649  -0.05521   7.10000 10
  -0.02435  -0.54965  -0.01631  -0.16966   7.10000 11
  -0.25622  -0.49938   0.01034  -0.09483   7.10000 12
  -0.08341   1.76495  -0.00727   0.01625   7.10000 13
  -0.26263   1.63752   0.05765   0.04171   7.10000 14
   0.14706  -1.11447  -0.08584  -0.32105   7.10000 15
   0.04327  -0.86023  -0.10332  -0.20768   7.10000 16
  -0.04812  -1.80895  -0.02359   0.10439   7.10000 17
  -0.01473  -1.88317  -0.07819   0.18106   7.10000 18
   0.01439  -1.12653  -0.03193   0.21603   7.10000 19
   0.22283  -1.21357  -0.09254   0.24900   7.10000 20
   0.07269   1.12965   0.10735  -0.09540   7.20000  1
   0.01386   0.97824   0.00370  -0.17855   7.20000  2
   0.05851  -1.67584  -0.15298   0.10056   7.20000  3
  -0.07965  -1.76447  -0.02638   0.14748   7.20000  4
   0.11825   1.30859  -0.02406   0.07863   7.20000  5
   0.04699   1.29551  -0.14869   0.03846   7.20000  6
  -0.17758  -1.65984  -0.02729   0.18202   7.20000  7
  -0.04037  -1.43902   0.26270  -0.15701   7.20000  8
   0.06358  -1.32942   0.18405  -0.04731   7.20000  9
  -0.09001  -1.40717   0.21342  -0.05958   7.20000 10
  -0.02614  -0.56709  -0.01942  -0.17918   7.20000 11
  -0.25478  -0.50923   0.01836  -0.10230   7.20000 12
  -0.08426   1.76614  -0.00974   0.00750   7.20000 13
  -0.25645   1.64158   0.06592   0.03964   7.20000 14
   0.13788  -1.14722  -0.09762  -0.33366   7.20000 15
   0.03291  -0.88169  -0.10378  -0.22179   7.20000 16
  -0.05044  -1.79762  -0.02281   0.12232   7.20000 17
  -0.02284  -1.86366  -0.08387   0.20928   7.20000 18
   0.01163  -1.10560  -0.02301   0.20260   7.20000 19
   0.21242  -1.18878  -0.11583   0.24632   7.20000 20
   0.08326   1.12049   0.10397  -0.08775   7.30000  1
   0.01438   0.96106   0.00665  -0.16527   7.30000  2
   0.04229  -1.66552  -0.17143   0.10622   7.30000  3
  -0.08184  -1.74907  -0.01739   0.16068   7.30000  4
   0.11535   1.31613  -0.03381   0.07207   7.30000  5
   0.03233   1.29913  -0.14433   0.03396   7.30000  6
  -0.17912  -1.64152  -0.00321   0.18434   7.30000  7
  -0.01396  -1.45467   0.26487  -0.15604   7.30000  8
   0.08155  -1.33420   0.17496  -0.04818   7.30000  9
  -0.06787  -1.41339   0.22912  -0.06496   7.30000 10
  -0.02824  -0.58550  -0.02252  -0.18901   7.30000 11
  -0.25254  -0.51985   0.02640  -0.11018   7.30000 12
  -0.08536   1.76645  -0.01231  -0.00136   7.30000 13
  -0.24944   1.64544   0.07424   0.03759   7.30000 14
   0.12758  -1.18110  -0.10815  -0.34339   7.30000 15
   0.02255  -0.90463  -0.10344  -0.23740   7.30000 16
  -0.05267  -1.78443  -0.02183   0.14182   7.30000 17
  -0.03148  -1.84128  -0.08867   0.23840   7.30000 18
   0.00980  -1.08602  -0.01383   0.18886   7.30000 19
   0.19966  -1.16444  -0.13929   0.23962   7.30000 20
   0.09345   1.11208   0.09950  -0.08053   7.40000  1
   0.01519   0.94516   0.00945  -0.15270   7.40000  2
   0.02427  -1.65456  -0.18848   0.11310   7.40000  3
  -0.08309  -1.73230  -0.00752   0.17489   7.40000  4
   0.11149   1.32302  -0.04330   0.06579   7.40000  5
   0.01816   1.30234  -0.13893   0.03046   7.40000  6
  -0.17817  -1.62300   0.02260   0.18592   7.40000  7
   0.01248  -1.47023   0.26311  -0.15493   7.40000  8
   0.09850  -1.33906   0.16351  -0.04897   7.40000  9
  -0.04425  -1.42019   0.24302  -0.07114   7.40000 10
  -0.03064  -0.60490  -0.02558  -0.19919   7.40000 11
  -0.24950  -0.53129   0.03448  -0.11851   7.40000 12
  -0.08672   1.76586  -0.01497  -0.01036   7.40000 13
  -0.24160   1.64910   0.08261   0.03554   7.40000 14
   0.11628  -1.21582  -0.11788  -0.35074   7.40000 15
   0.01226  -0.92922  -0.10201  -0.25452   7.40000 16
  -0.05480  -1.76920  -0.02060   0.16317   7.40000 17
  -0.04053  -1.81595  -0.09222   0.26849   7.40000 18
   0.00884  -1.06781  -0.00538   0.17565   7.40000 19
   0.18460  -1.14100  -0.16140   0.22860   7.40000 20
   0.10314   1.10437   0.09423  -0.07380   7.50000  1
   0.01626   0.93049   0.01210  -0.14077   7.50000  2
   0.00468  -1.64286  -0.20283   0.12097   7.50000  3
  -0.08332  -1.71406   0.00318   0.19025   7.50000  4
   0.10670   1.32930  -0.05249   0.05987   7.50000  5
   0.00456   1.30525  -0.13284   0.02795   7.50000  6
  -0.17454  -1.60438   0.05013   0.18634   7.50000  7
   0.03850  -1.48564   0.25650  -0.15326   7.50000  8
   0.11416  -1.34401   0.14909  -0.05034   7.50000  9
  -0.01935  -1.42764   0.25431  -0.07781   7.50000 10
  -0.03335  -0.62535  -0.02856  -0.20978   7.50000 11
  -0.24565  -0.54357   0.04259  -0.12733   7.50000 12
  -0.08836   1.76437  -0.01773  -0.01956   7.50000 13
  -0.23292   1.65255   0.09103   0.03349   7.50000 14
   0.10402  -1.25126  -0.12712  -0.35840   7.50000 15
   0.00219  -0.95558  -0.09903  -0.27278   7.50000 16
  -0.05678  -1.75173  -0.01907   0.18659   7.50000 17
  -0.04986  -1.78755  -0.09404   0.29951   7.50000 18
   0.00868  -1.05086   0.00189   0.16342   7.50000 19
   0.16745  -1.11879  -0.18136   0.21545   7.50000 20
   0.11227   1.09731   0.08841  -0.06757   7.60000  1
   0.01760   0.91699   0.01460  -0.12942   7.60000  2
  -0.01615  -1.63036  -0.21289   0.12914   7.60000  3
  -0.08244  -1.69421   0.01451   0.20689   7.60000  4
   0.10100   1.33500  -0.06138   0.05435   7.60000  5
  -0.00839   1.30796  -0.12629   0.02636   7.60000  6
  -0.16809  -1.58578   0.07926   0.18527   7.60000  7
   0.06359  -1.50083   0.24420  -0.15011   7.60000  8
   0.12820  -1.34918   0.13113  -0.05335   7.60000  9
   0.00649  -1.43575   0.26188  -0.08447   7.60000 10
  -0.03635  -0.64688  -0.03139  -0.22086   7.60000 11
  -0.24098  -0.55677   0.05075  -0.13671   7.60000 12
  -0.09027   1.76194  -0.02058  -0.02898   7.60000 13
  -0.22339   1.65580   0.09949   0.03141   7.60000 14
   0.09089  -1.28758  -0.13525  -0.36834   7.60000 15
  -0.00747  -0.98378  -0.09390  -0.29103   7.60000 16
  -0.05860  -1.73180  -0.01720   0.21228   7.60000 17
  -0.05926  -1.75602  -0.09350   0.33122   7.60000 18
   0.00917  -1.03511   0.00769   0.15157   7.60000 19
   0.14839  -1.09791  -0.19954   0.20235   7.60000 20
   0.12081   1.09084   0.08221  -0.06182   7.70000  1
   0.01918   0.90459   0.01698  -0.11858   7.70000  2
  -0.03771  -1.61705  -0.21731   0.13681   7.70000  3
  -0.08041  -1.67263   0.02601   0.22489   7.70000  4
   0.09443   1.34018  -0.07000   0.04928   7.70000  5
  -0.02068   1.31055  -0.11945   0.02563   7.70000  6
  -0.15865  -1.56738   0.10968   0.18242   7.70000  7
   0.08714  -1.51557   0.22598  -0.14427   7.70000  8
   0.14026  -1.35478   0.10956  -0.05921   7.70000  9
   0.03285  -1.44451   0.26433  -0.09042   7.70000 10
  -0.03962  -0.66954  -0.03400  -0.23252   7.70000 11
  -0.23550  -0.57093   0.05896  -0.14671   7.70000 12
  -0.09248   1.75857  -0.02350  -0.03865   7.70000 13
  -0.21302   1.65883   0.10796   0.02930   7.70000 14
   0.07704  -1.32502  -0.14154  -0.38082   7.70000 15
  -0.01650  -1.01371  -0.08616  -0.30719   7.70000 16
  -0.06021  -1.70919  -0.01491   0.24024   7.70000 17
  -0.06846  -1.72130  -0.08992   0.36310   7.70000 18
   0.01016  -1.02059   0.01177   0.13840   7.70000 19
   0.12758  -1.07829  -0.21665   0.19014   7.70000 20
   0.12871   1.08493   0.07576  -0.05652   7.80000  1
   0.02099   0.89326   0.01923  -0.10819   7.80000  2
  -0.05939  -1.60302  -0.21517   0.14387   7.80000  3
  -0.07725  -1.64919   0.03705   0.24425   7.80000  4
   0.08701   1.34488  -0.07836   0.04467   7.80000  5
  -0.03228   1.31311  -0.11241   0.02568   7.80000  6
  -0.14612  -1.54936   0.14086   0.17762   7.80000  7
   0.10860  -1.52956   0.20245  -0.13490   7.80000  8
   0.15001  -1.36114   0.08513  -0.06850   7.80000  9
   0.05914  -1.45379   0.26010  -0.09500   7.80000 10
  -0.04314  -0.69341  -0.03628  -0.24489   7.80000 11
  -0.22919  -0.58613   0.06723  -0.15742   7.80000 12
  -0.09497   1.75420  -0.02646  -0.04861   7.80000 13
  -0.20180   1.66165   0.11637   0.02713   7.80000 14
   0.06265  -1.36381  -0.14587  -0.39535   7.80000 15
  -0.02463  -1.04508  -0.07612  -0.31953   7.80000 16
  -0.06156  -1.68369  -0.01209   0.27022   7.80000 17
  -0.07712  -1.68343  -0.08265   0.39421   7.80000 18
   0.01147  -1.00752   0.01422   0.12271   7.80000 19
   0.10509  -1.05986  -0.23302   0.17856   7.80000 20
   0.13595   1.07952   0.06915  -0.05164   7.90000  1
   0.02302   0.88294   0.02137  -0.09819   7.90000  2
  -0.08050  -1.58826  -0.20555   0.15136   7.90000  3
  -0.07304  -1.62374   0.04703   0.26484   7.90000  4
   0.07877   1.34913  -0.08649   0.04056   7.90000  5
  -0.04316   1.31571  -0.10521   0.02646   7.90000  6
  -0.13049  -1.53193   0.17175   0.17087   7.90000  7
   0.12749  -1.54243   0.17471  -0.12178   7.90000  8
   0.15723  -1.36858   0.05898  -0.08085   7.90000  9
   0.08461  -1.46346   0.24791  -0.09815   7.90000 10
  -0.04686  -0.71855  -0.03810  -0.25813   7.90000 11
  -0.22205  -0.60245   0.07558  -0.16893   7.90000 12
  -0.09777   1.74883  -0.02937  -0.05888   7.90000 13
  -0.18975   1.66426   0.12465   0.02488   7.90000 14
   0.04791  -1.40412  -0.14875  -0.41097   7.90000 15
  -0.03169  -1.07750  -0.06509  -0.32826   7.90000 16
  -0.06260  -1.65510  -0.00848   0.30166   7.90000 17
  -0.08485  -1.64254  -0.07126   0.42311   7.90000 18
   0.01296  -0.99611   0.01539   0.10525   7.90000 19
   0.08101  -1.04259  -0.24819   0.16681   7.90000 20
   0.14253   1.07459   0.06244  -0.04714   8.00000  1
   0.02526   0.87361   0.02340  -0.08854   8.00000  2
  -0.10022  -1.57267  -0.18740   0.16091   8.00000  3
  -0.06788  -1.59619   0.05585   0.28631   8.00000  4
   0.06972   1.35300  -0.09443   0.03697   8.00000  5
  -0.05332   1.31842  -0.09788   0.02789   8.00000  6
  -0.11184  -1.51525   0.20071   0.16251   8.00000  7
   0.14345  -1.55380   0.14407  -0.10516   8.00000  8
   0.16178  -1.37738   0.03193  -0.09536   8.00000  9
   0.10845  -1.47339   0.22778  -0.10029   8.00000 10
  -0.05074  -0.74507  -0.03931  -0.27241   8.00000 11
  -0.21407  -0.61995   0.08400  -0.18138   8.00000 12
  -0.10084   1.74242  -0.03212  -0.06945   8.00000 13
  -0.17688   1.66662   0.13263   0.02248   8.00000 14
   0.03289  -1.44598  -0.15209  -0.42592   8.00000 15
  -0.03767  -1.11067  -0.05470  -0.33509   8.00000 16
  -0.06322  -1.62334  -0.00364   0.33366   8.00000 17
  -0.09123  -1.59894  -0.05548   0.44787   8.00000 18
   0.01450  -0.98647   0.01516   0.08765   8.00000 19
   0.05553  -1.02652  -0.26092   0.15447   8.00000 20
   0.14844   1.07008   0.05567  -0.04299   8.10000  1
   0.02770   0.86523   0.02533  -0.07918   8.10000  2
  -0.11768  -1.55598  -0.16037   0.17339   8.10000  3
  -0.06188  -1.56648   0.06418   0.30775   8.10000  4
   0.05989   1.35655  -0.10219   0.03392   8.10000  5
  -0.06273   1.32131  -0.09043   0.02993   8.10000  6
  -0.09048  -1.49945   0.22555   0.15329   8.10000  7
   0.15626  -1.56336   0.11201  -0.08558   8.10000  8
   0.16360  -1.38769   0.00426  -0.11104   8.10000  9
   0.12996  -1.48347   0.20159  -0.10105   8.10000 10
  -0.05470  -0.77307  -0.03974  -0.28795   8.10000 11
  -0.20525  -0.63876   0.09248  -0.19490   8.10000 12
  -0.10418   1.73493  -0.03449  -0.08027   8.10000 13
  -0.16324   1.66874   0.14010   0.01985   8.10000 14
   0.01736  -1.48917  -0.15923  -0.43648   8.10000 15
  -0.04268  -1.14453  -0.04590  -0.34236   8.10000 16
  -0.06326  -1.58840   0.00327   0.36480   8.10000 17
  -0.09579  -1.55319  -0.03499   0.46584   8.10000 18
   0.01593  -0.97855   0.01283   0.07106   8.10000 19
   0.02895  -1.01170  -0.26993   0.14197   8.10000 20
