   0.17171   0.59559   0.00078   0.02277   0.10000  1
   0.02606   0.72692   0.05903  -0.02884   0.10000  2
   0.15971   1.98845  -0.01088  -0.00310   0.10000  3
  -0.03918   1.98829   0.01126  -0.00294   0.10000  4
   0.23469   0.67884  -0.03444  -0.02391   0.10000  5
   0.38042   0.54552  -0.05952   0.02233   0.10000  6
  -0.16333   0.05281   0.02230   0.00376   0.10000  7
  -0.18246  -0.14564   0.00780   0.01762   0.10000  8
   0.01350   0.07229  -0.01063   0.01988   0.10000  9
   0.05716   0.26743   0.00166   0.01637   0.10000 10
  -0.08010  -1.91641   0.01301  -0.01849   0.10000 11
  -0.02776  -2.10804   0.01613   0.01024   0.10000 12
   0.13831   0.74808   0.00897  -0.05063   0.10000 13
   0.11282   0.55403   0.02746   0.03346   0.10000 14
   0.28437   0.63999  -0.05206  -0.00524   0.10000 15
   0.12571   0.75485   0.01543  -0.05281   0.10000 16
   0.11654  -2.08115  -0.01170  -0.00394   0.10000 17
   0.25062  -2.22836  -0.01774   0.01455   0.10000 18
  -0.26841  -0.59583   0.00003   0.02157   0.10000 19
  -0.33085  -0.40676   0.01311   0.00732   0.10000 20
   0.17182   0.59902   0.00152   0.04574   0.20000  1
   0.03495   0.72255   0.11887  -0.05890   0.20000  2
   0.15808   1.98798  -0.02182  -0.00618   0.20000  3
  -0.03749   1.98785   0.02259  -0.00588   0.20000  4
   0.22951   0.67526  -0.06916  -0.04768   0.20000  5
   0.37144   0.54888  -0.12043   0.04504   0.20000  6
  -0.15998   0.05339   0.04458   0.00780   0.20000  7
  -0.18128  -0.14299   0.01573   0.03541   0.20000  8
   0.01191   0.07527  -0.02114   0.03973   0.20000  9
   0.05742   0.26990   0.00347   0.03313   0.20000 10
  -0.07814  -1.91919   0.02620  -0.03716   0.20000 11
  -0.02534  -2.10651   0.03232   0.02043   0.20000 12
   0.13968   0.74045   0.01846  -0.10200   0.20000 13
   0.11694   0.55909   0.05515   0.06800   0.20000 14
   0.27654   0.63920  -0.10478  -0.01040   0.20000 15
   0.12804   0.74690   0.03127  -0.10639   0.20000 16
   0.11478  -2.08174  -0.02344  -0.00775   0.20000 17
   0.24795  -2.22617  -0.03568   0.02921   0.20000 18
  -0.26840  -0.59259   0.00011   0.04326   0.20000 19
  -0.32889  -0.40566   0.02617   0.01460   0.20000 20
   0.17201   0.60474   0.00205   0.06876   0.30000  1
   0.04988   0.71506   0.18012  -0.09153   0.30000  2
   0.15535   1.98721  -0.03288  -0.00926   0.30000  3
  -0.03466   1.98711   0.03404  -0.00882   0.30000  4
   0.22085   0.66932  -0.10412  -0.07102   0.30000  5
   0.35624   0.55455  -0.18422   0.06850   0.30000  6
  -0.15442   0.05439   0.06678   0.01245   0.30000  7
  -0.17930  -0.13855   0.02394   0.05354   0.30000  8
   0.00928   0.08023  -0.03137   0.05950   0.30000  9
   0.05787   0.27408   0.00560   0.05067   0.30000 10
  -0.07485  -1.92385   0.03978  -0.05620   0.30000 11
  -0.02130  -2.10396   0.04859   0.03047   0.30000 12
   0.14204   0.72763   0.02902  -0.15466   0.30000 13
   0.12386   0.56769   0.08311   0.10446   0.30000 14
   0.26338   0.63791  -0.15858  -0.01534   0.30000 15
   0.13199   0.73352   0.04800  -0.16131   0.30000 16
   0.11185  -2.08269  -0.03526  -0.01130   0.30000 17
   0.24347  -2.22250  -0.05401   0.04411   0.30000 18
  -0.26838  -0.58717   0.00030   0.06515   0.30000 19
  -0.32562  -0.40384   0.03912   0.02182   0.30000 20
   0.17221   0.61273   0.00187   0.09061   0.40000  1
   0.07102   0.70411   0.24266  -0.12830   0.40000  2
   0.15150   1.98613  -0.04414  -0.01231   0.40000  3
  -0.03067   1.98608   0.04569  -0.01174   0.40000  4
   0.20871   0.66109  -0.13836  -0.09331   0.40000  5
   0.33445   0.56262  -0.25254   0.09320   0.40000  6
  -0.14663   0.05591   0.08879   0.01807   0.40000  7
  -0.17648  -0.13227   0.03256   0.07217   0.40000  8
   0.00565   0.08717  -0.04115   0.07913   0.40000  9
   0.05855   0.28007   0.00823   0.06951   0.40000 10
  -0.07017  -1.93045   0.05396  -0.07580   0.40000 11
  -0.01562  -2.10043   0.06492   0.04024   0.40000 12
   0.14553   0.70948   0.04120  -0.20838   0.40000 13
   0.13356   0.58005   0.11090   0.14297   0.40000 14
   0.24480   0.63615  -0.21310  -0.01982   0.40000 15
   0.13768   0.71459   0.06601  -0.21750   0.40000 16
   0.10773  -2.08398  -0.04713  -0.01442   0.40000 17
   0.23712  -2.21733  -0.07295   0.05937   0.40000 18
  -0.26833  -0.57955   0.00066   0.08737   0.40000 19
  -0.32107  -0.40130   0.05191   0.02893   0.40000 20
   0.17233   0.62271   0.00009   0.10760   0.50000  1
   0.09839   0.68921   0.30430  -0.17064   0.50000  2
   0.14651   1.98475  -0.05564  -0.01534   0.50000  3
  -0.02551   1.98477   0.05758  -0.01464   0.50000  4
   0.19330   0.65073  -0.16865  -0.11324   0.50000  5
   0.30553   0.57325  -0.32699   0.11963   0.50000  6
  -0.13667   0.05806   0.11045   0.02513   0.50000  7
  -0.17277  -0.12409   0.04176   0.09148   0.50000  8
   0.00108   0.09605  -0.05018   0.09853   0.50000  9
   0.05954   0.28804   0.01158   0.09027   0.50000 10
  -0.06403  -1.93904   0.06900  -0.09614   0.50000 11
  -0.00831  -2.09593   0.08121   0.04953   0.50000 12
   0.15034   0.68599   0.05527  -0.26086   0.50000 13
   0.14597   0.59627   0.13651   0.18095   0.50000 14
   0.22082   0.63397  -0.26554  -0.02361   0.50000 15
   0.14524   0.69005   0.08524  -0.27283   0.50000 16
   0.10242  -2.08555  -0.05897  -0.01685   0.50000 17
   0.22885  -2.21061  -0.09272   0.07513   0.50000 18
  -0.26824  -0.56968   0.00127   0.11001   0.50000 19
  -0.31525  -0.39806   0.06446   0.03590   0.50000 20
   0.17215   0.63382  -0.00381   0.11158   0.60000  1
   0.13159   0.66981   0.35693  -0.21773   0.60000  2
   0.14036   1.98306  -0.06742  -0.01834   0.60000  3
  -0.01915   1.98316   0.06974  -0.01753   0.60000  4
   0.17536   0.63859  -0.18730  -0.12874   0.60000  5
   0.26883   0.58661  -0.40775   0.14770   0.60000  6
  -0.12457   0.06100   0.13141   0.03417   0.60000  7
  -0.16811  -0.11394   0.05169   0.11166   0.60000  8
  -0.00434   0.10686  -0.05805   0.11755   0.60000  9
   0.06090   0.29822   0.01589   0.11373   0.60000 10
  -0.05633  -1.94970   0.08517  -0.11735   0.60000 11
   0.00061  -2.09055   0.09719   0.05798   0.60000 12
   0.15662   0.65758   0.07014  -0.30495   0.60000 13
   0.16061   0.61591   0.15422   0.20851   0.60000 14
   0.19206   0.63144  -0.30652  -0.02727   0.60000 15
   0.15471   0.66028   0.10370  -0.32013   0.60000 16
   0.09594  -2.08732  -0.07054  -0.01826   0.60000 17
   0.21854  -2.20229  -0.11357   0.09154   0.60000 18
  -0.26807  -0.55753   0.00223   0.13318   0.60000 19
  -0.30819  -0.39412   0.07667   0.04269   0.60000 20
   0.17154   0.64422  -0.00834   0.09180   0.70000  1
   0.16881   0.64578   0.38038  -0.26098   0.70000  2
   0.13302   1.98108  -0.07948  -0.02130   0.70000  3
  -0.01155   1.98126   0.08218  -0.02041   0.70000  4
   0.15661   0.62518  -0.18340  -0.13846   0.70000  5
   0.22401   0.60272  -0.48643   0.17313   0.70000  6
  -0.11043   0.06498   0.15113   0.04587   0.70000  7
  -0.16241  -0.10173   0.06251   0.13289   0.70000  8
  -0.01047   0.11955  -0.06409   0.13603   0.70000  9
   0.06276   0.31091   0.02152   0.14079   0.70000 10
  -0.04695  -1.96254   0.10280  -0.13952   0.70000 11
   0.01109  -2.08438   0.11230   0.06503   0.70000 12
   0.16425   0.62572   0.08115  -0.32757   0.70000 13
   0.17622   0.63696   0.15449   0.20584   0.70000 14
   0.16056   0.62840  -0.31657  -0.03471   0.70000 15
   0.16574   0.62676   0.11489  -0.34524   0.70000 16
   0.08834  -2.08915  -0.08136  -0.01819   0.70000 17
   0.20609  -2.19228  -0.13578   0.10878   0.70000 18
  -0.26778  -0.54303   0.00365   0.15694   0.70000 19
  -0.29993  -0.38952   0.08844   0.04928   0.70000 20
   0.17050   0.65132  -0.01280   0.04695   0.80000  1
   0.20590   0.61831   0.35252  -0.28425   0.80000  2
   0.12446   1.97880  -0.09175  -0.02423   0.80000  3
  -0.00270   1.97907   0.09482  -0.02329   0.80000  4
   0.13948   0.61104  -0.15644  -0.14393   0.80000  5
   0.17275   0.62052  -0.52888   0.17726   0.80000  6
  -0.09441   0.07029   0.16881   0.06088   0.80000  7
  -0.15557  -0.08733   0.07436   0.15534   0.80000  8
  -0.01707   0.13404  -0.06736   0.15376   0.80000  9
   0.06526   0.32652   0.02895   0.17229   0.80000 10
  -0.03571  -1.97764   0.12223  -0.16256   0.80000 11
   0.02301  -2.07761   0.12564   0.06985   0.80000 12
   0.17242   0.59309   0.07935  -0.32041   0.80000 13
   0.19075   0.65572   0.13268   0.16377   0.80000 14
   0.13015   0.62418  -0.28597  -0.05121   0.80000 15
   0.17709   0.59234   0.10869  -0.33819   0.80000 16
   0.07973  -2.09089  -0.09058  -0.01610   0.80000 17
   0.19134  -2.18049  -0.15958   0.12706   0.80000 18
  -0.26732  -0.52612   0.00572   0.18135   0.80000 19
  -0.29052  -0.38428   0.09960   0.05566   0.80000 20
   0.16884   0.65321  -0.02123  -0.01019   0.90000  1
   0.23798   0.58966   0.28534  -0.28632   0.90000  2
   0.11467   1.97624  -0.10402  -0.02712   0.90000  3
   0.00741   1.97660   0.10744  -0.02617   0.90000  4
   0.12558   0.59648  -0.12149  -0.14682   0.90000  5
   0.12035   0.63695  -0.51102   0.14648   0.90000  6
  -0.07677   0.07728   0.18345   0.07972   0.90000  7
  -0.14749  -0.07061   0.08739   0.17919   0.90000  8
  -0.02381   0.15027  -0.06665   0.17064   0.90000  9
   0.06863   0.34553   0.03885   0.20876   0.90000 10
  -0.02243  -1.99507   0.14368  -0.18610   0.90000 11
   0.03612  -2.07052   0.13590   0.07134   0.90000 12
   0.17956   0.56232   0.06154  -0.29317   0.90000 13
   0.20222   0.66899   0.09503   0.09974   0.90000 14
   0.10405   0.61795  -0.23459  -0.07387   0.90000 15
   0.18684   0.55986   0.08390  -0.30946   0.90000 16
   0.07032  -2.09229  -0.09695  -0.01149   0.90000 17
   0.17411  -2.16682  -0.18516   0.14659   0.90000 18
  -0.26661  -0.50674   0.00864   0.20640   0.90000 19
  -0.28003  -0.37840   0.10996   0.06186   0.90000 20
   0.16610   0.64925  -0.03420  -0.06872   1.00000  1
   0.26264   0.56127   0.20727  -0.28104   1.00000  2
   0.10367   1.97338  -0.11583  -0.02996   1.00000  3
   0.01877   1.97384   0.11957  -0.02906   1.00000  4
   0.11506   0.58169  -0.08966  -0.14935   1.00000  5
   0.07156   0.64924  -0.46186   0.09773   1.00000  6
  -0.05785   0.08637   0.19412   0.10263   1.00000  7
  -0.13805  -0.05144   0.10168   0.20461   1.00000  8
  -0.03023   0.16815  -0.06074   0.18688   1.00000  9
   0.07315   0.36845   0.05218   0.25030   1.00000 10
  -0.00691  -2.01484   0.16702  -0.20921   1.00000 11
   0.05004  -2.06350   0.14164   0.06826   1.00000 12
   0.18447   0.53456   0.03601  -0.26231   1.00000 13
   0.20959   0.67551   0.05203   0.03054   1.00000 14
   0.08329   0.60936  -0.18095  -0.09801   1.00000 15
   0.19362   0.53056   0.05120  -0.27659   1.00000 16
   0.06048  -2.09309  -0.09901  -0.00419   1.00000 17
   0.15425  -2.15113  -0.21243   0.16749   1.00000 18
  -0.26555  -0.48482   0.01270   0.23196   1.00000 19
  -0.26856  -0.37191   0.11926   0.06802   1.00000 20
   0.16195   0.63951  -0.04892  -0.12582   1.10000  1
   0.27940   0.53350   0.12770  -0.27428   1.10000  2
   0.09154   1.97025  -0.12632  -0.03274   1.10000  3
   0.03128   1.97079   0.13033  -0.03195   1.10000  4
   0.10749   0.56653  -0.06246  -0.15450   1.10000  5
   0.02827   0.65633  -0.40336   0.04394   1.10000  6
  -0.03809   0.09794   0.20041   0.12954   1.10000  7
  -0.12711  -0.02963   0.11730   0.23186   1.10000  8
  -0.03575   0.18765  -0.04875   0.20313   1.10000  9
   0.07922   0.39574   0.07004   0.29618   1.10000 10
   0.01100  -2.03683   0.19120  -0.22997   1.10000 11
   0.06426  -2.05706   0.14175   0.05961   1.10000 12
   0.18667   0.50976   0.00751  -0.23423   1.10000 13
   0.21263   0.67510   0.00886  -0.03862   1.10000 14
   0.06775   0.59832  -0.13049  -0.12309   1.10000 15
   0.19699   0.50446   0.01568  -0.24595   1.10000 16
   0.05071  -2.09306  -0.09538   0.00520   1.10000 17
   0.13160  -2.13329  -0.24057   0.18949   1.10000 18
  -0.26402  -0.46033   0.01827   0.25777   1.10000 19
  -0.25623  -0.36479   0.12719   0.07444   1.10000 20
   0.15631   0.62411  -0.06391  -0.18216   1.20000  1
   0.28816   0.50644   0.04750  -0.26652   1.20000  2
   0.07849   1.96684  -0.13412  -0.03547   1.20000  3
   0.04474   1.96745   0.13837  -0.03485   1.20000  4
   0.10246   0.55065  -0.03849  -0.16375   1.20000  5
  -0.00906   0.65803  -0.34300  -0.00996   1.20000  6
  -0.01791   0.11240   0.20269   0.16032   1.20000  7
  -0.11454  -0.00499   0.13434   0.26133   1.20000  8
  -0.03976   0.20881  -0.03030   0.22039   1.20000  9
   0.08733   0.42773   0.09289   0.34336   1.20000 10
   0.03126  -2.06065   0.21326  -0.24495   1.20000 11
   0.07818  -2.05177   0.13549   0.04527   1.20000 12
   0.18589   0.48762  -0.02353  -0.20871   1.20000 13
   0.21139   0.66779  -0.03364  -0.10766   1.20000 14
   0.05711   0.58467  -0.08251  -0.15035   1.20000 15
   0.19668   0.48131  -0.02220  -0.21716   1.20000 16
   0.04163  -2.09204  -0.08510   0.01508   1.20000 17
   0.10619  -2.11325  -0.26685   0.21084   1.20000 18
  -0.26183  -0.43328   0.02574   0.28332   1.20000 19
  -0.24318  -0.35699   0.13338   0.08165   1.20000 20
   0.14916   0.60306  -0.07892  -0.23900   1.30000  1
   0.28885   0.48027  -0.03412  -0.25647   1.30000  2
   0.06486   1.96316  -0.13771  -0.03813   1.30000  3
   0.05881   1.96382   0.14215  -0.03774   1.30000  4
   0.09973   0.53366  -0.01632  -0.17634   1.30000  5
  -0.04033   0.65439  -0.28251  -0.06244   1.30000  6
   0.00235   0.13014   0.20194   0.19518   1.30000  7
  -0.10019   0.02273   0.15291   0.29359   1.30000  8
  -0.04160   0.23179  -0.00533   0.23973   1.30000  9
   0.09789   0.46419   0.11820   0.38337   1.30000 10
   0.05338  -2.08544   0.22716  -0.24837   1.30000 11
   0.09113  -2.04813   0.12225   0.02699   1.30000 12
   0.18188   0.46803  -0.05702  -0.18257   1.30000 13
   0.20590   0.65353  -0.07606  -0.17800   1.30000 14
   0.05124   0.56815  -0.03461  -0.18042   1.30000 15
   0.19247   0.46107  -0.06226  -0.18719   1.30000 16
   0.03391  -2.09009  -0.06822   0.02348   1.30000 17
   0.07850  -2.09132  -0.28458   0.22598   1.30000 18
  -0.25879  -0.40370   0.03550   0.30785   1.30000 19
  -0.22962  -0.34840   0.13754   0.09049   1.30000 20
   0.14053   0.57629  -0.09361  -0.29620   1.40000  1
   0.28127   0.45529  -0.11772  -0.24215   1.40000  2
   0.05113   1.95921  -0.13614  -0.04075   1.40000  3
   0.07300   1.95990   0.14074  -0.04061   1.40000  4
   0.09919   0.51540   0.00539  -0.18820   1.40000  5
  -0.06555   0.64560  -0.22168  -0.11311   1.40000  6
   0.02242   0.15160   0.19937   0.23497   1.40000  7
  -0.08390   0.05385   0.17329   0.32954   1.40000  8
  -0.04060   0.25686   0.02644   0.26221   1.40000  9
   0.11078   0.50364   0.13772   0.40030   1.40000 10
   0.07618  -2.10976   0.22620  -0.23532   1.40000 11
   0.10240  -2.04639   0.10240   0.00816   1.40000 12
   0.17447   0.45125  -0.09115  -0.15227   1.40000 13
   0.19614   0.63209  -0.11940  -0.25137   1.40000 14
   0.05027   0.54854   0.01557  -0.21165   1.40000 15
   0.18422   0.44402  -0.10261  -0.15306   1.40000 16
   0.02812  -2.08741  -0.04717   0.02985   1.40000 17
   0.04987  -2.06853  -0.28500   0.22718   1.40000 18
  -0.25465  -0.37177   0.04778   0.33046   1.40000 19
  -0.21575  -0.33880   0.13956   0.10203   1.40000 20
   0.13052   0.54398  -0.10573  -0.34837   1.50000  1
   0.26525   0.43203  -0.20302  -0.22204   1.50000  2
   0.03779   1.95501  -0.12981  -0.04334   1.50000  3
   0.08680   1.95570   0.13453  -0.04344   1.50000  4
   0.10079   0.49620   0.02639  -0.19515   1.50000  5
  -0.08464   0.63183  -0.15996  -0.16205   1.50000  6
   0.04220   0.17736   0.19609   0.28139   1.50000  7
  -0.06546   0.08880   0.19594   0.37049   1.50000  8
  -0.03605   0.28437   0.06592   0.28882   1.50000  9
   0.12491   0.54290   0.14217   0.37750   1.50000 10
   0.09822  -2.13212   0.21322  -0.21074   1.50000 11
   0.11148  -2.04643   0.07877  -0.00869   1.50000 12
   0.16371   0.43770  -0.12363  -0.11861   1.50000 13
   0.18197   0.60312  -0.16429  -0.32834   1.50000 14
   0.05444   0.52591   0.06800  -0.24038   1.50000 15
   0.17202   0.43057  -0.14106  -0.11574   1.50000 16
   0.02448  -2.08415  -0.02602   0.03537   1.50000 17
   0.02204  -2.04631  -0.26969   0.21568   1.50000 18
  -0.24916  -0.33770   0.06245   0.35044   1.50000 19
  -0.20177  -0.32787   0.13971   0.11721   1.50000 20
   0.11959   0.50706  -0.11194  -0.38809   1.60000  1
   0.24062   0.41108  -0.28976  -0.19605   1.60000  2
   0.02528   1.95054  -0.12012  -0.04591   1.60000  3
   0.09979   1.95121   0.12494  -0.04623   1.60000  4
   0.10432   0.47640   0.04293  -0.20125   1.60000  5
  -0.09749   0.61322  -0.09685  -0.21008   1.60000  6
   0.06164   0.20819   0.19279   0.33717   1.60000  7
  -0.04461   0.12818   0.22170   0.41851   1.60000  8
  -0.02709   0.31478   0.11512   0.32019   1.60000  9
   0.13864   0.57770   0.12985   0.31235   1.60000 10
   0.11869  -2.15180   0.19585  -0.18278   1.60000 11
   0.11815  -2.04804   0.05469  -0.02312   1.60000 12
   0.14979   0.42748  -0.15463  -0.08662   1.60000 13
   0.16330   0.56643  -0.20851  -0.40473   1.60000 14
   0.06379   0.50055   0.11821  -0.26697   1.60000 15
   0.15607   0.42082  -0.17758  -0.07979   1.60000 16
   0.02283  -2.08034  -0.00739   0.04087   1.60000 17
  -0.00383  -2.02559  -0.24700   0.19834   1.60000 18
  -0.24209  -0.30178   0.07907   0.36765   1.60000 19
  -0.18785  -0.31522   0.13862   0.13654   1.60000 20
   0.10829   0.46667  -0.11347  -0.41850   1.70000  1
   0.20724   0.39299  -0.37806  -0.16496   1.70000  2
   0.01383   1.94583  -0.10857  -0.04847   1.70000  3
   0.11172   1.94645   0.11346  -0.04897   1.70000  4
   0.10904   0.45575   0.04916  -0.21314   1.70000  5
  -0.10393   0.58978  -0.03134  -0.25895   1.70000  6
   0.08075   0.24523   0.18927   0.40609   1.70000  7
  -0.02097   0.17284   0.25192   0.47679   1.70000  8
  -0.01260   0.34854   0.17717   0.35526   1.70000  9
   0.15044   0.60451   0.10431   0.22159   1.70000 10
   0.13737  -2.16868   0.17771  -0.15506   1.70000 11
   0.12246  -2.05099   0.03199  -0.03544   1.70000 12
   0.13281   0.42013  -0.18464  -0.06200   1.70000 13
   0.14050   0.52238  -0.24611  -0.47555   1.70000 14
   0.07777   0.47242   0.15898  -0.29633   1.70000 15
   0.13656   0.41439  -0.21226  -0.05047   1.70000 16
   0.02290  -2.07598   0.00835   0.04612   1.70000 17
  -0.02729  -2.00670  -0.22201   0.17933   1.70000 18
  -0.23330  -0.26424   0.09702   0.38272   1.70000 19
  -0.17406  -0.30043   0.13713   0.15993   1.70000 20
   0.09694   0.42368  -0.11347  -0.43864   1.80000  1
   0.16504   0.37824  -0.46479  -0.12941   1.80000  2
   0.00359   1.94085  -0.09624  -0.05102   1.80000  3
   0.12246   1.94142   0.10119  -0.05166   1.80000  4
   0.11356   0.43350   0.03774  -0.23287   1.80000  5
  -0.10361   0.56133   0.03883  -0.31073   1.80000  6
   0.09939   0.28996   0.18208   0.49112   1.80000  7
   0.00599   0.22404   0.28860   0.55025   1.80000  8
   0.00886   0.38571   0.25434   0.38566   1.80000  9
   0.15928   0.62188   0.07194   0.12600   1.80000 10
   0.15424  -2.18285   0.15980  -0.12860   1.80000 11
   0.12461  -2.05507   0.01124  -0.04590   1.80000 12
   0.11298   0.41459  -0.21102  -0.05183   1.80000 13
   0.11440   0.47141  -0.27399  -0.54298   1.80000 14
   0.09489   0.44115   0.17846  -0.32921   1.80000 15
   0.11379   0.41027  -0.24144  -0.03499   1.80000 16
   0.02443  -2.07114   0.02183   0.05055   1.80000 17
  -0.04823  -1.98971  -0.19692   0.16051   1.80000 18
  -0.22266  -0.22526   0.11587   0.39683   1.80000 19
  -0.16041  -0.28312   0.13597   0.18694   1.80000 20
   0.08561   0.37974  -0.11271  -0.43415   1.90000  1
   0.11491   0.36724  -0.53160  -0.08998   1.90000  2
  -0.00541   1.93562  -0.08375  -0.05358   1.90000  3
   0.13196   1.93612   0.08874  -0.05433   1.90000  4
   0.11579   0.40906   0.00294  -0.25547   1.90000  5
  -0.09588   0.52750   0.11741  -0.36648   1.90000  6
   0.11658   0.34361   0.15659   0.57855   1.90000  7
   0.03701   0.28358   0.33277   0.64369   1.90000  8
   0.03839   0.42457   0.33349   0.38202   1.90000  9
   0.16475   0.62983   0.03715   0.03375   1.90000 10
   0.16934  -2.19445   0.14225  -0.10360   1.90000 11
   0.12478  -2.06011  -0.00749  -0.05452   1.90000 12
   0.09097   0.40907  -0.22646  -0.06212   1.90000 13
   0.08621   0.41434  -0.28598  -0.59250   1.90000 14
   0.11219   0.40678   0.16016  -0.35555   1.90000 15
   0.08876   0.40667  -0.25579  -0.04066   1.90000 16
   0.02722  -2.06592   0.03374   0.05363   1.90000 17
  -0.06670  -1.97457  -0.17263   0.14261   1.90000 18
  -0.21010  -0.18486   0.13548   0.41147   1.90000 19
  -0.14683  -0.26294   0.13569   0.21721   1.90000 20
   0.07453   0.33838  -0.10853  -0.38524   2.00000  1
   0.06073   0.36034  -0.53993  -0.04800   2.00000  2
  -0.01317   1.93014  -0.07140  -0.05614   2.00000  3
   0.14021   1.93056   0.07643  -0.05698   2.00000  4
   0.11355   0.38290  -0.04930  -0.26320   2.00000  5
  -0.07972   0.48797   0.20810  -0.42418   2.00000  6
   0.12934   0.40351   0.09327   0.60409   2.00000  7
   0.07229   0.35277   0.36668   0.73190   2.00000  8
   0.07403   0.45989   0.36906   0.31574   2.00000  9
   0.16667   0.62871   0.00095  -0.05616   2.00000 10
   0.18270  -2.20362   0.12495  -0.08000   2.00000 11
   0.12318  -2.06591  -0.02422  -0.06118   2.00000 12
   0.06837   0.40175  -0.22173  -0.08454   2.00000 13
   0.05822   0.35495  -0.26870  -0.58255   2.00000 14
   0.12555   0.37103   0.10176  -0.35243   2.00000 15
   0.06349   0.40163  -0.24521  -0.06101   2.00000 16
   0.03114  -2.06047   0.04451   0.05499   2.00000 17
  -0.08279  -1.96115  -0.14943   0.12583   2.00000 18
  -0.19553  -0.14290   0.15610   0.42832   2.00000 19
  -0.13323  -0.23957   0.13664   0.25074   2.00000 20
   0.06390   0.30384  -0.10488  -0.30342   2.10000  1
   0.00901   0.35743  -0.48772  -0.01252   2.10000  2
  -0.01970   1.92439  -0.05931  -0.05872   2.10000  3
   0.14725   1.92473   0.06438  -0.05963   2.10000  4
   0.10595   0.35753  -0.10140  -0.23963   2.10000  5
  -0.05390   0.44282   0.30899  -0.47716   2.10000  6
   0.13500   0.46193   0.02205   0.55768   2.10000  7
   0.10832   0.42674   0.34533   0.73239   2.10000  8
   0.11043   0.48700   0.35301   0.22708   2.10000  9
   0.16490   0.61856  -0.03644  -0.14732   2.10000 10
   0.19433  -2.21050   0.10777  -0.05767   2.10000 11
   0.12000  -2.07227  -0.03892  -0.06566   2.10000 12
   0.04730   0.39246  -0.19775  -0.09923   2.10000 13
   0.03308   0.29999  -0.23366  -0.51092   2.10000 14
   0.13202   0.33768   0.02733  -0.30995   2.10000 15
   0.04046   0.39465  -0.21310  -0.07705   2.10000 16
   0.03608  -2.05499   0.05429   0.05432   2.10000 17
  -0.09663  -1.94936  -0.12738   0.11014   2.10000 18
  -0.17882  -0.09906   0.17837   0.44931   2.10000 19
  -0.11946  -0.21266   0.13905   0.28798   2.10000 20
   0.05334   0.27759  -0.10724  -0.22296   2.20000  1
  -0.03605   0.35722  -0.41089   0.00504   2.20000  2
  -0.02504   1.91839  -0.04750  -0.06134   2.20000  3
   0.15310   1.91863   0.05262  -0.06230   2.20000  4
   0.09352   0.33537  -0.14624  -0.20363   2.20000  5
  -0.01823   0.39308   0.39962  -0.51381   2.20000  6
   0.13450   0.51451  -0.02754   0.49308   2.20000  7
   0.14057   0.49765   0.29902   0.68298   2.20000  8
   0.14387   0.50591   0.31324   0.15525   2.20000  9
   0.15937   0.59914  -0.07381  -0.24119   2.20000 10
   0.20425  -2.21519   0.09054  -0.03648   2.20000 11
   0.11547  -2.07896  -0.05141  -0.06775   2.20000 12
   0.02892   0.38211  -0.17001  -0.10808   2.20000 13
   0.01137   0.25312  -0.20111  -0.42643   2.20000 14
   0.13110   0.30939  -0.04541  -0.25592   2.20000 15
   0.02097   0.38634  -0.17696  -0.08977   2.20000 16
   0.04196  -2.04968   0.06299   0.05142   2.20000 17
  -0.10831  -1.93909  -0.10641   0.09542   2.20000 18
  -0.15977  -0.05282   0.20333   0.47669   2.20000 19
  -0.10536  -0.18182   0.14316   0.32978   2.20000 20
   0.04234   0.25891  -0.11267  -0.15240   2.30000  1
  -0.07272   0.35771  -0.32116   0.00133   2.30000  2
  -0.02921   1.91212  -0.03594  -0.06401   2.30000  3
   0.15778   1.91226   0.04114  -0.06501   2.30000  4
   0.07686   0.31660  -0.18596  -0.17336   2.30000  5
   0.02447   0.34097   0.44504  -0.52380   2.30000  6
   0.13040   0.56046  -0.05057   0.42546   2.30000  7
   0.16825   0.56308   0.25507   0.62408   2.30000  8
   0.17271   0.51888   0.26225   0.10775   2.30000  9
   0.15030   0.57058  -0.10613  -0.32635   2.30000 10
   0.21244  -2.21783   0.07315  -0.01631   2.30000 11
   0.10980  -2.08573  -0.06142  -0.06729   2.30000 12
   0.01330   0.37057  -0.14170  -0.12460   2.30000 13
  -0.00720   0.21455  -0.17037  -0.34609   2.30000 14
   0.12300   0.28633  -0.11640  -0.20635   2.30000 15
   0.00509   0.37639  -0.14008  -0.11125   2.30000 16
   0.04864  -2.04478   0.07036   0.04616   2.30000 17
  -0.11794  -1.93025  -0.08640   0.08149   2.30000 18
  -0.13802  -0.00342   0.23257   0.51313   2.30000 19
  -0.09076  -0.14651   0.14923   0.37741   2.30000 20
   0.03090   0.24673  -0.11525  -0.09361   2.40000  1
  -0.10027   0.35699  -0.23028  -0.01749   2.40000  2
  -0.03223   1.90559  -0.02460  -0.06673   2.40000  3
   0.16133   1.90563   0.02987  -0.06777   2.40000  4
   0.05668   0.30034  -0.21537  -0.15395   2.40000  5
   0.06896   0.28908   0.43610  -0.51070   2.40000  6
   0.12497   0.59947  -0.05610   0.35445   2.40000  7
   0.19162   0.62209   0.21293   0.55500   2.40000  8
   0.19612   0.52791   0.20529   0.07398   2.40000  9
   0.13850   0.53491  -0.12856  -0.38255   2.40000 10
   0.21887  -2.21849   0.05548   0.00296   2.40000 11
   0.10328  -2.09233  -0.06865  -0.06425   2.40000 12
   0.00070   0.35686  -0.11012  -0.15085   2.40000 13
  -0.02269   0.18363  -0.13936  -0.27380   2.40000 14
   0.10789   0.26790  -0.18498  -0.16345   2.40000 15
  -0.00698   0.36377  -0.10134  -0.14214   2.40000 16
   0.05597  -2.04053   0.07607   0.03855   2.40000 17
  -0.12561  -1.92277  -0.06723   0.06822   2.40000 18
  -0.11303   0.05020   0.26844   0.56150   2.40000 19
  -0.07544  -0.10608   0.15766   0.43263   2.40000 20
   0.01945   0.23968  -0.11344  -0.04973   2.50000  1
  -0.11888   0.35392  -0.14249  -0.04531   2.50000  2
  -0.03413   1.89877  -0.01340  -0.06952   2.50000  3
   0.16376   1.89871   0.01876  -0.07060   2.50000  4
   0.03429   0.28542  -0.23050  -0.14604   2.50000  5
   0.11018   0.23942   0.38235  -0.48001   2.50000  6
   0.11941   0.63144  -0.05445   0.28579   2.50000  7
   0.21101   0.67417   0.17578   0.48791   2.50000  8
   0.21375   0.53376   0.14755   0.04308   2.50000  9
   0.12467   0.49457  -0.14843  -0.42361   2.50000 10
   0.22352  -2.21726   0.03747   0.02145   2.50000 11
   0.09617  -2.09850  -0.07286  -0.05880   2.50000 12
  -0.00877   0.34022  -0.07988  -0.18259   2.50000 13
  -0.03509   0.15954  -0.10876  -0.20871   2.50000 14
   0.08628   0.25333  -0.24523  -0.12978   2.50000 15
  -0.01528   0.34779  -0.06552  -0.17823   2.50000 16
   0.06379  -2.03714   0.07983   0.02881   2.50000 17
  -0.13141  -1.91659  -0.04879   0.05544   2.50000 18
  -0.08403   0.10932   0.31318   0.62259   2.50000 19
  -0.05914  -0.05966   0.16883   0.49786   2.50000 20
   0.00818   0.23635  -0.11244  -0.01866   2.60000  1
  -0.12879   0.34768  -0.05532  -0.08066   2.60000  2
  -0.03492   1.89168  -0.00227  -0.07239   2.60000  3
   0.16509   1.89150   0.00775  -0.07349   2.60000  4
   0.01087   0.27091  -0.23663  -0.14487   2.60000  5
   0.14463   0.19346   0.30457  -0.43791   2.60000  6
   0.11416   0.65689  -0.05035   0.22462   2.60000  7
   0.22696   0.71997   0.14414   0.42959   2.60000  8
   0.22574   0.53653   0.09292   0.01228   2.60000  9
   0.10863   0.45008  -0.17364  -0.46730   2.60000 10
   0.22635  -2.21422   0.01905   0.03929   2.60000 11
   0.08881  -2.10402  -0.07393  -0.05126   2.60000 12
  -0.01542   0.32021  -0.05382  -0.21828   2.60000 13
  -0.04437   0.14199  -0.07592  -0.14054   2.60000 14
   0.05919   0.24165  -0.29534  -0.10477   2.60000 15
  -0.02025   0.32799  -0.03482  -0.21856   2.60000 16
   0.07187  -2.03483   0.08149   0.01728   2.60000 17
  -0.13539  -1.91167  -0.03096   0.04300   2.60000 18
  -0.05021   0.17484   0.36277   0.68667   2.60000 19
  -0.04158  -0.00608   0.18275   0.57598   2.60000 20
  -0.00307   0.23578  -0.11213   0.00724   2.70000  1
  -0.12984   0.33757   0.03501  -0.12240   2.70000  2
  -0.03459   1.88429   0.00884  -0.07534   2.70000  3
   0.16531   1.88401  -0.00323  -0.07648   2.70000  4
  -0.01270   0.25643  -0.23190  -0.14363   2.70000  5
   0.17096   0.15203   0.22224  -0.38975   2.70000  6
   0.10936   0.67659  -0.04564   0.17043   2.70000  7
   0.23998   0.76035   0.11683   0.37928   2.70000  8
   0.23246   0.53622   0.04217  -0.01843   2.70000  9
   0.08960   0.40079  -0.20904  -0.52013   2.70000 10
   0.22731  -2.20942   0.00014   0.05660   2.70000 11
   0.08149  -2.10870  -0.07194  -0.04207   2.70000 12
  -0.01966   0.29651  -0.03133  -0.25507   2.70000 13
  -0.05004   0.13180  -0.03639  -0.06181   2.70000 14
   0.02748   0.23236  -0.33644  -0.08012   2.70000 15
  -0.02240   0.30399  -0.00871  -0.26095   2.70000 16
   0.08002  -2.03373   0.08106   0.00441   2.70000 17
  -0.13762  -1.90799  -0.01361   0.03076   2.70000 18
  -0.01196   0.24598   0.39671   0.72902   2.70000 19
  -0.02256   0.05603   0.19736   0.66841   2.70000 20
  -0.01404   0.23780  -0.10604   0.03237   2.80000  1
  -0.12162   0.32309   0.12981  -0.16766   2.80000  2
  -0.03315   1.87661   0.02001  -0.07839   2.80000  3
   0.16444   1.87621  -0.01423  -0.07955   2.80000  4
  -0.03478   0.24257  -0.20611  -0.13183   2.80000  5
   0.18924   0.11566   0.14446  -0.33700   2.80000  6
   0.10502   0.69114  -0.04109   0.12104   2.80000  7
   0.25044   0.79603   0.09280   0.33514   2.80000  8
   0.23426   0.53283  -0.00586  -0.04947   2.80000  9
   0.06637   0.34575  -0.25755  -0.58077   2.80000 10
   0.22636  -2.20291  -0.01933   0.07355   2.80000 11
   0.07451  -2.11240  -0.06714  -0.03170   2.80000 12
  -0.02168   0.26965  -0.00937  -0.27868   2.80000 13
  -0.05155   0.12992   0.00634   0.02603   2.80000 14
  -0.00728   0.22592  -0.35333  -0.04770   2.80000 15
  -0.02205   0.27620   0.01510  -0.29162   2.80000 16
   0.08802  -2.03398   0.07874  -0.00936   2.80000 17
  -0.13813  -1.90552   0.00337   0.01860   2.80000 18
   0.02750   0.31843   0.38521   0.70854   2.80000 19
  -0.00235   0.12788   0.20421   0.76846   2.80000 20
  -0.02408   0.24188  -0.09376   0.04694   2.90000  1
  -0.10388   0.30394   0.22431  -0.21586   2.90000  2
  -0.03058   1.86861   0.03131  -0.08155   2.90000  3
   0.16246   1.86809  -0.02533  -0.08275   2.90000  4
  -0.05328   0.23024  -0.16105  -0.11392   2.90000  5
   0.20011   0.08475   0.07431  -0.28084   2.90000  6
   0.10112   0.70089  -0.03691   0.07416   2.90000  7
   0.25862   0.82753   0.07127   0.29551   2.90000  8
   0.23131   0.52629  -0.05321  -0.08166   2.90000  9
   0.03793   0.28514  -0.31093  -0.62712   2.90000 10
   0.22343  -2.19472  -0.03946   0.09029   2.90000 11
   0.06815  -2.11501  -0.05982  -0.02053   2.90000 12
  -0.02173   0.24143   0.00714  -0.28210   2.90000 13
  -0.04886   0.13741   0.04632   0.12523   2.90000 14
  -0.04197   0.22279  -0.33411  -0.01542   2.90000 15
  -0.01966   0.24635   0.03078  -0.30162   2.90000 16
   0.09571  -2.03562   0.07481  -0.02363   2.90000 17
  -0.13695  -1.90427   0.02012   0.00637   2.90000 18
   0.06429   0.38607   0.34932   0.64092   2.90000 19
   0.01740   0.20910   0.18491   0.84759   2.90000 20
  -0.03263   0.24669  -0.07691   0.04633   3.00000  1
  -0.07713   0.27987   0.30715  -0.26478   3.00000  2
  -0.02688   1.86029   0.04281  -0.08485   3.00000  3
   0.15937   1.85965  -0.03659  -0.08607   3.00000  4
  -0.06656   0.22000  -0.10345  -0.09062   3.00000  5
   0.20436   0.05949   0.01190  -0.22463   3.00000  6
   0.09763   0.70598  -0.03294   0.02772   3.00000  7
   0.26476   0.85524   0.05168   0.25906   3.00000  8
   0.22356   0.51645  -0.10230  -0.11534   3.00000  9
   0.00448   0.22164  -0.35488  -0.63340   3.00000 10
   0.21844  -2.18485  -0.06037   0.10695   3.00000 11
   0.06262  -2.11649  -0.05031  -0.00890   3.00000 12
  -0.02060   0.21411   0.01326  -0.26018   3.00000 13
  -0.04258   0.15500   0.07739   0.22499   3.00000 14
  -0.07291   0.22267  -0.27985   0.01107   3.00000 15
  -0.01635   0.21681   0.03278  -0.28462   3.00000 16
   0.10294  -2.03871   0.06956  -0.03811   3.00000 17
  -0.13411  -1.90425   0.03676  -0.00605   3.00000 18
   0.09751   0.44681   0.31675   0.57660   3.00000 19
   0.03361   0.29449   0.13757   0.84483   3.00000 20
  -0.03949   0.25050  -0.06045   0.02675   3.10000  1
  -0.04366   0.25135   0.35428  -0.30294   3.10000  2
  -0.02201   1.85164   0.05456  -0.08830   3.10000  3
   0.15514   1.85087  -0.04806  -0.08954   3.10000  4
  -0.07390   0.21196  -0.04337  -0.07141   3.10000  5
   0.20265   0.03974  -0.04541  -0.17073   3.10000  6
   0.09454   0.70639  -0.02875  -0.02001   3.10000  7
   0.26901   0.87941   0.03357   0.22476   3.10000  8
   0.21074   0.50324  -0.15462  -0.14819   3.10000  9
  -0.03205   0.16040  -0.36927  -0.58316   3.10000 10
   0.21132  -2.17333  -0.08218   0.12364   3.10000 11
   0.05815  -2.11679  -0.03889   0.00297   3.10000 12
  -0.01953   0.18991   0.00646  -0.22243   3.10000 13
  -0.03385   0.18159   0.09434   0.29989   3.10000 14
  -0.09719   0.22442  -0.20327   0.02085   3.10000 15
  -0.01364   0.19005   0.01937  -0.24871   3.10000 16
   0.10959  -2.04324   0.06326  -0.05250   3.10000 17
  -0.12960  -1.90549   0.05344  -0.01880   3.10000 18
   0.12794   0.50191   0.29282   0.52742   3.10000 19
   0.04538   0.37634   0.10216   0.79043   3.10000 20
  -0.04465   0.25158  -0.04208  -0.00653   3.20000  1
  -0.00795   0.21997   0.35229  -0.32054   3.20000  2
  -0.01596   1.84263   0.06662  -0.09192   3.20000  3
   0.14975   1.84174  -0.05978  -0.09318   3.20000  4
  -0.07535   0.20543   0.01349  -0.06022   3.20000  5
   0.19537   0.02528  -0.09989  -0.11867   3.20000  6
   0.09191   0.70190  -0.02358  -0.07008   3.20000  7
   0.27151   0.90024   0.01661   0.19182   3.20000  8
   0.19263   0.48706  -0.20719  -0.17384   3.20000  9
  -0.06805   0.10619  -0.34558  -0.49845   3.20000 10
   0.20197  -2.16013  -0.10498   0.14035   3.20000 11
   0.05490  -2.11589  -0.02580   0.01492   3.20000 12
  -0.01946   0.16983  -0.00512  -0.17837   3.20000 13
  -0.02429   0.21326   0.09470   0.32503   3.20000 14
  -0.11328   0.22631  -0.11811   0.01498   3.20000 15
  -0.01267   0.16736   0.00028  -0.20376   3.20000 16
   0.11556  -2.04920   0.05609  -0.06649   3.20000 17
  -0.12341  -1.90803   0.07033  -0.03201   3.20000 18
   0.15608   0.55251   0.26915   0.48493   3.20000 19
   0.05493   0.45285   0.09256   0.74204   3.20000 20
  -0.04778   0.24910  -0.02006  -0.04279   3.30000  1
   0.02564   0.18808   0.31559  -0.31362   3.30000  2
  -0.00868   1.83325   0.07901  -0.09575   3.30000  3
   0.14317   1.83223  -0.07177  -0.09701   3.30000  4
  -0.07142   0.19980   0.06376  -0.05280   3.30000  5
   0.18272   0.01600  -0.15295  -0.06681   3.30000  6
   0.08989   0.69230  -0.01660  -0.12216   3.30000  7
   0.27236   0.91780   0.00054   0.15959   3.30000  8
   0.16949   0.46880  -0.25422  -0.19002   3.30000  9
  -0.10052   0.06074  -0.30213  -0.41199   3.30000 10
   0.19029  -2.14526  -0.12876   0.15685   3.30000 11
   0.05303  -2.11380  -0.01130   0.02683   3.30000 12
  -0.02041   0.15433  -0.01279  -0.13157   3.30000 13
  -0.01514   0.24520   0.08784   0.30837   3.30000 14
  -0.12087   0.22719  -0.03435   0.00205   3.30000 15
  -0.01343   0.14946  -0.01446  -0.15405   3.30000 16
   0.12078  -2.05651   0.04807  -0.07959   3.30000 17
  -0.11552  -1.91191   0.08760  -0.04587   3.30000 18
   0.18150   0.59902   0.23788   0.44626   3.30000 19
   0.06443   0.52510   0.09909   0.70408   3.30000 20
  -0.04860   0.24316   0.00382  -0.07515   3.40000  1
   0.05466   0.15778   0.26349  -0.29055   3.40000  2
  -0.00014   1.82347   0.09169  -0.09981   3.40000  3
   0.13539   1.82233  -0.08399  -0.10103   3.40000  4
  -0.06288   0.19484   0.10562  -0.04656   3.40000  5
   0.16480   0.01198  -0.20557  -0.01323   3.40000  6
   0.08865   0.67750  -0.00789  -0.17327   3.40000  7
   0.27164   0.93216  -0.01485   0.12750   3.40000  8
   0.14206   0.44915  -0.29294  -0.20353   3.40000  9
  -0.12832   0.02346  -0.25360  -0.33532   3.40000 10
   0.17620  -2.12878  -0.15316   0.17247   3.40000 11
   0.05268  -2.11053   0.00433   0.03864   3.40000 12
  -0.02181   0.14346  -0.01422  -0.08628   3.40000 13
  -0.00678   0.27424   0.07927   0.27042   3.40000 14
  -0.12031   0.22665   0.04478  -0.01299   3.40000 15
  -0.01531   0.13654  -0.02186  -0.10466   3.40000 16
   0.12514  -2.06505   0.03894  -0.09086   3.40000 17
  -0.10587  -1.91723   0.10550  -0.06053   3.40000 18
   0.20345   0.64195   0.20054   0.41327   3.40000 19
   0.07488   0.59384   0.11009   0.67148   3.40000 20
  -0.04700   0.23425   0.02816  -0.10205   3.50000  1
   0.07819   0.13020   0.20666  -0.26028   3.50000  2
   0.00967   1.81328   0.10454  -0.10412   3.50000  3
   0.12637   1.81202  -0.09629  -0.10526   3.50000  4
  -0.05060   0.19046   0.13841  -0.04128   3.50000  5
   0.14161   0.01348  -0.25802   0.04401   3.50000  6
   0.08832   0.65795   0.00112  -0.21518   3.50000  7
   0.26941   0.94329  -0.02982   0.09508   3.50000  8
   0.11113   0.42785  -0.32496  -0.22421   3.50000  9
  -0.15125  -0.00664  -0.20508  -0.26808   3.50000 10
   0.15967  -2.11085  -0.17724   0.18572   3.50000 11
   0.05392  -2.10608   0.02057   0.05036   3.50000 12
  -0.02308   0.13697  -0.01040  -0.04398   3.50000 13
   0.00075   0.29906   0.07163   0.22550   3.50000 14
  -0.11208   0.22457   0.11900  -0.02875   3.50000 15
  -0.01759   0.12845  -0.02272  -0.05750   3.50000 16
   0.12850  -2.07457   0.02796  -0.09862   3.50000 17
  -0.09439  -1.92406   0.12429  -0.07623   3.50000 18
   0.22157   0.68182   0.16181   0.38471   3.50000 19
   0.08642   0.65945   0.12037   0.64016   3.50000 20
  -0.04297   0.22291   0.05259  -0.12407   3.60000  1
   0.09594   0.10584   0.14793  -0.22624   3.60000  2
   0.02076   1.80264   0.11720  -0.10873   3.60000  3
   0.11614   1.80127  -0.10833  -0.10971   3.60000  4
  -0.03551   0.18654   0.16165  -0.03720   3.60000  5
   0.11324   0.02095  -0.30903   0.10643   3.60000  6
   0.08882   0.63503   0.00849  -0.24126   3.60000  7
   0.26568   0.95115  -0.04462   0.06189   3.60000  8
   0.07720   0.40390  -0.35281  -0.25681   3.60000  9
  -0.16938  -0.03040  -0.15780  -0.20793   3.60000 10
   0.14082  -2.09179  -0.19922   0.19434   3.60000 11
   0.05678  -2.10046   0.03651   0.06206   3.60000 12
  -0.02375   0.13457  -0.00227  -0.00440   3.60000 13
   0.00763   0.31930   0.06630   0.17938   3.60000 14
  -0.09668   0.22088   0.18810  -0.04514   3.60000 15
  -0.01967   0.12497  -0.01803  -0.01244   3.60000 16
   0.13063  -2.08458   0.01394  -0.10044   3.60000 17
  -0.08097  -1.93251   0.14432  -0.09318   3.60000 18
   0.23590   0.71903   0.12541   0.36019   3.60000 19
   0.09892   0.72165   0.12970   0.60325   3.60000 20
  -0.03648   0.20959   0.07707  -0.14147   3.70000  1
   0.10766   0.08511   0.08575  -0.18735   3.70000  2
   0.03308   1.79152   0.12901  -0.11366   3.70000  3
   0.10474   1.79007  -0.11943  -0.11440   3.70000  4
  -0.01862   0.18298   0.17446  -0.03431   3.70000  5
   0.07997   0.03494  -0.35496   0.17402   3.70000  6
   0.08987   0.60983   0.01155  -0.26285   3.70000  7
   0.26048   0.95563  -0.05960   0.02762   3.70000  8
   0.04076   0.37607  -0.37459  -0.30164   3.70000  9
  -0.18285  -0.04839  -0.11177  -0.15256   3.70000 10
   0.11996  -2.07220  -0.21708   0.19643   3.70000 11
   0.06116  -2.09366   0.05060   0.07390   3.70000 12
  -0.02340   0.13601   0.00987   0.03264   3.70000 13
   0.01404   0.33491   0.06196   0.13242   3.70000 14
  -0.07468   0.21552   0.25043  -0.06223   3.70000 15
  -0.02102   0.12590  -0.00813   0.03074   3.70000 16
   0.13116  -2.09439  -0.00401  -0.09435   3.70000 17
  -0.06547  -1.94274   0.16600  -0.11165   3.70000 18
   0.24678   0.75403   0.09291   0.34080   3.70000 19
   0.11239   0.78016   0.13998   0.56788   3.70000 20
  -0.02758   0.19479   0.10074  -0.15358   3.80000  1
   0.11293   0.06866   0.01896  -0.14002   3.80000  2
   0.04649   1.77989   0.13881  -0.11896   3.80000  3
   0.09232   1.77838  -0.12842  -0.11934   3.80000  4
  -0.00103   0.17965   0.17509  -0.03240   3.80000  5
   0.04258   0.05588  -0.39070   0.24546   3.80000  6
   0.09096   0.58230   0.00932  -0.28879   3.80000  7
   0.25375   0.95664  -0.07506  -0.00773   3.80000  8
   0.00275   0.34326  -0.38239  -0.35568   3.80000  9
  -0.19176  -0.06100  -0.06672  -0.09997   3.80000 10
   0.09758  -2.05272  -0.22965   0.19224   3.80000 11
   0.06677  -2.08567   0.06063   0.08592   3.80000 12
  -0.02165   0.14100   0.02576   0.06649   3.80000 13
   0.01991   0.34563   0.05444   0.08066   3.80000 14
  -0.04697   0.20842   0.30122  -0.07980   3.80000 15
  -0.02113   0.13104   0.00680   0.07146   3.80000 16
   0.12972  -2.10319  -0.02523  -0.08044   3.80000 17
  -0.04770  -1.95490   0.18972  -0.13181   3.80000 18
   0.25461   0.78738   0.06418   0.32728   3.80000 19
   0.12700   0.83545   0.15249   0.53900   3.80000 20
  -0.01646   0.17911   0.12036  -0.15859   3.90000  1
   0.11140   0.05744  -0.04939  -0.08277   3.90000  2
   0.06072   1.76772   0.14508  -0.12465   3.90000  3
   0.07918   1.76619  -0.13374  -0.12458   3.90000  4
   0.01590   0.17648   0.16059  -0.03101   3.90000  5
   0.00243   0.08411  -0.40824   0.31905   3.90000  6
   0.09157   0.55185   0.00228  -0.32133   3.90000  7
   0.24545   0.95408  -0.09103  -0.04313   3.90000  8
  -0.03492   0.30477  -0.36641  -0.41468   3.90000  9
  -0.19622  -0.06842  -0.02247  -0.04841   3.90000 10
   0.07422  -2.03389  -0.23660   0.18375   3.90000 11
   0.07308  -2.07649   0.06435   0.09770   3.90000 12
  -0.01817   0.14915   0.04375   0.09551   3.90000 13
   0.02477   0.35079   0.04222   0.02143   3.90000 14
  -0.01515   0.19956   0.33038  -0.09717   3.90000 15
  -0.01954   0.14006   0.02537   0.10805   3.90000 16
   0.12607  -2.11027  -0.04783  -0.06042   3.90000 17
  -0.02746  -1.96916   0.21550  -0.15353   3.90000 18
   0.25972   0.81968   0.03849   0.31957   3.90000 19
   0.14297   0.88813   0.16732   0.51518   3.90000 20
  -0.00386   0.16344   0.12952  -0.15243   4.00000  1
   0.10314   0.05239  -0.11518  -0.01681   4.00000  2
   0.07535   1.75495   0.14646  -0.13077   4.00000  3
   0.06574   1.75346  -0.13404  -0.13015   4.00000  4
   0.03053   0.17348   0.12957  -0.02850   4.00000  5
  -0.03792   0.11944  -0.39180   0.38425   4.00000  6
   0.09127   0.51779  -0.00895  -0.36123   4.00000  7
   0.23556   0.94811  -0.10637  -0.07521   4.00000  8
  -0.06956   0.26038  -0.32157  -0.47179   4.00000  9
  -0.19629  -0.07067   0.02094   0.00362   4.00000 10
   0.05047  -2.01606  -0.23726   0.17237   4.00000 11
   0.07939  -2.06617   0.06068   0.10818   4.00000 12
  -0.01297   0.15987   0.05953   0.11745   4.00000 13
   0.02833   0.34976   0.02925  -0.04242   4.00000 14
   0.01795   0.18906   0.32538  -0.11194   4.00000 15
  -0.01606   0.15242   0.04366   0.13779   4.00000 16
   0.12017  -2.11513  -0.06993  -0.03599   4.00000 17
  -0.00458  -1.98562   0.24188  -0.17547   4.00000 18
   0.26238   0.85146   0.01493   0.31674   4.00000 19
   0.16050   0.93852   0.18330   0.49230   4.00000 20
   0.00897   0.14918   0.12505  -0.12997   4.10000  1
   0.08855   0.05433  -0.17546   0.05662   4.10000  2
   0.08985   1.74155   0.14275  -0.13732   4.10000  3
   0.05255   1.74015  -0.12905  -0.13614   4.10000  4
   0.04145   0.17088   0.08792  -0.02312   4.10000  5
  -0.07462   0.15997  -0.33743   0.42038   4.10000  6
   0.08965   0.47934  -0.02423  -0.40926   4.10000  7
   0.22432   0.93935  -0.11731  -0.09807   4.10000  8
  -0.09838   0.21095  -0.25162  -0.51238   4.10000  9
  -0.19206  -0.06764   0.06355   0.05718   4.10000 10
   0.02707  -1.99955  -0.22894   0.15706   4.10000 11
   0.08499  -2.05494   0.05046   0.11586   4.10000 12
  -0.00649   0.17230   0.06907   0.12927   4.10000 13
   0.03067   0.34224   0.01781  -0.10829   4.10000 14
   0.04879   0.17749   0.28693  -0.11761   4.10000 15
  -0.01096   0.16724   0.05745   0.15633   4.10000 16
   0.11214  -2.11736  -0.09016  -0.00825   4.10000 17
   0.02078  -2.00414   0.26397  -0.19396   4.10000 18
   0.26274   0.88312  -0.00743   0.31663   4.10000 19
   0.17954   0.98644   0.19668   0.46504   4.10000 20
   0.02091   0.13789   0.11302  -0.09436   4.20000  1
   0.06834   0.06391  -0.22686   0.13565   4.20000  2
   0.10376   1.72747   0.13502  -0.14436   4.20000  3
   0.04008   1.72621  -0.11978  -0.14259   4.20000  4
   0.04808   0.16894   0.04497  -0.01518   4.20000  5
  -0.10483   0.20223  -0.26527   0.41878   4.20000  6
   0.08628   0.43564  -0.04414  -0.46635   4.20000  7
   0.21237   0.92891  -0.12027  -0.10910   4.20000  8
  -0.11951   0.15911  -0.17065  -0.51792   4.20000  9
  -0.18358  -0.05915   0.10600   0.11324   4.20000 10
   0.00506  -1.98483  -0.20960   0.13663   4.20000 11
   0.08934  -2.04316   0.03619   0.11883   4.20000 12
   0.00070   0.18529   0.07433   0.12861   4.20000 13
   0.03193   0.32806   0.00734  -0.17546   4.20000 14
   0.07469   0.16593   0.22883  -0.11161   4.20000 15
  -0.00470   0.18316   0.06766   0.15956   4.20000 16
   0.10224  -2.11669  -0.10731   0.02191   4.20000 17
   0.04787  -2.02416   0.27598  -0.20504   4.20000 18
   0.26091   0.91477  -0.02896   0.31591   4.20000 19
   0.19961   1.03136   0.20347   0.43286   4.20000 20
   0.03146   0.13053   0.09750  -0.05186   4.30000  1
   0.04365   0.08149  -0.26394   0.21541   4.30000  2
   0.11677   1.71266   0.12487  -0.15195   4.30000  3
   0.02868   1.71161  -0.10777  -0.14956   4.30000  4
   0.05057   0.16792   0.00570  -0.00471   4.30000  5
  -0.12753   0.24282  -0.18841   0.39040   4.30000  6
   0.08063   0.38575  -0.06990  -0.53307   4.30000  7
   0.20047   0.91782  -0.11710  -0.11149   4.30000  8
  -0.13269   0.10844  -0.09441  -0.49215   4.30000  9
  -0.17082  -0.04487   0.14947   0.17302   4.30000 10
  -0.01463  -1.97229  -0.18356   0.11401   4.30000 11
   0.09221  -2.03140   0.02133   0.11518   4.30000 12
   0.00838   0.19770   0.07926   0.11824   4.30000 13
   0.03214   0.30712  -0.00313  -0.24342   4.30000 14
   0.09419   0.15551   0.15956  -0.09510   4.30000 15
   0.00258   0.19872   0.07788   0.14980   4.30000 16
   0.09084  -2.11294  -0.11959   0.05307   4.30000 17
   0.07561  -2.04489   0.27703  -0.20832   4.30000 18
   0.25701   0.94619  -0.04874   0.31198   4.30000 19
   0.22003   1.07301   0.20395   0.40051   4.30000 20
   0.04025   0.12770   0.07721  -0.00387   4.40000  1
   0.01627   0.10672  -0.27954   0.28700   4.40000  2
   0.12870   1.69706   0.11362  -0.16019   4.40000  3
   0.01857   1.69628  -0.09423  -0.15708   4.40000  4
   0.04937   0.16813  -0.02892   0.00966   4.40000  5
  -0.14253   0.27997  -0.11194   0.35125   4.40000  6
   0.07206   0.32873  -0.10268  -0.60824   4.40000  7
   0.18901   0.90675  -0.11199  -0.10949   4.40000  8
  -0.13871   0.06108  -0.02746  -0.45341   4.40000  9
  -0.15362  -0.02439   0.19492   0.23726   4.40000 10
  -0.03161  -1.96199  -0.15604   0.09227   4.40000 11
   0.09368  -2.02036   0.00847   0.10463   4.40000 12
   0.01654   0.20876   0.08369   0.10216   4.40000 13
   0.03130   0.27940  -0.01347  -0.31043   4.40000 14
   0.10635   0.14726   0.08272  -0.06822   4.40000 15
   0.01088   0.21285   0.08798   0.13170   4.40000 16
   0.07857  -2.10613  -0.12460   0.08258   4.40000 17
   0.10292  -2.06556   0.26733  -0.20390   4.40000 18
   0.25128   0.97707  -0.06513   0.30515   4.40000 19
   0.24026   1.11156   0.20006   0.37116   4.40000 20
   0.04670   0.12996   0.05083   0.04992   4.50000  1
  -0.01131   0.13830  -0.26702   0.34111   4.50000  2
   0.13949   1.68059   0.10213  -0.16919   4.50000  3
   0.00986   1.68017  -0.07991  -0.16517   4.50000  4
   0.04494   0.17001  -0.05884   0.02854   4.50000  5
  -0.15004   0.31281  -0.03921   0.30430   4.50000  6
   0.05989   0.26408  -0.14132  -0.68303   4.50000  7
   0.17805   0.89596  -0.10751  -0.10652   4.50000  8
  -0.13847   0.01811   0.03090  -0.40380   4.50000  9
  -0.13178   0.00264   0.24218   0.30311   4.50000 10
  -0.04586  -1.95378  -0.12911   0.07224   4.50000 11
   0.09398  -2.01063  -0.00225   0.08952   4.50000 12
   0.02498   0.21792   0.08412   0.07948   4.50000 13
   0.02948   0.24523  -0.02267  -0.37104   4.50000 14
   0.11058   0.14218   0.00121  -0.03206   4.50000 15
   0.02005   0.22476   0.09425   0.10414   4.50000 16
   0.06619  -2.09658  -0.12166   0.10748   4.50000 17
   0.12875  -2.08541   0.24813  -0.19201   4.50000 18
   0.24413   1.00719  -0.07718   0.29736   4.50000 19
   0.25993   1.14737   0.19293   0.34561   4.50000 20
   0.05023   0.13773   0.01874   0.10455   4.60000  1
  -0.03610   0.17404  -0.22388   0.36763   4.60000  2
   0.14913   1.66319   0.09087  -0.17907   4.60000  3
   0.00260   1.66323  -0.06516  -0.17384   4.60000  4
   0.03778   0.17381  -0.08337   0.04600   4.60000  5
  -0.15060   0.34059   0.02666   0.25024   4.60000  6
   0.04388   0.19316  -0.17709  -0.72605   4.60000  7
   0.16746   0.88541  -0.10453  -0.10469   4.60000  8
  -0.13275  -0.01917   0.08243  -0.33950   4.60000  9
  -0.10513   0.03610   0.29142   0.36557   4.60000 10
  -0.05746  -1.94750  -0.10308   0.05375   4.60000 11
   0.09326  -2.00250  -0.01220   0.07285   4.60000 12
   0.03304   0.22415   0.07482   0.04190   4.60000 13
   0.02680   0.20582  -0.03083  -0.41262   4.60000 14
   0.10649   0.14100  -0.08325   0.00854   4.60000 15
   0.02938   0.23306   0.09002   0.05845   4.60000 16
   0.05441  -2.08481  -0.11350   0.12719   4.60000 17
   0.15237  -2.10379   0.22384  -0.17492   4.60000 18
   0.23598   1.03656  -0.08507   0.29014   4.60000 19
   0.27876   1.18081   0.18316   0.32388   4.60000 20
   0.05024   0.15036  -0.01948   0.14398   4.70000  1
  -0.05542   0.21043  -0.16096   0.35367   4.70000  2
   0.15768   1.64475   0.08010  -0.18998   4.70000  3
  -0.00316   1.64539  -0.05008  -0.18313   4.70000  4
   0.02848   0.17869  -0.10165   0.04869   4.70000  5
  -0.14497   0.36271   0.08470   0.19168   4.70000  6
   0.02502   0.12122  -0.19727  -0.70168   4.70000  7
   0.15709   0.87494  -0.10311  -0.10506   4.70000  8
  -0.12220  -0.04952   0.12767  -0.26689   4.70000  9
  -0.07329   0.07577   0.34662   0.42792   4.70000 10
  -0.06650  -1.94299  -0.07772   0.03647   4.70000 11
   0.09153  -1.99604  -0.02253   0.05656   4.70000 12
   0.03951   0.22578   0.05268  -0.01050   4.70000 13
   0.02331   0.16385  -0.03907  -0.42049   4.70000 14
   0.09391   0.14371  -0.16801   0.04399   4.70000 15
   0.03755   0.23591   0.07124  -0.00269   4.70000 16
   0.04355  -2.07127  -0.10355   0.14323   4.70000 17
   0.17350  -2.12033   0.19881  -0.15570   4.70000 18
   0.22723   1.06526  -0.08953   0.28414   4.70000 19
   0.29649   1.21227   0.17114   0.30579   4.70000 20
   0.04624   0.16566  -0.06038   0.15863   4.80000  1
  -0.06825   0.24386  -0.09609   0.31232   4.80000  2
   0.16517   1.62515   0.06998  -0.20206   4.80000  3
  -0.00740   1.62658  -0.03465  -0.19305   4.80000  4
   0.01773   0.18309  -0.11166   0.03811   4.80000  5
  -0.13387   0.37884   0.13641   0.13036   4.80000  6
   0.00489   0.05449  -0.20325  -0.62772   4.80000  7
   0.14679   0.86431  -0.10306  -0.10802   4.80000  8
  -0.10740  -0.07252   0.16741  -0.19324   4.80000  9
  -0.03569   0.12142   0.40381   0.48152   4.80000 10
  -0.07302  -1.94017  -0.05268   0.02009   4.80000 11
   0.08872  -1.99115  -0.03380   0.04161   4.80000 12
   0.04327   0.22204   0.02144  -0.06334   4.80000 13
   0.01897   0.12295  -0.04769  -0.39175   4.80000 14
   0.07316   0.14944  -0.24454   0.06916   4.80000 15
   0.04326   0.23254   0.04150  -0.06386   4.80000 16
   0.03369  -2.05624  -0.09366   0.15697   4.80000 17
   0.19218  -2.13493   0.17512  -0.13640   4.80000 18
   0.21816   1.09343  -0.09145   0.27959   4.80000 19
   0.31292   1.24208   0.15724   0.29108   4.80000 20
   0.03832   0.18162  -0.09665   0.15910   4.90000  1
  -0.07473   0.27260  -0.03417   0.26179   4.90000  2
   0.17170   1.60429   0.06063  -0.21546   4.90000  3
  -0.01008   1.60675  -0.01877  -0.20364   4.90000  4
   0.00654   0.18631  -0.10983   0.02718   4.90000  5
  -0.11785   0.38869   0.18339   0.06627   4.90000  6
  -0.01525  -0.00398  -0.19820  -0.54259   4.90000  7
   0.13644   0.85325  -0.10416  -0.11377   4.90000  8
  -0.08887  -0.08818   0.20244  -0.11984   4.90000  9
   0.00662   0.17110   0.43568   0.50649   4.90000 10
  -0.07703  -1.93895  -0.02763   0.00446   4.90000 11
   0.08473  -1.98766  -0.04623   0.02856   4.90000 12
   0.04362   0.21343  -0.01507  -0.10659   4.90000 13
   0.01385   0.08653  -0.05427  -0.33302   4.90000 14
   0.04568   0.15739  -0.30041   0.08981   4.90000 15
   0.04560   0.22344   0.00436  -0.11581   4.90000 16
   0.02479  -2.03993  -0.08453   0.16893   4.90000 17
   0.20859  -2.14764   0.15333  -0.11793   4.90000 18
   0.20900   1.12123  -0.09160   0.27660   4.90000 19
   0.32788   1.27059   0.14169   0.27944   4.90000 20
   0.02730   0.19732  -0.12137   0.15442   5.00000  1
  -0.07522   0.29614   0.02367   0.20875   5.00000  2
   0.17733   1.58201   0.05219  -0.23033   5.00000  3
  -0.01113   1.58583  -0.00230  -0.21494   5.00000  4
  -0.00376   0.18884  -0.09420   0.02506   5.00000  5
  -0.09734   0.39198   0.22608  -0.00111   5.00000  6
  -0.03463  -0.05441  -0.18893  -0.46788   5.00000  7
   0.12593   0.84146  -0.10616  -0.12236   5.00000  8
  -0.06712  -0.09651   0.23125  -0.04703   5.00000  9
   0.04972   0.22148   0.41729   0.49482   5.00000 10
  -0.07853  -1.93926  -0.00226  -0.01043   5.00000 11
   0.07943  -1.98535  -0.05979   0.01788   5.00000 12
   0.04027   0.20139  -0.05131  -0.13005   5.00000 13
   0.00820   0.05666  -0.05866  -0.26456   5.00000 14
   0.01427   0.16748  -0.32129   0.11212   5.00000 15
   0.04405   0.21002  -0.03516  -0.14851   5.00000 16
   0.01676  -2.02252  -0.07639   0.17893   5.00000 17
   0.22291  -2.15855   0.13334  -0.10058   5.00000 18
   0.19988   1.14881  -0.09061   0.27533   5.00000 19
   0.34121   1.29806   0.12460   0.27046   5.00000 20
   0.01445   0.21236  -0.13409   0.14552   5.10000  1
  -0.07020   0.31431   0.07570   0.15434   5.10000  2
   0.18217   1.55817   0.04481  -0.24675   5.10000  3
  -0.01051   1.56374   0.01494  -0.22698   5.10000  4
  -0.01211   0.19156  -0.07273   0.02996   5.10000  5
  -0.07281   0.38836   0.26337  -0.07185   5.10000  6
  -0.05289  -0.09781  -0.17527  -0.40072   5.10000  7
   0.11519   0.82867  -0.10877  -0.13390   5.10000  8
  -0.04298  -0.09769   0.24920   0.02244   5.10000  9
   0.08867   0.26905   0.35762   0.45394   5.10000 10
  -0.07747  -1.94100   0.02360  -0.02436   5.10000 11
   0.07273  -1.98399  -0.07433   0.01001   5.10000 12
   0.03351   0.18825  -0.08309  -0.12946   5.10000 13
   0.00208   0.03346  -0.06380  -0.20042   5.10000 14
  -0.01742   0.17972  -0.30777   0.13165   5.10000 15
   0.03867   0.19464  -0.07195  -0.15510   5.10000 16
   0.00948  -2.00423  -0.06932   0.18634   5.10000 17
   0.23531  -2.16779   0.11492  -0.08437   5.10000 18
   0.19090   1.17636  -0.08894   0.27604   5.10000 19
   0.35275   1.32475   0.10591   0.26367   5.10000 20
   0.00070   0.22624  -0.14003   0.13127   5.20000  1
  -0.06032   0.32694   0.12039   0.09771   5.20000  2
   0.18634   1.53261   0.03869  -0.26469   5.20000  3
  -0.00811   1.54041   0.03315  -0.23983   5.20000  4
  -0.01838   0.19491  -0.05328   0.03718   5.20000  5
  -0.04494   0.37753   0.29226  -0.14490   5.20000  6
  -0.06947  -0.13461  -0.15563  -0.33562   5.20000  7
   0.10417   0.81458  -0.11167  -0.14844   5.20000  8
  -0.01776  -0.09221   0.25297   0.08647   5.20000  9
   0.12095   0.31215   0.28792   0.40853   5.20000 10
  -0.07379  -1.94408   0.04993  -0.03685   5.20000 11
   0.06455  -1.98324  -0.08952   0.00537   5.20000 12
   0.02374   0.17601  -0.11186  -0.11334   5.20000 13
  -0.00455   0.01637  -0.06852  -0.14223   5.20000 14
  -0.04652   0.19356  -0.27130   0.14392   5.20000 15
   0.02973   0.17961  -0.10647  -0.14300   5.20000 16
   0.00286  -1.98537  -0.06334   0.19015   5.20000 17
   0.24593  -2.17546   0.09776  -0.06920   5.20000 18
   0.18211   1.20410  -0.08688   0.27905   5.20000 19
   0.36233   1.35085   0.08543   0.25843   5.20000 20
  -0.01338   0.23850  -0.14057   0.11339   5.30000  1
  -0.04641   0.33374   0.15628   0.03793   5.30000  2
   0.18996   1.50519   0.03395  -0.28388   5.30000  3
  -0.00384   1.51575   0.05258  -0.25355   5.30000  4
  -0.02291   0.19900  -0.03800   0.04468   5.30000  5
  -0.01480   0.35941   0.30770  -0.21701   5.30000  6
  -0.08394  -0.16502  -0.13363  -0.27314   5.30000  7
   0.09286   0.79888  -0.11451  -0.16605   5.30000  8
   0.00721  -0.08049   0.24456   0.14769   5.30000  9
   0.14637   0.35090   0.22133   0.36716   5.30000 10
  -0.06748  -1.94830   0.07632  -0.04708   5.30000 11
   0.05483  -1.98279  -0.10483   0.00422   5.30000 12
   0.01129   0.16586  -0.13616  -0.08862   5.30000 13
  -0.01153   0.00489  -0.07043  -0.08770   5.30000 14
  -0.07116   0.20827  -0.21927   0.14898   5.30000 15
   0.01752   0.16640  -0.13683  -0.11991   5.30000 16
  -0.00322  -1.96636  -0.05832   0.18920   5.30000 17
   0.25490  -2.18166   0.08162  -0.05497   5.30000 18
   0.17353   1.23226  -0.08467   0.28480   5.30000 19
   0.36976   1.37646   0.06289   0.25386   5.30000 20
  -0.02715   0.24883  -0.13321   0.09276   5.40000  1
  -0.02943   0.33442   0.18132  -0.02471   5.40000  2
   0.19317   1.47582   0.03039  -0.30368   5.40000  3
   0.00245   1.48967   0.07355  -0.26820   5.40000  4
  -0.02610   0.20381  -0.02623   0.05123   5.40000  5
   0.01594   0.33437   0.30336  -0.28192   5.40000  6
  -0.09624  -0.18938  -0.11271  -0.21491   5.40000  7
   0.08128   0.78127  -0.11693  -0.18674   5.40000  8
   0.03082  -0.06269   0.22593   0.20828   5.40000  9
   0.16540   0.38567   0.16033   0.32829   5.40000 10
  -0.05856  -1.95339   0.10177  -0.05409   5.40000 11
   0.04360  -1.98229  -0.11956   0.00648   5.40000 12
  -0.00323   0.15845  -0.15272  -0.05896   5.40000 13
  -0.01848  -0.00118  -0.06792  -0.03354   5.40000 14
  -0.09002   0.22311  -0.15643   0.14647   5.40000 15
   0.00263   0.15585  -0.15921  -0.09008   5.40000 16
  -0.00882  -1.94773  -0.05376   0.18243   5.40000 17
   0.26229  -2.18648   0.06629  -0.04153   5.40000 18
   0.16517   1.26116  -0.08241   0.29373   5.40000 19
   0.37483   1.40160   0.03817   0.24871   5.40000 20
  -0.03968   0.25689  -0.11565   0.06732   5.50000  1
  -0.01059   0.32878   0.19301  -0.08810   5.50000  2
   0.19604   1.44448   0.02702  -0.32287   5.50000  3
   0.01093   1.46208   0.09647  -0.28373   5.50000  4
  -0.02822   0.20916  -0.01640   0.05528   5.50000  5
   0.04506   0.30351   0.27527  -0.33229   5.50000  6
  -0.10655  -0.20814  -0.09386  -0.16089   5.50000  7
   0.06950   0.76143  -0.11858  -0.21053   5.50000  8
   0.05207  -0.03886   0.19770   0.26815   5.50000  9
   0.17865   0.41657   0.10581   0.28981   5.50000 10
  -0.04721  -1.95898   0.12470  -0.05712   5.50000 11
   0.03096  -1.98140  -0.13273   0.01168   5.50000 12
  -0.01890   0.15415  -0.15859  -0.02675   5.50000 13
  -0.02496  -0.00173  -0.06104   0.02319   5.50000 14
  -0.10224   0.23726  -0.08730   0.13510   5.50000 15
  -0.01394   0.14851  -0.17019  -0.05623   5.50000 16
  -0.01396  -1.93008  -0.04886   0.16944   5.50000 17
   0.26817  -2.18999   0.05158  -0.02877   5.50000 18
   0.15705   1.29112  -0.07998   0.30588   5.50000 19
   0.37734   1.42613   0.01161   0.24144   5.50000 20
  -0.04999   0.26207  -0.08942   0.03521   5.60000  1
   0.00867   0.31689   0.18965  -0.14903   5.60000  2
   0.19851   1.41133   0.02165  -0.33931   5.60000  3
   0.02183   1.43290   0.12186  -0.29971   5.60000  4
  -0.02940   0.21472  -0.00718   0.05484   5.60000  5
   0.07028   0.26852   0.22618  -0.36454   5.60000  6
  -0.11508  -0.22167  -0.07699  -0.11031   5.60000  7
   0.05760   0.73906  -0.11919  -0.23747   5.60000  8
   0.07006  -0.00910   0.16069   0.32685   5.60000  9
   0.18678   0.44364   0.05790   0.25170   5.60000 10
  -0.03377  -1.96468   0.14315  -0.05612   5.60000 11
   0.01715  -1.97988  -0.14293   0.01899   5.60000 12
  -0.03453   0.15312  -0.15201   0.00597   5.60000 13
  -0.03059   0.00360  -0.05109   0.08418   5.60000 14
  -0.10742   0.24981  -0.01649   0.11432   5.60000 15
  -0.03095   0.14467  -0.16760  -0.02042   5.60000 16
  -0.01856  -1.91403  -0.04291   0.15085   5.60000 17
   0.27262  -2.19225   0.03734  -0.01655   5.60000 18
   0.14920   1.32240  -0.07694   0.31973   5.60000 19
   0.37713   1.44977  -0.01566   0.23081   5.60000 20
  -0.05739   0.26374  -0.05812  -0.00264   5.70000  1
   0.02683   0.29915   0.17119  -0.20460   5.70000  2
   0.20022   1.37685   0.01172  -0.34875   5.70000  3
   0.03540   1.40217   0.15006  -0.31444   5.70000  4
  -0.02966   0.21993   0.00175   0.04828   5.70000  5
   0.08985   0.23116   0.16360  -0.38006   5.70000  6
  -0.12200  -0.23029  -0.06171  -0.06234   5.70000  7
   0.04570   0.71383  -0.11848  -0.26768   5.70000  8
   0.08396   0.02648   0.11602   0.38460   5.70000  9
   0.19041   0.46695   0.01549   0.21482   5.70000 10
  -0.01879  -1.97009   0.15516  -0.05170   5.70000 11
   0.00254  -1.97757  -0.14825   0.02732   5.70000 12
  -0.04888   0.15530  -0.13294   0.03744   5.70000 13
  -0.03512   0.01527  -0.03935   0.15000   5.70000 14
  -0.10561   0.25983   0.05217   0.08456   5.70000 15
  -0.04700   0.14444  -0.15114   0.01576   5.70000 16
  -0.02250  -1.90005  -0.03575   0.12823   5.70000 17
   0.27565  -2.19331   0.02344  -0.00471   5.70000 18
   0.14170   1.35493  -0.07268   0.32928   5.70000 19
   0.37423   1.47217  -0.04216   0.21664   5.70000 20
  -0.06153   0.26143  -0.02421  -0.04388   5.80000  1
   0.04245   0.27621   0.13910  -0.25302   5.80000  2
   0.20070   1.34197  -0.00241  -0.34688   5.80000  3
   0.05190   1.37019   0.17977  -0.32403   5.80000  4
  -0.02907   0.22415   0.01011   0.03513   5.80000  5
   0.10280   0.19296   0.09463  -0.38190   5.80000  6
  -0.12746  -0.23421  -0.04755  -0.01626   5.80000  7
   0.03396   0.68541  -0.11619  -0.30141   5.80000  8
   0.09304   0.06781   0.06463   0.44171   5.80000  9
   0.19001   0.48665  -0.02313   0.17942   5.80000 10
  -0.00300  -1.97493   0.15944  -0.04475   5.80000 11
  -0.01228  -1.97442  -0.14690   0.03561   5.80000 12
  -0.06075   0.16052  -0.10265   0.06648   5.80000 13
  -0.03842   0.03376  -0.02620   0.22067   5.80000 14
  -0.09716   0.26645   0.11584   0.04655   5.80000 15
  -0.06076   0.14780  -0.12200   0.05131   5.80000 16
  -0.02568  -1.88846  -0.02775   0.10334   5.80000 17
   0.27731  -2.19320   0.00975   0.00689   5.80000 18
   0.13469   1.38779  -0.06753   0.32513   5.80000 19
   0.36876   1.49302  -0.06677   0.19988   5.80000 20
  -0.06218   0.25493   0.01151  -0.08605   5.90000  1
   0.05428   0.24883   0.09581  -0.29287   5.90000  2
   0.19971   1.30774  -0.01743  -0.33711   5.90000  3
   0.07127   1.33765   0.20684  -0.32546   5.90000  4
  -0.02766   0.22675   0.01785   0.01602   5.90000  5
   0.10871   0.15524   0.02360  -0.36952   5.90000  6
  -0.13153  -0.23358  -0.03404   0.02863   5.90000  7
   0.02253   0.65342  -0.11200  -0.33903   5.90000  8
   0.09667   0.11471   0.00681   0.49491   5.90000  9
   0.18586   0.50287  -0.05960   0.14493   5.90000 10
   0.01285  -1.97899   0.15634  -0.03620   5.90000 11
  -0.02660  -1.97047  -0.13854   0.04324   5.90000 12
  -0.06909   0.16849  -0.06274   0.09230   5.90000 13
  -0.04030   0.05955  -0.01107   0.29559   5.90000 14
  -0.08269   0.26889   0.17201   0.00112   5.90000 15
  -0.07103   0.15466  -0.08182   0.08554   5.90000 16
  -0.02804  -1.87941  -0.01949   0.07762   5.90000 17
   0.27761  -2.19194  -0.00382   0.01841   5.90000 18
   0.12824   1.41945  -0.06107   0.30618   5.90000 19
   0.36095   1.51210  -0.08915   0.18175   5.90000 20
  -0.05917   0.24429   0.04892  -0.12612   6.00000  1
   0.06134   0.21804   0.04424  -0.32008   6.00000  2
   0.19724   1.27459  -0.03175  -0.32583   6.00000  3
   0.09307   1.30525   0.22829  -0.32223   6.00000  4
  -0.02550   0.22721   0.02535  -0.00724   6.00000  5
   0.10754   0.11986  -0.04668  -0.33361   6.00000  6
  -0.13427  -0.22850  -0.02066   0.07297   6.00000  7
   0.01163   0.61745  -0.10557  -0.38104   6.00000  8
   0.09416   0.16618  -0.05835   0.53008   6.00000  9
   0.17811   0.51563  -0.09523   0.11008   6.00000 10
   0.02809  -1.98215   0.14786  -0.02699   6.00000 11
  -0.03980  -1.96580  -0.12458   0.05009   6.00000 12
  -0.07302   0.17885  -0.01467   0.11404   6.00000 13
  -0.04053   0.09295   0.00709   0.37229   6.00000 14
  -0.06309   0.26647   0.21799  -0.05019   6.00000 15
  -0.07680   0.16484  -0.03209   0.11756   6.00000 16
  -0.02959  -1.87293  -0.01145   0.05195   6.00000 17
   0.27655  -2.18952  -0.01738   0.02998   6.00000 18
   0.12257   1.44883  -0.05191   0.28117   6.00000 19
   0.35100   1.52935  -0.10942   0.16316   6.00000 20
  -0.05236   0.22995   0.08725  -0.15876   6.10000  1
   0.06292   0.18565  -0.01361  -0.32224   6.10000  2
   0.19340   1.24252  -0.04487  -0.31591   6.10000  3
   0.11675   1.27319   0.24445  -0.31941   6.10000  4
  -0.02259   0.22529   0.03296  -0.03075   6.10000  5
   0.09954   0.08931  -0.11218  -0.27443   6.10000  6
  -0.13565  -0.21898  -0.00681   0.11746   6.10000  7
   0.00150   0.57704  -0.09660  -0.42824   6.10000  8
   0.08476   0.21967  -0.13028   0.53392   6.10000  9
   0.16681   0.52481  -0.13084   0.07295   6.10000 10
   0.04232  -1.98439   0.13634  -0.01789   6.10000 11
  -0.05140  -1.96047  -0.10703   0.05628   6.10000 12
  -0.07181   0.19112   0.03987   0.13039   6.10000 13
  -0.03877   0.13384   0.02868   0.44382   6.10000 14
  -0.03954   0.25878   0.25053  -0.10341   6.10000 15
  -0.07718   0.17805   0.02562   0.14577   6.10000 16
  -0.03035  -1.86900  -0.00391   0.02682   6.10000 17
   0.27413  -2.18594  -0.03101   0.04175   6.10000 18
   0.11793   1.47572  -0.04073   0.25719   6.10000 19
   0.33913   1.54474  -0.12784   0.14467   6.10000 20
  -0.04179   0.21311   0.12318  -0.17415   6.20000  1
   0.05849   0.15471  -0.07483  -0.29160   6.20000  2
   0.18834   1.21134  -0.05580  -0.30802   6.20000  3
   0.14180   1.24128   0.25558  -0.31917   6.20000  4
  -0.01893   0.22127   0.04006  -0.04793   6.20000  5
   0.08539   0.06538  -0.16913  -0.20266   6.20000  6
  -0.13559  -0.20497   0.00821   0.16291   6.20000  7
  -0.00760   0.53159  -0.08494  -0.48198   6.20000  8
   0.06817   0.27188  -0.19991   0.50553   6.20000  9
   0.15194   0.53007  -0.16659   0.03122   6.20000 10
   0.05532  -1.98575   0.12350  -0.00937   6.20000 11
  -0.06113  -1.95456  -0.08737   0.06190   6.20000 12
  -0.06493   0.20470   0.09776   0.14015   6.20000 13
  -0.03472   0.18104   0.05252   0.49490   6.20000 14
  -0.01360   0.24603   0.26438  -0.14902   6.20000 15
  -0.07150   0.19379   0.08847   0.16776   6.20000 16
  -0.03039  -1.86754   0.00303   0.00251   6.20000 17
   0.27034  -2.18116  -0.04481   0.05386   6.20000 18
   0.11445   1.50038  -0.02860   0.23648   6.20000 19
   0.32549   1.55830  -0.14470   0.12666   6.20000 20
  -0.02799   0.19605   0.15112  -0.16229   6.30000  1
   0.04819   0.12814  -0.12901  -0.23672   6.30000  2
   0.18237   1.18084  -0.06286  -0.30243   6.30000  3
   0.16767   1.20926   0.26068  -0.32182   6.30000  4
  -0.01462   0.21616   0.04595  -0.05177   6.30000  5
   0.06608   0.04901  -0.21514  -0.12393   6.30000  6
  -0.13394  -0.18634   0.02514   0.21026   6.30000  7
  -0.01540   0.48034  -0.07052  -0.54467   6.30000  8
   0.04533   0.31998  -0.25327   0.45369   6.30000  9
   0.13351   0.53083  -0.20189  -0.01723   6.30000 10
   0.06700  -1.98629   0.11023  -0.00167   6.30000 11
  -0.06883  -1.94811  -0.06643   0.06686   6.30000 12
  -0.05234   0.21894   0.15315   0.14361   6.30000 13
  -0.02826   0.23143   0.07631   0.50522   6.30000 14
   0.01244   0.22973   0.25171  -0.17246   6.30000 15
  -0.05951   0.21131   0.15069   0.18125   6.30000 16
  -0.02976  -1.86846   0.00938  -0.02080   6.30000 17
   0.26516  -2.17515  -0.05887   0.06645   6.30000 18
   0.11222   1.52313  -0.01607   0.21900   6.30000 19
   0.31023   1.57010  -0.16031   0.10943   6.30000 20
  -0.01194   0.18140   0.16796  -0.12824   6.40000  1
   0.03323   0.10781  -0.16724  -0.16849   6.40000  2
   0.17595   1.15077  -0.06459  -0.29954   6.40000  3
   0.19369   1.17684   0.25863  -0.32686   6.40000  4
  -0.00973   0.21140   0.05196  -0.04145   6.40000  5
   0.04277   0.04073  -0.24871  -0.04111   6.40000  6
  -0.13047  -0.16282   0.04478   0.26065   6.40000  7
  -0.02159   0.42228  -0.05276  -0.61823   6.40000  8
   0.01834   0.36228  -0.28230   0.39116   6.40000  9
   0.11161   0.52635  -0.23572  -0.07362   6.40000 10
   0.07736  -1.98611   0.09692   0.00510   6.40000 11
  -0.07439  -1.94121  -0.04459   0.07093   6.40000 12
  -0.03465   0.23328   0.19811   0.14261   6.40000 13
  -0.01956   0.28077   0.09686   0.47722   6.40000 14
   0.03586   0.21242   0.21328  -0.17018   6.40000 15
  -0.04167   0.22974   0.20378   0.18586   6.40000 16
  -0.02853  -1.87166   0.01521  -0.04290   6.40000 17
   0.25856  -2.16785  -0.07327   0.07965   6.40000 18
   0.11125   1.54427  -0.00328   0.20420   6.40000 19
   0.29346   1.58022  -0.17503   0.09324   6.40000 20
   0.00521   0.17067   0.17290  -0.08574   6.50000  1
   0.01537   0.09462  -0.18675  -0.09489   6.50000  2
   0.16963   1.12083  -0.06113  -0.29986   6.50000  3
   0.21916   1.14383   0.24968  -0.33359   6.50000  4
  -0.00417   0.20814   0.05947  -0.02300   6.50000  5
   0.01682   0.04085  -0.26778   0.04356   6.50000  6
  -0.12487  -0.13406   0.06788   0.31542   6.50000  7
  -0.02580   0.35668  -0.03049  -0.69127   6.50000  8
  -0.01029   0.39794  -0.28595   0.32017   6.50000  9
   0.08645   0.51584  -0.26713  -0.13795   6.50000 10
   0.08639  -1.98531   0.08367   0.01088   6.50000 11
  -0.07773  -1.93397  -0.02199   0.07373   6.50000 12
  -0.01330   0.24736   0.22567   0.13842   6.50000 13
  -0.00914   0.32638   0.10992   0.43300   6.50000 14
   0.05459   0.19623   0.15951  -0.15176   6.50000 15
  -0.01933   0.24824   0.23940   0.18309   6.50000 16
  -0.02673  -1.87699   0.02067  -0.06354   6.50000 17
   0.25049  -2.15919  -0.08813   0.09362   6.50000 18
   0.11157   1.56403   0.00977   0.19142   6.50000 19
   0.27524   1.58879  -0.18918   0.07831   6.50000 20
   0.02218   0.16431   0.16406  -0.04143   6.60000  1
  -0.00353   0.08884  -0.18856  -0.02087   6.60000  2
   0.16384   1.09068  -0.05417  -0.30364   6.60000  3
   0.24346   1.11008   0.23558  -0.34151   6.60000  4
   0.00217   0.20687   0.06729  -0.00255   6.60000  5
  -0.01022   0.04940  -0.26998   0.12698   6.60000  6
  -0.11676  -0.09953   0.09511   0.37628   6.60000  7
  -0.02740   0.28494   0.00050  -0.73781   6.60000  8
  -0.03797   0.42609  -0.26393   0.24332   6.60000  9
   0.05830   0.49853  -0.29500  -0.20936   6.60000 10
   0.09410  -1.98397   0.07043   0.01561   6.60000 11
  -0.07877  -1.92653   0.00131   0.07479   6.60000 12
   0.00976   0.26076   0.23165   0.12779   6.60000 13
   0.00211   0.36687   0.11376   0.37440   6.60000 14
   0.06750   0.18238   0.09774  -0.12390   6.60000 15
   0.00543   0.26605   0.25174   0.17081   6.60000 16
  -0.02440  -1.88431   0.02599  -0.08232   6.60000 17
   0.24091  -2.14909  -0.10354   0.10851   6.60000 18
   0.11321   1.58260   0.02303   0.18005   6.60000 19
   0.25563   1.59593  -0.20299   0.06484   6.60000 20
   0.03750   0.16235   0.13992   0.00164   6.70000  1
  -0.02186   0.09036  -0.17599   0.05058   6.70000  2
   0.15884   1.05999  -0.04572  -0.31080   6.70000  3
   0.26617   1.07549   0.21834  -0.35053   6.70000  4
   0.00919   0.20744   0.07232   0.01212   6.70000  5
  -0.03657   0.06608  -0.25378   0.20536   6.70000  6
  -0.10570  -0.05853   0.12698   0.44534   6.70000  7
  -0.02533   0.21030   0.04158  -0.74943   6.70000  8
  -0.06250   0.44687  -0.22459   0.17372   6.70000  9
   0.02768   0.47381  -0.31571  -0.28528   6.70000 10
   0.10047  -1.98222   0.05708   0.01924   6.70000 11
  -0.07744  -1.91909   0.02520   0.07352   6.70000 12
   0.03235   0.27243   0.21741   0.10340   6.70000 13
   0.01343   0.40113   0.11176   0.31119   6.70000 14
   0.07401   0.17163   0.03217  -0.09067   6.70000 15
   0.03024   0.28183   0.24131   0.14233   6.70000 16
  -0.02153  -1.89338   0.03151  -0.09878   6.70000 17
   0.22976  -2.13745  -0.11965   0.12450   6.70000 18
   0.11618   1.60007   0.03634   0.16948   6.70000 19
   0.23465   1.60181  -0.21650   0.05308   6.70000 20
   0.04972   0.16440   0.10278   0.03801   6.80000  1
  -0.03833   0.09876  -0.15134   0.11561   6.80000  2
   0.15470   1.02841  -0.03715  -0.32117   6.80000  3
   0.28707   1.03994   0.19937  -0.36069   6.80000  4
   0.01650   0.20887   0.07337   0.01469   6.80000  5
  -0.06031   0.09013  -0.21757   0.27290   6.80000  6
  -0.09119  -0.01013   0.16402   0.52435   6.80000  7
  -0.01933   0.13612   0.07524  -0.72836   6.80000  8
  -0.08262   0.46106  -0.17699   0.11089   6.80000  9
  -0.00431   0.44158  -0.32063  -0.35777   6.80000 10
   0.10550  -1.98016   0.04345   0.02168   6.80000 11
  -0.07371  -1.91192   0.04953   0.06931   6.80000 12
   0.05280   0.28119   0.18987   0.07138   6.80000 13
   0.02422   0.42913   0.10264   0.24816   6.80000 14
   0.07395   0.16427  -0.03282  -0.05654   6.80000 15
   0.05318   0.29426   0.21522   0.10583   6.80000 16
  -0.01808  -1.90397   0.03771  -0.11242   6.80000 17
   0.21695  -2.12415  -0.13657   0.14178   6.80000 18
   0.12046   1.61650   0.04919   0.15900   6.80000 19
   0.21235   1.60662  -0.22931   0.04338   6.80000 20
   0.05785   0.16968   0.05905   0.06684   6.90000  1
  -0.05172   0.11298  -0.11478   0.16634   6.90000  2
   0.15139   0.99565  -0.02926  -0.33463   6.90000  3
   0.30601   1.00331   0.17937  -0.37216   6.90000  4
   0.02371   0.21020   0.06975   0.01196   6.90000  5
  -0.07938   0.11989  -0.16108   0.31844   6.90000  6
  -0.07269   0.04655   0.20687   0.60869   6.90000  7
  -0.01115   0.06596   0.08443  -0.66798   6.90000  8
  -0.09785   0.46911  -0.12776   0.05014   6.90000  9
  -0.03567   0.40270  -0.30277  -0.41748   6.90000 10
   0.10915  -1.97793   0.02936   0.02285   6.90000 11
  -0.06753  -1.90534   0.07400   0.06166   6.90000 12
   0.06996   0.28670   0.15156   0.03879   6.90000 13
   0.03369   0.45057   0.08607   0.17985   6.90000 14
   0.06765   0.16029  -0.09190  -0.02305   6.90000 15
   0.07286   0.30296   0.17630   0.06798   6.90000 16
  -0.01394  -1.91576   0.04518  -0.12284   6.90000 17
   0.20241  -2.10905  -0.15445   0.16052   6.90000 18
   0.12596   1.63185   0.06046   0.14790   6.90000 19
   0.18885   1.61057  -0.24041   0.03619   6.90000 20
   0.06142   0.17774   0.01197   0.09459   7.00000  1
  -0.06098   0.13176  -0.06903   0.20939   7.00000  2
   0.14881   0.96138  -0.02242  -0.35123   7.00000  3
   0.32292   0.96546   0.15858  -0.38508   7.00000  4
   0.03019   0.21134   0.05838   0.01163   7.00000  5
  -0.09212   0.15327  -0.09205   0.34773   7.00000  6
  -0.04983   0.11109   0.24927   0.67863   7.00000  7
  -0.00286   0.00362   0.08112  -0.57624   7.00000  8
  -0.10823   0.47108  -0.08011  -0.01083   7.00000  9
  -0.06421   0.35843  -0.26528  -0.46690   7.00000 10
   0.11135  -1.97564   0.01460   0.02269   7.00000 11
  -0.05892  -1.89971   0.09833   0.05029   7.00000 12
   0.08278   0.28894   0.10332   0.00592   7.00000 13
   0.04137   0.46501   0.06749   0.10883   7.00000 14
   0.05588   0.15977  -0.14204   0.01388   7.00000 15
   0.08808   0.30779   0.12644   0.02826   7.00000 16
  -0.00898  -1.92842   0.05457  -0.12983   7.00000 17
   0.18603  -2.09199  -0.17344   0.18088   7.00000 18
   0.13245   1.64603   0.06843   0.13555   7.00000 19
   0.16438   1.61395  -0.24814   0.03184   7.00000 20
   0.06015   0.18873  -0.03778   0.12613   7.10000  1
  -0.06528   0.15508  -0.01600   0.25848   7.10000  2
   0.14686   0.92529  -0.01683  -0.37117   7.10000  3
   0.33770   0.92624   0.13692  -0.39964   7.10000  4
   0.03505   0.21276   0.03715   0.01838   7.10000  5
  -0.09754   0.18934  -0.01561   0.37355   7.10000  6
  -0.02318   0.18163   0.28148   0.72815   7.10000  7
   0.00513  -0.04940   0.07894  -0.48635   7.10000  8
  -0.11392   0.46693  -0.03360  -0.07245   7.10000  9
  -0.08820   0.30946  -0.21157  -0.51148   7.10000 10
   0.11204  -1.97343  -0.00108   0.02129   7.10000 11
  -0.04788  -1.89541   0.12228   0.03520   7.10000 12
   0.09034   0.28787   0.04641  -0.02705   7.10000 13
   0.04722   0.47234   0.04953   0.03777   7.10000 14
   0.03959   0.16340  -0.18163   0.06092   7.10000 15
   0.09786   0.30855   0.06799  -0.01319   7.10000 16
  -0.00295  -1.94161   0.06643  -0.13348   7.10000 17
   0.16768  -2.07282  -0.19360   0.20287   7.10000 18
   0.13948   1.65891   0.07137   0.12189   7.10000 19
   0.13939   1.61703  -0.25081   0.03018   7.10000 20
   0.05391   0.20321  -0.08621   0.16451   7.20000  1
  -0.06407   0.18364   0.04019   0.31278   7.20000  2
   0.14540   0.88702  -0.01269  -0.39492   7.20000  3
   0.35026   0.88547   0.11408  -0.41603   7.20000  4
   0.03738   0.21550   0.00877   0.03928   7.20000  5
  -0.09516   0.22784   0.06323   0.39450   7.20000  6
   0.00585   0.25550   0.29539   0.74146   7.20000  7
   0.01293  -0.09413   0.07695  -0.41059   7.20000  8
  -0.11490   0.45654   0.01452  -0.13550   7.20000  9
  -0.10588   0.25662  -0.13870  -0.54009   7.20000 10
   0.11109  -1.97141  -0.01803   0.01895   7.20000 11
  -0.03448  -1.89279   0.14576   0.01654   7.20000 12
   0.09180   0.28365  -0.01827  -0.05610   7.20000 13
   0.05128   0.47253   0.03163  -0.03446   7.20000 14
   0.02008   0.17247  -0.20536   0.12255   7.20000 15
   0.10141   0.30520   0.00164  -0.05305   7.20000 16
   0.00440  -1.95501   0.08110  -0.13394   7.20000 17
   0.14727  -2.05137  -0.21483   0.22616   7.20000 18
   0.14653   1.67039   0.06878   0.10759   7.20000 19
   0.11441   1.62005  -0.24795   0.03035   7.20000 20
   0.04317   0.22177  -0.12674   0.20682   7.30000  1
  -0.05733   0.21736   0.09420   0.35884   7.30000  2
   0.14427   0.84616  -0.01025  -0.42319   7.30000  3
   0.36046   0.84296   0.08955  -0.43450   7.30000  4
   0.03677   0.22115  -0.02079   0.07566   7.30000  5
  -0.08502   0.26759   0.13867   0.39697   7.30000  6
   0.03518   0.32833   0.28787   0.70885   7.30000  7
   0.02050  -0.13192   0.07422  -0.34682   7.30000  8
  -0.11083   0.43975   0.06813  -0.20065   7.30000  9
  -0.11549   0.20304  -0.05317  -0.52314   7.30000 10
   0.10837  -1.96965  -0.03671   0.01645   7.30000 11
  -0.01875  -1.89221   0.16876  -0.00548   7.30000 12
   0.08653   0.27712  -0.08719  -0.07127   7.30000 13
   0.05350   0.46532   0.01242  -0.11041   7.30000 14
  -0.00087   0.18814  -0.21080   0.19111   7.30000 15
   0.09797   0.29828  -0.07119  -0.08265   7.30000 16
   0.01336  -1.96829   0.09844  -0.13104   7.30000 17
   0.12470  -2.02758  -0.23652   0.24963   7.30000 18
   0.15309   1.68044   0.06184   0.09363   7.30000 19
   0.08995   1.62312  -0.24074   0.03118   7.30000 20
   0.02894   0.24444  -0.15573   0.24562   7.40000  1
  -0.04531   0.25478   0.14566   0.38685   7.40000  2
   0.14328   0.80219  -0.00998  -0.45715   7.40000  3
   0.36809   0.79849   0.06253  -0.45531   7.40000  4
   0.03326   0.23092  -0.04928   0.12102   7.40000  5
  -0.06758   0.30666   0.20903   0.38234   7.40000  6
   0.06274   0.39646   0.26006   0.65121   7.40000  7
   0.02775  -0.16379   0.07067  -0.29185   7.40000  8
  -0.10097   0.41639   0.13059  -0.26637   7.40000  9
  -0.11674   0.15334   0.02587  -0.46624   7.40000 10
   0.10368  -1.96808  -0.05747   0.01516   7.40000 11
  -0.00075  -1.89400   0.19103  -0.03070   7.40000 12
   0.07446   0.27007  -0.15341  -0.06644   7.40000 13
   0.05369   0.45030  -0.00893  -0.19029   7.40000 14
  -0.02147   0.21055  -0.19776   0.25596   7.40000 15
   0.08716   0.28932  -0.14458  -0.09330   7.40000 16
   0.02414  -1.98107   0.11716  -0.12356   7.40000 17
   0.10001  -2.00153  -0.25679   0.27053   7.40000 18
   0.15882   1.68915   0.05232   0.08065   7.40000 19
   0.06635   1.62628  -0.23098   0.03185   7.40000 20
   0.01248   0.27067  -0.17105   0.27776   7.50000  1
  -0.02838   0.29424   0.19110   0.39971   7.50000  2
   0.14217   0.75448  -0.01266  -0.49852   7.50000  3
   0.37285   0.75181   0.03191  -0.47868   7.50000  4
   0.02700   0.24554  -0.07532   0.17213   7.50000  5
  -0.04356   0.34364   0.26888   0.35449   7.50000  6
   0.08674   0.45825   0.21880   0.58340   7.50000  7
   0.03461  -0.19050   0.06642  -0.24323   7.50000  8
  -0.08439   0.38660   0.20242  -0.32834   7.50000  9
  -0.11091   0.11030   0.08761  -0.39350   7.50000 10
   0.09682  -1.96652  -0.07983   0.01661   7.50000 11
   0.01940  -1.89845   0.21124  -0.05859   7.50000 12
   0.05606   0.26447  -0.21327  -0.04221   7.50000 13
   0.05164   0.42741  -0.03279  -0.26608   7.50000 14
  -0.03969   0.23908  -0.16294   0.31318   7.50000 15
   0.06916   0.28027  -0.21457  -0.08430   7.50000 16
   0.03672  -1.99276   0.13356  -0.10875   7.50000 17
   0.07354  -1.97372  -0.27109   0.28405   7.50000 18
   0.16352   1.69661   0.04164   0.06886   7.50000 19
   0.04379   1.62947  -0.22008   0.03201   7.50000 20
  -0.00471   0.29974  -0.16971   0.30185   7.60000  1
  -0.00767   0.33410   0.21927   0.39354   7.60000  2
   0.14060   0.70216  -0.01960  -0.54974   7.60000  3
   0.37430   0.70267  -0.00389  -0.50456   7.60000  4
   0.01833   0.26546  -0.09707   0.22618   7.60000  5
  -0.01449   0.37691   0.30825   0.30747   7.60000  6
   0.10653   0.51307   0.17813   0.51385   7.60000  7
   0.04101  -0.21259   0.06162  -0.19914   7.60000  8
  -0.06029   0.35118   0.27947  -0.37612   7.60000  9
  -0.09978   0.07470   0.13270  -0.31883   7.60000 10
   0.08774  -1.96465  -0.10138   0.02132   7.60000 11
   0.04130  -1.90573   0.22524  -0.08676   7.60000 12
   0.03226   0.26235  -0.25935   0.00342   7.60000 13
   0.04687   0.39741  -0.06437  -0.33214   7.60000 14
  -0.05334   0.27290  -0.10678   0.36122   7.60000 15
   0.04458   0.27324  -0.27427  -0.05202   7.60000 16
   0.05060  -2.00251   0.14246  -0.08489   7.60000 17
   0.04623  -1.94513  -0.27247   0.28558   7.60000 18
   0.16713   1.70296   0.03067   0.05820   7.60000 19
   0.02234   1.63266  -0.20891   0.03158   7.60000 20
  -0.02075   0.33050  -0.14706   0.30942   7.70000  1
   0.01463   0.37206   0.22268   0.36138   7.70000  2
   0.13804   0.64414  -0.03295  -0.61253   7.70000  3
   0.37183   0.65084  -0.04681  -0.53209   7.70000  4
   0.00781   0.29064  -0.11171   0.27576   7.70000  5
   0.01712   0.40452   0.31884   0.24300   7.70000  6
   0.12265   0.56132   0.14582   0.45241   7.70000  7
   0.04692  -0.23044   0.05644  -0.15825   7.70000  8
  -0.02895   0.31257   0.34216  -0.38779   7.70000  9
  -0.08479   0.04643   0.16531  -0.24724   7.70000 10
   0.07672  -1.96219  -0.11785   0.02802   7.70000 11
   0.06402  -1.91563   0.22691  -0.11001   7.70000 12
   0.00501   0.26574  -0.28090   0.06606   7.70000 13
   0.03847   0.36158  -0.10423  -0.37930   7.70000 14
  -0.06046   0.31069  -0.03337   0.38990   7.70000 15
   0.01511   0.27064  -0.30996   0.00295   7.70000 16
   0.06491  -2.00954   0.14257  -0.05513   7.70000 17
   0.01959  -1.91703  -0.25783   0.27433   7.70000 18
   0.16966   1.70829   0.01984   0.04852   7.70000 19
   0.00200   1.63577  -0.19790   0.03060   7.70000 20
  -0.03340   0.36074  -0.10343   0.29178   7.80000  1
   0.03618   0.40578   0.20594   0.31191   7.80000  2
   0.13372   0.57951  -0.05526  -0.67941   7.80000  3
   0.36464   0.59627  -0.09845  -0.55911   7.80000  4
  -0.00354   0.31995  -0.11248   0.30619   7.80000  5
   0.04831   0.42551   0.30114   0.17853   7.80000  6
   0.13593   0.60353   0.12046   0.39000   7.80000  7
   0.05230  -0.24431   0.05112  -0.11954   7.80000  8
   0.00656   0.27543   0.35929  -0.34715   7.80000  9
  -0.06702   0.02511   0.18885  -0.17981   7.80000 10
   0.06447  -1.95906  -0.12532   0.03446   7.80000 11
   0.08625  -1.92747   0.21582  -0.12547   7.80000 12
  -0.02281   0.27563  -0.26957   0.13048   7.80000 13
   0.02614   0.32296  -0.14069  -0.38528   7.80000 14
  -0.05977   0.34979   0.04682   0.38698   7.80000 15
  -0.01620   0.27412  -0.30963   0.06645   7.80000 16
   0.07891  -2.01349   0.13651  -0.02407   7.80000 17
  -0.00500  -1.89056  -0.23323   0.25428   7.80000 18
   0.17111   1.71269   0.00933   0.03961   7.80000 19
  -0.01725   1.63876  -0.18721   0.02914   7.80000 20
  -0.04116   0.38837  -0.05133   0.25955   7.90000  1
   0.05555   0.43452   0.18114   0.26382   7.90000  2
   0.12653   0.50848  -0.09154  -0.74015   7.90000  3
   0.35184   0.53913  -0.15893  -0.58283   7.90000  4
  -0.01416   0.35106  -0.09780   0.31288   7.90000  5
   0.07680   0.44076   0.26667   0.12895   7.90000  6
   0.14681   0.63887   0.09730   0.31571   7.90000  7
   0.05715  -0.25439   0.04595  -0.08216   7.90000  8
   0.04143   0.24416   0.33328  -0.27612   7.90000  9
  -0.04723   0.01032   0.20587  -0.11654   7.90000 10
   0.05198  -1.95536  -0.12303   0.03902   7.90000 11
   0.10692  -1.94051   0.19676  -0.13460   7.90000 12
  -0.04787   0.29140  -0.22790   0.18270   7.90000 13
   0.01083   0.28598  -0.16237  -0.34834   7.90000 14
  -0.05144   0.38727   0.11734   0.35975   7.90000 15
  -0.04561   0.28368  -0.27374   0.12294   7.90000 16
   0.09210  -2.01440   0.12687   0.00556   7.90000 17
  -0.02700  -1.86627  -0.20685   0.23126   7.90000 18
   0.17154   1.71623  -0.00079   0.03133   7.90000 19
  -0.03545   1.64159  -0.17690   0.02727   7.90000 20
  -0.04362   0.41252   0.00218   0.22274   8.00000  1
   0.07241   0.45858   0.15568   0.21626   8.00000  2
   0.11476   0.43198  -0.14602  -0.78407   8.00000  3
   0.33259   0.47987  -0.22756  -0.60138   8.00000  4
  -0.02273   0.38210  -0.07194   0.30619   8.00000  5
   0.10137   0.45164   0.22345   0.08913   8.00000  6
   0.15540   0.66671   0.07451   0.24170   8.00000  7
   0.06150  -0.26077   0.04123  -0.04546   8.00000  8
   0.07276   0.22022   0.29255  -0.20367   8.00000  9
  -0.02599   0.00168   0.21837  -0.05674   8.00000 10
   0.04011  -1.95132  -0.11347   0.04151   8.00000 11
   0.12548  -1.95423   0.17390  -0.13904   8.00000 12
  -0.06785   0.31172  -0.16982   0.22155   8.00000 13
  -0.00568   0.25410  -0.16467  -0.28701   8.00000 14
  -0.03681   0.42134   0.17283   0.31995   8.00000 15
  -0.07027   0.29835  -0.21704   0.16896   8.00000 16
   0.10422  -2.01248   0.11549   0.03231   8.00000 17
  -0.04643  -1.84429  -0.18218   0.20852   8.00000 18
   0.17097   1.71897  -0.01052   0.02352   8.00000 19
  -0.05265   1.64420  -0.16697   0.02503   8.00000 20
  -0.04080   0.43279   0.05338   0.18223   8.10000  1
   0.08653   0.47747   0.12573   0.16086   8.10000  2
   0.09726   0.35327  -0.20248  -0.78268   8.10000  3
   0.30609   0.41911  -0.30350  -0.61233   8.10000  4
  -0.02825   0.41191  -0.03758   0.28767   8.10000  5
   0.12121   0.45852   0.17215   0.04862   8.10000  6
   0.16169   0.68737   0.05092   0.17225   8.10000  7
   0.06541  -0.26348   0.03716  -0.00881   8.10000  8
   0.09993   0.20321   0.25101  -0.13739   8.10000  9
  -0.00367  -0.00109   0.22766   0.00098   8.10000 10
   0.02942  -1.94710  -0.09988   0.04270   8.10000 11
   0.14166  -1.96819   0.14982  -0.13955   8.10000 12
  -0.08158   0.33533  -0.10385   0.24863   8.10000 13
  -0.02155   0.22878  -0.15023  -0.21931   8.10000 14
  -0.01738   0.45093   0.21293   0.27037   8.10000 15
  -0.08867   0.31713  -0.14977   0.20491   8.10000 16
   0.11518  -2.00807   0.10363   0.05521   8.10000 17
  -0.06352  -1.82452  -0.15984   0.18706   8.10000 18
   0.16944   1.72095  -0.01990   0.01609   8.10000 19
  -0.06886   1.64658  -0.15736   0.02249   8.10000 20
