  -0.02707   2.41810   0.02914   0.03533   0.10000  1
   0.07304   2.58510  -0.02772  -0.05443   0.10000  2
   0.46886  -0.65967  -0.13331   0.06078   0.10000  3
   0.37731  -0.83115  -0.03211   0.13405   0.10000  4
   0.44210   1.45982  -0.01465  -0.07507   0.10000  5
   0.45155   1.26461  -0.02494   0.01615   0.10000  6
   0.21871   0.42461   0.01432   0.06228   0.10000  7
   0.05962   0.53487   0.11285  -0.02280   0.10000  8
  -0.33052  -0.79098   0.10651  -0.05415   0.10000  9
  -0.16768  -0.89650  -0.00315  -0.00345   0.10000 10
  -0.32988  -1.25518   0.07147   0.10056   0.10000 11
  -0.17987  -1.12966  -0.02091   0.07385   0.10000 12
   0.33420   0.71864  -0.03174  -0.09369   0.10000 13
   0.38623   0.53171  -0.10372   0.01032   0.10000 14
   0.21811  -0.48362   0.08247   0.00982   0.10000 15
   0.40276  -0.53799  -0.08328  -0.02258   0.10000 16
  -0.40527   1.34583  -0.00012  -0.05842   0.10000 17
  -0.49548   1.17340   0.05107   0.03693   0.10000 18
   0.25676  -0.30521   0.01387  -0.06621   0.10000 19
   0.26932  -0.10682  -0.00606  -0.08927   0.10000 20
  -0.02267   2.42346   0.05897   0.07220   0.20000  1
   0.06885   2.57688  -0.05619  -0.11032   0.20000  2
   0.44876  -0.65045  -0.26929   0.12427   0.20000  3
   0.37242  -0.81076  -0.06636   0.27549   0.20000  4
   0.43989   1.44849  -0.02961  -0.15195   0.20000  5
   0.44781   1.26711  -0.04980   0.03410   0.20000  6
   0.22086   0.43417   0.02880   0.13042   0.20000  7
   0.07676   0.53147   0.23144  -0.04489   0.20000  8
  -0.31444  -0.79923   0.21564  -0.11165   0.20000  9
  -0.16821  -0.89703  -0.00783  -0.00720   0.20000 10
  -0.31911  -1.23992   0.14438   0.20603   0.20000 11
  -0.18299  -1.11851  -0.04128   0.14967   0.20000 12
   0.32932   0.70436  -0.06675  -0.19355   0.20000 13
   0.37056   0.53328  -0.21033   0.02128   0.20000 14
   0.23055  -0.48229   0.16643   0.01566   0.20000 15
   0.39021  -0.54132  -0.16823  -0.04341   0.20000 16
  -0.40531   1.33701  -0.00073  -0.11843   0.20000 17
  -0.48778   1.17899   0.10305   0.07529   0.20000 18
   0.25888  -0.31538   0.02882  -0.13896   0.20000 19
   0.26845  -0.12042  -0.01114  -0.18405   0.20000 20
  -0.01523   2.43264   0.09004   0.11193   0.30000  1
   0.06175   2.56294  -0.08598  -0.16888   0.30000  2
   0.41488  -0.63461  -0.40839   0.19388   0.30000  3
   0.36385  -0.77552  -0.10630   0.43290   0.30000  4
   0.43615   1.42931  -0.04530  -0.23230   0.30000  5
   0.44160   1.27155  -0.07444   0.05544   0.30000  6
   0.22448   0.45108   0.04368   0.21012   0.30000  7
   0.10632   0.52598   0.36219  -0.06412   0.30000  8
  -0.28724  -0.81355   0.32927  -0.17628   0.30000  9
  -0.16934  -0.89796  -0.01523  -0.01165   0.30000 10
  -0.30092  -1.21362   0.21991   0.32216   0.30000 11
  -0.18806  -1.09958  -0.05957   0.22980   0.30000 12
   0.32059   0.67950  -0.10975  -0.30629   0.30000 13
   0.34399   0.53598  -0.32205   0.03282   0.30000 14
   0.25140  -0.48084   0.24989   0.01038   0.30000 15
   0.36906  -0.54649  -0.25475  -0.05855   0.30000 16
  -0.40544   1.32205  -0.00216  -0.18134   0.30000 17
  -0.47481   1.18855   0.15668   0.11623   0.30000 18
   0.26261  -0.33346   0.04638  -0.22569   0.30000 19
   0.26716  -0.14402  -0.01410  -0.29055   0.30000 20
  -0.00463   2.44594   0.12194   0.15445   0.40000  1
   0.05162   2.54301  -0.11673  -0.23001   0.40000  2
   0.36722  -0.61130  -0.54193   0.27475   0.40000  3
   0.35073  -0.72332  -0.15951   0.61618   0.40000  4
   0.43079   1.40189  -0.06238  -0.31683   0.40000  5
   0.43294   1.27833  -0.09854   0.08070   0.40000  6
   0.22963   0.47669   0.05968   0.30389   0.40000  7
   0.14980   0.51898   0.51002  -0.07268   0.40000  8
  -0.24849  -0.83486   0.44526  -0.25196   0.40000  9
  -0.17132  -0.89942  -0.02430  -0.01815   0.40000 10
  -0.27503  -1.17488   0.29811   0.45645   0.40000 11
  -0.19469  -1.07229  -0.07117   0.31756   0.40000 12
   0.30683   0.64246  -0.16927  -0.43789   0.40000 13
   0.30604   0.53977  -0.43628   0.04186   0.40000 14
   0.28004  -0.48104   0.31708  -0.01996   0.40000 15
   0.33943  -0.55254  -0.33534  -0.05873   0.40000 16
  -0.40575   1.30065  -0.00388  -0.24692   0.40000 17
  -0.45639   1.20232   0.21191   0.15931   0.40000 18
   0.26832  -0.36129   0.06869  -0.33540   0.40000 19
   0.26575  -0.17918  -0.01334  -0.41661   0.40000 20
   0.00906   2.46344   0.15062   0.19379   0.50000  1
   0.03850   2.51703  -0.14442  -0.28770   0.50000  2
   0.30792  -0.57912  -0.63052   0.37109   0.50000  3
   0.33102  -0.65125  -0.24057   0.82930   0.50000  4
   0.42359   1.36591  -0.08214  -0.40204   0.50000  5
   0.42193   1.28771  -0.12128   0.10602   0.50000  6
   0.23653   0.51182   0.07908   0.39384   0.50000  7
   0.20830   0.51260   0.65265  -0.04589   0.50000  8
  -0.19866  -0.86431   0.54551  -0.33787   0.50000  9
  -0.17393  -0.90185  -0.02433  -0.03295   0.50000 10
  -0.24129  -1.12141   0.37615   0.61832   0.50000 11
  -0.20164  -1.03566  -0.06240   0.41745   0.50000 12
   0.28576   0.59147  -0.25730  -0.58084   0.50000 13
   0.25757   0.54386  -0.52143   0.03544   0.50000 14
   0.31256  -0.48616   0.31472  -0.08812   0.50000 15
   0.30299  -0.55721  -0.38545  -0.02788   0.50000 16
  -0.40611   1.27278  -0.00187  -0.30848   0.50000 17
  -0.43248   1.22027   0.26528   0.19752   0.50000 18
   0.27650  -0.40164   0.09482  -0.47781   0.50000 19
   0.26468  -0.22835  -0.00713  -0.57320   0.50000 20
   0.02496   2.48390   0.16312   0.20881   0.60000  1
   0.02327   2.48627  -0.15607  -0.32089   0.60000  2
   0.24527  -0.53730  -0.59759   0.45932   0.60000  3
   0.30151  -0.55771  -0.35129   1.02951   0.60000  4
   0.41420   1.32199  -0.10656  -0.47128   0.60000  5
   0.40878   1.29898  -0.14118   0.11407   0.60000  6
   0.24532   0.55270   0.09257   0.40072   0.60000  7
   0.27576   0.51156   0.66098   0.02661   0.60000  8
  -0.14168  -0.90201   0.57703  -0.40938   0.60000  9
  -0.17497  -0.90684   0.01155  -0.07179   0.60000 10
  -0.20004  -1.05007   0.44717   0.81369   0.60000 11
  -0.20538  -0.98845   0.00072   0.52620   0.60000 12
   0.25538   0.52845  -0.33884  -0.65438   0.60000 13
   0.20637   0.54590  -0.47461   0.00281   0.60000 14
   0.33807  -0.49873   0.16942  -0.15556   0.60000 15
   0.26424  -0.55617  -0.38013   0.06208   0.60000 16
  -0.40559   1.23983   0.01624  -0.34333   0.60000 17
  -0.40378   1.24090   0.30504   0.20773   0.60000 18
   0.28664  -0.45787   0.09900  -0.64688   0.60000 19
   0.26448  -0.29541   0.00342  -0.77807   0.60000 20
   0.04073   2.50366   0.14836   0.17950   0.70000  1
   0.00823   2.45440  -0.14060  -0.30970   0.70000  2
   0.19272  -0.48960  -0.43935   0.47920   0.70000  3
   0.26230  -0.45193  -0.41957   1.03570   0.70000  4
   0.40209   1.27314  -0.13641  -0.49754   0.70000  5
   0.39381   1.30895  -0.15798   0.07654   0.70000  6
   0.25382   0.58791   0.07318   0.29425   0.70000  7
   0.33500   0.51647   0.51280   0.06376   0.70000  8
  -0.08692  -0.94338   0.50340  -0.39544   0.70000  9
  -0.17010  -0.91647   0.09306  -0.11326   0.70000 10
  -0.15223  -0.95868   0.50652   1.00208   0.70000 11
  -0.19854  -0.93154   0.14863   0.60151   0.70000 12
   0.22147   0.46631  -0.32801  -0.57103   0.70000 13
   0.16582   0.54439  -0.33307  -0.03231   0.70000 14
   0.34245  -0.51415  -0.09130  -0.13642   0.70000 15
   0.22853  -0.54244  -0.32779   0.21546   0.70000 16
  -0.40195   1.20571   0.06047  -0.33242   0.70000 17
  -0.37227   1.26016   0.32183   0.17044   0.70000 18
   0.29291  -0.52665   0.00702  -0.68056   0.70000 19
   0.26494  -0.38635  -0.00121  -1.04976   0.70000 20
   0.05412   2.51893   0.11831   0.12379   0.80000  1
  -0.00435   2.42521  -0.10993  -0.27220   0.80000  2
   0.15850  -0.44479  -0.24824   0.39834   0.80000  3
   0.21947  -0.35898  -0.43338   0.79926   0.80000  4
   0.38683   1.22374  -0.16898  -0.48699   0.80000  5
   0.37718   1.31289  -0.17495  -0.00207   0.80000  6
   0.25970   0.61133   0.04461   0.17671   0.80000  7
   0.37810   0.52355   0.35180   0.07644   0.80000  8
  -0.04185  -0.97585   0.40363  -0.23500   0.80000  9
  -0.15485  -0.92547   0.21748  -0.04265   0.80000 10
  -0.09985  -0.85515   0.53532   1.04147   0.80000 11
  -0.17441  -0.87030   0.33466   0.61618   0.80000 12
   0.19052   0.41523  -0.29077  -0.45207   0.80000 13
   0.13940   0.53955  -0.19895  -0.06401   0.80000 14
   0.31964  -0.52489  -0.36154  -0.08378   0.80000 15
   0.19967  -0.51488  -0.24609   0.31635   0.80000 16
  -0.39299   1.17417   0.12000  -0.29658   0.80000 17
  -0.33979   1.27409   0.32723   0.10593   0.80000 18
   0.28632  -0.58690  -0.13961  -0.51066   0.80000 19
   0.26145  -0.50154  -0.08059  -1.20847   0.80000 20
   0.06434   2.52828   0.08611   0.06347   0.90000  1
  -0.01370   2.40009  -0.07719  -0.23027   0.90000  2
   0.14095  -0.41228  -0.11528   0.24753   0.90000  3
   0.17566  -0.29215  -0.44208   0.54399   0.90000  4
   0.36827   1.17597  -0.20229  -0.46871   0.90000  5
   0.35872   1.30811  -0.19476  -0.09431   0.90000  6
   0.26286   0.62385   0.01924   0.07654   0.90000  7
   0.40592   0.53166   0.20689   0.08552   0.90000  8
  -0.00477  -0.98888   0.34413  -0.02344   0.90000  9
  -0.12617  -0.92231   0.35687   0.11068   0.90000 10
  -0.04486  -0.75220   0.57253   1.01947   0.90000 11
  -0.13179  -0.80860   0.51709   0.62054   0.90000 12
   0.16322   0.37530  -0.25560  -0.34983   0.90000 13
   0.12531   0.53171  -0.08607  -0.09212   0.90000 14
   0.27153  -0.53341  -0.59004  -0.09832   0.90000 15
   0.17875  -0.48417  -0.18165   0.27890   0.90000 16
  -0.37782   1.14646   0.18386  -0.25806   0.90000 17
  -0.30680   1.28118   0.33321   0.03577   0.90000 18
   0.26485  -0.62853  -0.29157  -0.32985   0.90000 19
   0.24834  -0.62017  -0.18341  -1.13751   0.90000 20
   0.07140   2.53170   0.05557   0.00523   1.00000  1
  -0.01985   2.37907  -0.04617  -0.19057   1.00000  2
   0.13313  -0.39570  -0.05220   0.08085   1.00000  3
   0.13146  -0.24914  -0.43925   0.31945   1.00000  4
   0.34635   1.12977  -0.23628  -0.45675   1.00000  5
   0.33810   1.29401  -0.21821  -0.18762   1.00000  6
   0.26367   0.62712  -0.00256  -0.00910   1.00000  7
   0.41977   0.54064   0.07103   0.09406   1.00000  8
   0.02799  -0.98025   0.31548   0.19877   1.00000  9
  -0.08322  -0.90313   0.50443   0.27325   1.00000 10
   0.01711  -0.65038   0.67999   1.01858   1.00000 11
  -0.07080  -0.74519   0.70574   0.65324   1.00000 12
   0.13937   0.34465  -0.22134  -0.26606   1.00000 13
   0.12163   0.52125   0.01006  -0.11630   1.00000 14
   0.20387  -0.54545  -0.75368  -0.14185   1.00000 15
   0.16104  -0.46100  -0.18383   0.17804   1.00000 16
  -0.35617   1.12242   0.24954  -0.22352   1.00000 17
  -0.27300   1.28125   0.34359  -0.03434   1.00000 18
   0.22749  -0.65543  -0.45921  -0.21899   1.00000 19
   0.22346  -0.72627  -0.32269  -0.97638   1.00000 20
   0.07551   2.52942   0.02683  -0.05052   1.10000  1
  -0.02300   2.36189  -0.01701  -0.15345   1.10000  2
   0.12830  -0.39709  -0.05458  -0.11468   1.10000  3
   0.08844  -0.22789  -0.41730   0.10601   1.10000  4
   0.32098   1.08430  -0.27127  -0.45428   1.10000  5
   0.31494   1.27061  -0.24587  -0.28026   1.10000  6
   0.26245   0.62236  -0.02136  -0.08475   1.10000  7
   0.42017   0.55045  -0.06343   0.10192   1.10000  8
   0.05926  -0.94825   0.31483   0.44736   1.10000  9
  -0.02463  -0.86746   0.67140   0.44223   1.10000 10
   0.09250  -0.54892   0.81476   1.00334   1.10000 11
   0.01024  -0.67692   0.91738   0.71652   1.10000 12
   0.11902   0.32162  -0.18496  -0.19644   1.10000 13
   0.12691   0.50863   0.09355  -0.13506   1.10000 14
   0.12248  -0.56152  -0.85845  -0.17618   1.10000 15
   0.13990  -0.44989  -0.24610   0.03724   1.10000 16
  -0.32782   1.10160   0.31791  -0.19361   1.10000 17
  -0.23790   1.27430   0.35928  -0.10500   1.10000 18
   0.17229  -0.67304  -0.64415  -0.12967   1.10000 19
   0.18277  -0.81427  -0.49146  -0.78074   1.10000 20
   0.07681   2.52164  -0.00074  -0.10488   1.20000  1
  -0.02330   2.34834   0.01094  -0.11764   1.20000  2
   0.12095  -0.41962  -0.09103  -0.33445   1.20000  3
   0.04893  -0.22801  -0.36698  -0.10878   1.20000  4
   0.29206   1.03860  -0.30734  -0.46123   1.20000  5
   0.28876   1.23793  -0.27876  -0.37363   1.20000  6
   0.25949   0.61040  -0.03713  -0.15340   1.20000  7
   0.40693   0.56094  -0.20251   0.10717   1.20000  8
   0.09178  -0.88950   0.33537   0.72941   1.20000  9
   0.05142  -0.81425   0.84144   0.62157   1.20000 10
   0.17211  -0.45214   0.73078   0.91943   1.20000 11
   0.11015  -0.60147   1.03505   0.78711   1.20000 12
   0.10255   0.30504  -0.14341  -0.13630   1.20000 13
   0.14000   0.49454   0.16676  -0.14484   1.20000 14
   0.03881  -0.57959  -0.77250  -0.18306   1.20000 15
   0.11218  -0.45432  -0.29359  -0.12200   1.20000 16
  -0.29243   1.08356   0.39099  -0.16774   1.20000 17
  -0.20095   1.26015   0.38076  -0.17874   1.20000 18
   0.10071  -0.68027  -0.76217  -0.01198   1.20000 19
   0.12585  -0.88203  -0.63595  -0.56604   1.20000 20
   0.07538   2.50844  -0.02790  -0.15926   1.30000  1
  -0.02083   2.33837   0.03844  -0.08155   1.30000  2
   0.11127  -0.46178  -0.09819  -0.49462   1.30000  3
   0.01640  -0.24949  -0.27704  -0.31871   1.30000  4
   0.25949   0.99177  -0.34427  -0.47657   1.30000  5
   0.25896   1.19579  -0.31862  -0.46984   1.30000  6
   0.25513   0.59189  -0.04959  -0.21565   1.30000  7
   0.37937   0.57164  -0.35016   0.10479   1.30000  8
   0.12411  -0.80399   0.29708   0.97334   1.30000  9
   0.13751  -0.74376   0.83829   0.78543   1.30000 10
   0.23406  -0.36812   0.50870   0.75140   1.30000 11
   0.20696  -0.52072   0.87089   0.82262   1.30000 12
   0.09062   0.29420  -0.09347  -0.08106   1.30000 13
   0.15995   0.48016   0.23055  -0.13945   1.30000 14
  -0.02675  -0.59753  -0.52988  -0.17402   1.30000 15
   0.08451  -0.47287  -0.24806  -0.24268   1.30000 16
  -0.24937   1.06793   0.47167  -0.14545   1.30000 17
  -0.16153   1.23833   0.40875  -0.25914   1.30000 18
   0.02675  -0.67606  -0.68786   0.09506   1.30000 19
   0.06083  -0.92428  -0.63932  -0.27461   1.30000 20
   0.07122   2.48974  -0.05532  -0.21514   1.40000  1
  -0.01560   2.33209   0.06615  -0.04353   1.40000  2
   0.10134  -0.51598  -0.10370  -0.58011   1.40000  3
  -0.00544  -0.29126  -0.15628  -0.51462   1.40000  4
   0.22320   0.94306  -0.38141  -0.49853   1.40000  5
   0.22471   1.14380  -0.36829  -0.57088   1.40000  6
   0.24962   0.56761  -0.06097  -0.26748   1.40000  7
   0.33669   0.58128  -0.50346   0.08358   1.40000  8
   0.14979  -0.69522   0.21306   1.20026   1.40000  9
   0.21348  -0.65754   0.66487   0.93851   1.40000 10
   0.27557  -0.30223   0.33156   0.56785   1.40000 11
   0.28192  -0.43947   0.63053   0.79117   1.40000 12
   0.08422   0.28881  -0.03263  -0.02631   1.40000 13
   0.18572   0.46744   0.28218  -0.11011   1.40000 14
  -0.06647  -0.61376  -0.26424  -0.14489   1.40000 15
   0.06351  -0.50206  -0.17164  -0.34019   1.40000 16
  -0.19771   1.05433   0.56400  -0.12741   1.40000 17
  -0.11894   1.20793   0.44439  -0.35130   1.40000 18
  -0.03363  -0.66002  -0.51321   0.23188   1.40000 19
  -0.00040  -0.93865  -0.58559  -0.02276   1.40000 20
   0.06429   2.46532  -0.08338  -0.27378   1.50000  1
  -0.00757   2.32978   0.09451  -0.00209   1.50000  2
   0.09032  -0.57545  -0.11636  -0.58410   1.50000  3
  -0.01433  -0.35235  -0.01905  -0.70850   1.50000  4
   0.18325   0.89196  -0.41716  -0.52356   1.50000  5
   0.18483   1.08143  -0.43209  -0.67729   1.50000  6
   0.24260   0.53909  -0.08269  -0.29867   1.50000  7
   0.27929   0.58715  -0.63720   0.02690   1.50000  8
   0.16555  -0.56532   0.09313   1.37564   1.50000  9
   0.26806  -0.55696   0.42067   1.06309   1.50000 10
   0.30207  -0.25425   0.20528   0.39281   1.50000 11
   0.33421  -0.36345   0.41977   0.72808   1.50000 12
   0.08448   0.28907   0.03956   0.03246   1.50000 13
   0.21551   0.45923   0.30668  -0.04874   1.50000 14
  -0.08010  -0.62496  -0.01355  -0.07017   1.50000 15
   0.05021  -0.54028  -0.09480  -0.41314   1.50000 16
  -0.13601   1.04218   0.67332  -0.11765   1.50000 17
  -0.07236   1.16743   0.48894  -0.46285   1.50000 18
  -0.07502  -0.62956  -0.30953   0.37157   1.50000 19
  -0.05648  -0.93012  -0.53603   0.19001   1.50000 20
   0.05454   2.43488  -0.11155  -0.33530   1.60000  1
   0.00331   2.33180   0.12300   0.04307   1.60000  2
   0.07626  -0.62667  -0.17970  -0.42396   1.60000  3
  -0.00875  -0.43307   0.13095  -0.90205   1.60000  4
   0.13997   0.83848  -0.44646  -0.54453   1.60000  5
   0.13767   1.00834  -0.51386  -0.78307   1.60000  6
   0.23225   0.50877  -0.12819  -0.30373   1.60000  7
   0.21166   0.58561  -0.70021  -0.05913   1.60000  8
   0.16882  -0.42699  -0.01264   1.36723   1.60000  9
   0.29821  -0.44669   0.19128   1.13808   1.60000 10
   0.31767  -0.22349   0.10997   0.22341   1.60000 11
   0.36631  -0.29387   0.22216   0.66372   1.60000 12
   0.09243   0.29563   0.12049   0.10100   1.60000 13
   0.24491   0.45844   0.26722   0.03333   1.60000 14
  -0.07058  -0.62610   0.19671   0.05337   1.60000 15
   0.04299  -0.58076  -0.06574  -0.37845   1.60000 16
  -0.06235   1.03007   0.80267  -0.13074   1.60000 17
  -0.02087   1.11435   0.54186  -0.60468   1.60000 18
  -0.09437  -0.58786  -0.07213   0.44910   1.60000 19
  -0.10725  -0.90094  -0.47583   0.39332   1.60000 20
   0.04210   2.39832  -0.13582  -0.39435   1.70000  1
   0.01691   2.33836   0.14769   0.08677   1.70000  2
   0.05254  -0.65889  -0.29715  -0.21557   1.70000  3
   0.00970  -0.53078   0.21573  -1.03971   1.70000  4
   0.09469   0.78349  -0.45324  -0.55335   1.70000  5
   0.08218   0.92577  -0.58666  -0.85976   1.70000  6
   0.21662   0.47899  -0.18429  -0.28902   1.70000  7
   0.14209   0.57601  -0.67976  -0.12606   1.70000  8
   0.16693  -0.29409  -0.00390   1.28882   1.70000  9
   0.30848  -0.32946   0.02602   1.20777   1.70000 10
   0.32428  -0.20906   0.02113   0.07095   1.70000 11
   0.37837  -0.23071   0.01718   0.59906   1.70000 12
   0.10865   0.30984   0.20349   0.18687   1.70000 13
   0.26608   0.46503   0.14387   0.09071   1.70000 14
  -0.04203  -0.61396   0.36812   0.18533   1.70000 15
   0.03414  -0.61392  -0.12021  -0.27859   1.70000 16
   0.02436   1.01382   0.92226  -0.21159   1.70000 17
   0.03595   1.04522   0.59152  -0.78318   1.70000 18
  -0.08871  -0.54265   0.18617   0.43727   1.70000 19
  -0.15053  -0.85140  -0.38213   0.59764   1.70000 20
   0.02790   2.35676  -0.14432  -0.43054   1.80000  1
   0.03233   2.34845   0.15673   0.10877   1.80000  2
   0.01784  -0.66902  -0.38289   0.01163   1.80000  3
   0.03019  -0.63675   0.17876  -1.04416   1.80000  4
   0.05090   0.72784  -0.41375  -0.56231   1.80000  5
   0.02477   0.83741  -0.53655  -0.91297   1.80000  6
   0.19551   0.45136  -0.23718  -0.26256   1.80000  7
   0.07746   0.56191  -0.60542  -0.14872   1.80000  8
   0.17124  -0.16888   0.09929   1.21631   1.80000  9
   0.30570  -0.20537  -0.07220   1.26412   1.80000 10
   0.32128  -0.20658  -0.08432   0.00396   1.80000 11
   0.36940  -0.17405  -0.19723   0.53612   1.80000 12
   0.13277   0.33380   0.27528   0.29614   1.80000 13
   0.27194   0.47488  -0.03216   0.09821   1.80000 14
   0.00091  -0.59186   0.47080   0.23264   1.80000 15
   0.01870  -0.63580  -0.18176  -0.16016   1.80000 16
   0.11792   0.98432   0.92606  -0.38843   1.80000 17
   0.09619   0.95753   0.60508  -0.96622   1.80000 18
  -0.05839  -0.50437   0.40593   0.31396   1.80000 19
  -0.18173  -0.78164  -0.23014   0.79420   1.80000 20
   0.01413   2.31380  -0.12709  -0.42117   1.90000  1
   0.04736   2.35857   0.14018   0.08643   1.90000  2
  -0.02008  -0.65886  -0.35794   0.17593   1.90000  3
   0.04326  -0.73195   0.07842  -0.83410   1.90000  4
   0.01355   0.66986  -0.32627  -0.60558   1.90000  5
  -0.02202   0.74087  -0.39081  -1.02930   1.90000  6
   0.16952   0.42663  -0.27861  -0.23019   1.90000  7
   0.02248   0.54751  -0.48659  -0.13396   1.90000  8
   0.18737  -0.05074   0.22103   1.14840   1.90000  9
   0.29491  -0.08007  -0.14479   1.22956   1.90000 10
   0.30740  -0.20244  -0.19079   0.09795   1.90000 11
   0.33937  -0.12218  -0.39749   0.51228   1.90000 12
   0.16249   0.36962   0.30960   0.42054   1.90000 13
   0.25896   0.48337  -0.22925   0.06642   1.90000 14
   0.04693  -0.57083   0.42666   0.18626   1.90000 15
  -0.00023  -0.64675  -0.18907  -0.06104   1.90000 16
   0.20688   0.93542   0.84713  -0.58989   1.90000 17
   0.15550   0.85312   0.57524  -1.11845   1.90000 18
  -0.01084  -0.48090   0.52857   0.15646   1.90000 19
  -0.19415  -0.69413  -0.00814   0.94344   1.90000 20
   0.00294   2.27353  -0.09593  -0.38157   2.00000  1
   0.05991   2.36476   0.10979   0.03500   2.00000  2
  -0.05172  -0.63576  -0.26941   0.28210   2.00000  3
   0.04657  -0.80197  -0.00503  -0.56929   2.00000  4
  -0.01319   0.60482  -0.20321  -0.70463   2.00000  5
  -0.05198   0.62996  -0.20034  -1.19199   2.00000  6
   0.14125   0.40642  -0.27778  -0.16526   2.00000  7
  -0.01841   0.53575  -0.32467  -0.10224   2.00000  8
   0.21418   0.06163   0.30422   1.10549   2.00000  9
   0.27605   0.04025  -0.23584   1.18351   2.00000 10
   0.28361  -0.18579  -0.28344   0.23376   2.00000 11
   0.29177  -0.06923  -0.54264   0.55710   2.00000 12
   0.19188   0.41690   0.26091   0.51483   2.00000 13
   0.22604   0.48733  -0.42660   0.00996   2.00000 14
   0.08343  -0.55325   0.29681   0.17477   2.00000 15
  -0.01832  -0.64756  -0.17066   0.05014   2.00000 16
   0.28672   0.86639   0.74758  -0.79050   2.00000 17
   0.21015   0.73380   0.51195  -1.27223   2.00000 18
   0.04415  -0.47219   0.55612   0.02484   2.00000 19
  -0.18221  -0.59588   0.24817   1.00620   2.00000 20
  -0.00503   2.23770  -0.06367  -0.33496   2.10000  1
   0.06930   2.36539   0.07831  -0.02247   2.10000  2
  -0.07301  -0.60272  -0.15140   0.37835   2.10000  3
   0.04354  -0.84702  -0.05047  -0.33842   2.10000  4
  -0.02582   0.52757  -0.04083  -0.84215   2.10000  5
  -0.06012   0.50377   0.04742  -1.31259   2.10000  6
   0.11524   0.39498  -0.23900  -0.06137   2.10000  7
  -0.04116   0.52489  -0.12273  -0.13909   2.10000  8
   0.24483   0.17227   0.28626   1.12029   2.10000  9
   0.24748   0.15894  -0.33453   1.20527   2.10000 10
   0.25093  -0.15629  -0.36931   0.35293   2.10000 11
   0.23332  -0.00923  -0.61532   0.64832   2.10000 12
   0.21140   0.46999   0.11782   0.53039   2.10000 13
   0.17544   0.48507  -0.56860  -0.05826   2.10000 14
   0.10586  -0.53423   0.15232   0.21195   2.10000 15
  -0.03380  -0.63557  -0.13501   0.19467   2.10000 16
   0.35581   0.77725   0.62985  -0.99326   2.10000 17
   0.25615   0.59715   0.39298  -1.46782   2.10000 18
   0.09757  -0.47415   0.49947  -0.05397   2.10000 19
  -0.14513  -0.49584   0.48645   0.98219   2.10000 20
  -0.00988   2.20650  -0.03379  -0.28936   2.20000  1
   0.07565   2.36033   0.04919  -0.07828   2.20000  2
  -0.08098  -0.56025  -0.00350   0.46916   2.20000  3
   0.03728  -0.87086  -0.07178  -0.14342   2.20000  4
  -0.01912   0.43718   0.18833  -0.95680   2.20000  5
  -0.04087   0.37254   0.34360  -1.28878   2.20000  6
   0.09389   0.39325  -0.18535   0.01380   2.20000  7
  -0.04110   0.50217   0.13363  -0.33547   2.20000  8
   0.26626   0.28867   0.11703   1.22110   2.20000  9
   0.20932   0.28470  -0.43061   1.32639   2.20000 10
   0.20992  -0.11570  -0.45007   0.45805   2.20000 11
   0.17032   0.06147  -0.64007   0.77283   2.20000 12
   0.21507   0.51762  -0.03805   0.38074   2.20000 13
   0.11633   0.47340  -0.59727  -0.19673   2.20000 14
   0.11442  -0.51000   0.02286   0.27478   2.20000 15
  -0.04434  -0.60800  -0.07052   0.35816   2.20000 16
   0.41136   0.66760   0.47182  -1.19932   2.20000 17
   0.28446   0.44114   0.15391  -1.62994   2.20000 18
   0.14168  -0.48080   0.37234  -0.06743   2.20000 19
  -0.08687  -0.40106   0.66829   0.91054   2.20000 20
  -0.01186   2.17976  -0.00622  -0.24578   2.30000  1
   0.07921   2.34981   0.02234  -0.13180   2.30000  2
  -0.07312  -0.50935   0.16212   0.54663   2.30000  3
   0.02968  -0.87654  -0.07809   0.02639   2.30000  4
   0.01407   0.33934   0.47570  -0.97562   2.30000  5
   0.00848   0.25040   0.63061  -1.13650   2.30000  6
   0.07901   0.39402  -0.10817  -0.01400   2.30000  7
  -0.01253   0.45593   0.44669  -0.58992   2.30000  8
   0.26459   0.41520  -0.15932   1.26707   2.30000  9
   0.16080   0.42262  -0.54311   1.37899   2.30000 10
   0.16108  -0.06442  -0.52521   0.57161   2.30000 11
   0.10586   0.14755  -0.64669   0.96352   2.30000 12
   0.20460   0.54005  -0.16846   0.05251   2.30000 13
   0.05933   0.44209  -0.51921  -0.43372   2.30000 14
   0.11129  -0.47906  -0.08142   0.34483   2.30000 15
  -0.04694  -0.56385   0.02309   0.52463   2.30000 16
   0.44771   0.53797   0.24011  -1.38538   2.30000 17
   0.28462   0.27720  -0.15153  -1.59825   2.30000 18
   0.17045  -0.48535   0.19788  -0.01275   2.30000 19
  -0.01350  -0.31343   0.78889   0.84754   2.30000 20
  -0.01117   2.15730   0.01980  -0.20344   2.40000  1
   0.08017   2.33401  -0.00300  -0.18419   2.40000  2
  -0.04843  -0.45118   0.33177   0.61671   2.40000  3
   0.02201  -0.86610  -0.07372   0.18051   2.40000  4
   0.07185   0.24563   0.64430  -0.89324   2.40000  5
   0.08063   0.14669   0.78019  -0.93304   2.40000  6
   0.07197   0.38863  -0.03758  -0.10492   2.40000  7
   0.04756   0.38638   0.72504  -0.78101   2.40000  8
   0.23484   0.53494  -0.42605   1.09662   2.40000  9
   0.10371   0.54871  -0.56411   1.10266   2.40000 10
   0.10578   0.00020  -0.56932   0.73227   2.40000 11
   0.04290   0.25472  -0.58301   1.15364   2.40000 12
   0.18147   0.52752  -0.29539  -0.28835   2.40000 13
   0.01746   0.38910  -0.29835  -0.61207   2.40000 14
   0.09889  -0.44076  -0.16296   0.42343   2.40000 15
  -0.03878  -0.50309   0.14496   0.69070   2.40000 16
   0.45703   0.39384  -0.05523  -1.47825   2.40000 17
   0.25543   0.12443  -0.42896  -1.46011   2.40000 18
   0.18079  -0.48134   0.00904   0.10218   2.40000 19
   0.06870  -0.22971   0.84258   0.83991   2.40000 20
  -0.00793   2.13907   0.04501  -0.16115   2.50000  1
   0.07864   2.31296  -0.02761  -0.23703   2.50000  2
  -0.00690  -0.38578   0.49710   0.69373   2.50000  3
   0.01522  -0.84071  -0.06066   0.32645   2.50000  4
   0.13662   0.16069   0.63254  -0.82229   2.50000  5
   0.15905   0.06106   0.76241  -0.79435   2.50000  6
   0.07092   0.37051   0.01362  -0.26132   2.50000  7
   0.12242   0.30329   0.72707  -0.86460   2.50000  8
   0.18232   0.63014  -0.60703   0.80342   2.50000  9
   0.05228   0.64138  -0.46036   0.76188   2.50000 10
   0.05245   0.08295  -0.46113   0.90726   2.50000 11
  -0.00419   0.37152  -0.34051   1.13935   2.50000 12
   0.14560   0.48629  -0.41981  -0.52896   2.50000 13
   0.00179   0.32172  -0.01652  -0.71619   2.50000 14
   0.07947  -0.39377  -0.22043   0.52098   2.50000 15
  -0.01686  -0.42568   0.29933   0.85770   2.50000 16
   0.43714   0.24408  -0.34336  -1.51549   2.50000 17
   0.19976  -0.01468  -0.66986  -1.31727   2.50000 18
   0.17255  -0.46313  -0.17130   0.27148   2.50000 19
   0.15247  -0.14198   0.82148   0.93639   2.50000 20
  -0.00218   2.12511   0.07000  -0.11754   2.60000  1
   0.07465   2.28654  -0.05213  -0.29194   2.60000  2
   0.05007  -0.31154   0.63307   0.79857   2.60000  3
   0.01013  -0.80086  -0.04008   0.47107   2.60000  4
   0.19572   0.07892   0.54793  -0.81992   2.60000  5
   0.22922  -0.01433   0.63032  -0.71702   2.60000  6
   0.07419   0.33704   0.04993  -0.40859   2.60000  7
   0.18865   0.21310   0.58749  -0.95132   2.60000  8
   0.11591   0.69707  -0.71377   0.54530   2.60000  9
   0.01134   0.70375  -0.36117   0.49662   2.60000 10
   0.01757   0.17782  -0.23230   0.97928   2.60000 11
  -0.02535   0.47628  -0.09540   0.94867   2.60000 12
   0.09832   0.42159  -0.51748  -0.76435   2.60000 13
   0.01289   0.24839   0.23203  -0.75421   2.60000 14
   0.05680  -0.33497  -0.21409   0.66706   2.60000 15
   0.02210  -0.33151   0.48270   1.02614   2.60000 16
   0.38716   0.09064  -0.66770  -1.55442   2.60000 17
   0.12849  -0.13883  -0.71684  -1.16768   2.60000 18
   0.14733  -0.42469  -0.32667   0.51223   2.60000 19
   0.22981  -0.03958   0.70418   1.10205   2.60000 20
   0.00607   2.11565   0.09499  -0.07132   2.70000  1
   0.06820   2.25446  -0.07688  -0.35035   2.70000  2
   0.11654  -0.22417   0.67315   0.94964   2.70000  3
   0.00743  -0.74628  -0.01289   0.62252   2.70000  4
   0.24704  -0.00429   0.47350  -0.84039   2.70000  5
   0.28366  -0.07968   0.44397  -0.58184   2.70000  6
   0.07987   0.28773   0.05555  -0.58109   2.70000  7
   0.23955   0.11046   0.43484  -1.11357   2.70000  8
   0.04064   0.74078  -0.78591   0.33396   2.70000  9
  -0.02047   0.74236  -0.27755   0.28145   2.70000 10
   0.00613   0.27546   0.00219   0.94725   2.70000 11
  -0.02673   0.56190   0.05029   0.77510   2.70000 12
   0.04543   0.33357  -0.51803  -0.99735   2.70000 13
   0.04636   0.17162   0.42743  -0.77049   2.70000 14
   0.04222  -0.25782  -0.04857   0.87875   2.70000 15
   0.07924  -0.22052   0.64848   1.18236   2.70000 16
   0.30139  -0.06521  -1.03779  -1.53354   2.70000 17
   0.05946  -0.25221  -0.63947  -1.09112   2.70000 18
   0.10960  -0.35709  -0.40969   0.85777   2.70000 19
   0.29117   0.07322   0.50240   1.10226   2.70000 20
   0.01680   2.11095   0.11925  -0.02241   2.80000  1
   0.05929   2.21634  -0.10114  -0.41241   2.80000  2
   0.18318  -0.12208   0.66122   1.08412   2.80000  3
   0.00778  -0.67568   0.02137   0.79471   2.80000  4
   0.28482  -0.08951   0.24577  -0.85813   2.80000  5
   0.31213  -0.13187   0.10110  -0.45857   2.80000  6
   0.08490   0.22104   0.05267  -0.75592   2.80000  7
   0.27476  -0.00915   0.24769  -1.27460   2.80000  8
  -0.03944   0.76445  -0.80164   0.14139   2.80000  9
  -0.04489   0.76089  -0.21569   0.09268   2.80000 10
   0.01539   0.36157   0.15997   0.75528   2.80000 11
  -0.01814   0.63409   0.10862   0.68078   2.80000 12
  -0.00014   0.22458  -0.36595  -1.16388   2.80000 13
   0.09680   0.09289   0.57208  -0.82502   2.80000 14
   0.05073  -0.16234   0.23126   1.01708   2.80000 15
   0.15002  -0.09846   0.76575   1.24395   2.80000 16
   0.18546  -0.21103  -1.25036  -1.34516   2.80000 17
   0.00638  -0.34782  -0.41947  -0.80172   2.80000 18
   0.07012  -0.25252  -0.34616   1.21513   2.80000 19
   0.32688   0.17358   0.21365   0.89272   2.80000 20
   0.02977   2.11108   0.13871   0.02354   2.90000  1
   0.04812   2.17202  -0.12084  -0.47255   2.90000  2
   0.24530  -0.01229   0.54666   1.07859   2.90000  3
   0.01202  -0.58573   0.06464   1.01578   2.90000  4
   0.29323  -0.16917  -0.06542  -0.69778   2.90000  5
   0.30366  -0.16770  -0.25372  -0.24425   2.90000  6
   0.09274   0.13423   0.11855  -0.99443   2.90000  7
   0.28460  -0.13991  -0.04798  -1.27949   2.90000  8
  -0.11611   0.76985  -0.71408  -0.02641   2.90000  9
  -0.06454   0.76160  -0.17979  -0.07392   2.90000 10
   0.03502   0.42753   0.22458   0.57722   2.90000 11
  -0.00767   0.69921   0.08811   0.61984   2.90000 12
  -0.02365   0.10112  -0.08730  -1.30880   2.90000 13
   0.15883   0.00244   0.65701  -0.98350   2.90000 14
   0.08837  -0.05668   0.50641   1.08926   2.90000 15
   0.22708   0.02321   0.72763   1.15782   2.90000 16
   0.05973  -0.32868  -1.23364  -1.02412   2.90000 17
  -0.02597  -0.41412  -0.23287  -0.54092   2.90000 18
   0.04705  -0.11943  -0.09910   1.42321   2.90000 19
   0.33526   0.25133  -0.03754   0.66090   2.90000 20
   0.04402   2.11486   0.14254   0.04523   3.00000  1
   0.03564   2.12259  -0.12507  -0.50957   3.00000  2
   0.28704   0.08949   0.28636   0.95076   3.00000  3
   0.02035  -0.47014   0.09425   1.29664   3.00000  4
   0.27490  -0.22654  -0.29030  -0.45222   3.00000  5
   0.26544  -0.18178  -0.49192  -0.05222   3.00000  6
   0.11124   0.02200   0.25370  -1.21770   3.00000  7
   0.26899  -0.25654  -0.25012  -1.03382   3.00000  8
  -0.17988   0.76080  -0.55538  -0.14710   3.00000  9
  -0.08072   0.74745  -0.14147  -0.20084   3.00000 10
   0.05932   0.47901   0.25839   0.45801   3.00000 11
  -0.00226   0.75655   0.01653   0.51656   3.00000 12
  -0.01440  -0.03541   0.27857  -1.38859   3.00000 13
   0.22324  -0.09609   0.60824  -0.95753   3.00000 14
   0.14694   0.05182   0.63207   1.04512   3.00000 15
   0.28908   0.12874   0.50667   0.95052   3.00000 16
  -0.05810  -0.42233  -1.10453  -0.86884   3.00000 17
  -0.04074  -0.45816  -0.06695  -0.34094   3.00000 18
   0.05151   0.02818   0.18346   1.48686   3.00000 19
   0.32120   0.30542  -0.23507   0.41966   3.00000 20
   0.05748   2.11850   0.12358   0.02007   3.10000  1
   0.02390   2.07168  -0.10654  -0.50115   3.10000  2
   0.30444   0.17901   0.07173   0.85241   3.10000  3
   0.03155  -0.33043   0.15798   1.48528   3.10000  4
   0.23658  -0.26087  -0.47064  -0.24151   3.10000  5
   0.20891  -0.18126  -0.62166   0.04145   3.10000  6
   0.14220  -0.10127   0.35785  -1.25499   3.10000  7
   0.23576  -0.34509  -0.41299  -0.73336   3.10000  8
  -0.22670   0.74155  -0.38041  -0.23388   3.10000  9
  -0.09234   0.72291  -0.08888  -0.28468   3.10000 10
   0.08621   0.51949   0.27734   0.35023   3.10000 11
  -0.00416   0.80067  -0.05050   0.35928   3.10000 12
   0.02911  -0.17239   0.57734  -1.36118   3.10000 13
   0.27637  -0.18971   0.42407  -0.91928   3.10000 14
   0.21155   0.14923   0.65647   0.92144   3.10000 15
   0.32859   0.21536   0.28169   0.79550   3.10000 16
  -0.15754  -0.50131  -0.88311  -0.70390   3.10000 17
  -0.04127  -0.48098   0.04737  -0.11241   3.10000 18
   0.08231   0.16978   0.42237   1.34891   3.10000 19
   0.28986   0.33503  -0.38308   0.17177   3.10000 20
   0.06838   2.11786   0.09387  -0.03560   3.20000  1
   0.01468   2.02332  -0.07719  -0.46389   3.20000  2
   0.30271   0.26244  -0.10169   0.82578   3.20000  3
   0.05848  -0.17640   0.39967   1.53932   3.20000  4
   0.18178  -0.27646  -0.61567  -0.08307   3.20000  5
   0.14361  -0.17925  -0.66603  -0.03310   3.20000  6
   0.17936  -0.23201   0.35455  -1.34778   3.20000  7
   0.18724  -0.40208  -0.54821  -0.40263   3.20000  8
  -0.25592   0.71459  -0.20368  -0.30328   3.20000  9
  -0.09807   0.69108  -0.02295  -0.35102   3.20000 10
   0.11449   0.54823   0.28732   0.21802   3.20000 11
  -0.01136   0.82762  -0.08819   0.17756   3.20000 12
   0.09893  -0.30728   0.80110  -1.30041   3.20000 13
   0.30297  -0.27868   0.09668  -0.85097   3.20000 14
   0.27689   0.24091   0.63538   0.93134   3.20000 15
   0.34431   0.28983   0.02614   0.69959   3.20000 16
  -0.23602  -0.56389  -0.69401  -0.55507   3.20000 17
  -0.03122  -0.48101   0.16193   0.10973   3.20000 18
   0.13477   0.30083   0.62382   1.28202   3.20000 19
   0.24680   0.34028  -0.46283  -0.05652   3.20000 20
   0.07628   2.11116   0.06446  -0.09846   3.30000  1
   0.00844   1.97906  -0.04795  -0.42139   3.30000  2
   0.28531   0.34525  -0.23744   0.83236   3.30000  3
   0.10724  -0.02991   0.54028   1.39668   3.30000  4
   0.11895  -0.28304  -0.61185  -0.07643   3.30000  5
   0.08041  -0.18922  -0.58054  -0.15790   3.30000  6
   0.20875  -0.36590   0.22324  -1.31551   3.30000  7
   0.12934  -0.42661  -0.58192  -0.10773   3.30000  8
  -0.26731   0.68123  -0.02311  -0.36260   3.30000  9
  -0.09624   0.65281   0.06381  -0.41375   3.30000 10
   0.14379   0.56155   0.30205   0.04056   3.30000 11
  -0.02077   0.83593  -0.09492  -0.01219   3.30000 12
   0.18302  -0.42781   0.83687  -1.09841   3.30000 13
   0.29566  -0.35932  -0.23728  -0.76722   3.30000 14
   0.33358   0.33676   0.47042   0.97953   3.30000 15
   0.33331   0.35621  -0.24174   0.63546   3.30000 16
  -0.29766  -0.61366  -0.54467  -0.44564   3.30000 17
  -0.00638  -0.45961   0.34793   0.31276   3.30000 18
   0.20539   0.42547   0.76562   1.19283   3.30000 19
   0.20171   0.32958  -0.41326  -0.11296   3.30000 20
   0.08138   2.09819   0.03800  -0.16068   3.40000  1
   0.00500   1.93894  -0.02125  -0.38171   3.40000  2
   0.25755   0.42921  -0.30579   0.84750   3.40000  3
   0.16291   0.10810   0.56609   1.39320   3.40000  4
   0.06122  -0.29407  -0.54271  -0.14864   3.40000  5
   0.02846  -0.21087  -0.45969  -0.27971   3.40000  6
   0.22372  -0.49235   0.08302  -1.19630   3.40000  7
   0.07514  -0.42890  -0.49603   0.04555   3.40000  8
  -0.26026   0.64232   0.16586  -0.41444   3.40000  9
  -0.08440   0.60855   0.17771  -0.46972   3.40000 10
   0.17630   0.55538   0.35706  -0.16337   3.40000 11
  -0.02930   0.82503  -0.07031  -0.20667   3.40000 12
   0.26036  -0.52542   0.69549  -0.85598   3.40000 13
   0.25756  -0.43408  -0.50792  -0.73672   3.40000 14
   0.36699   0.43523   0.18656   0.98444   3.40000 15
   0.29830   0.41933  -0.44235   0.64035   3.40000 16
  -0.34592  -0.65384  -0.42431  -0.36101   3.40000 17
   0.03961  -0.42013   0.56478   0.46484   3.40000 18
   0.28168   0.53605   0.72900   1.00453   3.40000 19
   0.16652   0.32323  -0.29321  -0.00544   3.40000 20
   0.08397   2.07907   0.01427  -0.22156   3.50000  1
   0.00412   1.90259   0.00339  -0.34588   3.50000  2
   0.22582   0.51402  -0.32273   0.83718   3.50000  3
   0.21902   0.25403   0.54415   1.54623   3.50000  4
   0.01116  -0.31304  -0.45051  -0.22686   3.50000  5
  -0.01151  -0.24597  -0.33744  -0.42371   3.50000  6
   0.22741  -0.60250   0.00007  -1.00141   3.50000  7
   0.03115  -0.41843  -0.37943   0.16335   3.50000  8
  -0.23362   0.59854   0.37056  -0.46004   3.50000  9
  -0.05967   0.55926   0.32296  -0.51354   3.50000 10
   0.21604   0.53004   0.43084  -0.32960   3.50000 11
  -0.03369   0.79439  -0.01101  -0.40772   3.50000 12
   0.32005  -0.60106   0.49405  -0.67107   3.50000 13
   0.19827  -0.50649  -0.65625  -0.70012   3.50000 14
   0.37000   0.53282  -0.12569   0.96152   3.50000 15
   0.24780   0.48577  -0.55491   0.68720   3.50000 16
  -0.38314  -0.68632  -0.32244  -0.29028   3.50000 17
   0.10101  -0.37017   0.62170   0.51245   3.50000 18
   0.34637   0.62434   0.55109   0.75824   3.50000 19
   0.14224   0.32904  -0.19266   0.12562   3.50000 20
   0.08430   2.05389  -0.00736  -0.28236   3.60000  1
   0.00564   1.86966   0.02686  -0.31315   3.60000  2
   0.19445   0.59252  -0.30016   0.71401   3.60000  3
   0.26846   0.41952   0.42806   1.76521   3.60000  4
  -0.02790  -0.33810  -0.33033  -0.26859   3.60000  5
  -0.03860  -0.29512  -0.20444  -0.55384   3.60000  6
   0.22487  -0.69290  -0.04794  -0.81160   3.60000  7
  -0.00135  -0.39676  -0.27935   0.26515   3.60000  8
  -0.18519   0.55070   0.60410  -0.49329   3.60000  9
  -0.01836   0.50692   0.51019  -0.52306   3.60000 10
   0.25756   0.49529   0.36868  -0.33368   3.60000 11
  -0.02994   0.74304   0.09626  -0.62184   3.60000 12
   0.35955  -0.66212   0.30126  -0.55933   3.60000 13
   0.13015  -0.57181  -0.69241  -0.60003   3.60000 14
   0.34314   0.62528  -0.39853   0.87145   3.60000 15
   0.19072   0.55428  -0.56724   0.66486   3.60000 16
  -0.41073  -0.71214  -0.23041  -0.22716   3.60000 17
   0.15756  -0.32108   0.49447   0.46157   3.60000 18
   0.39036   0.68821   0.32281   0.52515   3.60000 19
   0.12811   0.35064  -0.09453   0.32054   3.60000 20
   0.08255   2.02254  -0.02744  -0.34493   3.70000  1
   0.00948   1.83988   0.04995  -0.28263   3.70000  2
   0.16596   0.65513  -0.26880   0.53683   3.70000  3
   0.30163   0.60318   0.22641   1.86987   3.70000  4
  -0.05521  -0.36597  -0.21784  -0.28547   3.70000  5
  -0.05293  -0.35511  -0.08700  -0.63344   3.70000  6
   0.21821  -0.76593  -0.08376  -0.65417   3.70000  7
  -0.02661  -0.36712  -0.23306   0.31277   3.70000  8
  -0.11145   0.50111   0.87691  -0.48879   3.70000  9
   0.04266   0.45784   0.70168  -0.43951   3.70000 10
   0.28621   0.46850   0.19462  -0.18096   3.70000 11
  -0.01167   0.66986   0.28596  -0.83703   3.70000 12
   0.38142  -0.71421   0.14095  -0.48682   3.70000 13
   0.06133  -0.62600  -0.68044  -0.48315   3.70000 14
   0.29327   0.70383  -0.58524   0.68532   3.70000 15
   0.13674   0.61695  -0.50606   0.58648   3.70000 16
  -0.42933  -0.73189  -0.14181  -0.16824   3.70000 17
   0.19930  -0.27809   0.34322   0.40059   3.70000 18
   0.40985   0.73070   0.06227   0.33078   3.70000 19
   0.12141   0.39470  -0.05049   0.56251   3.70000 20
   0.07885   1.98477  -0.04627  -0.41153   3.80000  1
   0.01564   1.81308   0.07318  -0.25362   3.80000  2
   0.14106   0.70008  -0.22627   0.36299   3.80000  3
   0.31389   0.78693   0.02781   1.76856   3.80000  4
  -0.07192  -0.39462  -0.11930  -0.28616   3.80000  5
  -0.05746  -0.41849  -0.01245  -0.61946   3.80000  6
   0.20838  -0.82459  -0.11182  -0.52229   3.80000  7
  -0.04853  -0.33814  -0.20403   0.24942   3.80000  8
  -0.00918   0.45567   1.16573  -0.40291   3.80000  9
   0.11820   0.42247   0.78280  -0.25198   3.80000 10
   0.29490   0.45912  -0.02726  -0.01433   3.80000 11
   0.02979   0.57889   0.54280  -0.95643   3.80000 12
   0.38855  -0.76011   0.00472  -0.43333   3.80000 13
  -0.00557  -0.66833  -0.65640  -0.36295   3.80000 14
   0.22906   0.76095  -0.68290   0.45955   3.80000 15
   0.09074   0.67041  -0.40215   0.47071   3.80000 16
  -0.43904  -0.74587  -0.05158  -0.11183   3.80000 17
   0.22703  -0.24031   0.21556   0.35859   3.80000 18
   0.40197   0.75588  -0.22184   0.18570   3.80000 19
   0.11644   0.46214  -0.05034   0.77131   3.80000 20
   0.07334   1.94002  -0.06369  -0.48466   3.90000  1
   0.02413   1.78912   0.09665  -0.22582   3.90000  2
   0.12145   0.72807  -0.16327   0.20100   3.90000  3
   0.30957   0.95188  -0.10344   1.52769   3.90000  4
  -0.07978  -0.42331  -0.04189  -0.28967   3.90000  5
  -0.05699  -0.47752   0.01559  -0.55949   3.90000  6
   0.19607  -0.87091  -0.13339  -0.40616   3.90000  7
  -0.06696  -0.31901  -0.16277   0.13116   3.90000  8
   0.11874   0.42427   1.36332  -0.21140   3.90000  9
   0.19438   0.40931   0.72457  -0.01209   3.90000 10
   0.27956   0.46427  -0.28426   0.10969   3.90000 11
   0.09478   0.48305   0.74513  -0.93659   3.90000 12
   0.38283  -0.80119  -0.11730  -0.38941   3.90000 13
  -0.06973  -0.69849  -0.62551  -0.23982   3.90000 14
   0.15906   0.79598  -0.70705   0.23758   3.90000 15
   0.05964   0.70985  -0.20703   0.32234   3.90000 16
  -0.43944  -0.75430   0.04484  -0.05696   3.90000 17
   0.24317  -0.20564   0.11072   0.33822   3.90000 18
   0.36642   0.77022  -0.48123   0.10308   3.90000 19
   0.11259   0.54425  -0.00997   0.84129   3.90000 20
   0.06620   1.88754  -0.07838  -0.56639   4.00000  1
   0.03495   1.76786   0.11957  -0.19988   4.00000  2
   0.10846   0.74132  -0.09802   0.06892   4.00000  3
   0.29493   1.09420  -0.18288   1.33079   4.00000  4
  -0.08110  -0.45307   0.01150  -0.30807   4.00000  5
  -0.05539  -0.53051   0.01184  -0.50166   4.00000  6
   0.18189  -0.90610  -0.14923  -0.29857   4.00000  7
  -0.08084  -0.31178  -0.11431   0.01511   4.00000  8
   0.25669   0.41326   1.35696  -0.01765   4.00000  9
   0.26088   0.41853   0.59737   0.18295   4.00000 10
   0.23921   0.47865  -0.49328   0.16266   4.00000 11
   0.17711   0.39612   0.89441  -0.78449   4.00000 12
   0.36531  -0.83814  -0.23244  -0.34995   4.00000 13
  -0.13030  -0.71632  -0.58353  -0.11750   4.00000 14
   0.09014   0.80774  -0.65580  -0.00373   4.00000 15
   0.05048   0.73634   0.02432   0.21410   4.00000 16
  -0.42970  -0.75728   0.15229  -0.00252   4.00000 17
   0.24980  -0.17200   0.02474   0.33761   4.00000 18
   0.30683   0.77541  -0.70729  -0.00731   4.00000 19
   0.11726   0.62813   0.10218   0.84558   4.00000 20
   0.05789   1.82649  -0.08601  -0.65537   4.10000  1
   0.04793   1.74893   0.13889  -0.18076   4.10000  2
   0.10173   0.74297  -0.03483  -0.02762   4.10000  3
   0.27395   1.22025  -0.23353   1.19999   4.10000  4
  -0.07831  -0.48542   0.04015  -0.34139   4.10000  5
  -0.05540  -0.57806  -0.01517  -0.44983   4.10000  6
   0.16639  -0.93074  -0.16007  -0.19447   4.10000  7
  -0.08982  -0.31567  -0.06581  -0.09180   4.10000  8
   0.38296   0.41803   1.15191   0.09772   4.10000  9
   0.31358   0.44240   0.46215   0.27833   4.10000 10
   0.18943   0.49635  -0.47614   0.20451   4.10000 11
   0.27019   0.32869   0.94628  -0.56333   4.10000 12
   0.33638  -0.87121  -0.34639  -0.31146   4.10000 13
  -0.18599  -0.72234  -0.52820  -0.00561   4.10000 14
   0.03181   0.79589  -0.48805  -0.22348   4.10000 15
   0.06374   0.75351   0.23286   0.13057   4.10000 16
  -0.40842  -0.75476   0.27678   0.05339   4.10000 17
   0.24871  -0.13757  -0.04337   0.35348   4.10000 18
   0.22533   0.76745  -0.92189  -0.15486   4.10000 19
   0.13073   0.71476   0.15044   0.88199   4.10000 20
   0.04958   1.75664  -0.07620  -0.73870   4.20000  1
   0.06238   1.73088   0.14754  -0.18707   4.20000  2
   0.10177   0.73815   0.03152  -0.05828   4.20000  3
   0.24863   1.33598  -0.27191   1.12286   4.20000  4
  -0.07391  -0.52175   0.04361  -0.38681   4.20000  5
  -0.05893  -0.62047  -0.05723  -0.39799   4.20000  6
   0.15001  -0.94499  -0.16703  -0.09035   4.20000  7
  -0.09419  -0.32999  -0.02292  -0.19433   4.20000  8
   0.48659   0.43051   0.92475   0.14391   4.20000  9
   0.35448   0.47222   0.35952   0.31338   4.20000 10
   0.14537   0.52246  -0.40752   0.32954   4.20000 11
   0.36356   0.28195   0.91311  -0.38145   4.20000 12
   0.29592  -0.90034  -0.46393  -0.27035   4.20000 13
  -0.23560  -0.71817  -0.46268   0.08438   4.20000 14
  -0.00354   0.76629  -0.20741  -0.35053   4.20000 15
   0.09470   0.76239   0.36765   0.04538   4.20000 16
  -0.37355  -0.74644   0.42489   0.11426   4.20000 17
   0.24176  -0.10090  -0.09248   0.38157   4.20000 18
   0.12404   0.74582  -1.07571  -0.25780   4.20000 19
   0.14378   0.79969   0.09243   0.77838   4.20000 20
   0.04365   1.67968  -0.03699  -0.79547   4.30000  1
   0.07694   1.70962   0.14232  -0.24896   4.30000  2
   0.10558   0.73189   0.03201  -0.06987   4.30000  3
   0.21946   1.44644  -0.31371   1.09446   4.30000  4
  -0.07043  -0.56310   0.02164  -0.44155   4.30000  5
  -0.06706  -0.65756  -0.10583  -0.34319   4.30000  6
   0.13302  -0.94875  -0.17317   0.01554   4.30000  7
  -0.09476  -0.35461   0.00944  -0.29907   4.30000  8
   0.56904   0.44573   0.73012   0.15693   4.30000  9
   0.38586   0.50457   0.26871   0.33249   4.30000 10
   0.10702   0.56414  -0.36433   0.51116   4.30000 11
   0.45186   0.25063   0.84998  -0.25187   4.30000 12
   0.24337  -0.92501  -0.58828  -0.22078   4.30000 13
  -0.27801  -0.70651  -0.37980   0.14324   4.30000 14
  -0.00930   0.72842   0.08497  -0.39854   4.30000 15
   0.13143   0.76211   0.33989  -0.05132   4.30000 16
  -0.32276  -0.73156   0.59145   0.18539   4.30000 17
   0.23088  -0.06104  -0.12187   0.41626   4.30000 18
   0.01938   0.71938  -0.97710  -0.26504   4.30000 19
   0.14767   0.86544  -0.00946   0.53019   4.30000 20
   0.04335   1.59833   0.03732  -0.82687   4.40000  1
   0.09094   1.67918   0.14037  -0.36698   4.40000  2
   0.10717   0.72335  -0.00067  -0.10454   4.40000  3
   0.18488   1.55632  -0.38594   1.10655   4.40000  4
  -0.07045  -0.61028  -0.02642  -0.50273   4.40000  5
  -0.08014  -0.68903  -0.15572  -0.28594   4.40000  6
   0.11507  -0.94188  -0.18924   0.12128   4.40000  7
  -0.09279  -0.39015   0.02715  -0.41442   4.40000  8
   0.63365   0.46142   0.56669   0.15528   4.40000  9
   0.40818   0.53867   0.17669   0.34966   4.40000 10
   0.07178   0.62542  -0.34073   0.71185   4.40000 11
   0.53324   0.23060   0.77702  -0.15196   4.40000 12
   0.17813  -0.94382  -0.71594  -0.15041   4.40000 13
  -0.30921  -0.69050  -0.22867   0.17386   4.40000 14
   0.01052   0.68795   0.29520  -0.40331   4.40000 15
   0.15984   0.75230   0.22112  -0.14371   4.40000 16
  -0.25621  -0.70915   0.73224   0.26148   4.40000 17
   0.21793  -0.01759  -0.13492   0.45288   4.40000 18
  -0.06651   0.69285  -0.72703  -0.26550   4.40000 19
   0.14344   0.90594  -0.06850   0.28354   4.40000 20
   0.05161   1.51633   0.12194  -0.80208   4.50000  1
   0.10572   1.63602   0.15529  -0.48560   4.50000  2
   0.10542   0.71093  -0.03384  -0.13903   4.50000  3
   0.14124   1.66595  -0.48040   1.06385   4.50000  4
  -0.07661  -0.66352  -0.10035  -0.55875   4.50000  5
  -0.09799  -0.71450  -0.19753  -0.22059   4.50000  6
   0.09387  -0.92470  -0.24443   0.22126   4.50000  7
  -0.08992  -0.43824   0.02726  -0.55239   4.50000  8
   0.68315   0.47655   0.42644   0.14655   4.50000  9
   0.42084   0.57454   0.07413   0.36768   4.50000 10
   0.04038   0.70304  -0.27080   0.80663   4.50000 11
   0.60723   0.21978   0.70287  -0.06617   4.50000 12
   0.10079  -0.95365  -0.82479  -0.03691   4.50000 13
  -0.32160  -0.67216  -0.01459   0.19056   4.50000 14
   0.04722   0.65044   0.42561  -0.32627   4.50000 15
   0.17459   0.73395   0.07044  -0.21780   4.50000 16
  -0.17690  -0.68021   0.85409   0.30791   4.50000 17
   0.20422   0.02962  -0.13824   0.49218   4.50000 18
  -0.12530   0.66688  -0.45263  -0.24872   4.50000 19
   0.13486   0.92286  -0.10046   0.05765   4.50000 20
   0.06614   1.43814   0.16371  -0.76715   4.60000  1
   0.12068   1.58491   0.13809  -0.53333   4.60000  2
   0.10119   0.69702  -0.04266  -0.13306   4.60000  3
   0.09179   1.76573  -0.49762   0.93161   4.60000  4
  -0.09004  -0.72008  -0.15615  -0.55716   4.60000  5
  -0.11756  -0.73241  -0.17801  -0.13664   4.60000  6
   0.06392  -0.89755  -0.36533   0.32455   4.60000  7
  -0.08788  -0.50193   0.01226  -0.72910   4.60000  8
   0.71950   0.49058   0.30318   0.13347   4.60000  9
   0.42237   0.61211  -0.04718   0.38268   4.60000 10
   0.02040   0.78059  -0.12385   0.72756   4.60000 11
   0.67389   0.21712   0.63074   0.01196   4.60000 12
   0.01473  -0.94918  -0.88833   0.13628   4.60000 13
  -0.31180  -0.65311   0.21118   0.18532   4.60000 14
   0.09325   0.62564   0.48695  -0.16473   4.60000 15
   0.17393   0.71010  -0.07983  -0.25274   4.60000 16
  -0.08736  -0.65078   0.91049   0.26236   4.60000 17
   0.19043   0.08112  -0.13706   0.53980   4.60000 18
  -0.15835   0.64404  -0.21510  -0.20510   4.60000 19
   0.12357   0.91785  -0.12548  -0.15656   4.60000 20
   0.08379   1.36168   0.18762  -0.76802   4.70000  1
   0.13303   1.52859   0.10956  -0.59841   4.70000  2
   0.09878   0.68496   0.00293  -0.10673   4.70000  3
   0.04256   1.85368  -0.48605   0.83488   4.70000  4
  -0.10506  -0.77276  -0.13527  -0.49113   4.70000  5
  -0.13115  -0.74284  -0.08807  -0.08045   4.70000  6
   0.01917  -0.85877  -0.53543   0.45740   4.70000  7
  -0.08717  -0.58521   0.00563  -0.93685   4.70000  8
   0.74421   0.50314   0.19283   0.11722   4.70000  9
   0.41057   0.65076  -0.19364   0.38820   4.70000 10
   0.01567   0.84722   0.02816   0.60252   4.70000 11
   0.73345   0.22199   0.56073   0.08476   4.70000 12
  -0.07526  -0.92448  -0.90261   0.36653   4.70000 13
  -0.27923  -0.63647   0.44091   0.13835   4.70000 14
   0.14304   0.61762   0.49935   0.00273   4.70000 15
   0.15997   0.68444  -0.18991  -0.25576   4.70000 16
  -0.00070  -0.62970   0.79941   0.15489   4.70000 17
   0.17687   0.13810  -0.13381   0.60296   4.70000 18
  -0.16937   0.62616  -0.00883  -0.15180   4.70000 19
   0.10964   0.89182  -0.15352  -0.36128   4.70000 20
   0.10340   1.28338   0.20309  -0.80393   4.80000  1
   0.14280   1.46429   0.08669  -0.69177   4.80000  2
   0.10293   0.67595   0.08241  -0.07204   4.80000  3
  -0.00545   1.93388  -0.47465   0.77354   4.80000  4
  -0.11639  -0.81694  -0.09380  -0.37859   4.80000  5
  -0.13485  -0.75009   0.01311  -0.07114   4.80000  6
  -0.04385  -0.80522  -0.72479   0.61213   4.80000  7
  -0.08690  -0.68823  -0.00825  -1.11496   4.80000  8
   0.75840   0.51395   0.09249   0.09882   4.80000  9
   0.38263   0.68921  -0.37070   0.37741   4.80000 10
   0.02560   0.90029   0.16617   0.45278   4.80000 11
   0.78606   0.23393   0.49158   0.15337   4.80000 12
  -0.16324  -0.87450  -0.83684   0.63482   4.80000 13
  -0.22371  -0.62795   0.66568   0.01544   4.80000 14
   0.19076   0.62541   0.44207   0.14684   4.80000 15
   0.13844   0.66021  -0.22670  -0.22028   4.80000 16
   0.06964  -0.62068   0.60157   0.02462   4.80000 17
   0.16371   0.20250  -0.12933   0.68962   4.80000 18
  -0.16043   0.61378   0.18792  -0.09533   4.80000 19
   0.09326   0.84676  -0.16770  -0.53136   4.80000 20
   0.12412   1.19963   0.20978  -0.87813   4.90000  1
   0.15056   1.38939   0.06957  -0.81053   4.90000  2
   0.11501   0.67085   0.15474  -0.02848   4.90000  3
  -0.05246   2.00907  -0.46599   0.73296   4.90000  4
  -0.12533  -0.84417  -0.09132  -0.14910   4.90000  5
  -0.12975  -0.75797   0.07480  -0.08584   4.90000  6
  -0.12346  -0.73967  -0.83751   0.66242   4.90000  7
  -0.09153  -0.80347  -0.09994  -1.13751   4.90000  8
   0.76296   0.52288  -0.00025   0.07977   4.90000  9
   0.33527   0.72536  -0.58182   0.34000   4.90000 10
   0.04764   0.93693   0.26862   0.28007   4.90000 11
   0.83173   0.25255   0.42156   0.21844   4.90000 12
  -0.23714  -0.79993  -0.61495   0.82878   4.90000 13
  -0.14843  -0.63701   0.81751  -0.21086   4.90000 14
   0.22925   0.64562   0.31909   0.25144   4.90000 15
   0.11700   0.64231  -0.19356  -0.12898   4.90000 16
   0.11941  -0.62383   0.39550  -0.07993   4.90000 17
   0.15102   0.27715  -0.12466   0.81032   4.90000 18
  -0.13141   0.60729   0.39597  -0.03291   4.90000 19
   0.07834   0.78693  -0.11718  -0.66191   4.90000 20
   0.14495   1.10609   0.20411  -1.00223   5.00000  1
   0.15687   1.30119   0.05715  -0.95948   5.00000  2
   0.13252   0.67046   0.18682   0.02068   5.00000  3
  -0.09872   2.08089  -0.45960   0.70508   5.00000  4
  -0.13456  -0.84710  -0.08916   0.07602   5.00000  5
  -0.12297  -0.76598   0.05393  -0.06862   5.00000  6
  -0.20433  -0.67843  -0.75621   0.54870   5.00000  7
  -0.10672  -0.90683  -0.18973  -0.91164   5.00000  8
   0.75853   0.52997  -0.08782   0.06248   5.00000  9
   0.26566   0.75572  -0.80855   0.25821   5.00000 10
   0.07872   0.95694   0.35279   0.12376   5.00000 11
   0.87028   0.27750   0.34875   0.28006   5.00000 12
  -0.28425  -0.71490  -0.33276   0.84942   5.00000 13
  -0.06699  -0.66968   0.77885  -0.42158   5.00000 14
   0.25280   0.67477   0.14075   0.32679   5.00000 15
   0.10081   0.63566  -0.12705  -0.00092   5.00000 16
   0.14924  -0.63532   0.20360  -0.14520   5.00000 17
   0.13870   0.36628  -0.12239   0.98317   5.00000 18
  -0.08010   0.60764   0.63815   0.04302   5.00000 19
   0.07237   0.71506   0.00837  -0.76771   5.00000 20
   0.16425   0.99708   0.17759  -1.18767   5.10000  1
   0.16210   1.19601   0.04784  -1.15351   5.10000  2
   0.15035   0.67466   0.15791   0.06086   5.10000  3
  -0.14443   2.15036  -0.45486   0.68539   5.10000  4
  -0.14224  -0.83161  -0.05959   0.22454   5.10000  5
  -0.11863  -0.77150   0.03744  -0.04361   5.10000  6
  -0.27379  -0.63029  -0.63549   0.42096   5.10000  7
  -0.12691  -0.98535  -0.20524  -0.66518   5.10000  8
   0.74547   0.53555  -0.17328   0.05053   5.10000  9
   0.17569   0.77525  -0.96875   0.12507   5.10000 10
   0.11832   0.96177   0.43834  -0.03302   5.10000 11
   0.90133   0.30843   0.27126   0.33761   5.10000 12
  -0.30602  -0.63267  -0.11684   0.78735   5.10000 13
   0.00455  -0.71697   0.64903  -0.50689   5.10000 14
   0.25480   0.70949  -0.11250   0.35721   5.10000 15
   0.09215   0.64180  -0.04219   0.11633   5.10000 16
   0.16047  -0.65240   0.02217  -0.19610   5.10000 17
   0.12627   0.47669  -0.12824   1.24358   5.10000 18
  -0.00185   0.61666   0.93597   0.14135   5.10000 19
   0.08094   0.63698   0.15942  -0.76479   5.10000 20
   0.17944   0.86749   0.11942  -1.40718   5.20000  1
   0.16646   1.06801   0.03937  -1.42193   5.20000  2
   0.16154   0.68230   0.05588   0.09419   5.20000  3
  -0.18973   2.21815  -0.45129   0.67114   5.20000  4
  -0.14559  -0.80382  -0.00415   0.32319   5.20000  5
  -0.11480  -0.77505   0.04100  -0.02787   5.20000  6
  -0.33133  -0.59233  -0.51224   0.34780   5.20000  7
  -0.14668  -1.04149  -0.18694  -0.46545   5.20000  8
   0.72378   0.54040  -0.26162   0.04846   5.20000  9
   0.07942   0.77969  -0.90404  -0.04049   5.20000 10
   0.16484   0.94743   0.47620  -0.27143   5.20000 11
   0.92432   0.34485   0.18745   0.38990   5.20000 12
  -0.31062  -0.55864   0.01034   0.68855   5.20000 13
   0.06281  -0.76806   0.51728  -0.50179   5.20000 14
   0.22896   0.74412  -0.40574   0.32644   5.20000 15
   0.09395   0.65731   0.09103   0.19458   5.20000 16
   0.15394  -0.67475  -0.15085  -0.25299   5.20000 17
   0.11308   0.61796  -0.12384   1.57067   5.20000 18
   0.10623   0.63683   1.19118   0.27200   5.20000 19
   0.10280   0.56952   0.27157  -0.53778   5.20000 20
   0.18574   0.71657  -0.00723  -1.56328   5.30000  1
   0.17007   0.90826   0.03200  -1.78764   5.30000  2
   0.16199   0.69639  -0.02893   0.20707   5.30000  3
  -0.23472   2.28471  -0.44854   0.66054   5.30000  4
  -0.14269  -0.76863   0.06288   0.37233   5.30000  5
  -0.11018  -0.77677   0.05285  -0.00333   5.30000  6
  -0.37565  -0.55929  -0.37258   0.31748   5.30000  7
  -0.16387  -1.07976  -0.15546  -0.30508   5.30000  8
   0.69276   0.54573  -0.36170   0.06080   5.30000  9
   0.00519   0.76769  -0.54703  -0.18195   5.30000 10
   0.20964   0.90469   0.39659  -0.59830   5.30000 11
   0.93857   0.38619   0.09611   0.43559   5.30000 12
  -0.30625  -0.49548   0.06925   0.57416   5.30000 13
   0.10812  -0.81523   0.38838  -0.43391   5.30000 14
   0.17565   0.77255  -0.62770   0.22587   5.30000 15
   0.11256   0.68408   0.28449   0.35885   5.30000 16
   0.13088  -0.70341  -0.30669  -0.32147   5.30000 17
   0.10750   0.78116   0.03578   1.62512   5.30000 18
   0.22355   0.67483   1.09133   0.49397   5.30000 19
   0.13395   0.53564   0.34621  -0.13681   5.30000 20
   0.18039   0.57105  -0.07835  -1.30672   5.40000  1
   0.17143   0.71416  -0.00370  -2.01429   5.40000  2
   0.15914   0.72317  -0.01844   0.30824   5.40000  3
  -0.27946   2.35033  -0.44632   0.65233   5.40000  4
  -0.13303  -0.73094   0.12988   0.37393   5.40000  5
  -0.10387  -0.77501   0.07589   0.04169   5.40000  6
  -0.40585  -0.52832  -0.23246   0.30346   5.40000  7
  -0.17756  -1.10334  -0.11753  -0.16963   5.40000  8
   0.65062   0.55314  -0.48640   0.09054   5.40000  9
  -0.02808   0.74714  -0.12355  -0.22146   5.40000 10
   0.23959   0.82650   0.19185  -0.95005   5.40000 11
   0.94328   0.43171  -0.00314   0.47349   5.40000 12
  -0.29774  -0.44363   0.09825   0.46433   5.40000 13
   0.14018  -0.85394   0.25085  -0.33882   5.40000 14
   0.11364   0.78800  -0.56252   0.07159   5.40000 15
   0.14932   0.72742   0.43060   0.47788   5.40000 16
   0.09339  -0.73889  -0.43973  -0.38474   5.40000 17
   0.12024   0.92936   0.19862   1.29586   5.40000 18
   0.31611   0.73031   0.74638   0.57944   5.40000 19
   0.17107   0.54170   0.38984   0.25294   5.40000 20
   0.17311   0.45736  -0.05843  -0.96857   5.50000  1
   0.17192   0.52043   0.02563  -1.83289   5.50000  2
   0.15979   0.75205   0.03677   0.25054   5.50000  3
  -0.32399   2.41522  -0.44438   0.64571   5.50000  4
  -0.11695  -0.69525   0.18954   0.33312   5.50000  5
  -0.09442  -0.76809   0.11563   0.09626   5.50000  6
  -0.42236  -0.49844  -0.09873   0.29452   5.50000  7
  -0.18722  -1.11414  -0.07485  -0.04783   5.50000  8
   0.59430   0.56441  -0.64630   0.13737   5.50000  9
  -0.02133   0.72387   0.24843  -0.24069   5.50000 10
   0.24878   0.72083   0.00081  -1.11896   5.50000 11
   0.93772   0.48059  -0.10895   0.50274   5.50000 12
  -0.28694  -0.40227   0.11667   0.36465   5.50000 13
   0.15795  -0.88306   0.10341  -0.24499   5.50000 14
   0.06829   0.78563  -0.33703  -0.11238   5.50000 15
   0.19406   0.77162   0.44708   0.37866   5.50000 16
   0.04346  -0.77909  -0.55619  -0.40992   5.50000 17
   0.14324   1.04117   0.25178   0.96029   5.50000 18
   0.37385   0.78467   0.42255   0.48678   5.50000 19
   0.20956   0.58238   0.36656   0.52560   5.50000 20
   0.16940   0.37429  -0.01449  -0.71454   5.60000  1
   0.17675   0.34904   0.06599  -1.59958   5.60000  2
   0.16679   0.77096   0.10293   0.12116   5.60000  3
  -0.36834   2.47951  -0.44262   0.64026   5.60000  4
  -0.09588  -0.66560   0.22626   0.25464   5.60000  5
  -0.08054  -0.75635   0.15974   0.13308   5.60000  6
  -0.42578  -0.46935   0.02970   0.28739   5.60000  7
  -0.19236  -1.11305  -0.02710   0.06950   5.60000  8
   0.52010   0.58106  -0.84375   0.19785   5.60000  9
   0.01978   0.69996   0.56497  -0.23205   5.60000 10
   0.24244   0.61016  -0.11029  -1.06702   5.60000 11
   0.92135   0.53197  -0.21899   0.52349   5.60000 12
  -0.27453  -0.37037   0.13117   0.27512   5.60000 13
   0.16085  -0.90331  -0.04460  -0.16162   5.60000 14
   0.04668   0.76696  -0.09336  -0.25480   5.60000 15
   0.23635   0.80003   0.39224   0.18532   5.60000 16
  -0.01693  -0.81853  -0.64309  -0.36603   5.60000 17
   0.16979   1.12459   0.27777   0.71946   5.60000 18
   0.40332   0.82562   0.17605   0.32926   5.60000 19
   0.24358   0.64231   0.31148   0.65914   5.60000 20
   0.17028   0.31091   0.03143  -0.56340   5.70000  1
   0.18417   0.19973   0.07834  -1.39221   5.70000  2
   0.18080   0.77572   0.18233  -0.02696   5.70000  3
  -0.41252   2.54331  -0.44102   0.63575   5.70000  4
  -0.07297  -0.64489   0.22607   0.15916   5.70000  5
  -0.06376  -0.74262   0.16771   0.13805   5.70000  6
  -0.41650  -0.44095   0.15576   0.28062   5.70000  7
  -0.19246  -1.10009   0.02609   0.19110   5.70000  8
   0.42453   0.60456  -1.07040   0.27660   5.70000  9
   0.08968   0.67847   0.82191  -0.19326   5.70000 10
   0.22972   0.51124  -0.13519  -0.90619   5.70000 11
   0.89382   0.58507  -0.33224   0.53762   5.70000 12
  -0.26075  -0.34694   0.14440   0.19491   5.70000 13
   0.14926  -0.91556  -0.18596  -0.08357   5.70000 14
   0.05046   0.73599   0.17489  -0.35664   5.70000 15
   0.27220   0.80869   0.32489  -0.01165   5.70000 16
  -0.08257  -0.85036  -0.65578  -0.26652   5.70000 17
   0.19864   1.18667   0.29888   0.52788   5.70000 18
   0.40991   0.85013  -0.04373   0.15818   5.70000 19
   0.27087   0.71085   0.23162   0.70051   5.70000 20
   0.17539   0.26081   0.06874  -0.43946   5.80000  1
   0.19173   0.06893   0.06989  -1.23331   5.80000  2
   0.20473   0.76567   0.30366  -0.17181   5.80000  3
  -0.45655   2.60669  -0.43958   0.63205   5.80000  4
  -0.05156  -0.63353   0.19905   0.06988   5.80000  5
  -0.04828  -0.72880   0.13838   0.13990   5.80000  6
  -0.39460  -0.41326   0.28259   0.27298   5.80000  7
  -0.18703  -1.07440   0.08267   0.32558   5.80000  8
   0.30654   0.63792  -1.27688   0.40066   5.80000  9
   0.18175   0.66240   1.00584  -0.12067   5.80000 10
   0.21620   0.42870  -0.13404  -0.74726   5.80000 11
   0.85471   0.63936  -0.45149   0.54757   5.80000 12
  -0.24565  -0.33112   0.15774   0.12242   5.80000 13
   0.12391  -0.91991  -0.32007  -0.00214   5.80000 14
   0.08280   0.69752   0.47625  -0.40246   5.80000 15
   0.30110   0.79793   0.24781  -0.19860   5.80000 16
  -0.14585  -0.87215  -0.60220  -0.17400   5.80000 17
   0.22946   1.23098   0.31689   0.36102   5.80000 18
   0.39419   0.85651  -0.27330  -0.03502   5.80000 19
   0.28982   0.77966   0.14806   0.65267   5.80000 20
   0.18356   0.22302   0.09221  -0.31634   5.90000  1
   0.19757  -0.04880   0.04410  -1.12990   5.90000  2
   0.24176   0.74232   0.42524  -0.28399   5.90000  3
  -0.50044   2.66974  -0.43832   0.62903   5.90000  4
  -0.03359  -0.63050   0.15868  -0.00750   5.90000  5
  -0.03635  -0.71430   0.10000   0.15129   5.90000  6
  -0.35986  -0.38644   0.41309   0.26286   5.90000  7
  -0.17604  -1.03436   0.13564   0.47828   5.90000  8
   0.17602   0.68517  -1.26652   0.52450   5.90000  9
   0.28572   0.65653   1.02645   0.01730   5.90000 10
   0.20302   0.36073  -0.12819  -0.62001   5.90000 11
   0.80305   0.69445  -0.58495   0.55325   5.90000 12
  -0.22917  -0.32229   0.17200   0.05482   5.90000 13
   0.08540  -0.91565  -0.44935   0.08950   5.90000 14
   0.14608   0.65780   0.78292  -0.37534   5.90000 15
   0.31978   0.77119   0.11634  -0.32062   5.90000 16
  -0.20191  -0.88624  -0.51398  -0.11241   5.90000 17
   0.26184   1.25930   0.32956   0.20714   5.90000 18
   0.35517   0.84217  -0.50103  -0.25559   5.90000 19
   0.30119   0.83608   0.08611   0.45371   5.90000 20
   0.19340   0.19748   0.10254  -0.19490   6.00000  1
   0.19995  -0.15864   0.00015  -1.07412   6.00000  2
   0.28715   0.71257   0.47568  -0.29544   6.00000  3
  -0.54422   2.73252  -0.43724   0.62657   6.00000  4
  -0.02012  -0.63467   0.10931  -0.07399   6.00000  5
  -0.02830  -0.69846   0.06074   0.16506   6.00000  6
  -0.31181  -0.36087   0.54871   0.24695   6.00000  7
  -0.16037  -0.97836   0.17515   0.64179   6.00000  8
   0.06326   0.73708  -0.97968   0.50020   6.00000  9
   0.38074   0.66668   0.85405   0.17814   6.00000 10
   0.19102   0.30312  -0.10905  -0.53908   6.00000 11
   0.73679   0.74965  -0.74633   0.54766   6.00000 12
  -0.21118  -0.32011   0.18849  -0.01130   6.00000 13
   0.03416  -0.90150  -0.57482   0.19622   6.00000 14
   0.23435   0.62665   0.96017  -0.23391   6.00000 15
   0.32438   0.73621  -0.01468  -0.37233   6.00000 16
  -0.24747  -0.89508  -0.39051  -0.06354   6.00000 17
   0.29512   1.27270   0.33481   0.06218   6.00000 18
   0.29784   0.80535  -0.61169  -0.47639   6.00000 19
   0.30810   0.86761   0.05419   0.17022   6.00000 20
   0.20363   0.18384   0.09959  -0.07981   6.10000  1
   0.19683  -0.26491  -0.06717  -1.05698   6.10000  2
   0.33520   0.68464   0.47569  -0.26222   6.10000  3
  -0.58790   2.79507  -0.43634   0.62457   6.10000  4
  -0.01212  -0.64489   0.04794  -0.12776   6.10000  5
  -0.02437  -0.68153   0.01629   0.17169   6.10000  6
  -0.25009  -0.33752   0.68438   0.21661   6.10000  7
  -0.14122  -0.90635   0.20922   0.79544   6.10000  8
  -0.02183   0.78447  -0.73428   0.44628   6.10000  9
   0.45369   0.68898   0.60060   0.24984   6.10000 10
   0.18176   0.25182  -0.07362  -0.49064   6.10000 11
   0.65235   0.80293  -0.95014   0.50959   6.10000 12
  -0.19121  -0.32455   0.21336  -0.07716   6.10000 13
  -0.02927  -0.87579  -0.69063   0.32144   6.10000 14
   0.33459   0.61301   1.02066  -0.03304   6.10000 15
   0.31993   0.69771  -0.05531  -0.39224   6.10000 16
  -0.27884  -0.89816  -0.23280   0.00798   6.10000 17
   0.32861   1.27199   0.33417  -0.07541   6.10000 18
   0.24052   0.74905  -0.50221  -0.63202   6.10000 19
   0.31256   0.87008   0.04061  -0.11613   6.10000 20
   0.21279   0.18091   0.08117   0.01685   6.20000  1
   0.18543  -0.37103  -0.16738  -1.06971   6.20000  2
   0.38123   0.66030   0.44338  -0.22037   6.20000  3
  -0.63149   2.85744  -0.43561   0.62295   6.20000  4
  -0.01122  -0.65949  -0.03408  -0.15920   6.20000  5
  -0.02547  -0.66457  -0.04058   0.16520   6.20000  6
  -0.17568  -0.31863   0.79700   0.15395   6.20000  7
  -0.11815  -0.81987   0.25092   0.93107   6.20000  8
  -0.08562   0.82612  -0.54997   0.38607   6.20000  9
   0.50129   0.71410   0.35418   0.24537   6.20000 10
   0.17665   0.20469  -0.02742  -0.45106   6.20000 11
   0.54574   0.84889  -1.17992   0.39144   6.20000 12
  -0.16759  -0.33541   0.26594  -0.13928   6.20000 13
  -0.10247  -0.83641  -0.75809   0.47091   6.20000 14
   0.43319   0.61954   0.92930   0.15557   6.20000 15
   0.31702   0.65938   0.00998  -0.36420   6.20000 16
  -0.29365  -0.89226  -0.06328   0.11546   6.20000 17
   0.36188   1.25771   0.33107  -0.21029   6.20000 18
   0.20103   0.68288  -0.28258  -0.67440   6.20000 19
   0.31789   0.84562   0.07596  -0.36633   6.20000 20
   0.21948   0.18611   0.05173   0.08138   6.30000  1
   0.16180  -0.47943  -0.31429  -1.09921   6.30000  2
   0.42337   0.64199   0.39409  -0.13921   6.30000  3
  -0.67502   2.91967  -0.43501   0.62164   6.30000  4
  -0.01987  -0.67522  -0.14233  -0.14361   6.30000  5
  -0.03291  -0.64876  -0.10915   0.15184   6.30000  6
  -0.09255  -0.30827   0.85507   0.04624   6.30000  7
  -0.09194  -0.72067   0.27213   1.05023   6.30000  8
  -0.13318   0.86171  -0.40634   0.32639   6.30000  9
   0.52437   0.73662   0.10770   0.19504   6.30000 10
   0.17633   0.16216   0.02015  -0.39598   6.30000 11
   0.41943   0.87783  -1.32087   0.17710   6.30000 12
  -0.13652  -0.35246   0.36114  -0.20421   6.30000 13
  -0.17641  -0.78113  -0.69927   0.63085   6.30000 14
   0.51702   0.64241   0.73335   0.29185   6.30000 15
   0.32274   0.62664   0.10244  -0.28417   6.30000 16
  -0.29159  -0.87401   0.10315   0.25524   6.30000 17
   0.39472   1.22973   0.32459  -0.35082   6.30000 18
   0.18381   0.61647  -0.06532  -0.64637   6.30000 19
   0.32973   0.79851   0.16707  -0.56424   6.30000 20
   0.22321   0.19624   0.02448   0.11815   6.40000  1
   0.12041  -0.59046  -0.52569  -1.11305   6.40000  2
   0.45858   0.63314   0.30288  -0.03793   6.40000  3
  -0.71850   2.98178  -0.43454   0.62059   6.40000  4
  -0.03938  -0.68454  -0.23832  -0.02104   6.40000  5
  -0.04683  -0.63320  -0.16196   0.16940   6.40000  6
  -0.00682  -0.31045   0.84836  -0.09296   6.40000  7
  -0.06316  -0.61165   0.30346   1.10965   6.40000  8
  -0.16768   0.89156  -0.28641   0.27143   6.40000  9
   0.52392   0.75099  -0.10703   0.08372   6.40000 10
   0.18033   0.12617   0.05751  -0.32140   6.40000 11
   0.28743   0.88399  -1.29317  -0.04673   6.40000 12
  -0.09490  -0.37733   0.46956  -0.30105   6.40000 13
  -0.23914  -0.71222  -0.54300   0.73510   6.40000 14
   0.57786   0.67546   0.47798   0.35608   6.40000 15
   0.33662   0.60325   0.17034  -0.18259   6.40000 16
  -0.27353  -0.84002   0.25469   0.43022   6.40000 17
   0.42638   1.18724   0.30590  -0.49982   6.40000 18
   0.18706   0.55457   0.12522  -0.58883   6.40000 19
   0.35094   0.73540   0.24975  -0.68894   6.40000 20
   0.22481   0.20950   0.01028   0.14767   6.50000  1
   0.05541  -0.69797  -0.76730  -1.01001   6.50000  2
   0.48272   0.63390   0.17458   0.04820   6.50000  3
  -0.76193   3.04379  -0.43416   0.61973   6.50000  4
  -0.06499  -0.67721  -0.26382   0.16568   6.50000  5
  -0.06340  -0.61329  -0.16309   0.22846   6.50000  6
   0.07478  -0.32694   0.77165  -0.23459   6.50000  7
  -0.03249  -0.50283   0.29999   1.05673   6.50000  8
  -0.19080   0.91612  -0.17698   0.21991   6.50000  9
   0.50513   0.75210  -0.25760  -0.06618   6.50000 10
   0.18735   0.09808   0.08062  -0.24043   6.50000 11
   0.16346   0.87084  -1.18329  -0.20483   6.50000 12
  -0.04375  -0.41438   0.54362  -0.44656   6.50000 13
  -0.28293  -0.63639  -0.32506   0.77139   6.50000 14
   0.61214   0.71114   0.20778   0.34605   6.50000 15
   0.35617   0.58996   0.21989  -0.08581   6.50000 16
  -0.24112  -0.78714   0.39401   0.62968   6.50000 17
   0.45549   1.12972   0.27533  -0.65116   6.50000 18
   0.20784   0.49901   0.28538  -0.52201   6.50000 19
   0.37893   0.66192   0.30817  -0.77193   6.50000 20
   0.22592   0.22614   0.01560   0.18785   6.60000  1
  -0.02991  -0.78845  -0.92029  -0.78726   6.60000  2
   0.49277   0.64118   0.02546   0.08715   6.60000  3
  -0.80533   3.10573  -0.43386   0.61903   6.60000  4
  -0.09128  -0.65320  -0.26155   0.30541   6.60000  5
  -0.07928  -0.58855  -0.15549   0.26042   6.60000  6
   0.14513  -0.35631   0.62480  -0.34366   6.60000  7
  -0.00359  -0.40146   0.28365   0.95831   6.60000  8
  -0.20312   0.93546  -0.06913   0.16565   6.60000  9
   0.47467   0.73708  -0.34010  -0.23586   6.60000 10
   0.19612   0.07797   0.09348  -0.16255   6.60000 11
   0.05040   0.84494  -1.08183  -0.30484   6.60000 12
   0.01082  -0.46545   0.52868  -0.55482   6.60000 13
  -0.30326  -0.55968  -0.07993   0.75529   6.60000 14
   0.61988   0.74267  -0.04926   0.27627   6.60000 15
   0.38079   0.58505   0.27406  -0.02016   6.60000 16
  -0.19392  -0.71401   0.55458   0.82930   6.60000 17
   0.48140   1.05671   0.24294  -0.81207   6.60000 18
   0.24316   0.45007   0.41612  -0.45769   6.60000 19
   0.41146   0.58405   0.33208  -0.76575   6.60000 20
   0.22887   0.24768   0.04917   0.24568   6.70000  1
  -0.12446  -0.85432  -0.95070  -0.53389   6.70000  2
   0.48818   0.64933  -0.11354   0.06781   6.70000  3
  -0.84871   3.16760  -0.43362   0.61846   6.70000  4
  -0.11685  -0.61706  -0.24021   0.41780   6.70000  5
  -0.09442  -0.56231  -0.14455   0.26036   6.70000  6
   0.19840  -0.39338   0.43835  -0.38737   6.70000  7
   0.02521  -0.31304   0.29262   0.81130   6.70000  8
  -0.20463   0.94877   0.03794   0.09703   6.70000  9
   0.43947   0.70499  -0.35167  -0.40354   6.70000 10
   0.20586   0.06538   0.10060  -0.09043   6.70000 11
  -0.05373   0.81142  -1.00388  -0.35812   6.70000 12
   0.05838  -0.52142   0.40930  -0.55142   6.70000 13
  -0.29907  -0.48655   0.16169   0.70288   6.70000 14
   0.60314   0.76515  -0.28147   0.16875   6.70000 15
   0.41102   0.58443   0.32729   0.00382   6.70000 16
  -0.13060  -0.62287   0.69867   0.98432   6.70000 17
   0.50406   0.96636   0.20943  -1.00132   6.70000 18
   0.28997   0.40736   0.51353  -0.39606   6.70000 19
   0.44273   0.51240   0.28105  -0.65607   6.70000 20
   0.23710   0.27561   0.12272   0.31301   6.80000  1
  -0.21745  -0.89757  -0.90384  -0.34409   6.80000  2
   0.47109   0.65342  -0.22064   0.00820   6.80000  3
  -0.89206   3.22943  -0.43343   0.61801   6.80000  4
  -0.13632  -0.56899  -0.13629   0.54538   6.80000  5
  -0.10693  -0.53611  -0.09578   0.27403   6.80000  6
   0.23283  -0.43230   0.25074  -0.38607   6.80000  7
   0.05458  -0.23803   0.29311   0.69590   6.80000  8
  -0.19606   0.95405   0.12892   0.00498   6.80000  9
   0.40689   0.65735  -0.28680  -0.54128   6.80000 10
   0.21613   0.05965   0.10437  -0.02551   6.80000 11
  -0.15056   0.77469  -0.93118  -0.37087   6.80000 12
   0.09114  -0.57305   0.24502  -0.46542   6.80000 13
  -0.27141  -0.41978   0.38893   0.62993   6.80000 14
   0.56441   0.77565  -0.48811   0.03636   6.80000 15
   0.44476   0.58583   0.33580   0.02605   6.80000 16
  -0.05823  -0.51972   0.72886   1.05870   6.80000 17
   0.52290   0.85485   0.16298  -1.23699   6.80000 18
   0.34430   0.37131   0.56409  -0.32018   6.80000 19
   0.46569   0.45363   0.17054  -0.52012   6.80000 20
   0.25481   0.31012   0.23788   0.37627   6.90000  1
  -0.30490  -0.92527  -0.84529  -0.21833   6.90000  2
   0.44636   0.64983  -0.25880  -0.08745   6.90000  3
  -0.93540   3.29121  -0.43328   0.61764   6.90000  4
  -0.14303  -0.50841   0.00267   0.66184   6.90000  5
  -0.11240  -0.50524  -0.01317   0.35155   6.90000  6
   0.24857  -0.46963   0.06442  -0.35488   6.90000  7
   0.08364  -0.17256   0.28816   0.61904   6.90000  8
  -0.17989   0.94942   0.18991  -0.09736   6.90000  9
   0.38444   0.59880  -0.15443  -0.61923   6.90000 10
   0.22665   0.05996   0.10557   0.03000   6.90000 11
  -0.23941   0.73781  -0.84331  -0.36645   6.90000 12
   0.10868  -0.61171   0.11643  -0.29950   6.90000 13
  -0.22183  -0.36099   0.59957   0.54398   6.90000 14
   0.50752   0.76982  -0.63262  -0.17639   6.90000 15
   0.47533   0.58966   0.26201   0.04781   6.90000 16
   0.01282  -0.41437   0.68773   1.04193   6.90000 17
   0.53421   0.71891   0.04103  -1.46907   6.90000 18
   0.40090   0.34467   0.55865  -0.20459   6.90000 19
   0.47574   0.40790   0.02687  -0.39680   6.90000 20
   0.28585   0.35093   0.38921   0.44199   7.00000  1
  -0.38667  -0.94258  -0.79143  -0.13313   7.00000  2
   0.42210   0.63353  -0.21962  -0.25184   7.00000  3
  -0.97872   3.35296  -0.43317   0.61734   7.00000  4
  -0.13580  -0.43751   0.14253   0.75209   7.00000  5
  -0.10962  -0.46461   0.06985   0.46586   7.00000  6
   0.24608  -0.50200  -0.11065  -0.28673   7.00000  7
   0.11239  -0.11328   0.28855   0.57052   7.00000  8
  -0.15862   0.93482   0.23449  -0.19331   7.00000  9
   0.37657   0.53486  -0.00432  -0.65827   7.00000 10
   0.23714   0.06529   0.10373   0.07485   7.00000 11
  -0.31895   0.70118  -0.74715  -0.36793   7.00000 12
   0.11639  -0.63236   0.04574  -0.11304   7.00000 13
  -0.15228  -0.31125   0.78607   0.45073   7.00000 14
   0.44097   0.73699  -0.68596  -0.48677   7.00000 15
   0.49518   0.59357   0.12544   0.00856   7.00000 16
   0.07898  -0.31126   0.63395   1.02449   7.00000 17
   0.52698   0.56455  -0.19564  -1.59617   7.00000 18
   0.45401   0.33198   0.49164  -0.04214   7.00000 19
   0.47082   0.37411  -0.12325  -0.27710   7.00000 20
   0.33420   0.39895   0.58450   0.51487   7.10000  1
  -0.46345  -0.95275  -0.74553  -0.07390   7.10000  2
   0.40221   0.59758  -0.18270  -0.47309   7.10000  3
  -1.02203   3.41468  -0.43308   0.61711   7.10000  4
  -0.11411  -0.35877   0.29498   0.81852   7.10000  5
  -0.09782  -0.41128   0.17112   0.60317   7.10000  6
   0.22736  -0.52614  -0.25912  -0.19340   7.10000  7
   0.14190  -0.05777   0.30539   0.54296   7.10000  8
  -0.13297   0.91095   0.27943  -0.28373   7.10000  9
   0.38262   0.46632   0.11774  -0.71819   7.10000 10
   0.24729   0.07464   0.09918   0.11118   7.10000 11
  -0.38895   0.66389  -0.65381  -0.37931   7.10000 12
   0.11910  -0.63436   0.01375   0.07303   7.10000 13
  -0.06619  -0.27044   0.92505   0.37137   7.10000 14
   0.37285   0.67229  -0.66230  -0.80612   7.10000 15
   0.49806   0.58613  -0.07763  -0.17439   7.10000 16
   0.13927  -0.20813   0.57097   1.04656   7.10000 17
   0.49496   0.40326  -0.44200  -1.61626   7.10000 18
   0.49627   0.33735   0.33420   0.14954   7.10000 19
   0.45224   0.35352  -0.24015  -0.12990   7.10000 20
   0.40123   0.45036   0.72081   0.48434   7.20000  1
  -0.53605  -0.95792  -0.70764  -0.03165   7.20000  2
   0.38487   0.53772  -0.16297  -0.73025   7.20000  3
  -1.06533   3.47638  -0.43300   0.61692   7.20000  4
  -0.07598  -0.27480   0.47064   0.85605   7.20000  5
  -0.07417  -0.34384   0.30803   0.74459   7.20000  6
   0.19513  -0.54025  -0.38053  -0.08642   7.20000  7
   0.17452  -0.00389   0.35395   0.54007   7.20000  8
  -0.10249   0.87800   0.33154  -0.37626   7.20000  9
   0.39826   0.39154   0.18577  -0.76220   7.20000 10
   0.25709   0.08746   0.09865   0.14572   7.20000 11
  -0.44991   0.62508  -0.56623  -0.39786   7.20000 12
   0.12007  -0.61770   0.00955   0.26063   7.20000 13
   0.03028  -0.23486   0.99223   0.35498   7.20000 14
   0.31180   0.57623  -0.53896  -1.11028   7.20000 15
   0.47874   0.55645  -0.30899  -0.43092   7.20000 16
   0.19337  -0.10005   0.51459   1.12529   7.20000 17
   0.44098   0.24765  -0.61662  -1.45782   7.20000 18
   0.51613   0.35891   0.04318   0.25786   7.20000 19
   0.42427   0.34743  -0.31398  -0.00279   7.20000 20
   0.46901   0.49029   0.59541   0.28473   7.30000  1
  -0.60521  -0.95945  -0.67672  -0.00053   7.30000  2
   0.37125   0.45180  -0.10252  -0.97966   7.30000  3
  -1.10863   3.53806  -0.43295   0.61678   7.30000  4
  -0.01968  -0.18810   0.65598   0.87849   7.30000  5
  -0.03514  -0.26268   0.47713   0.87790   7.30000  6
   0.15261  -0.54286  -0.46054   0.03755   7.30000  7
   0.21449   0.05190   0.45627   0.58692   7.30000  8
  -0.06640   0.83538   0.39155  -0.47830   7.30000  9
   0.41647   0.31749   0.15221  -0.70402   7.30000 10
   0.26785   0.10395   0.12218   0.18404   7.30000 11
  -0.50236   0.58416  -0.48352  -0.42101   7.30000 12
   0.12158  -0.58219   0.02182   0.44868   7.30000 13
   0.13015  -0.19613   0.99687   0.43683   7.30000 14
   0.26916   0.45253  -0.29938  -1.34962   7.30000 15
   0.43755   0.49765  -0.49791  -0.75018   7.30000 16
   0.24356   0.01919   0.50024   1.26946   7.30000 17
   0.37260   0.11140  -0.76209  -1.28218   7.30000 18
   0.50308   0.38639  -0.30685   0.27932   7.30000 19
   0.39086   0.35114  -0.34717   0.06482   7.30000 20
   0.51581   0.50295   0.33336  -0.03517   7.40000  1
  -0.67158  -0.95826  -0.65137   0.02337   7.40000  2
   0.36352   0.34381  -0.06995  -1.16805   7.40000  3
  -1.15192   3.59974  -0.43290   0.61667   7.40000  4
   0.05552  -0.09816   0.85258   0.92913   7.40000  5
   0.02217  -0.16801   0.67531   1.01986   7.40000  6
   0.10547  -0.53190  -0.46819   0.18664   7.40000  7
   0.26718   0.11541   0.58979   0.68916   7.40000  8
  -0.02390   0.78180   0.46005  -0.59684   7.40000  9
   0.42255   0.25217  -0.06165  -0.60512   7.40000 10
   0.28214   0.12468   0.16266   0.24535   7.40000 11
  -0.54672   0.54080  -0.40409  -0.44639   7.40000 12
   0.12417  -0.52846   0.02673   0.62207   7.40000 13
   0.22852  -0.14384   0.96611   0.62987   7.40000 14
   0.25331   0.30844  -0.01586  -1.52492   7.40000 15
   0.38318   0.40667  -0.57785  -1.06828   7.40000 16
   0.29538   0.15319   0.53170   1.39124   7.40000 17
   0.28699  -0.00756  -0.92732  -1.06913   7.40000 18
   0.45541   0.41030  -0.63493   0.16222   7.40000 19
   0.35562   0.35614  -0.35419  -0.00167   7.40000 20
   0.53527   0.48429   0.05483  -0.33182   7.50000  1
  -0.73562  -0.95493  -0.63020   0.04267   7.50000  2
   0.35193   0.22051  -0.18412  -1.27495   7.50000  3
  -1.19521   3.66140  -0.43287   0.61658   7.50000  4
   0.15258  -0.00022   1.09546   1.03704   7.50000  5
   0.10214  -0.05729   0.93987   1.20015   7.50000  6
   0.06143  -0.50461  -0.40365   0.36264   7.50000  7
   0.32882   0.19232   0.62034   0.84441   7.50000  8
   0.02609   0.71510   0.54297  -0.74294   7.50000  9
   0.39858   0.19582  -0.43262  -0.51793   7.50000 10
   0.30074   0.15787   0.21292   0.42684   7.50000 11
  -0.58326   0.49489  -0.32707  -0.47151   7.50000 12
   0.12638  -0.45842   0.01685   0.77802   7.50000 13
   0.32068  -0.06636   0.85200   0.92792   7.50000 14
   0.26588   0.15104   0.25681  -1.57059   7.50000 15
   0.32337   0.28433  -0.60388  -1.36973   7.50000 16
   0.34852   0.29417   0.51562   1.36699   7.50000 17
   0.19261  -0.10232  -0.93543  -0.81441   7.50000 18
   0.38035   0.41058  -0.84018  -0.18960   7.50000 19
   0.32154   0.34174  -0.31766  -0.31979   7.50000 20
   0.52600   0.43715  -0.24847  -0.61030   7.60000  1
  -0.79771  -0.94982  -0.61198   0.05913   7.60000  2
   0.32565   0.09645  -0.33791  -1.17451   7.60000  3
  -1.23850   3.72305  -0.43284   0.61651   7.60000  4
   0.27481   0.11202   1.34167   1.21144   7.60000  5
   0.21241   0.07262   1.28047   1.40606   7.60000  6
   0.02588  -0.45884  -0.30376   0.55570   7.60000  7
   0.38340   0.27369   0.43050   0.73054   7.60000  8
   0.08563   0.63164   0.65417  -0.93648   7.60000  9
   0.33834   0.14814  -0.73723  -0.44973   7.60000 10
   0.32387   0.20355   0.22695   0.43140   7.60000 11
  -0.61221   0.44657  -0.25250  -0.49470   7.60000 12
   0.12790  -0.37215   0.01661   0.95501   7.60000 13
   0.39469   0.04480   0.59252   1.30090   7.60000 14
   0.29698   0.00499   0.32840  -1.29639   7.60000 15
   0.26849   0.13946  -0.46789  -1.48686   7.60000 16
   0.39295   0.41393   0.36302   1.00673   7.60000 17
   0.10569  -0.16840  -0.78525  -0.52931   7.60000 18
   0.29400   0.36938  -0.84336  -0.62735   7.60000 19
   0.29456   0.29168  -0.21311  -0.66780   7.60000 20
   0.48358   0.36251  -0.60815  -0.88387   7.70000  1
  -0.85808  -0.94316  -0.59572   0.07384   7.70000  2
   0.28884  -0.00565  -0.37940  -0.85955   7.70000  3
  -1.28178   3.78470  -0.43282   0.61646   7.70000  4
   0.40707   0.23495   1.22695   1.22260   7.70000  5
   0.35352   0.21906   1.45679   1.48523   7.70000  6
   0.00133  -0.39266  -0.18353   0.77339   7.70000  7
   0.41286   0.33386   0.17267   0.45797   7.70000  8
   0.15863   0.52534   0.81713  -1.20329   7.70000  9
   0.26325   0.10744  -0.69760  -0.33709   7.70000 10
   0.34297   0.23892   0.16495   0.28318   7.70000 11
  -0.63385   0.39601  -0.18075  -0.51627   7.70000 12
   0.13029  -0.26552   0.03459   1.18494   7.70000 13
   0.43248   0.18678   0.16471   1.50590   7.70000 14
   0.32730  -0.10231   0.25373  -0.86819   7.70000 15
   0.23419  -0.00059  -0.22666  -1.28083   7.70000 16
   0.42240   0.49404   0.23062   0.59140   7.70000 17
   0.03674  -0.21325  -0.58813  -0.38151   7.70000 18
   0.22001   0.28783  -0.59325  -0.97632   7.70000 19
   0.28106   0.21162  -0.03613  -0.88800   7.70000 20
   0.40653   0.26350  -0.88120  -1.02145   7.80000  1
  -0.91690  -0.93509  -0.58079   0.08733   7.80000  2
   0.24938  -0.08006  -0.41694  -0.64793   7.80000  3
  -1.32506   3.84635  -0.43281   0.61642   7.80000  4
   0.51286   0.35403   0.86346   1.14016   7.80000  5
   0.49154   0.36417   1.25339   1.38590   7.80000  6
  -0.00979  -0.30294  -0.03192   1.02430   7.80000  7
   0.42232   0.36355   0.03749   0.14861   7.80000  8
   0.25198   0.38881   1.06604  -1.52802   7.80000  9
   0.20282   0.07977  -0.51101  -0.23303   7.80000 10
   0.36116   0.26507   0.20401   0.26057   7.80000 11
  -0.64843   0.34331  -0.11104  -0.53784   7.80000 12
   0.13724  -0.13513   0.13027   1.41517   7.80000 13
   0.43341   0.34100  -0.10316   1.52913   7.80000 14
   0.34335  -0.17263   0.05258  -0.54793   7.80000 15
   0.21746  -0.11804  -0.13581  -1.07188   7.80000 16
   0.43951   0.53154   0.11934   0.15562   7.80000 17
  -0.01095  -0.24474  -0.36524  -0.24224   7.80000 18
   0.17912   0.18247  -0.23617  -1.10686   7.80000 19
   0.28527   0.12498   0.07951  -0.82602   7.80000 20
   0.31298   0.16507  -0.97513  -0.96977   7.90000  1
  -0.97427  -0.92573  -0.56683   0.09974   7.90000  2
   0.20517  -0.13535  -0.45695  -0.44614   7.90000  3
  -1.36834   3.90799  -0.43279   0.61638   7.90000  4
   0.58044   0.46161   0.50961   1.01273   7.90000  5
   0.59979   0.49331   0.92029   1.19615   7.90000  6
  -0.00318  -0.18945   0.17756   1.22638   7.90000  7
   0.42212   0.36954  -0.03814  -0.01082   7.90000  8
   0.36969   0.22507   1.21703  -1.69772   7.90000  9
   0.16140   0.05719  -0.31165  -0.23851   7.90000 10
   0.38056   0.29050   0.17120   0.22749   7.90000 11
  -0.65606   0.28842  -0.04120  -0.56002   7.90000 12
   0.16011   0.01315   0.32827   1.53149   7.90000 13
   0.41948   0.48293  -0.13987   1.28851   7.90000 14
   0.33658  -0.21258  -0.18825  -0.25264   7.90000 15
   0.20381  -0.21140  -0.13993  -0.77830   7.90000 16
   0.44918   0.52568   0.08771  -0.25613   7.90000 17
  -0.03611  -0.25964  -0.13456  -0.04217   7.90000 18
   0.16939   0.06701   0.02343  -1.20391   7.90000 19
   0.29007   0.04661  -0.00979  -0.74276   7.90000 20
   0.21365   0.06261  -1.00489  -1.09156   8.00000  1
  -1.03029  -0.91518  -0.55365   0.11107   8.00000  2
   0.16059  -0.16822  -0.42136  -0.20759   8.00000  3
  -1.41162   3.96962  -0.43278   0.61635   8.00000  4
   0.61907   0.55674   0.28189   0.89021   8.00000  5
   0.67832   0.60368   0.66381   1.01527   8.00000  6
   0.02921  -0.06121   0.48844   1.31966   8.00000  7
   0.41569   0.36289  -0.08886  -0.11743   8.00000  8
   0.48006   0.05595   0.96045  -1.67177   8.00000  9
   0.14204   0.03002  -0.07712  -0.31189   8.00000 10
   0.39569   0.30863   0.12991   0.14222   8.00000 11
  -0.65659   0.23133   0.03097  -0.58167   8.00000 12
   0.20202   0.16196   0.49450   1.38883   8.00000 13
   0.40935   0.59769  -0.05965   1.00662   8.00000 14
   0.30596  -0.22327  -0.42249   0.03946   8.00000 15
   0.18944  -0.27183  -0.14525  -0.42305   8.00000 16
   0.45755   0.48703   0.07385  -0.48473   8.00000 17
  -0.03714  -0.25214   0.11891   0.18982   8.00000 18
   0.17985  -0.05335   0.16161  -1.17620   8.00000 19
   0.27996  -0.02303  -0.19831  -0.65364   8.00000 20
   0.11583  -0.05299  -0.92088  -1.20675   8.10000  1
  -1.08503  -0.90355  -0.54109   0.12139   8.10000  2
   0.12425  -0.17688  -0.28923   0.02482   8.10000  3
  -1.45490   4.03126  -0.43277   0.61633   8.10000  4
   0.63997   0.63999   0.14798   0.77804   8.10000  5
   0.73470   0.69753   0.47158   0.86780   8.10000  6
   0.09556   0.06765   0.81373   1.20913   8.10000  7
   0.40413   0.34662  -0.14487  -0.20573   8.10000  8
   0.56135  -0.10800   0.67340  -1.60299   8.10000  9
   0.14273  -0.00769   0.07002  -0.45038   8.10000 10
   0.40551   0.32043   0.06018   0.09886   8.10000 11
  -0.64976   0.17216   0.10623  -0.60135   8.10000 12
   0.25626   0.29039   0.59475   1.20244   8.10000 13
   0.40707   0.68588   0.01102   0.76825   8.10000 14
   0.25239  -0.20471  -0.64764   0.32637   8.10000 15
   0.17515  -0.29475  -0.14034  -0.02883   8.10000 16
   0.46188   0.43118  -0.00126  -0.63222   8.10000 17
  -0.01064  -0.22243   0.42327   0.40077   8.10000 18
   0.19689  -0.16528   0.15995  -1.04950   8.10000 19
   0.24946  -0.08685  -0.41403  -0.63644   8.10000 20
