  -0.47068  -0.70167   0.05656  -0.02007   0.10000  1
  -0.52310   1.22701  -0.00172  -0.00041   0.10000  2
  -0.05192  -0.67686  -0.02469  -0.03324   0.10000  3
   0.84808   0.69896   0.02504  -0.05419   0.10000  4
   0.50491   0.42147   0.03192  -0.09648   0.10000  5
   1.27155   0.52446  -0.08890  -0.01077   0.10000  6
   1.23122  -0.23961  -0.04291   0.04524   0.10000  7
   0.29915   0.26268   0.12175   0.03562   0.10000  8
   0.28940  -1.33168  -0.04127   0.03615   0.10000  9
  -1.02152   1.44363   0.01941  -0.01054   0.10000 10
  -1.39092   0.14404   0.00983  -0.00079   0.10000 11
   0.91529   0.73077  -0.06766  -0.09314   0.10000 12
  -0.26241  -0.09993   0.02819  -0.01703   0.10000 13
   0.26452   1.45702   0.00043  -0.02306   0.10000 14
   0.49659   0.32840   0.02867   0.03359   0.10000 15
   0.84662   0.13249  -0.05437   0.07278   0.10000 16
  -0.02065  -1.01754  -0.03419   0.02001   0.10000 17
   0.83116   0.15026  -0.02919   0.04189   0.10000 18
  -0.35246  -1.13798   0.03870   0.02812   0.10000 19
  -0.48765  -1.54924   0.02443   0.04635   0.10000 20
  -0.46215  -0.70471   0.11439  -0.04108   0.20000  1
  -0.52336   1.22695  -0.00357  -0.00075   0.20000  2
  -0.05566  -0.68190  -0.05021  -0.06796   0.20000  3
   0.85170   0.69070   0.04634  -0.11197   0.20000  4
   0.50969   0.40705   0.06358  -0.19134   0.20000  5
   1.25810   0.52283  -0.18081  -0.02212   0.20000  6
   1.22477  -0.23280  -0.08625   0.09115   0.20000  7
   0.31766   0.26811   0.25021   0.07361   0.20000  8
   0.28318  -1.32624  -0.08327   0.07275   0.20000  9
  -1.01860   1.44204   0.03895  -0.02114   0.20000 10
  -1.38945   0.14392   0.01962  -0.00157   0.20000 11
   0.90524   0.71674  -0.13235  -0.18772   0.20000 12
  -0.25819  -0.10249   0.05618  -0.03444   0.20000 13
   0.26458   1.45356   0.00084  -0.04618   0.20000 14
   0.50098   0.33328   0.05958   0.06290   0.20000 15
   0.83846   0.14342  -0.10905   0.14589   0.20000 16
  -0.02582  -1.01452  -0.06946   0.04041   0.20000 17
   0.82663   0.15673  -0.06242   0.08891   0.20000 18
  -0.34661  -1.13372   0.07838   0.05740   0.20000 19
  -0.48397  -1.54227   0.04932   0.09325   0.20000 20
  -0.44771  -0.70995   0.17493  -0.06413   0.30000  1
  -0.52382   1.22687  -0.00568  -0.00093   0.30000  2
  -0.06202  -0.69056  -0.07751  -0.10579   0.30000  3
   0.85702   0.67629   0.05764  -0.17831   0.30000  4
   0.51762   0.38346   0.09512  -0.27795   0.30000  5
   1.23517   0.52000  -0.27919  -0.03473   0.30000  6
   1.21394  -0.22133  -0.13053   0.13844   0.30000  7
   0.34967   0.27755   0.39313   0.11603   0.30000  8
   0.27269  -1.31710  -0.12680   0.11027   0.30000  9
  -1.01372   1.43940   0.05876  -0.03184   0.30000 10
  -1.38700   0.14373   0.02935  -0.00231   0.30000 11
   0.88908   0.69315  -0.18892  -0.28455   0.30000 12
  -0.25118  -0.10684   0.08382  -0.05262   0.30000 13
   0.26468   1.44778   0.00120  -0.06941   0.30000 14
   0.50868   0.34055   0.09546   0.07917   0.30000 15
   0.82477   0.16171  -0.16506   0.22023   0.30000 16
  -0.03461  -1.00943  -0.10698   0.06165   0.30000 17
   0.81840   0.16839  -0.10404   0.14632   0.30000 18
  -0.33671  -1.12642   0.12012   0.08918   0.30000 19
  -0.47775  -1.53056   0.07516   0.14129   0.30000 20
  -0.42701  -0.71766   0.23994  -0.09063   0.40000  1
  -0.52451   1.22677  -0.00820  -0.00089   0.40000  2
  -0.07126  -0.70323  -0.10776  -0.14866   0.40000  3
   0.86257   0.65452   0.04925  -0.26043   0.40000  4
   0.52877   0.35227   0.12883  -0.33976   0.40000  5
   1.20190   0.51581  -0.38851  -0.04955   0.40000  6
   1.19861  -0.20503  -0.17638   0.18799   0.40000  7
   0.39708   0.29147   0.55967   0.16293   0.40000  8
   0.25774  -1.30414  -0.17278   0.14931   0.40000  9
  -1.00684   1.43567   0.07898  -0.04270   0.40000 10
  -1.38358   0.14346   0.03899  -0.00302   0.40000 11
   0.86799   0.65975  -0.22983  -0.38409   0.40000 12
  -0.24144  -0.11305   0.11098  -0.07190   0.40000 13
   0.26482   1.43967   0.00152  -0.09282   0.40000 14
   0.52036   0.34814   0.14004   0.06629   0.40000 15
   0.80531   0.18758  -0.22520   0.29798   0.40000 16
  -0.04733  -1.00215  -0.14815   0.08424   0.40000 17
   0.80537   0.18652  -0.15912   0.21937   0.40000 18
  -0.32248  -1.11574   0.16522   0.12520   0.40000 19
  -0.46889  -1.51395   0.10251   0.19114   0.40000 20
  -0.39949  -0.72826   0.31180  -0.12260   0.50000  1
  -0.52548   1.22670  -0.01128  -0.00052   0.50000  2
  -0.08373  -0.72054  -0.14260  -0.19905   0.50000  3
   0.86592   0.62340   0.01268  -0.36643   0.50000  4
   0.54379   0.31713   0.17591  -0.35283   0.50000  5
   1.15689   0.50996  -0.51532  -0.06824   0.50000  6
   1.17858  -0.18362  -0.22474   0.24097   0.50000  7
   0.46260   0.31001   0.75481   0.20504   0.50000  8
   0.23802  -1.28716  -0.22240   0.19061   0.50000  9
  -0.99790   1.43085   0.09978  -0.05380   0.50000 10
  -1.37921   0.14313   0.04852  -0.00368   0.50000 11
   0.84379   0.61615  -0.25120  -0.48959   0.50000 12
  -0.22901  -0.12127   0.13757  -0.09255   0.50000 13
   0.26499   1.42921   0.00181  -0.11651   0.50000 14
   0.53722   0.35241   0.20149   0.01256   0.50000 15
   0.77940   0.22155  -0.29546   0.38301   0.50000 16
  -0.06442  -0.99251  -0.19469   0.10881   0.50000 17
   0.78592   0.21295  -0.23395   0.31318   0.50000 18
  -0.30350  -1.10115   0.21526   0.16802   0.50000 19
  -0.45718  -1.49224   0.13203   0.24362   0.50000 20
  -0.36431  -0.74247   0.39387  -0.16341   0.60000  1
  -0.52679   1.22668  -0.01512   0.00023   0.60000  2
  -0.10001  -0.74340  -0.18436  -0.26031   0.60000  3
   0.86409   0.58021  -0.05433  -0.50294   0.60000  4
   0.56564   0.28425   0.27434  -0.29002   0.60000  5
   1.09791   0.50192  -0.67014  -0.09446   0.60000  6
   1.15353  -0.15667  -0.27709   0.29915   0.60000  7
   0.54820   0.33126   0.95299   0.21062   0.60000  8
   0.21308  -1.26590  -0.27727   0.23521   0.60000  9
  -0.98686   1.42490   0.12134  -0.06520   0.60000 10
  -1.37388   0.14273   0.05793  -0.00427   0.60000 11
   0.81811   0.56126  -0.26225  -0.61244   0.60000 12
  -0.21394  -0.13162   0.16361  -0.11474   0.60000 13
   0.26518   1.41636   0.00213  -0.14057   0.60000 14
   0.56209   0.34979   0.30750  -0.06599   0.60000 15
   0.74557   0.26456  -0.38488   0.47925   0.60000 16
  -0.08652  -0.98029  -0.24855   0.13614   0.60000 17
   0.75766   0.25000  -0.33631   0.43229   0.60000 18
  -0.27920  -1.08178   0.27206   0.22172   0.60000 19
  -0.44238  -1.46511   0.16452   0.29976   0.60000 20
  -0.32023  -0.76143   0.49060  -0.21931   0.70000  1
  -0.52853   1.22676  -0.01993   0.00144   0.70000  2
  -0.12093  -0.77311  -0.23610  -0.33678   0.70000  3
   0.85388   0.52161  -0.15762  -0.67514   0.70000  4
   0.60167   0.26221   0.45690  -0.13431   0.70000  5
   1.02135   0.49049  -0.87067  -0.13893   0.70000  6
   1.12295  -0.12352  -0.33591   0.36557   0.70000  7
   0.65171   0.35023   1.10542   0.16372   0.70000  8
   0.18231  -1.23996  -0.33969   0.28474   0.70000  9
  -0.97360   1.41779   0.14391  -0.07701   0.70000 10
  -1.36762   0.14227   0.06722  -0.00481   0.70000 11
   0.79083   0.49238  -0.28942  -0.77314   0.70000 12
  -0.19630  -0.14427   0.18913  -0.13847   0.70000 13
   0.26542   1.40108   0.00255  -0.16512   0.70000 14
   0.60195   0.33983   0.50631  -0.12528   0.70000 15
   0.70196   0.31757  -0.48012   0.57735   0.70000 16
  -0.11442  -0.96516  -0.31070   0.16718   0.70000 17
   0.71777   0.30025  -0.45950   0.57412   0.70000 18
  -0.24882  -1.05622   0.33660   0.29314   0.70000 19
  -0.42414  -1.43212   0.20100   0.36103   0.70000 20
  -0.26561  -0.78725   0.60399  -0.30348   0.80000  1
  -0.53082   1.22698  -0.02592   0.00312   0.80000  2
  -0.14760  -0.81140  -0.29844  -0.43225   0.80000  3
   0.83039   0.44435  -0.32629  -0.86901   0.80000  4
   0.65714   0.26098   0.64225   0.12601   0.80000  5
   0.92152   0.47235  -1.13751  -0.23963   0.80000  6
   1.08599  -0.08309  -0.40572   0.44621   0.80000  7
   0.76368   0.36535   1.08997   0.15684   0.80000  8
   0.14478  -1.20870  -0.41308   0.34203   0.80000  9
  -0.95803   1.40948   0.16778  -0.08935   0.80000 10
  -1.36044   0.14177   0.07640  -0.00529   0.80000 11
   0.75833   0.40550  -0.36819  -0.95690   0.80000 12
  -0.17614  -0.15936   0.21410  -0.16357   0.80000 13
   0.26570   1.38331   0.00319  -0.19038   0.80000 14
   0.66485   0.32789   0.73958  -0.08743   0.80000 15
   0.65568   0.37705  -0.39378   0.58349   0.80000 16
  -0.14873  -0.94669  -0.37394   0.20343   0.80000 17
   0.67030   0.36303  -0.43960   0.65350   0.80000 18
  -0.21180  -1.02220   0.40242   0.39302   0.80000 19
  -0.40200  -1.39266   0.24280   0.42964   0.80000 20
  -0.19982  -0.82387   0.70117  -0.43870   0.90000  1
  -0.53377   1.22740  -0.03334   0.00531   0.90000  2
  -0.18012  -0.85995  -0.34174  -0.53768   0.90000  3
   0.78699   0.35094  -0.53378  -0.96470   0.90000  4
   0.72779   0.28885   0.75741   0.42520   0.90000  5
   0.79357   0.43778  -1.39764  -0.47496   0.90000  6
   1.04119  -0.03345  -0.49396   0.55168   0.90000  7
   0.86220   0.38173   0.84289   0.15063   0.90000  8
   0.09917  -1.17112  -0.50235   0.41246   0.90000  9
  -0.93999   1.39990   0.19333  -0.10239   0.90000 10
  -1.35235   0.14122   0.08553  -0.00571   0.90000 11
   0.71949   0.30868  -0.37779  -0.92549   0.90000 12
  -0.15350  -0.17702   0.23859  -0.18976   0.90000 13
   0.26606   1.36296   0.00413  -0.21679   0.90000 14
   0.74493   0.32626   0.83323   0.05401   0.90000 15
   0.62987   0.42894  -0.11559   0.43746   0.90000 16
  -0.18786  -0.92420  -0.39434   0.24727   0.90000 17
   0.63815   0.42396  -0.18951   0.53876   0.90000 18
  -0.16949  -0.97650   0.43210   0.52418   0.90000 19
  -0.37535  -1.34583   0.29166   0.50924   0.90000 20
  -0.12981  -0.87571   0.67412  -0.58889   1.00000  1
  -0.53754   1.22806  -0.04259   0.00806   1.00000  2
  -0.21201  -0.91718  -0.27462  -0.58819   1.00000  3
   0.72908   0.25958  -0.58744  -0.82973   1.00000  4
   0.80230   0.33962   0.69464   0.54039   1.00000  5
   0.65176   0.37875  -1.37924  -0.66098   1.00000  6
   0.98629   0.02848  -0.60904   0.69387   1.00000  7
   0.92924   0.39165   0.50748   0.04185   1.00000  8
   0.04359  -1.12544  -0.61328   0.50622   1.00000  9
  -0.91929   1.38897   0.22104  -0.11634   1.00000 10
  -1.34334   0.14063   0.09465  -0.00610   1.00000 11
   0.68851   0.22814  -0.23690  -0.67532   1.00000 12
  -0.12841  -0.19734   0.26332  -0.21677   1.00000 13
   0.26654   1.33991   0.00551  -0.24459   1.00000 14
   0.82328   0.33510   0.70142   0.10078   1.00000 15
   0.63104   0.46273   0.12027   0.23153   1.00000 16
  -0.22339  -0.89830  -0.29573   0.25521   1.00000 17
   0.63137   0.46783   0.03631   0.32879   1.00000 18
  -0.12866  -0.91858   0.36972   0.61391   1.00000 19
  -0.34335  -1.29024   0.35037   0.60630   1.00000 20
  -0.06784  -0.93779   0.56029  -0.63457   1.10000  1
  -0.54237   1.22904  -0.05436   0.01154   1.10000  2
  -0.23295  -0.97402  -0.14295  -0.54084   1.10000  3
   0.67276   0.18590  -0.53356  -0.65168   1.10000  4
   0.86533   0.39073   0.57387   0.46763   1.10000  5
   0.52500   0.31243  -1.14789  -0.65855   1.10000  6
   0.91843   0.10668  -0.75184   0.87563   1.10000  7
   0.96563   0.39033   0.22650  -0.06417   1.10000  8
  -0.02432  -1.06862  -0.74800   0.63706   1.10000  9
  -0.89569   1.37659   0.25150  -0.13145   1.10000 10
  -1.33341   0.14000   0.10388  -0.00649   1.10000 11
   0.67041   0.17210  -0.13531  -0.45786   1.10000 12
  -0.10079  -0.22040   0.28931  -0.24457   1.10000 13
   0.26718   1.31401   0.00740  -0.27352   1.10000 14
   0.88486   0.34498   0.53902   0.09859   1.10000 15
   0.64955   0.47528   0.23679   0.02822   1.10000 16
  -0.24515  -0.87653  -0.13942   0.16950   1.10000 17
   0.64158   0.48936   0.15762   0.10816   1.10000 18
  -0.09625  -0.85978   0.28267   0.53496   1.10000 19
  -0.30477  -1.22361   0.42448   0.73240   1.10000 20
  -0.01902  -1.00069   0.40323  -0.61112   1.20000  1
  -0.54853   1.23041  -0.06961   0.01602   1.20000  2
  -0.24069  -1.02522  -0.01205  -0.48302   1.20000  3
   0.62339   0.12829  -0.44991  -0.50101   1.20000  4
   0.91776   0.43100   0.47215   0.32865   1.20000  5
   0.42137   0.24689  -0.93246  -0.65356   1.20000  6
   0.83618   0.20385  -0.88379   1.06131   1.20000  7
   0.97537   0.38009  -0.02774  -0.13161   1.20000  8
  -0.10526  -0.99793  -0.85724   0.76090   1.20000  9
  -0.86887   1.36263   0.28551  -0.14804   1.20000 10
  -1.32255   0.13933   0.11333  -0.00692   1.20000 11
   0.65987   0.13465  -0.08187  -0.29635   1.20000 12
  -0.07049  -0.24629   0.31687  -0.27344   1.20000 13
   0.26804   1.28518   0.00995  -0.30319   1.20000 14
   0.93192   0.35521   0.39992   0.10803   1.20000 15
   0.67747   0.47011   0.32107  -0.12572   1.20000 16
  -0.25167  -0.86538   0.00742   0.05129   1.20000 17
   0.66236   0.49076   0.25911  -0.07603   1.20000 18
  -0.07173  -0.81400   0.20622   0.37911   1.20000 19
  -0.25771  -1.14219   0.51990   0.90472   1.20000 20
   0.01179  -1.05752   0.21609  -0.51878   1.30000  1
  -0.55644   1.23229  -0.08951   0.02184   1.30000  2
  -0.23560  -1.06880   0.11108  -0.36930   1.30000  3
   0.58289   0.08585  -0.36209  -0.34839   1.30000  4
   0.95830   0.45532   0.32965   0.15622   1.30000  5
   0.33704   0.18166  -0.76098  -0.65093   1.30000  6
   0.74515   0.31612  -0.91676   1.17031   1.30000  7
   0.96132   0.36636  -0.24429  -0.12982   1.30000  8
  -0.19323  -0.92115  -0.88624   0.75695   1.30000  9
  -0.83843   1.34692   0.32417  -0.16656   1.30000 10
  -1.31073   0.13861   0.12311  -0.00743   1.30000 11
   0.65256   0.11250  -0.07213  -0.14830   1.30000 12
  -0.03741  -0.27513   0.34471  -0.30355   1.30000 13
   0.26920   1.25335   0.01339  -0.33355   1.30000 14
   0.96359   0.36733   0.22692   0.13820   1.30000 15
   0.71392   0.45065   0.40787  -0.26348   1.30000 16
  -0.24371  -0.86666   0.15130  -0.07735   1.30000 17
   0.69383   0.47441   0.37215  -0.25227   1.30000 18
  -0.05570  -0.78347   0.11065   0.23579   1.30000 19
  -0.20112  -1.04195   0.60091   1.09042   1.30000 20
   0.02537  -1.10362   0.06289  -0.39993   1.40000  1
  -0.56664   1.23483  -0.11563   0.02948   1.40000  2
  -0.21942  -1.09598   0.20643  -0.17398   1.40000  3
   0.55042   0.05810  -0.28938  -0.21037   1.40000  4
   0.98217   0.46257   0.14251  -0.00832   1.40000  5
   0.26789   0.11674  -0.62800  -0.64775   1.40000  6
   0.65756   0.43508  -0.80426   1.17904   1.40000  7
   0.92862   0.35651  -0.40039  -0.05899   1.40000  8
  -0.27745  -0.84850  -0.77077   0.69058   1.40000  9
  -0.80383   1.32924   0.36910  -0.18758   1.40000 10
  -1.29792   0.13784   0.13337  -0.00806   1.40000 11
   0.64434   0.10426  -0.09391  -0.02120   1.40000 12
  -0.00165  -0.30703   0.36957  -0.33460   1.40000 13
   0.27076   1.21843   0.01810  -0.36514   1.40000 14
   0.97628   0.38306   0.02306   0.17434   1.40000 15
   0.75789   0.41810   0.46000  -0.37150   1.40000 16
  -0.22241  -0.87960   0.26528  -0.16438   1.40000 17
   0.73632   0.44033   0.46691  -0.41802   1.40000 18
  -0.05011  -0.76604   0.00007   0.11534   1.40000 19
  -0.14101  -0.92763   0.58507   1.18104   1.40000 20
   0.02571  -1.13730  -0.05111  -0.27422   1.50000  1
  -0.57984   1.23826  -0.14989   0.03946   1.50000  2
  -0.19512  -1.10466   0.27766  -0.00550   1.50000  3
   0.52477   0.04298  -0.22399  -0.09570   1.50000  4
   0.98597   0.45420  -0.07017  -0.15680   1.50000  5
   0.21038   0.05191  -0.52657  -0.65037   1.50000  6
   0.58610   0.54643  -0.63666   1.04278   1.50000  7
   0.88250   0.35531  -0.51657   0.03420   1.50000  8
  -0.34512  -0.78303  -0.58493   0.62312   1.50000  9
  -0.76434   1.30930   0.42236  -0.21174   1.50000 10
  -1.28404   0.13699   0.14422  -0.00888   1.50000 11
   0.63398   0.10743  -0.11033   0.08114   1.50000 12
   0.03625  -0.34206   0.38664  -0.36625   1.50000 13
   0.27289   1.18023   0.02478  -0.39936   1.50000 14
   0.96767   0.40133  -0.19680   0.18380   1.50000 15
   0.80578   0.37936   0.50376  -0.39614   1.50000 16
  -0.19156  -0.89558   0.34975  -0.14083   1.50000 17
   0.78647   0.39424   0.54259  -0.49373   1.50000 18
  -0.05558  -0.76012  -0.10659   0.00595   1.50000 19
  -0.08571  -0.80852   0.52187   1.18907   1.50000 20
   0.01578  -1.15857  -0.14550  -0.15095   1.60000  1
  -0.59693   1.24280  -0.19318   0.05157   1.60000  2
  -0.16403  -1.09800   0.34401   0.13527   1.60000  3
   0.50563   0.03831  -0.15863  -0.00047   1.60000  4
   0.96746   0.43162  -0.30221  -0.29314   1.60000  5
   0.16179  -0.01371  -0.44860  -0.66426   1.60000  6
   0.52788   0.64448  -0.53668   0.92458   1.60000  7
   0.82812   0.36170  -0.54137   0.07654   1.60000  8
  -0.39553  -0.72302  -0.42901   0.58037   1.60000  9
  -0.71903   1.28678   0.48513  -0.23898   1.60000 10
  -1.26905   0.13605   0.15579  -0.00995   1.60000 11
   0.62306   0.11988  -0.10373   0.16493   1.60000 12
   0.07520  -0.38034   0.38926  -0.39999   1.60000 13
   0.27583   1.13839   0.03470  -0.43858   1.60000 14
   0.93717   0.41747  -0.40685   0.12194   1.60000 15
   0.85823   0.34061   0.53073  -0.36519   1.60000 16
  -0.15316  -0.90669   0.41404  -0.08162   1.60000 17
   0.84496   0.34372   0.61403  -0.49861   1.60000 18
  -0.06980  -0.76268  -0.16566  -0.04195   1.60000 19
  -0.03638  -0.69213   0.46371   1.12850   1.60000 20
  -0.00302  -1.16717  -0.22811  -0.01816   1.70000  1
  -0.61849   1.24849  -0.23531   0.06052   1.70000  2
  -0.12636  -1.07823   0.40853   0.25727   1.70000  3
   0.49316   0.04244  -0.08994   0.08142   1.70000  4
   0.92601   0.39570  -0.51705  -0.42458   1.70000  5
   0.12008  -0.08146  -0.38819  -0.69381   1.70000  6
   0.47740   0.73251  -0.47842   0.84136   1.70000  7
   0.77990   0.36756  -0.41087   0.03345   1.70000  8
  -0.43187  -0.66651  -0.30150   0.55131   1.70000  9
  -0.66727   1.26155   0.54756  -0.26418   1.70000 10
  -1.25286   0.13499   0.16818  -0.01130   1.70000 11
   0.61407   0.13985  -0.07236   0.23207   1.70000 12
   0.11324  -0.42228   0.36569  -0.43986   1.70000 13
   0.28001   1.09223   0.05006  -0.48651   1.70000 14
   0.88922   0.42204  -0.53225  -0.04405   1.70000 15
   0.90816   0.30880   0.45068  -0.26502   1.70000 16
  -0.10960  -0.91230   0.45237  -0.03310   1.70000 17
   0.90475   0.29852   0.55914  -0.39220   1.70000 18
  -0.08697  -0.76734  -0.17217  -0.05350   1.70000 19
   0.00763  -0.58271   0.42396   1.06889   1.70000 20
  -0.02906  -1.16143  -0.28661   0.13734   1.80000  1
  -0.64244   1.25418  -0.23209   0.04853   1.80000  2
  -0.08280  -1.04710   0.45833   0.36283   1.80000  3
   0.48785   0.05442  -0.01483   0.15809   1.80000  4
   0.86753   0.34777  -0.63348  -0.52184   1.80000  5
   0.08372  -0.15322  -0.34085  -0.74591   1.80000  6
   0.43120   0.81377  -0.45050   0.78889   1.80000  7
   0.74627   0.36770  -0.26462  -0.03406   1.80000  8
  -0.45646  -0.61255  -0.19301   0.52870   1.80000  9
  -0.61102   1.23462   0.56594  -0.26977   1.80000 10
  -1.23538   0.13378   0.18150  -0.01300   1.80000 11
   0.60931   0.16597  -0.01896   0.28984   1.80000 12
   0.14679  -0.46810   0.29702  -0.46973   1.80000 13
   0.28615   1.04062   0.07504  -0.54859   1.80000 14
   0.83383   0.40772  -0.56725  -0.24081   1.80000 15
   0.94538   0.28723   0.28230  -0.17471   1.80000 16
  -0.06382  -0.91387   0.45709  -0.00133   1.80000 17
   0.95303   0.26596   0.39258  -0.26326   1.80000 18
  -0.10318  -0.77415  -0.14650  -0.08596   1.80000 19
   0.05031  -0.47666   0.43891   1.05474   1.80000 20
  -0.05872  -1.13899  -0.29747   0.31325   1.90000  1
  -0.66302   1.25749  -0.17473   0.01610   1.90000  2
  -0.03600  -1.00596   0.47003   0.45978   1.90000  3
   0.49059   0.07420   0.07232   0.23891   1.90000  4
   0.80157   0.29441  -0.68222  -0.53110   1.90000  5
   0.05176  -0.23182  -0.29606  -0.83201   1.90000  6
   0.38625   0.89129  -0.45413   0.76500   1.90000  7
   0.72602   0.35966  -0.14778  -0.13400   1.90000  8
  -0.47089  -0.56067  -0.09724   0.50935   1.90000  9
  -0.55591   1.20825   0.53206  -0.25649   1.90000 10
  -1.21652   0.13238   0.19583  -0.01507   1.90000 11
   0.61122   0.19789   0.06299   0.34940   1.90000 12
   0.17201  -0.51374   0.20945  -0.43428   1.90000 13
   0.29561   0.98187   0.11807  -0.62869   1.90000 14
   0.77634   0.37453  -0.58208  -0.41919   1.90000 15
   0.96354   0.27188   0.08053  -0.14092   1.90000 16
  -0.01939  -0.91316   0.42590   0.01315   1.90000 17
   0.98182   0.24447   0.18087  -0.17326   1.90000 18
  -0.11510  -0.78494  -0.08623  -0.13062   1.90000 19
   0.09601  -0.37236   0.46990   1.03071   1.90000 20
  -0.08682  -1.09875  -0.25739   0.49050   2.00000  1
  -0.67720   1.25741  -0.10967  -0.01714   2.00000  2
   0.00972  -0.95507   0.43798   0.55727   2.00000  3
   0.50305   0.10266   0.18184   0.33340   2.00000  4
   0.73096   0.24373  -0.73076  -0.47358   2.00000  5
   0.02590  -0.31945  -0.21585  -0.90960   2.00000  6
   0.33948   0.96627  -0.47956   0.72270   2.00000  7
   0.71444   0.33916  -0.09880  -0.28421   2.00000  8
  -0.47617  -0.51063  -0.00936   0.49134   2.00000  9
  -0.50472   1.18326   0.49302  -0.24417   2.00000 10
  -1.19618   0.13075   0.21121  -0.01755   2.00000 11
   0.62338   0.23593   0.18745   0.40838   2.00000 12
   0.18923  -0.55484   0.13553  -0.39154   2.00000 13
   0.31037   0.91557   0.17428  -0.68467   2.00000 14
   0.71747   0.32474  -0.59434  -0.57164   2.00000 15
   0.96189   0.25785  -0.11133  -0.14334   2.00000 16
   0.02041  -0.91131   0.36642   0.02656   2.00000 17
   0.98919   0.23027  -0.03304  -0.11457   2.00000 18
  -0.11936  -0.80026   0.00592  -0.17498   2.00000 19
   0.14215  -0.27061   0.44645   0.99684   2.00000 20
  -0.10904  -1.04116  -0.18230   0.66043   2.10000  1
  -0.68521   1.25420  -0.05196  -0.04626   2.10000  2
   0.05055  -0.89514   0.37434   0.63554   2.10000  3
   0.52835   0.14166   0.33317   0.45040   2.10000  4
   0.65605   0.20150  -0.75728  -0.36351   2.10000  5
   0.00801  -0.41213  -0.14779  -0.94597   2.10000  6
   0.29165   1.03361  -0.47284   0.62319   2.10000  7
   0.70299   0.30181  -0.14428  -0.46135   2.10000  8
  -0.47290  -0.46243   0.07435   0.47224   2.10000  9
  -0.45693   1.15922   0.46459  -0.23775   2.10000 10
  -1.17424   0.12886   0.22769  -0.02042   2.10000 11
   0.64893   0.27718   0.30995   0.39122   2.10000 12
   0.19884  -0.59306   0.05392  -0.37819   2.10000 13
   0.32901   0.84714   0.19372  -0.68355   2.10000 14
   0.65798   0.26168  -0.58899  -0.67567   2.10000 15
   0.94158   0.24283  -0.29446  -0.15761   2.10000 16
   0.05332  -0.90660   0.28973   0.07706   2.10000 17
   0.97518   0.22094  -0.24819  -0.07464   2.10000 18
  -0.11300  -0.81959   0.12519  -0.20913   2.10000 19
   0.18611  -0.17383   0.44144   0.94396   2.10000 20
  -0.12236  -0.96676  -0.07844   0.82722   2.20000  1
  -0.68784   1.24827  -0.00156  -0.07183   2.20000  2
   0.08398  -0.82928   0.29281   0.67657   2.20000  3
   0.57132   0.19270   0.52278   0.55596   2.20000  4
   0.58237   0.17140  -0.69886  -0.24025   2.20000  5
  -0.00432  -0.50984  -0.09931  -1.01547   2.20000  6
   0.24499   1.09179  -0.46144   0.54482   2.20000  7
   0.68396   0.24887  -0.23844  -0.58155   2.20000  8
  -0.46139  -0.41633   0.15515   0.44887   2.20000  9
  -0.41142   1.13554   0.44761  -0.23643   2.20000 10
  -1.15060   0.12666   0.24532  -0.02364   2.20000 11
   0.68053   0.30828   0.30232   0.21154   2.20000 12
   0.19928  -0.63161  -0.04995  -0.39893   2.20000 13
   0.34898   0.77777   0.20694  -0.71025   2.20000 14
   0.60140   0.19320  -0.53548  -0.67551   2.20000 15
   0.90278   0.22643  -0.48398  -0.16869   2.20000 16
   0.07809  -0.89375   0.20470   0.18978   2.20000 17
   0.93916   0.21487  -0.47522  -0.04887   2.20000 18
  -0.09382  -0.84133   0.25871  -0.21996   2.20000 19
   0.23209  -0.08020   0.48636   0.93661   2.20000 20
  -0.12320  -0.87625   0.07163   0.97468   2.30000  1
  -0.68571   1.23992   0.04347  -0.09482   2.30000  2
   0.10903  -0.76033   0.20771   0.70082   2.30000  3
   0.62899   0.24705   0.61006   0.50416   2.30000  4
   0.51998   0.15257  -0.53919  -0.14735   2.30000  5
  -0.01144  -0.61678  -0.03806  -1.13132   2.30000  6
   0.19904   1.14331  -0.45940   0.48823   2.30000  7
   0.65573   0.18923  -0.31875  -0.58977   2.30000  8
  -0.44201  -0.37286   0.23182   0.41971   2.30000  9
  -0.36706   1.11181   0.44112  -0.23870   2.30000 10
  -1.12514   0.12412   0.26419  -0.02714   2.30000 11
   0.70739   0.31798   0.23063  -0.01884   2.30000 12
   0.18761  -0.67412  -0.19122  -0.45694   2.30000 13
   0.37077   0.70390   0.23096  -0.77283   2.30000 14
   0.55246   0.13046  -0.43834  -0.56608   2.30000 15
   0.84403   0.20962  -0.69580  -0.16337   2.30000 16
   0.09404  -0.86709   0.11287   0.34922   2.30000 17
   0.87931   0.21079  -0.72703  -0.03392   2.30000 18
  -0.06185  -0.86163   0.37503  -0.16890   2.30000 19
   0.28524   0.01497   0.58831   0.97317   2.30000 20
  -0.10603  -0.77432   0.28117   1.04953   2.40000  1
  -0.67927   1.22937   0.08481  -0.11591   2.40000  2
   0.12503  -0.69104   0.10813   0.66115   2.40000  3
   0.69103   0.29039   0.62134   0.35139   2.40000  4
   0.47445   0.13939  -0.37605  -0.12501   2.40000  5
  -0.01053  -0.73667   0.06089  -1.25448   2.40000  6
   0.15279   1.18982  -0.46718   0.44335   2.40000  7
   0.62214   0.13438  -0.34870  -0.49752   2.40000  8
  -0.41518  -0.33252   0.30417   0.38655   2.40000  9
  -0.32287   1.08775   0.44428  -0.24273   2.40000 10
  -1.09772   0.12122   0.28444  -0.03083   2.40000 11
   0.72601   0.30457   0.13665  -0.24744   2.40000 12
   0.15945  -0.72320  -0.37700  -0.51731   2.40000 13
   0.39569   0.62200   0.27045  -0.87188   2.40000 14
   0.51311   0.08103  -0.35401  -0.41728   2.40000 15
   0.76294   0.19503  -0.92441  -0.12023   2.40000 16
   0.10031  -0.82313   0.01003   0.53002   2.40000 17
   0.79273   0.20818  -1.00665  -0.01534   2.40000 18
  -0.01964  -0.87069   0.46808   0.00756   2.40000 19
   0.35277   0.11512   0.77956   1.02641   2.40000 20
  -0.06636  -0.67103   0.50389   0.99541   2.50000  1
  -0.66882   1.21679   0.12384  -0.13552   2.50000  2
   0.13027  -0.63252  -0.00289   0.50287   2.50000  3
   0.74861   0.31486   0.49484   0.13363   2.50000  4
   0.44482   0.12780  -0.20516  -0.09685   2.50000  5
   0.00131  -0.86038   0.18059  -1.17401   2.50000  6
   0.10531   1.23211  -0.48365   0.40263   2.50000  7
   0.58556   0.09168  -0.38769  -0.34300   2.50000  8
  -0.38119  -0.29558   0.37609   0.35221   2.50000  9
  -0.27792   1.06329   0.45605  -0.24613   2.50000 10
  -1.06820   0.11795   0.30624  -0.03458   2.50000 11
   0.73237   0.26992  -0.02872  -0.42988   2.50000 12
   0.11247  -0.77513  -0.55423  -0.50755   2.50000 13
   0.42555   0.52792   0.33104  -1.01989   2.50000 14
   0.48176   0.04897  -0.26506  -0.21355   2.50000 15
   0.66152   0.18650  -1.08702  -0.05543   2.50000 16
   0.09570  -0.76355  -0.09865   0.63427   2.50000 17
   0.67999   0.20825  -1.22434   0.01095   2.50000 18
   0.03132  -0.85799   0.54388   0.24376   2.50000 19
   0.44312   0.21682   1.02094   0.98066   2.50000 20
  -0.00728  -0.57682   0.66768   0.88620   2.60000  1
  -0.65454   1.20231   0.16165  -0.15383   2.60000  2
   0.12461  -0.58968  -0.10920   0.36213   2.60000  3
   0.78545   0.31873   0.23467  -0.04435   2.60000  4
   0.43599   0.12110   0.03367  -0.03589   2.60000  5
   0.02461  -0.96604   0.27280  -0.93435   2.60000  6
   0.05585   1.27028  -0.50614   0.35997   2.60000  7
   0.54383   0.06840  -0.45047  -0.11529   2.60000  8
  -0.33977  -0.26207   0.45367   0.31806   2.60000  9
  -0.23145   1.03863   0.47392  -0.24618   2.60000 10
  -1.03641   0.11431   0.32985  -0.03828   2.60000 11
   0.71682   0.22288  -0.29095  -0.48968   2.60000 12
   0.05265  -0.82185  -0.61060  -0.41552   2.60000 13
   0.46309   0.41527   0.42825  -1.24956   2.60000 14
   0.46157   0.03938  -0.13648   0.02475   2.60000 15
   0.54785   0.18222  -1.17107  -0.03480   2.60000 16
   0.08223  -0.70057  -0.16048   0.62089   2.60000 17
   0.55178   0.20779  -1.32083  -0.02756   2.60000 18
   0.08661  -0.82447   0.54341   0.41348   2.60000 19
   0.55370   0.30690   1.15666   0.79982   2.60000 20
   0.06499  -0.49406   0.76382   0.76806   2.70000  1
  -0.63650   1.18606   0.19924  -0.17088   2.70000  2
   0.10908  -0.55808  -0.19367   0.28166   2.70000  3
   0.79514   0.30800  -0.04041  -0.16154   2.70000  4
   0.45001   0.12147   0.22097   0.04725   2.70000  5
   0.05350  -1.04858   0.29652  -0.72714   2.70000  6
   0.00405   1.30391  -0.52960   0.31157   2.70000  7
   0.49474   0.06887  -0.53102   0.12264   2.70000  8
  -0.29009  -0.23195   0.54216   0.28469   2.70000  9
  -0.18311   1.01421   0.49258  -0.24172   2.70000 10
  -1.00216   0.11030   0.35561  -0.04185   2.70000 11
   0.67413   0.17531  -0.55876  -0.45250   2.70000 12
  -0.00451  -0.85697  -0.52222  -0.28742   2.70000 13
   0.51164   0.27601   0.52000  -1.53219   2.70000 14
   0.45359   0.05466  -0.03367   0.28294   2.70000 15
   0.43235   0.17752  -1.10802  -0.07371   2.70000 16
   0.06605  -0.63816  -0.15034   0.63631   2.70000 17
   0.42217   0.20081  -1.23500  -0.12755   2.70000 18
   0.13671  -0.77709   0.45224   0.53174   2.70000 19
   0.66540   0.37445   1.05959   0.54963   2.70000 20
   0.14216  -0.42279   0.76455   0.66491   2.80000  1
  -0.61467   1.16818   0.23757  -0.18657   2.80000  2
   0.08840  -0.53109  -0.20617   0.26686   2.80000  3
   0.77827   0.28792  -0.28732  -0.23510   2.80000  4
   0.47409   0.12893   0.24200   0.08111   2.80000  5
   0.08292  -1.11343   0.28940  -0.57804   2.80000  6
  -0.04990   1.33242  -0.54818   0.25821   2.80000  7
   0.44006   0.09166  -0.53889   0.31502   2.80000  8
  -0.23081  -0.20509   0.64664   0.25262   2.80000  9
  -0.13313   0.99032   0.50565  -0.23633   2.80000 10
  -0.96520   0.10595   0.38396  -0.04521   2.80000 11
   0.60497   0.13239  -0.82752  -0.41419   2.80000 12
  -0.05156  -0.88003  -0.42124  -0.17755   2.80000 13
   0.55930   0.11361   0.39961  -1.66603   2.80000 14
   0.45261   0.09447   0.00827   0.48891   2.80000 15
   0.33227   0.16513  -0.88123  -0.17795   2.80000 16
   0.05436  -0.57200  -0.07559   0.69017   2.80000 17
   0.31082   0.18021  -0.98171  -0.28245   2.80000 18
   0.17688  -0.71782   0.35191   0.65641   2.80000 19
   0.76535   0.41775   0.93829   0.32522   2.80000 20
   0.21619  -0.35872   0.71311   0.62997   2.90000  1
  -0.58893   1.14881   0.27745  -0.20053   2.90000  2
   0.06987  -0.50326  -0.15743   0.29770   2.90000  3
   0.73972   0.26107  -0.47780  -0.30478   2.90000  4
   0.49547   0.13392   0.16775   0.01189   2.90000  5
   0.11113  -1.16554   0.27444  -0.46948   2.90000  6
  -0.10535   1.35554  -0.55983   0.20453   2.90000  7
   0.39027   0.12610  -0.45351   0.34744   2.90000  8
  -0.16001  -0.18136   0.77374   0.22252   2.90000  9
  -0.08226   0.96672   0.51055  -0.23749   2.90000 10
  -0.92526   0.10127   0.41551  -0.04838   2.90000 11
   0.51020   0.09096  -1.04936  -0.40505   2.90000 12
  -0.08934  -0.89313  -0.33725  -0.08705   2.90000 13
   0.58820  -0.04526   0.18257  -1.48833   2.90000 14
   0.45414   0.14448   0.01161   0.47408   2.90000 15
   0.25579   0.14264  -0.65522  -0.26681   2.90000 16
   0.05184  -0.50008   0.02684   0.74633   2.90000 17
   0.22568   0.14612  -0.72594  -0.38990   2.90000 18
   0.20727  -0.64525   0.25670   0.79804   2.90000 19
   0.85258   0.44168   0.80606   0.16530   2.90000 20
   0.28467  -0.29424   0.65628   0.67110   3.00000  1
  -0.55911   1.12816   0.31930  -0.21198   3.00000  2
   0.05814  -0.46959  -0.07144   0.38622   3.00000  3
   0.68270   0.22638  -0.66689  -0.39111   3.00000  4
   0.50413   0.13174  -0.00423  -0.04853   3.00000  5
   0.13780  -1.20818   0.25908  -0.38693   3.00000  6
  -0.16172   1.37343  -0.56721   0.15380   3.00000  7
   0.34887   0.15681  -0.37978   0.24883   3.00000  8
  -0.07500  -0.16042   0.93262   0.19776   3.00000  9
  -0.03121   0.94241   0.50962  -0.25105   3.00000 10
  -0.88197   0.09627   0.45107  -0.05144   3.00000 11
   0.39996   0.05478  -1.13611  -0.31136   3.00000 12
  -0.11950  -0.89786  -0.26809  -0.00941   3.00000 13
   0.59741  -0.18538   0.00590  -1.32673   3.00000 14
   0.45239   0.18440  -0.05619   0.31220   3.00000 15
   0.19986   0.11231  -0.46915  -0.33997   3.00000 16
   0.05973  -0.42310   0.13055   0.79302   3.00000 17
   0.16460   0.10350  -0.49985  -0.45953   3.00000 18
   0.22841  -0.55757   0.16745   0.95917   3.00000 19
   0.92705   0.45285   0.68706   0.06593   3.00000 20
   0.34702  -0.22262   0.58354   0.76695   3.10000  1
  -0.52502   1.10653   0.36269  -0.21977   3.10000  2
   0.05671  -0.42394   0.04836   0.53677   3.10000  3
   0.60501   0.18259  -0.89476  -0.48498   3.10000  4
   0.49443   0.12558  -0.18779  -0.07125   3.10000  5
   0.16301  -1.24348   0.24548  -0.32131   3.10000  6
  -0.21876   1.38638  -0.57348   0.10538   3.10000  7
   0.31319   0.17315  -0.33784   0.06871   3.10000  8
   0.02783  -0.14118   1.12948   0.19318   3.10000  9
   0.01959   0.91603   0.50633  -0.27898   3.10000 10
  -0.83487   0.09097   0.49178  -0.05459   3.10000 11
   0.28456   0.02757  -1.16999  -0.24492   3.10000 12
  -0.14331  -0.89530  -0.20954   0.05935   3.10000 13
   0.58932  -0.31228  -0.16942  -1.21309   3.10000 14
   0.44225   0.20600  -0.14641   0.11620   3.10000 15
   0.16117   0.07398  -0.30639  -0.43253   3.10000 16
   0.07801  -0.34095   0.23721   0.85614   3.10000 17
   0.12517   0.05417  -0.28893  -0.52983   3.10000 18
   0.24111  -0.45254   0.08861   1.14631   3.10000 19
   0.99078   0.45604   0.59109   0.00227   3.10000 20
   0.39855  -0.14045   0.42944   0.87751   3.20000  1
  -0.48658   1.08436   0.40567  -0.22295   3.20000  2
   0.06893  -0.36024   0.20176   0.74794   3.20000  3
   0.50236   0.12960  -1.16063  -0.57275   3.20000  4
   0.46669   0.11726  -0.37125  -0.10216   3.20000  5
   0.18697  -1.27282   0.23419  -0.26690   3.20000  6
  -0.27640   1.39450  -0.57897   0.05660   3.20000  7
   0.28104   0.16915  -0.30328  -0.15565   3.20000  8
   0.15080  -0.11960   1.31081   0.25267   3.20000  9
   0.07004   0.88614   0.50250  -0.32117   3.20000 10
  -0.78338   0.08534   0.53932  -0.05810   3.20000 11
   0.16664   0.00267  -1.17091  -0.27272   3.20000 12
  -0.16165  -0.88621  -0.15828   0.12161   3.20000 13
   0.56365  -0.42733  -0.33940  -1.08303   3.20000 14
   0.42311   0.20653  -0.23926  -0.11439   3.20000 15
   0.13859   0.02426  -0.14416  -0.56880   3.20000 16
   0.10807  -0.24989   0.37068   0.97819   3.20000 17
   0.10749  -0.00330  -0.05824  -0.62121   3.20000 18
   0.24642  -0.32722   0.01632   1.36728   3.20000 19
   1.04589   0.45394   0.51369  -0.04197   3.20000 20
   0.42940  -0.04667   0.16622   0.99720   3.30000  1
  -0.44402   1.06208   0.44454  -0.22209   3.30000  2
   0.09802  -0.27189   0.38272   1.03475   3.30000  3
   0.37397   0.06808  -1.39264  -0.66397   3.30000  4
   0.41809   0.10236  -0.61319  -0.21489   3.30000  5
   0.20993  -1.29710   0.22522  -0.21967   3.30000  6
  -0.33444   1.39763  -0.58094   0.00579   3.30000  7
   0.25362   0.14028  -0.23661  -0.43319   3.30000  8
   0.28179  -0.08966   1.26828   0.34657   3.30000  9
   0.12007   0.85134   0.49808  -0.37709   3.30000 10
  -0.72670   0.07933   0.59631  -0.06240   3.30000 11
   0.05900  -0.03029  -0.93151  -0.38999   3.30000 12
  -0.17513  -0.87113  -0.11173   0.17955   3.30000 13
   0.52292  -0.52825  -0.46702  -0.93520   3.30000 14
   0.39296   0.18083  -0.37415  -0.41199   3.30000 15
   0.13268  -0.03991   0.03134  -0.70547   3.30000 16
   0.15327  -0.14244   0.52972   1.17825   3.30000 17
   0.11431  -0.06892   0.19455  -0.67680   3.30000 18
   0.24350  -0.17698  -0.07807   1.64614   3.30000 19
   1.09393   0.44800   0.44889  -0.07549   3.30000 20
   0.42671   0.05561  -0.23681   1.00993   3.40000  1
  -0.39794   1.03995   0.47555  -0.22099   3.40000  2
   0.14536  -0.14984   0.56070   1.41230   3.40000  3
   0.22865  -0.00477  -1.47867  -0.78318   3.40000  4
   0.34297   0.07055  -0.88334  -0.43039   3.40000  5
   0.23208  -1.31688   0.21815  -0.17645   3.40000  6
  -0.39234   1.39564  -0.57571  -0.04545   3.40000  7
   0.23524   0.07987  -0.12990  -0.78349   3.40000  8
   0.39720  -0.04708   0.99677   0.52039   3.40000  9
   0.16960   0.81025   0.49208  -0.44709   3.40000 10
  -0.66370   0.07282   0.66614  -0.06801   3.40000 11
  -0.01342  -0.07286  -0.50880  -0.43742   3.40000 12
  -0.18407  -0.85034  -0.06713   0.23624   3.40000 13
   0.47175  -0.61481  -0.55045  -0.79967   3.40000 14
   0.34631   0.12170  -0.56530  -0.77923   3.40000 15
   0.14692  -0.11099   0.25588  -0.65632   3.40000 16
   0.21184  -0.01771   0.63791   1.27712   3.40000 17
   0.14627  -0.13226   0.43309  -0.53539   3.40000 18
   0.23184  -0.00119  -0.13181   1.80983   3.40000 19
   1.13591   0.43905   0.39163  -0.10272   3.40000 20
   0.38262   0.14662  -0.62451   0.78037   3.50000  1
  -0.34919   1.01768   0.49844  -0.22601   3.50000  2
   0.20901   0.00369   0.70215   1.59905   3.50000  3
   0.08978  -0.08133  -1.24854  -0.72348   3.50000  4
   0.24425   0.01969  -1.05462  -0.55167   3.50000  5
   0.25360  -1.33243   0.21224  -0.13446   3.50000  6
  -0.44930   1.38867  -0.56226  -0.09297   3.50000  7
   0.22622  -0.00945  -0.06332  -0.92818   3.50000  8
   0.47582   0.01213   0.57186   0.63810   3.50000  9
   0.21841   0.76132   0.48372  -0.53515   3.50000 10
  -0.59291   0.06566   0.75260  -0.07561   3.50000 11
  -0.04393  -0.11353  -0.11295  -0.36344   3.50000 12
  -0.18850  -0.82379  -0.02086   0.29569   3.50000 13
   0.41365  -0.68894  -0.60899  -0.68640   3.50000 14
   0.27885   0.02903  -0.77942  -1.01141   3.50000 15
   0.18018  -0.16085   0.38288  -0.32035   3.50000 16
   0.27760   0.10465   0.64421   1.11680   3.50000 17
   0.19556  -0.16754   0.52125  -0.15918   3.50000 18
   0.22309   0.16781  -0.03232   1.50354   3.50000 19
   1.17239   0.42761   0.33842  -0.12524   3.50000 20
   0.30732   0.21097  -0.84429   0.52109   3.60000  1
  -0.29839   0.99437   0.51723  -0.24241   3.60000  2
   0.28129   0.15779   0.72170   1.47475   3.60000  3
  -0.01999  -0.14800  -0.95734  -0.60979   3.60000  4
   0.14225  -0.03699  -0.95415  -0.59261   3.60000  5
   0.27453  -1.34375   0.20647  -0.09170   3.60000  6
  -0.50460   1.37728  -0.54313  -0.13353   3.60000  7
   0.21908  -0.09732  -0.09846  -0.82857   3.60000  8
   0.51402   0.07703   0.20893   0.65389   3.60000  9
   0.26625   0.70224   0.47227  -0.65299   3.60000 10
  -0.51247   0.05755   0.86032  -0.08791   3.60000 11
  -0.03804  -0.14469   0.21952  -0.26053   3.60000 12
  -0.18806  -0.79097   0.03056   0.36207   3.60000 13
   0.35032  -0.75267  -0.65612  -0.59045   3.60000 14
   0.19542  -0.07137  -0.85983  -0.99258   3.60000 15
   0.21906  -0.17556   0.37401   0.01684   3.60000 16
   0.33553   0.20331   0.50326   0.87731   3.60000 17
   0.24513  -0.16584   0.44346   0.17633   3.60000 18
   0.22490   0.29917   0.06845   1.14428   3.60000 19
   1.20366   0.41414   0.28716  -0.14350   3.60000 20
   0.22324   0.25598  -0.80179   0.40501   3.70000  1
  -0.24570   0.96874   0.53724  -0.27243   3.70000  2
   0.35048   0.30045   0.64771   1.37499   3.70000  3
  -0.10190  -0.20309  -0.67931  -0.49226   3.70000  4
   0.05497  -0.10071  -0.79485  -0.68312   3.70000  5
   0.29485  -1.35071   0.19944  -0.04721   3.70000  6
  -0.55786   1.36221  -0.52188  -0.16653   3.70000  7
   0.20467  -0.17523  -0.19066  -0.71804   3.70000  8
   0.52046   0.14294  -0.06872   0.66781   3.70000  9
   0.31260   0.62901   0.45251  -0.82247   3.70000 10
  -0.41993   0.04768   0.99565  -0.11256   3.70000 11
  -0.00300  -0.16614   0.46821  -0.17111   3.70000 12
  -0.18212  -0.75100   0.08977   0.43968   3.70000 13
   0.28262  -0.80741  -0.69721  -0.50577   3.70000 14
   0.11140  -0.16863  -0.81149  -0.93299   3.70000 15
   0.25013  -0.16160   0.22790   0.22955   3.70000 16
   0.37683   0.28363   0.32620   0.74549   3.70000 17
   0.27904  -0.13845   0.22177   0.33340   3.70000 18
   0.23657   0.39996   0.16299   0.88628   3.70000 19
   1.22984   0.39905   0.23650  -0.15772   3.70000 20
   0.14947   0.29424  -0.67111   0.36217   3.80000  1
  -0.19075   0.93941   0.56298  -0.31658   3.80000  2
   0.40952   0.43232   0.52682   1.26260   3.80000  3
  -0.15646  -0.24695  -0.41604  -0.38833   3.80000  4
  -0.01695  -0.17287  -0.63904  -0.75034   3.80000  5
   0.31433  -1.35314   0.18953  -0.00109   3.80000  6
  -0.60899   1.34419  -0.50089  -0.19308   3.80000  7
   0.18035  -0.23861  -0.30151  -0.54495   3.80000  8
   0.50218   0.21159  -0.28868   0.71099   3.80000  9
   0.35601   0.53525   0.41170  -1.06224   3.80000 10
  -0.31230   0.03414   1.16138  -0.16416   3.80000 11
   0.05219  -0.18050   0.60573  -0.13174   3.80000 12
  -0.16978  -0.70247   0.15885   0.53431   3.80000 13
   0.21101  -0.85396  -0.73420  -0.42516   3.80000 14
   0.03277  -0.25437  -0.75900  -0.76951   3.80000 15
   0.26353  -0.13504   0.04374   0.28720   3.80000 16
   0.40253   0.35566   0.19601   0.70907   3.80000 17
   0.28988  -0.10415   0.00305   0.34117   3.80000 18
   0.25769   0.47920   0.26470   0.70749   3.80000 19
   1.25096   0.38273   0.18594  -0.16783   3.80000 20
   0.08915   0.32810  -0.53553   0.31156   3.90000  1
  -0.13279   0.90494   0.59820  -0.37518   3.90000  2
   0.45424   0.55063   0.36655   1.08549   3.90000  3
  -0.18547  -0.28161  -0.16366  -0.31088   3.90000  4
  -0.07306  -0.24874  -0.48969  -0.76026   3.90000  5
   0.33262  -1.35091   0.17557   0.04542   3.90000  6
  -0.65809   1.32376  -0.48127  -0.21463   3.90000  7
   0.14363  -0.28415  -0.43202  -0.36703   3.90000  8
   0.46408   0.28643  -0.46767   0.79288   3.90000  9
   0.39518   0.41980   0.37318  -1.20927   3.90000 10
  -0.18716   0.01342   1.34053  -0.25713   3.90000 11
   0.11344  -0.19428   0.60671  -0.14249   3.90000 12
  -0.15003  -0.64323   0.23726   0.65670   3.90000 13
   0.13600  -0.89229  -0.76437  -0.34009   3.90000 14
  -0.03972  -0.32204  -0.69144  -0.58785   3.90000 15
   0.25982  -0.10545  -0.11384   0.30150   3.90000 16
   0.41688   0.42699   0.09301   0.70982   3.90000 17
   0.28105  -0.07128  -0.17396   0.31319   3.90000 18
   0.29036   0.54097   0.38647   0.52226   3.90000 19
   1.26705   0.36561   0.13598  -0.17400   3.90000 20
   0.04219   0.35582  -0.40456   0.24054   4.00000  1
  -0.07067   0.86386   0.64654  -0.44914   4.00000  2
   0.48378   0.64842   0.22683   0.87521   4.00000  3
  -0.18889  -0.31085   0.09532  -0.28544   4.00000  4
  -0.11608  -0.32415  -0.37364  -0.74579   4.00000  5
   0.34931  -1.34410   0.15766   0.09039   4.00000  6
  -0.70530   1.30138  -0.46330  -0.23244   4.00000  7
   0.09492  -0.31265  -0.53663  -0.20956   4.00000  8
   0.41020   0.37027  -0.59315   0.86607   4.00000  9
   0.42955   0.29973   0.30051  -1.17214   4.00000 10
  -0.04504  -0.01818   1.49647  -0.37566   4.00000 11
   0.17139  -0.20730   0.53929  -0.10520   4.00000 12
  -0.12227  -0.56941   0.31647   0.83153   4.00000 13
   0.05859  -0.92167  -0.78121  -0.24618   4.00000 14
  -0.10580  -0.37305  -0.62758  -0.43877   4.00000 15
   0.24155  -0.07524  -0.24751   0.30020   4.00000 16
   0.42172   0.49403   0.00560   0.62549   4.00000 17
   0.25610  -0.04199  -0.32019   0.27033   4.00000 18
   0.33376   0.58374   0.47560   0.33763   4.00000 19
   1.27821   0.34804   0.08750  -0.17708   4.00000 20
   0.00819   0.37623  -0.27558   0.16979   4.10000  1
  -0.00291   0.81454   0.71214  -0.54057   4.10000  2
   0.49989   0.72642   0.09684   0.68703   4.10000  3
  -0.16729  -0.34130   0.32724  -0.33504   4.10000  4
  -0.14770  -0.39729  -0.25349  -0.70951   4.10000  5
   0.36407  -1.33294   0.13729   0.13244   4.10000  6
  -0.75080   1.27737  -0.44691  -0.24750   4.10000  7
   0.03690  -0.32787  -0.62270  -0.10638   4.10000  8
   0.34890   0.45750  -0.62028   0.88189   4.10000  9
   0.45304   0.18578   0.16420  -1.12012   4.10000 10
   0.11144  -0.06111   1.62962  -0.47382   4.10000 11
   0.21893  -0.21280   0.40271   0.00532   4.10000 12
  -0.08797  -0.47432   0.35549   1.07702   4.10000 13
  -0.01968  -0.94135  -0.78157  -0.14711   4.10000 14
  -0.16327  -0.41117  -0.50358  -0.32764   4.10000 15
   0.21108  -0.04590  -0.35772   0.28258   4.10000 16
   0.41776   0.55304  -0.08627   0.56119   4.10000 17
   0.21798  -0.01779  -0.43660   0.20843   4.10000 18
   0.38402   0.60938   0.51819   0.18031   4.10000 19
   1.28462   0.33026   0.04097  -0.17829   4.10000 20
  -0.01301   0.39039  -0.14914   0.11656   4.20000  1
   0.07254   0.75505   0.80178  -0.65293   4.20000  2
   0.50347   0.78610  -0.02355   0.50731   4.20000  3
  -0.12574  -0.37811   0.49119  -0.38569   4.20000  4
  -0.16531  -0.46222  -0.09877  -0.56608   4.20000  5
   0.37674  -1.31772   0.11623   0.17152   4.20000  6
  -0.79473   1.25195  -0.43181  -0.26064   4.20000  7
  -0.02954  -0.33683  -0.70336  -0.08566   4.20000  8
   0.28861   0.54681  -0.57582   0.90049   4.20000  9
   0.46138   0.07348  -0.00302  -1.13333   4.20000 10
   0.27544  -0.10880   1.59879  -0.46268   4.20000 11
   0.25126  -0.20484   0.24882   0.15710   4.20000 12
  -0.05417  -0.35753   0.31851   1.22060   4.20000 13
  -0.09731  -0.95108  -0.76946  -0.04741   4.20000 14
  -0.20275  -0.43821  -0.27623  -0.21173   4.20000 15
   0.17305  -0.02069  -0.37715   0.21259   4.20000 16
   0.40483   0.60717  -0.16697   0.52284   4.20000 17
   0.17203  -0.00229  -0.45650   0.09588   4.20000 18
   0.43394   0.62166   0.46028   0.08003   4.20000 19
   1.28646   0.31240  -0.00381  -0.17876   4.20000 20
  -0.02181   0.40002  -0.02761   0.07725   4.30000  1
   0.15875   0.68328   0.92899  -0.78130   4.30000  2
   0.49549   0.82803  -0.13498   0.33184   4.30000  3
  -0.07317  -0.41354   0.53408  -0.30627   4.30000  4
  -0.16879  -0.50865   0.02189  -0.36194   4.30000  5
   0.38733  -1.29870   0.09556   0.20869   4.30000  6
  -0.83719   1.22528  -0.41758  -0.27243   4.30000  7
  -0.10048  -0.34553  -0.69233  -0.09062   4.30000  8
   0.23435   0.63666  -0.51064   0.89072   4.30000  9
   0.45148  -0.04206  -0.19588  -1.18200   4.30000 10
   0.42646  -0.15227   1.41753  -0.39857   4.30000 11
   0.27087  -0.18216   0.15203   0.28818   4.30000 12
  -0.02298  -0.23717   0.31595   1.17290   4.30000 13
  -0.17327  -0.95081  -0.74799   0.05307   4.30000 14
  -0.21834  -0.45431  -0.03912  -0.11577   4.30000 15
   0.13738  -0.00368  -0.33810   0.12667   4.30000 16
   0.38534   0.65748  -0.22107   0.48211   4.30000 17
   0.12878   0.00187  -0.40793  -0.01015   4.30000 18
   0.47310   0.62844   0.31467   0.06692   4.30000 19
   1.28389   0.29450  -0.04746  -0.17929   4.30000 20
  -0.01871   0.40583   0.08827   0.03751   4.40000  1
   0.25745   0.60236   1.02863  -0.81100   4.40000  2
   0.47667   0.85246  -0.24017   0.15648   4.40000  3
  -0.02301  -0.43860   0.45975  -0.19702   4.40000  4
  -0.16224  -0.53498   0.10350  -0.16683   4.40000  5
   0.39588  -1.27599   0.07569   0.24544   4.40000  6
  -0.87826   1.19749  -0.40379  -0.28324   4.40000  7
  -0.16477  -0.35629  -0.58514  -0.13031   4.40000  8
   0.18782   0.72180  -0.40685   0.79547   4.40000  9
   0.42360  -0.16230  -0.35271  -1.20656   4.40000 10
   0.55835  -0.18782   1.21811  -0.31915   4.40000 11
   0.28230  -0.14886   0.07627   0.36825   4.40000 12
   0.01183  -0.12147   0.39331   1.15345   4.40000 13
  -0.24656  -0.94045  -0.71585   0.15385   4.40000 14
  -0.21169  -0.46208   0.16506  -0.04125   4.40000 15
   0.10464   0.00406  -0.32054   0.02457   4.40000 16
   0.36055   0.70299  -0.27236   0.42198   4.40000 17
   0.09013  -0.00419  -0.36684  -0.11082   4.40000 18
   0.49621   0.63621   0.14653   0.08961   4.40000 19
   1.27698   0.27652  -0.09087  -0.18042   4.40000 20
  -0.00450   0.40707   0.19390  -0.01526   4.50000  1
   0.36138   0.52393   1.03780  -0.75428   4.50000  2
   0.44778   0.85931  -0.33581  -0.01884   4.50000  3
   0.01826  -0.45343   0.36571  -0.10108   4.50000  4
  -0.14900  -0.54245   0.15793   0.01541   4.50000  5
   0.40249  -1.24957   0.05653   0.28335   4.50000  6
  -0.91795   1.16866  -0.39014  -0.29323   4.50000  7
  -0.21638  -0.37231  -0.44068  -0.19120   4.50000  8
   0.15394   0.79518  -0.27284   0.67525   4.50000  9
   0.38179  -0.27940  -0.48033  -1.12404   4.50000 10
   0.67130  -0.21774   1.05186  -0.28257   4.50000 11
   0.28525  -0.11073  -0.02552   0.38669   4.50000 12
   0.05705  -0.00533   0.50419   1.15696   4.50000 13
  -0.31603  -0.92014  -0.67153   0.25150   4.50000 14
  -0.18710  -0.46277   0.31649   0.02596   4.50000 15
   0.07284   0.00094  -0.31283  -0.08135   4.50000 16
   0.33249   0.74079  -0.27890   0.33477   4.50000 17
   0.05547  -0.01965  -0.32011  -0.18578   4.50000 18
   0.50242   0.64594  -0.02058   0.10031   4.50000 19
   1.26569   0.25839  -0.13517  -0.18258   4.50000 20
   0.01966   0.40226   0.28777  -0.08339   4.60000  1
   0.46292   0.45137   0.98371  -0.69987   4.60000  2
   0.40981   0.84902  -0.42245  -0.18422   4.60000  3
   0.05032  -0.45899   0.27693  -0.01080   4.60000  4
  -0.13103  -0.53223   0.20091   0.18733   4.60000  5
   0.40720  -1.21923   0.03760   0.32393   4.60000  6
  -0.95628   1.13887  -0.37651  -0.30242   4.60000  7
  -0.25157  -0.39414  -0.25768  -0.24094   4.60000  8
   0.13286   0.85719  -0.15017   0.56510   4.60000  9
   0.32805  -0.38674  -0.59445  -1.02589   4.60000 10
   0.77059  -0.24455   0.94117  -0.25381   4.60000 11
   0.27590  -0.07176  -0.16427   0.39502   4.60000 12
   0.10883   0.10495   0.51762   1.03824   4.60000 13
  -0.38049  -0.89039  -0.61605   0.34219   4.60000 14
  -0.15034  -0.45746   0.41088   0.07642   4.60000 15
   0.04399  -0.00951  -0.25580  -0.11880   4.60000 16
   0.30594   0.77079  -0.24932   0.26913   4.60000 17
   0.02802  -0.03802  -0.22482  -0.17513   4.60000 18
   0.49293   0.65530  -0.16342   0.08409   4.60000 19
   1.24987   0.23996  -0.18165  -0.18620   4.60000 20
   0.05289   0.38994   0.37698  -0.16474   4.70000  1
   0.55672   0.38305   0.88808  -0.67130   4.70000  2
   0.36344   0.82326  -0.50371  -0.32555   4.70000  3
   0.07391  -0.45582   0.19553   0.07169   4.70000  4
  -0.10862  -0.50546   0.24986   0.34435   4.70000  5
   0.40999  -1.18464   0.01799   0.36866   4.70000  6
  -0.99326   1.10820  -0.36295  -0.31085   4.70000  7
  -0.26728  -0.41946  -0.05526  -0.26018   4.70000  8
   0.12368   0.90801  -0.03465   0.44934   4.70000  9
   0.26231  -0.48512  -0.72472  -0.94142   4.70000 10
   0.86064  -0.26847   0.86399  -0.22428   4.70000 11
   0.25240  -0.03134  -0.30404   0.41408   4.70000 12
   0.15983   0.20350   0.50153   0.94320   4.70000 13
  -0.43895  -0.85200  -0.55193   0.42415   4.70000 14
  -0.10588  -0.44811   0.47572   0.10882   4.70000 15
   0.02216  -0.02284  -0.18069  -0.15108   4.70000 16
   0.28298   0.79501  -0.20890   0.21483   4.70000 17
   0.01037  -0.05488  -0.13033  -0.16487   4.70000 18
   0.47063   0.66277  -0.28086   0.06687   4.70000 19
   1.22924   0.22108  -0.23166  -0.19173   4.70000 20
   0.09531   0.36915   0.47320  -0.24967   4.80000  1
   0.64026   0.31641   0.78367  -0.66364   4.80000  2
   0.30968   0.78541  -0.56534  -0.42242   4.80000  3
   0.08910  -0.44559   0.10246   0.12773   4.80000  4
  -0.08031  -0.46452   0.32082   0.46619   4.80000  5
   0.41072  -1.14532  -0.00388   0.41875   4.80000  6
  -1.02888   1.07673  -0.34957  -0.31855   4.80000  7
  -0.26263  -0.44511   0.14725  -0.24766   4.80000  8
   0.12561   0.94652   0.07109   0.31764   4.80000  9
   0.18248  -0.57398  -0.87052  -0.82606   4.80000 10
   0.94403  -0.28933   0.80621  -0.19245   4.80000 11
   0.21566   0.01082  -0.42731   0.42586   4.80000 12
   0.20877   0.29548   0.47371   0.90306   4.80000 13
  -0.49064  -0.80585  -0.48063   0.49719   4.80000 14
  -0.05551  -0.43580   0.52985   0.13781   4.80000 15
   0.00781  -0.04035  -0.10632  -0.20120   4.80000 16
   0.26413   0.81305  -0.17007   0.13977   4.80000 17
   0.00156  -0.07154  -0.04778  -0.17072   4.80000 18
   0.43666   0.66898  -0.40039   0.05804   4.80000 19
   1.20338   0.20153  -0.28647  -0.19966   4.80000 20
   0.14770   0.34110   0.57155  -0.30204   4.90000  1
   0.71393   0.25012   0.69326  -0.66256   4.90000  2
   0.25223   0.74050  -0.57240  -0.46966   4.90000  3
   0.09270  -0.43074  -0.03797   0.17163   4.90000  4
  -0.04376  -0.41431   0.41118   0.52752   4.90000  5
   0.40906  -1.10071  -0.03022   0.47433   4.90000  6
  -1.06318   1.04451  -0.33646  -0.32564   4.90000  7
  -0.23814  -0.46798   0.34047  -0.20490   4.90000  8
   0.13730   0.97089   0.15897   0.16671   4.90000  9
   0.08971  -0.64825  -0.97242  -0.65206   4.90000 10
   1.02223  -0.30686   0.75898  -0.15756   4.90000 11
   0.16782   0.05292  -0.52365   0.41081   4.90000 12
   0.25377   0.38470   0.42417   0.88115   4.90000 13
  -0.53483  -0.75289  -0.40203   0.56032   4.90000 14
  -0.00066  -0.42031   0.56027   0.17413   4.90000 15
   0.00090  -0.06337  -0.03221  -0.26033   4.90000 16
   0.24819   0.82156  -0.15321   0.02449   4.90000 17
   0.00044  -0.08947   0.02334  -0.19025   4.90000 18
   0.39005   0.67421  -0.53421   0.04434   4.90000 19
   1.17174   0.18106  -0.34742  -0.21041   4.90000 20
   0.20782   0.31043   0.61785  -0.30640   5.00000  1
   0.77976   0.18382   0.62799  -0.66383   5.00000  2
   0.19748   0.69196  -0.51171  -0.50102   5.00000  3
   0.08101  -0.41010  -0.19153   0.24895   5.00000  4
   0.00158  -0.36051   0.49125   0.54441   5.00000  5
   0.40448  -1.05032  -0.06228   0.53386   5.00000  6
  -1.09618   1.01162  -0.32364  -0.33227   5.00000  7
  -0.19498  -0.48531   0.52047  -0.13866   5.00000  8
   0.15662   0.97933   0.22351  -0.00017   5.00000  9
  -0.00944  -0.70402  -1.00017  -0.46582   5.00000 10
   1.09596  -0.32074   0.71585  -0.11964   5.00000 11
   0.11260   0.09189  -0.56970   0.36341   5.00000 12
   0.29364   0.47206   0.37288   0.87265   5.00000 13
  -0.57083  -0.69420  -0.31699   0.61118   5.00000 14
   0.05457  -0.40009   0.53204   0.23674   5.00000 15
   0.00121  -0.09265   0.03728  -0.32719   5.00000 16
   0.23287   0.81720  -0.15439  -0.11391   5.00000 17
   0.00576  -0.11021   0.08082  -0.22881   5.00000 18
   0.32962   0.67718  -0.67308   0.01078   5.00000 19
   1.13363   0.15935  -0.41646  -0.22425   5.00000 20
   0.26870   0.28027   0.58954  -0.29589   5.10000  1
   0.84048   0.11732   0.59112  -0.66601   5.10000  2
   0.15194   0.64058  -0.39062  -0.52153   5.10000  3
   0.05690  -0.37944  -0.27235   0.37034   5.10000  4
   0.05286  -0.30570   0.52147   0.55241   5.10000  5
   0.39645  -0.99384  -0.09896   0.59642   5.10000  6
  -1.12791   0.97807  -0.31102  -0.33860   5.10000  7
  -0.13473  -0.49511   0.67918  -0.05314   5.10000  8
   0.18118   0.97041   0.26357  -0.18053   5.10000  9
  -0.10886  -0.74213  -0.98249  -0.30008   5.10000 10
   1.16538  -0.33072   0.67207  -0.07993   5.10000 11
   0.05622   0.12465  -0.54742   0.28807   5.10000 12
   0.32718   0.56078   0.28594   0.90550   5.10000 13
  -0.59811  -0.63110  -0.22849   0.64867   5.10000 14
   0.10299  -0.37159   0.42293   0.33959   5.10000 15
   0.00820  -0.12950   0.10289  -0.41461   5.10000 16
   0.21737   0.79845  -0.15438  -0.26263   5.10000 17
   0.01624  -0.13638   0.12807  -0.30177   5.10000 18
   0.25665   0.67560  -0.77392  -0.04405   5.10000 19
   1.08806   0.13607  -0.49714  -0.24223   5.10000 20
   0.32440   0.25116   0.52061  -0.28820   5.20000  1
   0.89890   0.05086   0.58072  -0.66018   5.20000  2
   0.11997   0.58932  -0.25167  -0.49534   5.20000  3
   0.03017  -0.33540  -0.24608   0.51125   5.20000  4
   0.10253  -0.24983   0.45389   0.56267   5.20000  5
   0.38459  -0.93088  -0.13863   0.66392   5.20000  6
  -1.15839   0.94390  -0.29853  -0.34478   5.20000  7
  -0.06057  -0.49440   0.79604   0.07814   5.20000  8
   0.20847   0.94278   0.27798  -0.37392   5.20000  9
  -0.20493  -0.76494  -0.93576  -0.16172   5.20000 10
   1.23026  -0.33674   0.62493  -0.04079   5.20000 11
   0.00461   0.14916  -0.47998   0.20250   5.20000 12
   0.34830   0.65227   0.12842   0.91535   5.20000 13
  -0.61650  -0.56487  -0.13935   0.67412   5.20000 14
   0.13722  -0.33112   0.25569   0.47333   5.20000 15
   0.02231  -0.17655   0.18401  -0.52891   5.20000 16
   0.20226   0.76450  -0.14685  -0.41485   5.20000 17
   0.03166  -0.17204   0.18392  -0.41689   5.20000 18
   0.17824   0.66895  -0.77690  -0.08471   5.20000 19
   1.03368   0.11057  -0.59245  -0.27099   5.20000 20
   0.37242   0.22210   0.43862  -0.29610   5.30000  1
   0.95658  -0.01371   0.56641  -0.62599   5.30000  2
   0.10022   0.54264  -0.15124  -0.43595   5.30000  3
   0.01082  -0.27747  -0.12275   0.63855   5.30000  4
   0.14065  -0.19522   0.30136   0.51208   5.30000  5
   0.36863  -0.86074  -0.18123   0.74112   5.30000  6
  -1.18762   0.90912  -0.28604  -0.35094   5.30000  7
   0.02280  -0.47716   0.86295   0.27680   5.30000  8
   0.23603   0.89529   0.27060  -0.57692   5.30000  9
  -0.29582  -0.77559  -0.88247  -0.05593   5.30000 10
   1.29023  -0.33898   0.57394  -0.00460   5.30000 11
  -0.03910   0.16551  -0.39170   0.12684   5.30000 12
   0.35241   0.74215  -0.04502   0.87501   5.30000 13
  -0.62602  -0.49661  -0.05122   0.68956   5.30000 14
   0.15325  -0.27682   0.06118   0.60693   5.30000 15
   0.04588  -0.23444   0.28691  -0.61313   5.30000 16
   0.18806   0.71665  -0.13878  -0.53207   5.30000 17
   0.05379  -0.21974   0.25928  -0.52699   5.30000 18
   0.10421   0.65883  -0.69173  -0.12075   5.30000 19
   0.96978   0.08089  -0.67906  -0.32751   5.30000 20
   0.41196   0.19130   0.35119  -0.32277   5.40000  1
   1.01022  -0.07397   0.49968  -0.58176   5.40000  2
   0.08837   0.50203  -0.09065  -0.37852   5.40000  3
   0.00907  -0.21212   0.09582   0.64372   5.40000  4
   0.16310  -0.15055   0.15355   0.37429   5.40000  5
   0.34820  -0.78208  -0.22835   0.83593   5.40000  6
  -1.21559   0.87371  -0.27345  -0.35716   5.40000  7
   0.11032  -0.43743   0.87692   0.52374   5.40000  8
   0.26245   0.82772   0.25697  -0.76556   5.40000  9
  -0.38164  -0.77683  -0.83493   0.02841   5.40000 10
   1.34495  -0.33781   0.51997   0.02735   5.40000 11
  -0.07330   0.17502  -0.29002   0.06553   5.40000 12
   0.33990   0.82596  -0.20008   0.79155   5.40000 13
  -0.62683  -0.42722   0.03433   0.69713   5.40000 14
   0.14963  -0.21301  -0.12233   0.64532   5.40000 15
   0.07851  -0.29371   0.35887  -0.54551   5.40000 16
   0.17373   0.66012  -0.15205  -0.59230   5.40000 17
   0.08279  -0.27304   0.31587  -0.51288   5.40000 18
   0.04164   0.64377  -0.55454  -0.18577   5.40000 19
   0.89972   0.04481  -0.71675  -0.39074   5.40000 20
   0.44243   0.15698   0.25676  -0.36627   5.50000  1
   1.05623  -0.13088   0.42209  -0.55952   5.50000  2
   0.08147   0.46635  -0.04906  -0.33833   5.50000  3
   0.02971  -0.15101   0.31285   0.57850   5.50000  4
   0.17247  -0.12022   0.03783   0.23737   5.50000  5
   0.32275  -0.69255  -0.28172   0.96085   5.50000  6
  -1.24230   0.83768  -0.26066  -0.36349   5.50000  7
   0.19523  -0.37231   0.80266   0.76820   5.50000  8
   0.28617   0.74542   0.20672  -0.86874   5.50000  9
  -0.46295  -0.77036  -0.79197   0.09902   5.50000 10
   1.39415  -0.33367   0.46388   0.05461   5.50000 11
  -0.09662   0.17896  -0.17356   0.01455   5.50000 12
   0.31441   0.89776  -0.29675   0.63710   5.50000 13
  -0.61929  -0.35734   0.11596   0.70010   5.50000 14
   0.13280  -0.15148  -0.19382   0.57849   5.50000 15
   0.11699  -0.34069   0.41164  -0.38761   5.50000 16
   0.15703   0.59848  -0.18360  -0.64249   5.50000 17
   0.11650  -0.31891   0.36033  -0.39678   5.50000 18
  -0.00626   0.62073  -0.40314  -0.27908   5.50000 19
   0.82629   0.00373  -0.75641  -0.42646   5.50000 20
   0.46293   0.11753   0.15102  -0.42573   5.60000  1
   1.09515  -0.18629   0.35912  -0.54970   5.60000  2
   0.07840   0.43364  -0.01263  -0.32003   5.60000  3
   0.07075  -0.09574   0.50178   0.52958   5.60000  4
   0.17147  -0.10159  -0.05203   0.14444   5.60000  5
   0.29161  -0.58831  -0.34255   1.13389   5.60000  6
  -1.26772   0.80101  -0.24761  -0.36993   5.60000  7
   0.26768  -0.28805   0.63950   0.89595   5.60000  8
   0.30213   0.65423   0.10776  -0.95825   5.60000  9
  -0.54012  -0.75739  -0.75169   0.15857   5.60000 10
   1.43767  -0.32706   0.40613   0.07677   5.60000 11
  -0.10735   0.17818  -0.03742  -0.02890   5.60000 12
   0.28249   0.95391  -0.33633   0.49195   5.60000 13
  -0.60375  -0.28721   0.19456   0.70281   5.60000 14
   0.11412  -0.09715  -0.16637   0.51148   5.60000 15
   0.16111  -0.37011   0.46959  -0.19802   5.60000 16
   0.13692   0.53088  -0.21841  -0.71412   5.60000 17
   0.15564  -0.35121   0.42420  -0.24474   5.60000 18
  -0.03907   0.58722  -0.25346  -0.39488   5.60000 19
   0.74711  -0.03979  -0.83516  -0.44114   5.60000 20
   0.47197   0.07115   0.02500  -0.50585   5.70000  1
   1.12854  -0.24086   0.31084  -0.54155   5.70000  2
   0.07895   0.40131   0.02358  -0.33362   5.70000  3
   0.12799  -0.04504   0.62726   0.48187   5.70000  4
   0.16382  -0.08902  -0.08800   0.12076   5.70000  5
   0.25393  -0.46336  -0.41096   1.37767   5.70000  6
  -1.29182   0.76369  -0.23430  -0.37649   5.70000  7
   0.32312  -0.19553   0.47149   0.95049   5.70000  8
   0.30706   0.55297  -0.01203  -1.07128   5.70000  9
  -0.61337  -0.73897  -0.71375   0.20837   5.70000 10
   1.47534  -0.31851   0.34729   0.09315   5.70000 11
  -0.10325   0.17347   0.12443  -0.06364   5.70000 12
   0.24773   0.99731  -0.35699   0.38070   5.70000 13
  -0.58035  -0.21665   0.27393   0.70921   5.70000 14
   0.10212  -0.04846  -0.06079   0.46580   5.70000 15
   0.21034  -0.38074   0.51175  -0.01904   5.70000 16
   0.11350   0.45468  -0.24824  -0.81425   5.70000 17
   0.20116  -0.36778   0.48452  -0.08925   5.70000 18
  -0.05699   0.54100  -0.10482  -0.53376   5.70000 19
   0.65740  -0.08396  -0.97019  -0.43930   5.70000 20
   0.46645   0.01540  -0.14696  -0.61367   5.80000  1
   1.15771  -0.29445   0.27411  -0.52927   5.80000  2
   0.08296   0.36488   0.05496  -0.40909   5.80000  3
   0.19285  -0.00001   0.65603   0.41632   5.80000  4
   0.15704  -0.07475  -0.03206   0.17510   5.80000  5
   0.21181  -0.31315  -0.40360   1.60205   5.80000  6
  -1.31457   0.72571  -0.22076  -0.38311   5.80000  7
   0.36260  -0.09814   0.32203   0.99602   5.80000  8
   0.29907   0.43895  -0.15160  -1.21553   5.80000  9
  -0.68296  -0.71600  -0.67845   0.24974   5.80000 10
   1.50712  -0.30864   0.28847   0.10308   5.80000 11
  -0.08136   0.16585   0.31986  -0.08635   5.80000 12
   0.21136   1.03080  -0.36938   0.29219   5.80000 13
  -0.54872  -0.14516   0.36048   0.72169   5.80000 14
   0.10391  -0.00339   0.10186   0.43808   5.80000 15
   0.26187  -0.37311   0.50533   0.18850   5.80000 16
   0.08801   0.36734  -0.25527  -0.93488   5.80000 17
   0.25141  -0.36817   0.50789   0.10015   5.80000 18
  -0.05982   0.47945   0.05011  -0.70320   5.80000 19
   0.55046  -0.12672  -1.18306  -0.40780   5.80000 20
   0.43934  -0.05090  -0.41166  -0.69268   5.90000  1
   1.18365  -0.34651   0.24609  -0.51071   5.90000  2
   0.08959   0.31599   0.07704  -0.58820   5.90000  3
   0.25712   0.03775   0.61820   0.33561   5.90000  4
   0.15974  -0.05274   0.09303   0.26939   5.90000  5
   0.17684  -0.14440  -0.28868   1.78641   5.90000  6
  -1.33596   0.68707  -0.20705  -0.38972   5.90000  7
   0.38724   0.00163   0.15470   0.97685   5.90000  8
   0.27585   0.30813  -0.31760  -1.41286   5.90000  9
  -0.74915  -0.68926  -0.64596   0.28408   5.90000 10
   1.53309  -0.29811   0.23123   0.10644   5.90000 11
  -0.03764   0.15666   0.56476  -0.09555   5.90000 12
   0.17403   1.05623  -0.37638   0.21850   5.90000 13
  -0.50772  -0.07209   0.46318   0.74061   5.90000 14
   0.12270   0.03958   0.27173   0.42288   5.90000 15
   0.31030  -0.34092   0.46443   0.45911   5.90000 16
   0.06434   0.26723  -0.20536  -1.07124   5.90000 17
   0.30137  -0.34490   0.49142   0.37131   5.90000 18
  -0.04637   0.39886   0.22338  -0.91794   5.90000 19
   0.41883  -0.16262  -1.44650  -0.29229   5.90000 20
   0.38267  -0.11773  -0.71855  -0.62300   6.00000  1
   1.20712  -0.39639   0.22412  -0.48613   6.00000  2
   0.09881   0.24308   0.11393  -0.89203   6.00000  3
   0.31217   0.06696   0.44847   0.25421   6.00000  4
   0.17576  -0.01854   0.21914   0.43739   6.00000  5
   0.15495   0.04458  -0.15317   1.97281   6.00000  6
  -1.35598   0.64777  -0.19326  -0.39620   6.00000  7
   0.38797   0.09398  -0.16608   0.86335   6.00000  8
   0.23498   0.15336  -0.49882  -1.69175   6.00000  9
  -0.81223  -0.65938  -0.61590   0.31269   6.00000 10
   1.55347  -0.28755   0.17704   0.10398   6.00000 11
   0.03387   0.14640   0.87441  -0.12058   6.00000 12
   0.13623   1.07483  -0.37908   0.15470   6.00000 13
  -0.45514   0.00307   0.59443   0.76250   6.00000 14
   0.15687   0.08135   0.39677   0.41263   6.00000 15
   0.35401  -0.28011   0.39464   0.76211   6.00000 16
   0.05069   0.15240  -0.03680  -1.21976   6.00000 17
   0.34887  -0.29239   0.44347   0.68627   6.00000 18
  -0.01371   0.29358   0.44154  -1.20118   6.00000 19
   0.26580  -0.18260  -1.56631  -0.09197   6.00000 20
   0.29941  -0.17211  -0.91242  -0.43670   6.10000  1
   1.22861  -0.44358   0.20622  -0.45684   6.10000  2
   0.11559   0.13554   0.24600  -1.22821   6.10000  3
   0.34020   0.08901   0.09415   0.18271   6.10000  4
   0.19990   0.03658   0.23376   0.64136   6.10000  5
   0.14264   0.23687  -0.10570   1.76084   6.10000  6
  -1.37462   0.60784  -0.17963  -0.40237   6.10000  7
   0.35145   0.17092  -0.56080   0.65256   6.10000  8
   0.17839  -0.02022  -0.59369  -1.68390   6.10000  9
  -0.87238  -0.62687  -0.58736   0.33673   6.10000 10
   1.56863  -0.27747   0.12683   0.09705   6.10000 11
   0.13589   0.12839   1.13026  -0.25714   6.10000 12
   0.09834   1.08737  -0.37810   0.09678   6.10000 13
  -0.38742   0.08001   0.76756   0.77149   6.10000 14
   0.19656   0.12001   0.36474   0.32959   6.10000 15
   0.38501  -0.18905   0.20162   1.04863   6.10000 16
   0.06454   0.03034   0.32846  -1.17518   6.10000 17
   0.38575  -0.20759   0.26943   1.00282   6.10000 18
   0.04609   0.15691   0.78072  -1.51805   6.10000 19
   0.11463  -0.17622  -1.43207   0.23783   6.10000 20
   0.20445  -0.19780  -0.98445  -0.05570   6.20000  1
   1.24847  -0.48766   0.19137  -0.42457   6.20000  2
   0.15091   0.00650   0.45703  -1.31569   6.20000  3
   0.32961   0.10238  -0.30334   0.07266   6.20000  4
   0.21905   0.10121   0.16728   0.60056   6.20000  5
   0.13648   0.39051  -0.01451   1.34023   6.20000  6
  -1.39192   0.56731  -0.16636  -0.40815   6.20000  7
   0.27892   0.21978  -0.85499   0.29890   6.20000  8
   0.12281  -0.17409  -0.50115  -1.36964   6.20000  9
  -0.92973  -0.59216  -0.55963   0.35692   6.20000 10
   1.57898  -0.26824   0.08089   0.08713   6.20000 11
   0.25077   0.09258   1.12868  -0.44997   6.20000 12
   0.06071   1.09424  -0.37395   0.04052   6.20000 13
  -0.30045   0.15589   0.97492   0.73709   6.20000 14
   0.22882   0.14093   0.30054   0.06726   6.20000 15
   0.39005  -0.07335  -0.11677   1.25406   6.20000 16
   0.11415  -0.07931   0.63638  -1.01135   6.20000 17
   0.39806  -0.09439  -0.04128   1.24998   6.20000 18
   0.14257  -0.00269   1.11647  -1.63012   6.20000 19
  -0.01552  -0.13492  -1.13713   0.55987   6.20000 20
   0.10648  -0.18364  -0.92090   0.30349   6.30000  1
   1.26695  -0.52846   0.17832  -0.39124   6.30000  2
   0.20369  -0.12221   0.57221  -1.23339   6.30000  3
   0.28509   0.10066  -0.53258  -0.10702   6.30000  4
   0.23924   0.14995   0.24474   0.36431   6.30000  5
   0.13836   0.50966   0.04346   1.05912   6.30000  6
  -1.40790   0.52622  -0.15346  -0.41363   6.30000  7
   0.19112   0.22878  -0.85010  -0.10660   6.30000  8
   0.08086  -0.29126  -0.33371  -0.97736   6.30000  9
  -0.98435  -0.55560  -0.53314   0.37383   6.30000 10
   1.58494  -0.26010   0.03895   0.07532   6.30000 11
   0.35472   0.04242   0.92069  -0.52864   6.30000 12
   0.02364   1.09540  -0.36693  -0.01788   6.30000 13
  -0.19218   0.22573   1.19105   0.65228   6.30000 14
   0.25969   0.13333   0.31867  -0.20707   6.30000 15
   0.35916   0.05844  -0.49531   1.34693   6.30000 16
   0.18616  -0.16972   0.77118  -0.78433   6.30000 17
   0.37426   0.03945  -0.43767   1.39607   6.30000 18
   0.25789  -0.15958   1.12512  -1.46091   6.30000 19
  -0.11063  -0.07278  -0.78059   0.65673   6.30000 20
   0.02620  -0.14547  -0.69021   0.44377   6.40000  1
   1.28413  -0.56592   0.16500  -0.35808   6.40000  2
   0.26041  -0.23641   0.55477  -1.04635   6.40000  3
   0.23245   0.08682  -0.49803  -0.13128   6.40000  4
   0.26615   0.17332   0.27487   0.11295   6.40000  5
   0.14385   0.60471   0.06208   0.85018   6.40000  6
  -1.42261   0.48458  -0.14069  -0.41913   6.40000  7
   0.11523   0.20314  -0.65463  -0.37652   6.40000  8
   0.05539  -0.37279  -0.18070  -0.67271   6.40000  9
  -1.03643  -0.51747  -0.50874   0.38838   6.40000 10
   1.58688  -0.25322   0.00023   0.06219   6.40000 11
   0.42937  -0.00603   0.57165  -0.43442   6.40000 12
  -0.01254   1.09049  -0.35603  -0.08135   6.40000 13
  -0.06201   0.28491   1.41475   0.52302   6.40000 14
   0.29092   0.10472   0.28136  -0.31795   6.40000 15
   0.29623   0.18736  -0.73570   1.19616   6.40000 16
   0.26338  -0.23562   0.76288  -0.54705   6.40000 17
   0.31446   0.17616  -0.73478   1.29917   6.40000 18
   0.36030  -0.29121   0.91831  -1.17942   6.40000 19
  -0.17457  -0.00538  -0.50639   0.68844   6.40000 20
  -0.03331  -0.09517  -0.50522   0.56510   6.50000  1
   1.29988  -0.60009   0.14967  -0.32548   6.50000  2
   0.31506  -0.33179   0.54273  -0.86378   6.50000  3
   0.18609   0.07840  -0.43350  -0.03186   6.50000  4
   0.28831   0.17794   0.14204   0.00098   6.50000  5
   0.15027   0.68079   0.06493   0.67481   6.50000  6
  -1.43604   0.44238  -0.12773  -0.42498   6.50000  7
   0.06092   0.16007  -0.43016  -0.45731   6.50000  8
   0.04382  -0.42900  -0.05455  -0.46362   6.50000  9
  -1.08618  -0.47797  -0.48684   0.40162   6.50000 10
   1.58507  -0.24770  -0.03618   0.04798   6.50000 11
   0.47169  -0.04621   0.28818  -0.37694   6.50000 12
  -0.04735   1.07890  -0.33870  -0.15160   6.50000 13
   0.09066   0.32778   1.63044   0.32088   6.50000 14
   0.31093   0.07582   0.11143  -0.25539   6.50000 15
   0.21737   0.29411  -0.82622   0.94279   6.50000 16
   0.33761  -0.28265   0.71818  -0.40927   6.50000 17
   0.23269   0.29428  -0.88021   1.05996   6.50000 18
   0.44247  -0.39749   0.73211  -0.95459   6.50000 19
  -0.21278   0.06427  -0.26040   0.70073   6.50000 20
  -0.07524  -0.03192  -0.33283   0.70149   6.60000  1
   1.31396  -0.63103   0.13151  -0.29350   6.60000  2
   0.36969  -0.40976   0.55245  -0.69915   6.60000  3
   0.14510   0.08034  -0.38847   0.06583   6.60000  4
   0.29302   0.17499  -0.04271  -0.05744   6.60000  5
   0.15655   0.74023   0.05853   0.51699   6.60000  6
  -1.44814   0.39956  -0.11422  -0.43150   6.60000  7
   0.02827   0.11400  -0.23440  -0.46115   6.60000  8
   0.04384  -0.46733   0.05231  -0.30962   6.60000  9
  -1.13388  -0.43716  -0.46752   0.41446   6.60000 10
   1.57969  -0.24365  -0.07111   0.03288   6.60000 11
   0.48917  -0.08242   0.07027  -0.35035   6.60000 12
  -0.07998   1.05995  -0.31249  -0.22861   6.60000 13
   0.25789   0.34906   1.64403   0.11993   6.60000 14
   0.31374   0.05365  -0.04885  -0.18776   6.60000 15
   0.13401   0.37807  -0.81194   0.74357   6.60000 16
   0.40657  -0.31975   0.65974  -0.34012   6.60000 17
   0.14196   0.38942  -0.90210   0.84664   6.60000 18
   0.50798  -0.48347   0.58342  -0.77014   6.60000 19
  -0.22701   0.13391  -0.02562   0.68755   6.60000 20
  -0.09931   0.04488  -0.14466   0.82859   6.70000  1
   1.32608  -0.65881   0.11027  -0.26206   6.70000  2
   0.42586  -0.47232   0.57162  -0.55556   6.70000  3
   0.10774   0.09006  -0.36284   0.12057   6.70000  4
   0.28172   0.16646  -0.17445  -0.11650   6.70000  5
   0.16134   0.78481   0.03328   0.37779   6.70000  6
  -1.45885   0.35605  -0.09993  -0.43898   6.70000  7
   0.01166   0.06883  -0.10751  -0.43182   6.70000  8
   0.05383  -0.49193   0.14567  -0.18617   6.70000  9
  -1.17977  -0.39506  -0.45077   0.42767   6.70000 10
   1.57087  -0.24115  -0.10524   0.01706   6.70000 11
   0.48740  -0.11670  -0.09769  -0.33673   6.70000 12
  -0.10954   1.03297  -0.27717  -0.31215   6.70000 13
   0.41353   0.35341   1.46897  -0.02677   6.70000 14
   0.30252   0.03831  -0.16994  -0.11950   6.70000 15
   0.05633   0.44471  -0.74811   0.59876   6.70000 16
   0.46937  -0.35169   0.59533  -0.30226   6.70000 17
   0.05461   0.46520  -0.84734   0.67757   6.70000 18
   0.56002  -0.55230   0.46096  -0.60938   6.70000 19
  -0.21822   0.20095   0.19954   0.64986   6.70000 20
  -0.10397   0.13169   0.04770   0.89661   6.80000  1
   1.33591  -0.68346   0.08592  -0.23102   6.80000  2
   0.48406  -0.52157   0.59212  -0.43275   6.80000  3
   0.07197   0.10315  -0.35322   0.13715   6.80000  4
   0.25889   0.15090  -0.28216  -0.19708   6.80000  5
   0.16238   0.81638  -0.01619   0.25607   6.80000  6
  -1.46809   0.31172  -0.08470  -0.44786   6.80000  7
   0.00574   0.03060  -0.01102  -0.31874   6.80000  8
   0.07267  -0.50510   0.22975  -0.07898   6.80000  9
  -1.22412  -0.35159  -0.43658   0.44204   6.80000 10
   1.55865  -0.24026  -0.13920   0.00070   6.80000 11
   0.47115  -0.14994  -0.22003  -0.32832   6.80000 12
  -0.13515   0.99722  -0.23392  -0.40460   6.80000 13
   0.55257   0.34529   1.31777  -0.12833   6.80000 14
   0.28045   0.02960  -0.27000  -0.05520   6.80000 15
  -0.01669   0.49916  -0.71600   0.49419   6.80000 16
   0.52544  -0.38083   0.52495  -0.28374   6.80000 17
  -0.02784   0.52598  -0.80176   0.54058   6.80000 18
   0.60075  -0.60575   0.35594  -0.46088   6.80000 19
  -0.18757   0.26348   0.41063   0.60017   6.80000 20
  -0.09113   0.22280   0.20076   0.92147   6.90000  1
   1.34316  -0.70502   0.05844  -0.20011   6.90000  2
   0.54412  -0.55954   0.60782  -0.33008   6.90000  3
   0.03749   0.11730  -0.33133   0.14704   6.90000  4
   0.22506   0.12703  -0.39564  -0.27818   6.90000  5
   0.15744   0.83645  -0.08536   0.14691   6.90000  6
  -1.47576   0.26641  -0.06838  -0.45893   6.90000  7
   0.00986   0.00660   0.09539  -0.15882   6.90000  8
   0.09958  -0.50797   0.30769   0.02084   6.90000  9
  -1.26718  -0.30658  -0.42501   0.45854   6.90000 10
   1.54301  -0.24102  -0.17365  -0.01604   6.90000 11
   0.44466  -0.18230  -0.30464  -0.31799   6.90000 12
  -0.15611   0.95156  -0.18420  -0.51182   6.90000 13
   0.67831   0.32889   1.20277  -0.19521   6.90000 14
   0.24849   0.02726  -0.37034   0.00863   6.90000 15
  -0.08721   0.54390  -0.69360   0.40120   6.90000 16
   0.57423  -0.40913   0.45087  -0.28600   6.90000 17
  -0.10544   0.57353  -0.74695   0.41106   6.90000 18
   0.63165  -0.64459   0.26444  -0.31589   6.90000 19
  -0.13707   0.32111   0.59093   0.55338   6.90000 20
  -0.06572   0.31541   0.29721   0.92822   7.00000  1
   1.34750  -0.72347   0.02777  -0.16893   7.00000  2
   0.60522  -0.58825   0.61109  -0.24724   7.00000  3
   0.00722   0.13293  -0.26496   0.16626   7.00000  4
   0.17971   0.09610  -0.50998  -0.33460   7.00000  5
   0.14488   0.84591  -0.16761   0.04228   7.00000  6
  -1.48172   0.21982  -0.05065  -0.47344   7.00000  7
   0.02508  -0.00119   0.21013   0.00191   7.00000  8
   0.13408  -0.50098   0.38180   0.11923   7.00000  9
  -1.30921  -0.25976  -0.41623   0.47859   7.00000 10
   1.52388  -0.24347  -0.20929  -0.03298   7.00000 11
   0.41101  -0.21330  -0.36584  -0.30061   7.00000 12
  -0.17185   0.89406  -0.13033  -0.64307   7.00000 13
   0.79411   0.30689   1.11759  -0.24252   7.00000 14
   0.20598   0.03143  -0.48223   0.07497   7.00000 15
  -0.15462   0.57956  -0.64790   0.31483   7.00000 16
   0.61575  -0.43881   0.38102  -0.31156   7.00000 17
  -0.17619   0.60849  -0.66154   0.29179   7.00000 18
   0.65414  -0.66883   0.18841  -0.16799   7.00000 19
  -0.07205   0.37413   0.69156   0.50488   7.00000 20
  -0.03356   0.40782   0.33814   0.91586   7.10000  1
   1.34860  -0.73878  -0.00631  -0.13697   7.10000  2
   0.66552  -0.60954   0.58967  -0.18045   7.10000  3
  -0.01382   0.15016  -0.14962   0.17396   7.10000  4
   0.12381   0.06157  -0.60155  -0.34737   7.10000  5
   0.12365   0.84469  -0.25800  -0.06877   7.10000  6
  -1.48582   0.17153  -0.03087  -0.49351   7.10000  7
   0.05198   0.00673   0.32605   0.15490   7.10000  8
   0.17586  -0.48402   0.45331   0.22072   7.10000  9
  -1.35053  -0.21067  -0.41057   0.50440   7.10000 10
   1.50109  -0.24761  -0.24695  -0.04985   7.10000 11
   0.37181  -0.24220  -0.41722  -0.27674   7.10000 12
  -0.18223   0.82180  -0.07858  -0.80821   7.10000 13
   0.90257   0.28073   1.05467  -0.27951   7.10000 14
   0.15165   0.04201  -0.60502   0.13366   7.10000 15
  -0.21543   0.60800  -0.56258   0.26145   7.10000 16
   0.65087  -0.47218   0.32415  -0.35905   7.10000 17
  -0.23651   0.63305  -0.53942   0.20649   7.10000 18
   0.67015  -0.67803   0.13700  -0.01561   7.10000 19
  -0.00246   0.42162   0.68370   0.44461   7.10000 20
   0.00059   0.49772   0.33872   0.87877   7.20000  1
   1.34611  -0.75082  -0.04421  -0.10357   7.20000  2
   0.72188  -0.62450   0.53077  -0.11843   7.20000  3
  -0.02209   0.16658  -0.01621   0.14830   7.20000  4
   0.06179   0.02893  -0.62076  -0.29040   7.20000  5
   0.09316   0.83151  -0.35170  -0.19919   7.20000  6
  -1.48779   0.12082  -0.00794  -0.52265   7.20000  7
   0.08817   0.02902   0.37370   0.28204   7.20000  8
   0.22462  -0.45660   0.52079   0.32920   7.20000  9
  -1.39146  -0.15858  -0.40881   0.53951   7.20000 10
   1.47439  -0.25342  -0.28749  -0.06621   7.20000 11
   0.32767  -0.26862  -0.46482  -0.25249   7.20000 12
  -0.18822   0.73150  -0.04640  -0.99683   7.20000 13
   1.00559   0.25113   1.00808  -0.31203   7.20000 14
   0.08587   0.05728  -0.69777   0.16825   7.20000 15
  -0.26608   0.63325  -0.44458   0.24733   7.20000 16
   0.68121  -0.51119   0.28610  -0.42342   7.20000 17
  -0.28304   0.65103  -0.38593   0.15622   7.20000 18
   0.68275  -0.67204   0.12126   0.13387   7.20000 19
   0.06207   0.46368   0.59721   0.40173   7.20000 20
   0.03283   0.58310   0.29924   0.82616   7.30000  1
   1.33961  -0.75942  -0.08648  -0.06798   7.30000  2
   0.77043  -0.63300   0.43508  -0.05054   7.30000  3
  -0.01784   0.17871   0.09404   0.09023   7.30000  4
   0.00310   0.00640  -0.54416  -0.15125   7.30000  5
   0.05350   0.80379  -0.43940  -0.36133   7.30000  6
  -1.48726   0.06652   0.01954  -0.56618   7.30000  7
   0.12100   0.06074   0.26524   0.34288   7.30000  8
   0.27949  -0.41789   0.57098   0.44571   7.30000  9
  -1.43246  -0.10228  -0.41201   0.58920   7.30000 10
   1.44347  -0.26082  -0.33163  -0.08134   7.30000 11
   0.27931  -0.29299  -0.49690  -0.23645   7.30000 12
  -0.19243   0.62499  -0.03684  -1.10775   7.30000 13
   1.10457   0.21833   0.97321  -0.34428   7.30000 14
   0.01583   0.07560  -0.68627   0.20074   7.30000 15
  -0.30311   0.65690  -0.29230   0.21564   7.30000 16
   0.70879  -0.55704   0.26871  -0.49237   7.30000 17
  -0.31287   0.66392  -0.21005   0.09560   7.30000 18
   0.69560  -0.65180   0.14090   0.26658   7.30000 19
   0.11562   0.50294   0.46912   0.38674   7.30000 20
   0.05943   0.66222   0.22853   0.75236   7.40000  1
   1.32864  -0.76432  -0.13378  -0.02943   7.40000  2
   0.80818  -0.63459   0.31799   0.01733   7.40000  3
  -0.00529   0.18431   0.14530   0.02330   7.40000  4
  -0.04653  -0.00055  -0.44866   0.01351   7.40000  5
   0.00621   0.75815  -0.49812  -0.55377   7.40000  6
  -1.48382   0.00718   0.04772  -0.61858   7.40000  7
   0.14002   0.09666   0.11445   0.37422   7.40000  8
   0.33686  -0.36811   0.56521   0.54107   7.40000  9
  -1.47393  -0.04034  -0.41612   0.64777   7.40000 10
   1.40794  -0.26962  -0.37947  -0.09426   7.40000 11
   0.23018  -0.31559  -0.47478  -0.20877   7.40000 12
  -0.19419   0.51464   0.00916  -1.08736   7.40000 13
   1.20049   0.18217   0.94598  -0.37963   7.40000 14
  -0.04906   0.09795  -0.60286   0.24758   7.40000 15
  -0.32477   0.67455  -0.14417   0.13289   7.40000 16
   0.73552  -0.60851   0.26819  -0.52449   7.40000 17
  -0.32575   0.66933  -0.05287   0.01215   7.40000 18
   0.71180  -0.62017   0.18665   0.35405   7.40000 19
   0.15526   0.54130   0.32166   0.38007   7.40000 20
   0.07748   0.73197   0.12995   0.63041   7.50000  1
   1.31267  -0.76518  -0.18674   0.01284   7.50000  2
   0.83402  -0.63014   0.20095   0.06770   7.50000  3
   0.00910   0.18428   0.13406  -0.01750   7.50000  4
  -0.08680   0.00922  -0.35788   0.18260   7.50000  5
  -0.04403   0.69436  -0.49971  -0.70755   7.50000  6
  -1.47869  -0.05476   0.04919  -0.60369   7.50000  7
   0.14387   0.13555  -0.03824   0.40365   7.50000  8
   0.39126  -0.31169   0.52183   0.57966   7.50000  9
  -1.51471   0.02484  -0.39367   0.63892   7.50000 10
   1.36750  -0.27957  -0.42961  -0.10430   7.50000 11
   0.18548  -0.33316  -0.41939  -0.13710   7.50000 12
  -0.18950   0.40767   0.08902  -1.05785   7.50000 13
   1.29386   0.14222   0.92143  -0.42041   7.50000 14
  -0.10353   0.12510  -0.48321   0.29523   7.50000 15
  -0.33239   0.68317  -0.00902   0.03882   7.50000 16
   0.76287  -0.65846   0.28136  -0.45787   7.50000 17
  -0.32431   0.66674   0.07865  -0.06142   7.50000 18
   0.73330  -0.58404   0.24315   0.35494   7.50000 19
   0.17974   0.57859   0.16787   0.36290   7.50000 20
   0.08609   0.78690   0.04749   0.46685   7.60000  1
   1.29108  -0.76160  -0.24614   0.05953   7.60000  2
   0.84912  -0.62175   0.10598   0.09761   7.60000  3
   0.02024   0.18220   0.08323  -0.01704   7.60000  4
  -0.11829   0.03626  -0.27272   0.36070   7.60000  5
  -0.09387   0.61894  -0.50102  -0.79423   7.60000  6
  -1.47433  -0.11222   0.03880  -0.54608   7.60000  7
   0.13201   0.17733  -0.20158   0.43065   7.60000  8
   0.44142  -0.25307   0.48247   0.59026   7.60000  9
  -1.55233   0.08611  -0.35957   0.58708   7.60000 10
   1.32205  -0.29044  -0.47896  -0.11346   7.60000 11
   0.14587  -0.34244  -0.37538  -0.04728   7.60000 12
  -0.17548   0.30142   0.19614  -1.07604   7.60000 13
   1.38465   0.09793   0.89321  -0.46584   7.60000 14
  -0.14551   0.15725  -0.35641   0.35057   7.60000 15
  -0.32650   0.68206   0.12770  -0.06308   7.60000 16
   0.79216  -0.69794   0.30511  -0.32630   7.60000 17
  -0.31036   0.65736   0.19960  -0.12601   7.60000 18
   0.76019  -0.55078   0.29334   0.30648   7.60000 19
   0.18899   0.61318   0.01872   0.32563   7.60000 20
   0.08784   0.82557  -0.00951   0.30784   7.70000  1
   1.26318  -0.75310  -0.31337   0.11143   7.70000  2
   0.85638  -0.61085   0.04557   0.12027   7.70000  3
   0.02457   0.18215  -0.00325   0.02120   7.70000  4
  -0.14142   0.08215  -0.18900   0.56129   7.70000  5
  -0.14471   0.53639  -0.51429  -0.85277   7.70000  6
  -1.47068  -0.16450   0.03526  -0.50201   7.70000  7
   0.10293   0.22106  -0.38259   0.43848   7.70000  8
   0.48793  -0.19396   0.44835   0.59071   7.70000  9
  -1.58688   0.14276  -0.33272   0.54848   7.70000 10
   1.27178  -0.30247  -0.52644  -0.12891   7.70000 11
   0.10992  -0.34250  -0.34563   0.04664   7.70000 12
  -0.14969   0.19153   0.31706  -1.11139   7.70000 13
   1.47222   0.04909   0.85694  -0.51000   7.70000 14
  -0.17451   0.19543  -0.21810   0.40419   7.70000 15
  -0.30671   0.66994   0.26801  -0.18312   7.70000 16
   0.82389  -0.72326   0.32911  -0.17930   7.70000 17
  -0.28453   0.64117   0.31548  -0.20163   7.70000 18
   0.79173  -0.52311   0.33656   0.24571   7.70000 19
   0.18394   0.64320  -0.11744   0.27290   7.70000 20
   0.08455   0.84859  -0.05512   0.15232   7.80000  1
   1.22806  -0.73910  -0.39104   0.16976   7.80000  2
   0.85956  -0.59757   0.02503   0.14643   7.80000  3
   0.01824   0.18716  -0.12910   0.08167   7.80000  4
  -0.15519   0.14775  -0.08036   0.73518   7.80000  5
  -0.19538   0.44892  -0.48668  -0.89691   7.80000  6
  -1.46711  -0.21305   0.03682  -0.47059   7.80000  7
   0.05535   0.26361  -0.56743   0.40580   7.80000  8
   0.53112  -0.13516   0.41539   0.58422   7.80000  9
  -1.61906   0.19621  -0.31157   0.52220   7.80000 10
   1.21663  -0.31673  -0.57799  -0.15936   7.80000 11
   0.07638  -0.33297  -0.32702   0.14507   7.80000 12
  -0.11384   0.08494   0.38925  -0.98702   7.80000 13
   1.55584  -0.00379   0.81504  -0.54612   7.80000 14
  -0.18803   0.23538  -0.05169   0.39186   7.80000 15
  -0.27310   0.64460   0.40225  -0.32769   7.80000 16
   0.85786  -0.73380   0.34976  -0.03168   7.80000 17
  -0.24785   0.61601   0.41379  -0.30682   7.80000 18
   0.82732  -0.50186   0.37410   0.17826   7.80000 19
   0.16585   0.66755  -0.24343   0.21342   7.80000 20
   0.07693   0.85580  -0.09712  -0.01005   7.90000  1
   1.18447  -0.71886  -0.48386   0.23676   7.90000  2
   0.86284  -0.58135   0.04796   0.17876   7.90000  3
  -0.00208   0.19925  -0.28062   0.16649   7.90000  4
  -0.15732   0.22710   0.03253   0.85398   7.90000  5
  -0.23861   0.35639  -0.35605  -0.95563   7.90000  6
  -1.46322  -0.25888   0.04136  -0.44724   7.90000  7
  -0.01005   0.30143  -0.73914   0.35043   7.90000  8
   0.57100  -0.07737   0.38205   0.57029   7.90000  9
  -1.64932   0.24746  -0.29417   0.50373   7.90000 10
   1.15572  -0.33502  -0.64325  -0.21028   7.90000 11
   0.04420  -0.31315  -0.31810   0.25366   7.90000 12
  -0.07334  -0.00264   0.41615  -0.76964   7.90000 13
   1.63523  -0.05980   0.77304  -0.57257   7.90000 14
  -0.18538   0.27524   0.10002   0.41367   7.90000 15
  -0.22671   0.60373   0.52375  -0.49271   7.90000 16
   0.89380  -0.72963   0.36934   0.11525   7.90000 17
  -0.20262   0.57894   0.48802  -0.43829   7.90000 18
   0.86637  -0.48764   0.40611   0.10560   7.90000 19
   0.13530   0.68569  -0.36802   0.14779   7.90000 20
   0.06510   0.84603  -0.14018  -0.18887   8.00000  1
   1.13053  -0.69131  -0.59945   0.31703   8.00000  2
   0.87069  -0.56173   0.11681   0.21365   8.00000  3
  -0.03841   0.22215  -0.44727   0.30152   8.00000  4
  -0.15028   0.31781   0.10151   0.94417   8.00000  5
  -0.26188   0.26061  -0.09530  -0.92642   8.00000  6
  -1.45878  -0.30267   0.04769  -0.42911   8.00000  7
  -0.09226   0.33428  -0.89838   0.31330   8.00000  8
   0.60752  -0.02136   0.34831   0.54852   8.00000  9
  -1.67798   0.29712  -0.27940   0.49023   8.00000 10
   1.08729  -0.35969  -0.72901  -0.28877   8.00000 11
   0.01250  -0.28160  -0.31678   0.38131   8.00000 12
  -0.03138  -0.07111   0.41987  -0.61177   8.00000 13
   1.71056  -0.11805   0.73414  -0.59127   8.00000 14
  -0.16917   0.31854   0.22069   0.44987   8.00000 15
  -0.16866   0.54522   0.63462  -0.68401   8.00000 16
   0.93185  -0.71062   0.39247   0.26632   8.00000 17
  -0.15059   0.52728   0.54998  -0.60314   8.00000 18
   0.90842  -0.48076   0.43475   0.03249   8.00000 19
   0.09214   0.69655  -0.49508   0.06494   8.00000 20
   0.04864   0.81728  -0.19114  -0.38986   8.10000  1
   1.06362  -0.65470  -0.74191   0.42042   8.10000  2
   0.88774  -0.53874   0.23144   0.24496   8.10000  3
  -0.09105   0.26165  -0.59510   0.49839   8.10000  4
  -0.13764   0.41262   0.15274   0.93256   8.10000  5
  -0.25864   0.17628   0.14672  -0.74913   8.10000  6
  -1.45364  -0.34482   0.05512  -0.41449   8.10000  7
  -0.18349   0.36655  -0.86943   0.33967   8.10000  8
   0.64062   0.03210   0.31317   0.51965   8.10000  9
  -1.70527   0.34561  -0.26661   0.48003   8.10000 10
   1.00941  -0.39429  -0.82694  -0.41274   8.10000 11
  -0.01906  -0.23597  -0.31111   0.53491   8.10000 12
   0.00999  -0.12723   0.40276  -0.51871   8.10000 13
   1.78219  -0.17787   0.69910  -0.60424   8.10000 14
  -0.14215   0.36584   0.31068   0.50033   8.10000 15
  -0.10177   0.46526   0.67808  -0.91370   8.10000 16
   0.97242  -0.67587   0.41703   0.43233   8.10000 17
  -0.09461   0.45652   0.54700  -0.80961   8.10000 18
   0.95316  -0.48089   0.45607  -0.03376   8.10000 19
   0.03672   0.69736  -0.60767  -0.05700   8.10000 20
