  -0.47344  -0.70065   0.00112   0.00038   0.10000  1
  -0.52284   1.22667   0.00346  -0.00735   0.10000  2
   0.24694   1.26514  -0.00577  -0.01245   0.10000  3
  -0.93918   1.25039   0.00940  -0.00461   0.10000  4
  -0.33915   0.21627  -0.00089   0.00631   0.10000  5
  -0.95219   0.55292   0.00905   0.00003   0.10000  6
  -0.26212   0.51632  -0.00048  -0.00098   0.10000  7
  -0.91504  -1.03701   0.01027   0.00116   0.10000  8
  -0.60666  -1.17362  -0.00370   0.00905   0.10000  9
   0.50859   0.60898  -0.01216   0.00451   0.10000 10
   1.28650  -0.07575  -0.00489   0.00079   0.10000 11
   0.47145   0.62220   0.00037   0.00032   0.10000 12
  -0.01488  -0.44515   0.00000   0.00098   0.10000 13
   0.09189   1.86437  -0.00014  -0.00831   0.10000 14
   1.37703   0.96928  -0.00380  -0.00152   0.10000 15
   0.23932   1.22588  -0.00319   0.00055   0.10000 16
   0.65647  -0.30844  -0.00557  -0.00044   0.10000 17
   0.39668  -0.64763  -0.00342   0.00819   0.10000 18
  -0.21993   0.92162   0.00148  -0.00224   0.10000 19
  -0.66145   0.01313   0.00885   0.00564   0.10000 20
  -0.47328  -0.70059   0.00224   0.00074   0.20000  1
  -0.52232   1.22556   0.00693  -0.01470   0.20000  2
   0.24608   1.26328  -0.01152  -0.02473   0.20000  3
  -0.93777   1.24970   0.01882  -0.00924   0.20000  4
  -0.33928   0.21722  -0.00177   0.01264   0.20000  5
  -0.95083   0.55292   0.01813   0.00006   0.20000  6
  -0.26219   0.51617  -0.00097  -0.00196   0.20000  7
  -0.91349  -1.03684   0.02059   0.00231   0.20000  8
  -0.60722  -1.17227  -0.00742   0.01811   0.20000  9
   0.50677   0.60965  -0.02416   0.00898   0.20000 10
   1.28576  -0.07563  -0.00978   0.00158   0.20000 11
   0.47150   0.62225   0.00054   0.00070   0.20000 12
  -0.01488  -0.44500   0.00001   0.00196   0.20000 13
   0.09187   1.86312  -0.00028  -0.01663   0.20000 14
   1.37646   0.96905  -0.00760  -0.00304   0.20000 15
   0.23884   1.22595  -0.00643   0.00091   0.20000 16
   0.65563  -0.30850  -0.01115  -0.00089   0.20000 17
   0.39617  -0.64640  -0.00684   0.01639   0.20000 18
  -0.21971   0.92128   0.00296  -0.00448   0.20000 19
  -0.66012   0.01397   0.01772   0.01131   0.20000 20
  -0.47300  -0.70050   0.00333   0.00108   0.30000  1
  -0.52145   1.22372   0.01042  -0.02209   0.30000  2
   0.24464   1.26020  -0.01721  -0.03670   0.30000  3
  -0.93542   1.24855   0.02828  -0.01390   0.30000  4
  -0.33950   0.21880  -0.00266   0.01901   0.30000  5
  -0.94857   0.55293   0.02725   0.00009   0.30000  6
  -0.26232   0.51592  -0.00149  -0.00297   0.30000  7
  -0.91092  -1.03655   0.03100   0.00346   0.30000  8
  -0.60815  -1.17000  -0.01120   0.02723   0.30000  9
   0.50377   0.61077  -0.03585   0.01337   0.30000 10
   1.28454  -0.07543  -0.01468   0.00237   0.30000 11
   0.47154   0.62235   0.00032   0.00122   0.30000 12
  -0.01488  -0.44476   0.00005   0.00294   0.30000 13
   0.09184   1.86104  -0.00043  -0.02498   0.30000 14
   1.37551   0.96867  -0.01141  -0.00456   0.30000 15
   0.23803   1.22605  -0.00975   0.00088   0.30000 16
   0.65424  -0.30862  -0.01678  -0.00136   0.30000 17
   0.39531  -0.64435  -0.01026   0.02461   0.30000 18
  -0.21934   0.92072   0.00444  -0.00672   0.30000 19
  -0.65790   0.01539   0.02662   0.01705   0.30000 20
  -0.47261  -0.70038   0.00441   0.00137   0.40000  1
  -0.52023   1.22114   0.01394  -0.02951   0.40000  2
   0.24264   1.25595  -0.02281  -0.04817   0.40000  3
  -0.93211   1.24692   0.03782  -0.01860   0.40000  4
  -0.33981   0.22102  -0.00354   0.02544   0.40000  5
  -0.94538   0.55294   0.03646   0.00012   0.40000  6
  -0.26249   0.51557  -0.00204  -0.00402   0.40000  7
  -0.90729  -1.03614   0.04154   0.00460   0.40000  8
  -0.60946  -1.16682  -0.01506   0.03641   0.40000  9
   0.49962   0.61232  -0.04705   0.01761   0.40000 10
   1.28283  -0.07516  -0.01957   0.00316   0.40000 11
   0.47154   0.62250  -0.00049   0.00193   0.40000 12
  -0.01487  -0.44441   0.00012   0.00392   0.40000 13
   0.09179   1.85813  -0.00060  -0.03337   0.40000 14
   1.37417   0.96814  -0.01522  -0.00608   0.40000 15
   0.23689   1.22611  -0.01322   0.00024   0.40000 16
   0.65228  -0.30878  -0.02246  -0.00185   0.40000 17
   0.39412  -0.64148  -0.01370   0.03288   0.40000 18
  -0.21882   0.91993   0.00592  -0.00895   0.40000 19
  -0.65479   0.01739   0.03556   0.02288   0.40000 20
  -0.47212  -0.70023   0.00544   0.00161   0.50000  1
  -0.51866   1.21782   0.01750  -0.03699   0.50000  2
   0.24008   1.25059  -0.02830  -0.05898   0.50000  3
  -0.92785   1.24482   0.04745  -0.02336   0.50000  4
  -0.34021   0.22389  -0.00442   0.03196   0.50000  5
  -0.94127   0.55295   0.04578   0.00016   0.50000  6
  -0.26273   0.51512  -0.00264  -0.00511   0.50000  7
  -0.90260  -1.03563   0.05226   0.00573   0.50000  8
  -0.61117  -1.16272  -0.01902   0.04568   0.50000  9
   0.49438   0.61429  -0.05760   0.02167   0.50000 10
   1.28063  -0.07480  -0.02448   0.00395   0.50000 11
   0.47142   0.62274  -0.00211   0.00291   0.50000 12
  -0.01485  -0.44397   0.00024   0.00492   0.50000 13
   0.09172   1.85437  -0.00078  -0.04181   0.50000 14
   1.37246   0.96746  -0.01904  -0.00760   0.50000 15
   0.23538   1.22607  -0.01687  -0.00121   0.50000 16
   0.64974  -0.30899  -0.02823  -0.00239   0.50000 17
   0.39257  -0.63777  -0.01714   0.04118   0.50000 18
  -0.21816   0.91893   0.00741  -0.01117   0.50000 19
  -0.65079   0.01997   0.04456   0.02885   0.50000 20
  -0.47152  -0.70006   0.00644   0.00178   0.60000  1
  -0.51673   1.21374   0.02110  -0.04453   0.60000  2
   0.23698   1.24418  -0.03364  -0.06894   0.60000  3
  -0.92262   1.24225   0.05719  -0.02821   0.60000  4
  -0.34070   0.22742  -0.00530   0.03858   0.60000  5
  -0.93622   0.55297   0.05523   0.00020   0.60000  6
  -0.26302   0.51455  -0.00330  -0.00627   0.60000  7
  -0.89683  -1.03500   0.06321   0.00684   0.60000  8
  -0.61327  -1.15768  -0.02313   0.05507   0.60000  9
   0.48813   0.61665  -0.06734   0.02550   0.60000 10
   1.27793  -0.07437  -0.02939   0.00474   0.60000 11
   0.47109   0.62310  -0.00474   0.00424   0.60000 12
  -0.01482  -0.44343   0.00043   0.00592   0.60000 13
   0.09163   1.84976  -0.00098  -0.05032   0.60000 14
   1.37037   0.96662  -0.02287  -0.00912   0.60000 15
   0.23350   1.22583  -0.02076  -0.00368   0.60000 16
   0.64663  -0.30926  -0.03410  -0.00296   0.60000 17
   0.39069  -0.63324  -0.02059   0.04955   0.60000 18
  -0.21734   0.91770   0.00889  -0.01338   0.60000 19
  -0.64588   0.02316   0.05363   0.03500   0.60000 20
  -0.47083  -0.69988   0.00738   0.00186   0.70000  1
  -0.51444   1.20891   0.02477  -0.05215   0.70000  2
   0.23336   1.23683  -0.03882  -0.07793   0.70000  3
  -0.91641   1.23918   0.06708  -0.03314   0.70000  4
  -0.34127   0.23161  -0.00617   0.04533   0.70000  5
  -0.93022   0.55299   0.06486   0.00025   0.70000  6
  -0.26339   0.51386  -0.00404  -0.00750   0.70000  7
  -0.88995  -1.03426   0.07446   0.00793   0.70000  8
  -0.61580  -1.15170  -0.02741   0.06460   0.70000  9
   0.48095   0.61938  -0.07612   0.02905   0.70000 10
   1.27475  -0.07386  -0.03430   0.00553   0.70000 11
   0.47043   0.62360  -0.00856   0.00597   0.70000 12
  -0.01476  -0.44279   0.00069   0.00693   0.70000 13
   0.09152   1.84430  -0.00120  -0.05891   0.70000 14
   1.36789   0.96563  -0.02671  -0.01065   0.70000 15
   0.23122   1.22529  -0.02492  -0.00736   0.70000 16
   0.64292  -0.30958  -0.04010  -0.00360   0.70000 17
   0.38846  -0.62786  -0.02406   0.05799   0.70000 18
  -0.21638   0.91625   0.01039  -0.01558   0.70000 19
  -0.64006   0.02698   0.06279   0.04137   0.70000 20
  -0.47005  -0.69969   0.00824   0.00183   0.80000  1
  -0.51177   1.20331   0.02852  -0.05986   0.80000  2
   0.22923   1.22864  -0.04382  -0.08582   0.80000  3
  -0.90920   1.23561   0.07714  -0.03819   0.80000  4
  -0.34193   0.23649  -0.00702   0.05224   0.80000  5
  -0.92324   0.55302   0.07469   0.00031   0.80000  6
  -0.26383   0.51305  -0.00487  -0.00883   0.80000  7
  -0.88193  -1.03341   0.08606   0.00900   0.80000  8
  -0.61876  -1.14475  -0.03192   0.07429   0.80000  9
   0.47294   0.62245  -0.08385   0.03230   0.80000 10
   1.27107  -0.07326  -0.03923   0.00632   0.80000 11
   0.46933   0.62430  -0.01373   0.00817   0.80000 12
  -0.01468  -0.44204   0.00105   0.00796   0.80000 13
   0.09139   1.83798  -0.00145  -0.06760   0.80000 14
   1.36502   0.96449  -0.03056  -0.01217   0.80000 15
   0.22851   1.22432  -0.02940  -0.01242   0.80000 16
   0.63860  -0.30998  -0.04625  -0.00430   0.80000 17
   0.38588  -0.62164  -0.02753   0.06651   0.80000 18
  -0.21526   0.91459   0.01188  -0.01776   0.80000 19
  -0.63332   0.03145   0.07205   0.04799   0.80000 20
  -0.46919  -0.69952   0.00903   0.00168   0.90000  1
  -0.50873   1.19694   0.03235  -0.06769   0.90000  2
   0.22460   1.21971  -0.04865  -0.09256   0.90000  3
  -0.90097   1.23154   0.08740  -0.04338   0.90000  4
  -0.34268   0.24207  -0.00785   0.05933   0.90000  5
  -0.91527   0.55306   0.08476   0.00037   0.90000  6
  -0.26437   0.51209  -0.00582  -0.01025   0.90000  7
  -0.87272  -1.03246   0.09809   0.01005   0.90000  8
  -0.62219  -1.13683  -0.03669   0.08417   0.90000  9
   0.46421   0.62583  -0.09048   0.03523   0.90000 10
   1.26690  -0.07259  -0.04417   0.00712   0.90000 11
   0.46764   0.62525  -0.02033   0.01087   0.90000 12
  -0.01455  -0.44119   0.00152   0.00901   0.90000 13
   0.09123   1.83078  -0.00174  -0.07640   0.90000 14
   1.36177   0.96320  -0.03443  -0.01369   0.90000 15
   0.22533   1.22276  -0.03423  -0.01893   0.90000 16
   0.63366  -0.31044  -0.05258  -0.00507   0.90000 17
   0.38295  -0.61456  -0.03102   0.07513   0.90000 18
  -0.21400   0.91270   0.01339  -0.01992   0.90000 19
  -0.62565   0.03659   0.08143   0.05493   0.90000 20
  -0.46825  -0.69936   0.00971   0.00139   1.00000  1
  -0.50530   1.18977   0.03629  -0.07564   1.00000  2
   0.21950   1.21016  -0.05330  -0.09819   1.00000  3
  -0.89171   1.22693   0.09790  -0.04873   1.00000  4
  -0.34350   0.24836  -0.00865   0.06662   1.00000  5
  -0.90628   0.55310   0.09512   0.00044   1.00000  6
  -0.26500   0.51099  -0.00691  -0.01181   1.00000  7
  -0.86229  -1.03140   0.11063   0.01108   1.00000  8
  -0.62611  -1.12791  -0.04177   0.09427   1.00000  9
   0.45488   0.62948  -0.09604   0.03786   1.00000 10
   1.26224  -0.07184  -0.04912   0.00791   1.00000 11
   0.46521   0.62650  -0.02840   0.01409   1.00000 12
  -0.01437  -0.44024   0.00212   0.01009   1.00000 13
   0.09104   1.82269  -0.00206  -0.08533   1.00000 14
   1.35814   0.96175  -0.03831  -0.01521   1.00000 15
   0.22165   1.22048  -0.03941  -0.02695   1.00000 16
   0.62808  -0.31099  -0.05913  -0.00593   1.00000 17
   0.37967  -0.60661  -0.03452   0.08386   1.00000 18
  -0.21258   0.91060   0.01491  -0.02207   1.00000 19
  -0.61703   0.04244   0.09094   0.06224   1.00000 20
  -0.46725  -0.69924   0.01027   0.00094   1.10000  1
  -0.50147   1.18180   0.04034  -0.08374   1.10000  2
   0.21395   1.20010  -0.05782  -0.10279   1.10000  3
  -0.88138   1.22178   0.10866  -0.05426   1.10000  4
  -0.34440   0.25540  -0.00939   0.07413   1.10000  5
  -0.89624   0.55315   0.10580   0.00052   1.10000  6
  -0.26575   0.50973  -0.00816  -0.01351   1.10000  7
  -0.85058  -1.03024   0.12376   0.01210   1.10000  8
  -0.63056  -1.11797  -0.04723   0.10459   1.10000  9
   0.44504   0.63339  -0.10065   0.04023   1.10000 10
   1.25708  -0.07101  -0.05408   0.00871   1.10000 11
   0.46191   0.62809  -0.03789   0.01783   1.10000 12
  -0.01412  -0.43917   0.00287   0.01121   1.10000 13
   0.09082   1.81371  -0.00243  -0.09441   1.10000 14
   1.35411   0.96016  -0.04221  -0.01673   1.10000 15
   0.21744   1.21732  -0.04494  -0.03642   1.10000 16
   0.62183  -0.31163  -0.06592  -0.00689   1.10000 17
   0.37605  -0.59778  -0.03802   0.09269   1.10000 18
  -0.21102   0.90829   0.01645  -0.02419   1.10000 19
  -0.60745   0.04905   0.10058   0.06999   1.10000 20
  -0.46620  -0.69918   0.01069   0.00029   1.20000  1
  -0.49723   1.17302   0.04454  -0.09200   1.20000  2
   0.20794   1.18963  -0.06224  -0.10653   1.20000  3
  -0.86997   1.21607   0.11973  -0.06001   1.20000  4
  -0.34538   0.26320  -0.01005   0.08191   1.20000  5
  -0.88511   0.55320   0.11686   0.00062   1.20000  6
  -0.26664   0.50828  -0.00960  -0.01538   1.20000  7
  -0.83752  -1.02898   0.13757   0.01313   1.20000  8
  -0.63557  -1.10699  -0.05313   0.11514   1.20000  9
   0.43478   0.63752  -0.10445   0.04239   1.20000 10
   1.25142  -0.07010  -0.05906   0.00952   1.20000 11
   0.45759   0.63008  -0.04873   0.02207   1.20000 12
  -0.01379  -0.43800   0.00379   0.01237   1.20000 13
   0.09055   1.80381  -0.00284  -0.10365   1.20000 14
   1.34969   0.95841  -0.04613  -0.01825   1.20000 15
   0.21265   1.21315  -0.05081  -0.04726   1.20000 16
   0.61488  -0.31238  -0.07300  -0.00796   1.20000 17
   0.37207  -0.58806  -0.04153   0.10166   1.20000 18
  -0.20929   0.90576   0.01801  -0.02629   1.20000 19
  -0.59691   0.05646   0.11038   0.07824   1.20000 20
  -0.46511  -0.69919   0.01094  -0.00056   1.30000  1
  -0.49256   1.16340   0.04890  -0.10045   1.30000  2
   0.20150   1.17882  -0.06662  -0.10962   1.30000  3
  -0.85743   1.20977   0.13114  -0.06601   1.30000  4
  -0.34641   0.27179  -0.01061   0.08997   1.30000  5
  -0.87285   0.55327   0.12836   0.00072   1.30000  6
  -0.26768   0.50664  -0.01128  -0.01743   1.30000  7
  -0.82304  -1.02762   0.15216   0.01420   1.30000  8
  -0.64120  -1.09494  -0.05952   0.12593   1.30000  9
   0.42417   0.64186  -0.10765   0.04441   1.30000 10
   1.24527  -0.06910  -0.06406   0.01033   1.30000 11
   0.45213   0.63252  -0.06077   0.02678   1.30000 12
  -0.01336  -0.43670   0.00491   0.01359   1.30000 13
   0.09025   1.79297  -0.00332  -0.11309   1.30000 14
   1.34488   0.95651  -0.05007  -0.01977   1.30000 15
   0.20726   1.20783  -0.05701  -0.05934   1.30000 16
   0.60722  -0.31323  -0.08040  -0.00914   1.30000 17
   0.36774  -0.57744  -0.04503   0.11076   1.30000 18
  -0.20741   0.90303   0.01959  -0.02836   1.30000 19
  -0.58537   0.06472   0.12033   0.08708   1.30000 20
  -0.46401  -0.69930   0.01100  -0.00165   1.40000  1
  -0.48744   1.15292   0.05344  -0.10910   1.40000  2
   0.19462   1.16772  -0.07101  -0.11228   1.40000  3
  -0.84373   1.20286   0.14294  -0.07229   1.40000  4
  -0.34749   0.28120  -0.01103   0.09834   1.40000  5
  -0.85942   0.55335   0.14037   0.00084   1.40000  6
  -0.26891   0.50479  -0.01324  -0.01971   1.40000  7
  -0.80706  -1.02614   0.16757   0.01540   1.40000  8
  -0.64749  -1.08180  -0.06641   0.13689   1.40000  9
   0.41326   0.64640  -0.11048   0.04639   1.40000 10
   1.23861  -0.06803  -0.06907   0.01114   1.40000 11
   0.44540   0.63545  -0.07388   0.03193   1.40000 12
  -0.01280  -0.43528   0.00626   0.01487   1.40000 13
   0.08989   1.78118  -0.00386  -0.12273   1.40000 14
   1.33968   0.95445  -0.05404  -0.02130   1.40000 15
   0.20124   1.20124  -0.06351  -0.07250   1.40000 16
   0.59879  -0.31421  -0.08819  -0.01045   1.40000 17
   0.36306  -0.56591  -0.04852   0.11999   1.40000 18
  -0.20537   0.90009   0.02120  -0.03039   1.40000 19
  -0.57284   0.07390   0.13044   0.09661   1.40000 20
  -0.46292  -0.69953   0.01082  -0.00301   1.50000  1
  -0.48186   1.14157   0.05821  -0.11798   1.50000  2
   0.18729   1.15637  -0.07548  -0.11476   1.50000  3
  -0.82882   1.19530   0.15519  -0.07891   1.50000  4
  -0.34861   0.29147  -0.01125   0.10705   1.50000  5
  -0.84476   0.55344   0.15295   0.00097   1.50000  6
  -0.27034   0.50270  -0.01554  -0.02222   1.50000  7
  -0.78950  -1.02453   0.18378   0.01687   1.50000  8
  -0.65449  -1.06755  -0.07373   0.14792   1.50000  9
   0.40208   0.65114  -0.11318   0.04839   1.50000 10
   1.23145  -0.06688  -0.07410   0.01196   1.50000 11
   0.43732   0.63892  -0.08792   0.03748   1.50000 12
  -0.01210  -0.43372   0.00786   0.01625   1.50000 13
   0.08947   1.76842  -0.00447  -0.13261   1.50000 14
   1.33408   0.95225  -0.05802  -0.02282   1.50000 15
   0.19455   1.19330  -0.07029  -0.08661   1.50000 16
   0.58957  -0.31532  -0.09641  -0.01189   1.50000 17
   0.35804  -0.55344  -0.05197   0.12936   1.50000 18
  -0.20317   0.89696   0.02285  -0.03239   1.50000 19
  -0.55928   0.08407   0.14070   0.10694   1.50000 20
  -0.46186  -0.69991   0.01037  -0.00466   1.60000  1
  -0.47579   1.12932   0.06322  -0.12712   1.60000  2
   0.17952   1.14477  -0.08009  -0.11730   1.60000  3
  -0.81267   1.18707   0.16793  -0.08591   1.60000  4
  -0.34973   0.30262  -0.01120   0.11613   1.60000  5
  -0.82880   0.55354   0.16621   0.00111   1.60000  6
  -0.27203   0.50034  -0.01824  -0.02500   1.60000  7
  -0.77028  -1.02275   0.20054   0.01892   1.60000  8
  -0.66224  -1.05222  -0.08119   0.15873   1.60000  9
   0.39062   0.65608  -0.11601   0.05051   1.60000 10
   1.22379  -0.06564  -0.07916   0.01279   1.60000 11
   0.42779   0.64296  -0.10276   0.04341   1.60000 12
  -0.01122  -0.43202   0.00977   0.01774   1.60000 13
   0.08899   1.75465  -0.00517  -0.14274   1.60000 14
   1.32807   0.94989  -0.06204  -0.02435   1.60000 15
   0.18717   1.18389  -0.07734  -0.10153   1.60000 16
   0.57949  -0.31659  -0.10513  -0.01348   1.60000 17
   0.35267  -0.54003  -0.05537   0.13887   1.60000 18
  -0.20080   0.89362   0.02454  -0.03434   1.60000 19
  -0.54469   0.09532   0.15111   0.11819   1.60000 20
  -0.46086  -0.70047   0.00962  -0.00662   1.70000  1
  -0.46921   1.11614   0.06854  -0.13654   1.70000  2
   0.17127   1.13290  -0.08489  -0.12014   1.70000  3
  -0.79522   1.17811   0.18124  -0.09336   1.70000  4
  -0.35084   0.31471  -0.01079   0.12561   1.70000  5
  -0.81149   0.55366   0.18024   0.00127   1.70000  6
  -0.27401   0.49768  -0.02142  -0.02807   1.70000  7
  -0.74939  -1.02071   0.21710   0.02208   1.70000  8
  -0.67071  -1.03583  -0.08802   0.16884   1.70000  9
   0.37886   0.66125  -0.11919   0.05284   1.70000 10
   1.21562  -0.06432  -0.08423   0.01363   1.70000 11
   0.41674   0.64761  -0.11829   0.04970   1.70000 12
  -0.01013  -0.43017   0.01201   0.01936   1.70000 13
   0.08843   1.73986  -0.00598  -0.15315   1.70000 14
   1.32167   0.94738  -0.06608  -0.02587   1.70000 15
   0.17908   1.17297  -0.08465  -0.11715   1.70000 16
   0.56852  -0.31802  -0.11443  -0.01520   1.70000 17
   0.34697  -0.52566  -0.05868   0.14851   1.70000 18
  -0.19826   0.89009   0.02627  -0.03625   1.70000 19
  -0.52905   0.10774   0.16164   0.13052   1.70000 20
  -0.45995  -0.70125   0.00853  -0.00893   1.80000  1
  -0.46207   1.10200   0.07420  -0.14626   1.80000  2
   0.16253   1.12072  -0.08996  -0.12354   1.80000  3
  -0.77640   1.16838   0.19517  -0.10132   1.80000  4
  -0.35188   0.32776  -0.00993   0.13550   1.80000  5
  -0.79273   0.55379   0.19516   0.00144   1.80000  6
  -0.27633   0.49471  -0.02517  -0.03144   1.80000  7
  -0.72692  -1.01826   0.23190   0.02719   1.80000  8
  -0.67977  -1.01850  -0.09260   0.17740   1.80000  9
   0.36676   0.66666  -0.12299   0.05546   1.80000 10
   1.20694  -0.06291  -0.08934   0.01448   1.80000 11
   0.40411   0.65291  -0.13442   0.05634   1.80000 12
  -0.00880  -0.42814   0.01463   0.02116   1.80000 13
   0.08779   1.72401  -0.00689  -0.16388   1.80000 14
   1.31486   0.94471  -0.07015  -0.02740   1.80000 15
   0.17024   1.16044  -0.09221  -0.13337   1.80000 16
   0.55659  -0.31964  -0.12440  -0.01707   1.80000 17
   0.34094  -0.51032  -0.06188   0.15825   1.80000 18
  -0.19555   0.88637   0.02807  -0.03810   1.80000 19
  -0.51236   0.12146   0.17226   0.14409   1.80000 20
  -0.45916  -0.70227   0.00708  -0.01162   1.90000  1
  -0.45435   1.08687   0.08028  -0.15634   1.90000  2
   0.15327   1.10816  -0.09535  -0.12774   1.90000  3
  -0.75616   1.15782   0.20983  -0.10988   1.90000  4
  -0.35280   0.34182  -0.00846   0.14579   1.90000  5
  -0.77242   0.55395   0.21114   0.00163   1.90000  6
  -0.27906   0.49139  -0.02960  -0.03509   1.90000  7
  -0.70315  -1.01517   0.24262   0.03523   1.90000  8
  -0.68908  -1.00043  -0.09258   0.18351   1.90000  9
   0.35424   0.67235  -0.12768   0.05847   1.90000 10
   1.19775  -0.06142  -0.09447   0.01534   1.90000 11
   0.38984   0.65889  -0.15107   0.06332   1.90000 12
  -0.00719  -0.42593   0.01767   0.02315   1.90000 13
   0.08705   1.70707  -0.00793  -0.17496   1.90000 14
   1.30764   0.94190  -0.07425  -0.02892   1.90000 15
   0.16063   1.14627  -0.10003  -0.15012   1.90000 16
   0.54362  -0.32144  -0.13514  -0.01905   1.90000 17
   0.33460  -0.49401  -0.06491   0.16806   1.90000 18
  -0.19265   0.88247   0.02994  -0.03989   1.90000 19
  -0.49460   0.13661   0.18290   0.15909   1.90000 20
  -0.45854  -0.70358   0.00524  -0.01470   2.00000  1
  -0.44600   1.07072   0.08684  -0.16679   2.00000  2
   0.14345   1.09514  -0.10115  -0.13304   2.00000  3
  -0.73441   1.14638   0.22530  -0.11914   2.00000  4
  -0.35355   0.35693  -0.00624   0.15646   2.00000  5
  -0.75046   0.55412   0.22834   0.00182   2.00000  6
  -0.28228   0.48769  -0.03483  -0.03897   2.00000  7
  -0.67859  -1.01111   0.24754   0.04648   2.00000  8
  -0.69807  -0.98189  -0.08622   0.18689   2.00000  9
   0.34119   0.67837  -0.13352   0.06198   2.00000 10
   1.18805  -0.05984  -0.09963   0.01622   2.00000 11
   0.37388   0.66559  -0.16819   0.07066   2.00000 12
  -0.00525  -0.42350   0.02119   0.02540   2.00000 13
   0.08620   1.68900  -0.00912  -0.18642   2.00000 14
   1.30001   0.93893  -0.07838  -0.03045   2.00000 15
   0.15022   1.13041  -0.10810  -0.16733   2.00000 16
   0.52953  -0.32345  -0.14677  -0.02112   2.00000 17
   0.32796  -0.47671  -0.06771   0.17788   2.00000 18
  -0.18955   0.87840   0.03190  -0.04162   2.00000 19
  -0.47578   0.15334   0.19351   0.17577   2.00000 20
  -0.45813  -0.70522   0.00301  -0.01821   2.10000  1
  -0.43697   1.05350   0.09399  -0.17766   2.10000  2
   0.13302   1.08151  -0.10743  -0.13973   2.10000  3
  -0.71107   1.13397   0.24168  -0.12923   2.10000  4
  -0.35402   0.37312  -0.00309   0.16742   2.10000  5
  -0.72671   0.55431   0.24698   0.00203   2.10000  6
  -0.28606   0.48359  -0.04097  -0.04294   2.10000  7
  -0.65382  -1.00579   0.24718   0.06020   2.10000  8
  -0.70613  -0.96312  -0.07403   0.18834   2.10000  9
   0.32748   0.68477  -0.14086   0.06610   2.10000 10
   1.17782  -0.05818  -0.10482   0.01711   2.10000 11
   0.35619   0.67303  -0.18574   0.07836   2.10000 12
  -0.00294  -0.42084   0.02525   0.02796   2.10000 13
   0.08522   1.66977  -0.01048  -0.19830   2.10000 14
   1.29196   0.93581  -0.08254  -0.03198   2.10000 15
   0.13900   1.11279  -0.11645  -0.18496   2.10000 16
   0.51423  -0.32567  -0.15942  -0.02321   2.10000 17
   0.32106  -0.45844  -0.07021   0.18761   2.10000 18
  -0.18626   0.87415   0.03399  -0.04330   2.10000 19
  -0.45590   0.17183   0.20397   0.19439   2.10000 20
  -0.45795  -0.70724   0.00037  -0.02220   2.20000  1
  -0.42718   1.03517   0.10184  -0.18900   2.20000  2
   0.12194   1.06713  -0.11428  -0.14814   2.20000  3
  -0.68604   1.12050   0.25910  -0.14030   2.20000  4
  -0.35413   0.39042   0.00116   0.17845   2.20000  5
  -0.70101   0.55453   0.26734   0.00224   2.20000  6
  -0.29050   0.47910  -0.04809  -0.04672   2.20000  7
  -0.62926  -0.99903   0.24363   0.07524   2.20000  8
  -0.71275  -0.94425  -0.05809   0.18905   2.20000  9
   0.31295   0.69162  -0.15002   0.07096   2.20000 10
   1.16708  -0.05642  -0.11005   0.01803   2.20000 11
   0.33672   0.68127  -0.20372   0.08646   2.20000 12
  -0.00018  -0.41790   0.02989   0.03087   2.20000 13
   0.08410   1.64933  -0.01203  -0.21066   2.20000 14
   1.28350   0.93253  -0.08674  -0.03351   2.20000 15
   0.12692   1.09340  -0.12510  -0.20297   2.20000 16
   0.49761  -0.32809  -0.17325  -0.02522   2.20000 17
   0.31393  -0.43920  -0.07232   0.19712   2.20000 18
  -0.18275   0.86974   0.03623  -0.04492   2.20000 19
  -0.43500   0.19229   0.21413   0.21524   2.20000 20
  -0.45807  -0.70968  -0.00267  -0.02672   2.30000  1
  -0.41657   1.01568   0.11055  -0.20086   2.30000  2
   0.11014   1.05181  -0.12179  -0.15863   2.30000  3
  -0.65921   1.10587   0.27771  -0.15254   2.30000  4
  -0.35375   0.40880   0.00658   0.18915   2.30000  5
  -0.67317   0.55476   0.28976   0.00245   2.30000  6
  -0.29571   0.47427  -0.05616  -0.04980   2.30000  7
  -0.60514  -0.99073   0.23881   0.09086   2.30000  8
  -0.71769  -0.92531  -0.04034   0.18981   2.30000  9
   0.29740   0.69899  -0.16142   0.07668   2.30000 10
   1.15581  -0.05457  -0.11532   0.01897   2.30000 11
   0.31543   0.69034  -0.22219   0.09500   2.30000 12
   0.00306  -0.41465   0.03517   0.03423   2.30000 13
   0.08281   1.62762  -0.01380  -0.22355   2.30000 14
   1.27461   0.92911  -0.09097  -0.03504   2.30000 15
   0.11397   1.07219  -0.13408  -0.22139   2.30000 16
   0.47953  -0.33070  -0.18840  -0.02699   2.30000 17
   0.30662  -0.41903  -0.07394   0.20619   2.30000 18
  -0.17901   0.86516   0.03869  -0.04653   2.30000 19
  -0.41309   0.21496   0.22381   0.23871   2.30000 20
  -0.45850  -0.71260  -0.00613  -0.03183   2.40000  1
  -0.40503   0.99498   0.12032  -0.21329   2.40000  2
   0.09756   1.03532  -0.13007  -0.17160   2.40000  3
  -0.63045   1.08995   0.29767  -0.16616   2.40000  4
  -0.35277   0.42821   0.01310   0.19888   2.40000  5
  -0.64297   0.55502   0.31463   0.00265   2.40000  6
  -0.30176   0.46919  -0.06489  -0.05136   2.40000  7
  -0.58151  -0.98085   0.23382   0.10681   2.40000  8
  -0.72080  -0.90627  -0.02185   0.19097   2.40000  9
   0.28058   0.70699  -0.17548   0.08342   2.40000 10
   1.14402  -0.05262  -0.12063   0.01994   2.40000 11
   0.29226   0.70029  -0.24129   0.10404   2.40000 12
   0.00687  -0.41104   0.04115   0.03809   2.40000 13
   0.08133   1.60460  -0.01581  -0.23704   2.40000 14
   1.26530   0.92553  -0.09524  -0.03657   2.40000 15
   0.10009   1.04911  -0.14344  -0.24026   2.40000 16
   0.45988  -0.33347  -0.20501  -0.02825   2.40000 17
   0.29916  -0.39798  -0.07501   0.21451   2.40000 18
  -0.17500   0.86043   0.04145  -0.04816   2.40000 19
  -0.39026   0.24013   0.23272   0.26520   2.40000 20
  -0.45931  -0.71607  -0.00998  -0.03759   2.50000  1
  -0.39246   0.97300   0.13140  -0.22636   2.50000  2
   0.08410   1.01740  -0.13924  -0.18746   2.50000  3
  -0.59962   1.07258   0.31919  -0.18146   2.50000  4
  -0.35110   0.44852   0.02037   0.20679   2.50000  5
  -0.61014   0.55529   0.34247   0.00282   2.50000  6
  -0.30869   0.46409  -0.07356  -0.05024   2.50000  7
  -0.55836  -0.96935   0.22911   0.12311   2.50000  8
  -0.72205  -0.88710  -0.00310   0.19258   2.50000  9
   0.26220   0.71571  -0.19271   0.09132   2.50000 10
   1.13168  -0.05058  -0.12600   0.02094   2.50000 11
   0.26714   0.71117  -0.26129   0.11369   2.50000 12
   0.01132  -0.40701   0.04786   0.04256   2.50000 13
   0.07963   1.58019  -0.01811  -0.25120   2.50000 14
   1.25556   0.92179  -0.09955  -0.03811   2.50000 15
   0.08526   1.02411  -0.15324  -0.25971   2.50000 16
   0.43848  -0.33632  -0.22315  -0.02860   2.50000 17
   0.29163  -0.37616  -0.07550   0.22162   2.50000 18
  -0.17070   0.85553   0.04461  -0.04990   2.50000 19
  -0.36659   0.26812   0.24041   0.29520   2.50000 20
  -0.46051  -0.72015  -0.01420  -0.04408   2.60000  1
  -0.37870   0.94968   0.14412  -0.24016   2.60000  2
   0.06968   0.99772  -0.14941  -0.20660   2.60000  3
  -0.56656   1.05359   0.34250  -0.19879   2.60000  4
  -0.34869   0.46949   0.02779   0.21218   2.60000  5
  -0.57436   0.55558   0.37387   0.00294   2.60000  6
  -0.31642   0.45928  -0.08085  -0.04518   2.60000  7
  -0.53567  -0.95621   0.22478   0.13990   2.60000  8
  -0.72141  -0.86774   0.01579   0.19459   2.60000  9
   0.24191   0.72529  -0.21367   0.10051   2.60000 10
   1.11881  -0.04844  -0.13142   0.02198   2.60000 11
   0.23996   0.72305  -0.28265   0.12406   2.60000 12
   0.01647  -0.40250   0.05535   0.04773   2.60000 13
   0.07770   1.55433  -0.02072  -0.26614   2.60000 14
   1.24539   0.91790  -0.10390  -0.03966   2.60000 15
   0.06943   0.99714  -0.16357  -0.27995   2.60000 16
   0.41520  -0.33914  -0.24274  -0.02747   2.60000 17
   0.28408  -0.35372  -0.07555   0.22692   2.60000 18
  -0.16606   0.85044   0.04836  -0.05190   2.60000 19
  -0.34224   0.29930   0.24610   0.32912   2.60000 20
  -0.46216  -0.72491  -0.01870  -0.05134   2.70000  1
  -0.36357   0.92494   0.15894  -0.25478   2.70000  2
   0.05418   0.97595  -0.16069  -0.22945   2.70000  3
  -0.53105   1.03274   0.36791  -0.21861   2.70000  4
  -0.34556   0.49087   0.03483   0.21515   2.70000  5
  -0.53523   0.55588   0.40947   0.00302   2.70000  6
  -0.32474   0.45523  -0.08475  -0.03489   2.70000  7
  -0.51340  -0.94135   0.22071   0.15736   2.70000  8
  -0.71888  -0.84817   0.03487   0.19688   2.70000  9
   0.21932   0.73586  -0.23906   0.11107   2.70000 10
   1.10540  -0.04618  -0.13691   0.02308   2.70000 11
   0.21054   0.73601  -0.30609   0.13527   2.70000 12
   0.02242  -0.39744   0.06366   0.05367   2.70000 13
   0.07548   1.52693  -0.02370  -0.28198   2.70000 14
   1.23478   0.91386  -0.10829  -0.04121   2.70000 15
   0.05253   0.96809  -0.17450  -0.30125   2.70000 16
   0.38990  -0.34174  -0.26347  -0.02418   2.70000 17
   0.27652  -0.33087  -0.07555   0.22966   2.70000 18
  -0.16101   0.84513   0.05292  -0.05440   2.70000 19
  -0.31748   0.33408   0.24839   0.36695   2.70000 20
  -0.46426  -0.73044  -0.02331  -0.05933   2.80000  1
  -0.34683   0.89870   0.17642  -0.27033   2.80000  2
   0.03750   0.95170  -0.17321  -0.25638   2.80000  3
  -0.49289   1.00976   0.39579  -0.24148   2.80000  4
  -0.34174   0.51248   0.04161   0.21688   2.80000  5
  -0.49231   0.55618   0.44971   0.00312   2.80000  6
  -0.33318   0.45253  -0.08275  -0.01765   2.80000  7
  -0.49153  -0.92471   0.21662   0.17563   2.80000  8
  -0.71443  -0.82836   0.05426   0.19932   2.80000  9
   0.19393   0.74755  -0.26978   0.12296   2.80000 10
   1.09143  -0.04382  -0.14248   0.02423   2.80000 11
   0.17863   0.75013  -0.33272   0.14736   2.80000 12
   0.02923  -0.39174   0.07286   0.06047   2.80000 13
   0.07294   1.49790  -0.02710  -0.29888   2.80000 14
   1.22373   0.90966  -0.11273  -0.04278   2.80000 15
   0.03450   0.93684  -0.18613  -0.32386   2.80000 16
   0.36249  -0.34388  -0.28465  -0.01803   2.80000 17
   0.26895  -0.30790  -0.07623   0.22909   2.80000 18
  -0.15544   0.83953   0.05864  -0.05783   2.80000 19
  -0.29275   0.37279   0.24518   0.40749   2.80000 20
  -0.46681  -0.73680  -0.02770  -0.06789   2.90000  1
  -0.32817   0.87084   0.19733  -0.28694   2.90000  2
   0.01950   0.92453  -0.18707  -0.28761   2.90000  3
  -0.45180   0.98432   0.42664  -0.26816   2.90000  4
  -0.33721   0.53427   0.04939   0.21925   2.90000  5
  -0.44514   0.55652   0.49416   0.00373   2.90000  6
  -0.34102   0.45202  -0.07275   0.00936   2.90000  7
  -0.47009  -0.90620   0.21208   0.19475   2.90000  8
  -0.70802  -0.80831   0.07409   0.20174   2.90000  9
   0.16514   0.76049  -0.30707   0.13580   2.90000 10
   1.07690  -0.04134  -0.14814   0.02544   2.90000 11
   0.14384   0.76550  -0.36407   0.16002   2.90000 12
   0.03702  -0.38532   0.08302   0.06821   2.90000 13
   0.07004   1.46712  -0.03099  -0.31704   2.90000 14
   1.21223   0.90530  -0.11723  -0.04437   2.90000 15
   0.01528   0.90327  -0.19851  -0.34771   2.90000 16
   0.33298  -0.34524  -0.30538  -0.00863   2.90000 17
   0.26122  -0.28517  -0.07863   0.22482   2.90000 18
  -0.14923   0.83351   0.06594  -0.06291   2.90000 19
  -0.26868   0.41558   0.23490   0.44812   2.90000 20
  -0.46977  -0.74402  -0.03133  -0.07656   3.00000  1
  -0.30721   0.84127   0.22264  -0.30474   3.00000  2
   0.00004   0.89404  -0.20239  -0.32282   3.00000  3
  -0.40744   0.95597   0.46115  -0.29962   3.00000  4
  -0.33173   0.55640   0.06132   0.22375   3.00000  5
  -0.39343   0.55700   0.53987   0.00673   3.00000  6
  -0.34744   0.45479  -0.05420   0.04791   3.00000  7
  -0.44915  -0.88574   0.20643   0.21455   3.00000  8
  -0.69959  -0.78802   0.09452   0.20391   3.00000  9
   0.13224   0.77471  -0.35257   0.14841   3.00000 10
   1.06180  -0.03873  -0.15391   0.02673   3.00000 11
   0.10559   0.78212  -0.40218   0.17189   3.00000 12
   0.04587  -0.37807   0.09424   0.07696   3.00000 13
   0.06672   1.43444  -0.03546  -0.33673   3.00000 14
   1.20028   0.90079  -0.12179  -0.04598   3.00000 15
  -0.00523   0.86730  -0.21172  -0.37165   3.00000 16
   0.30146  -0.34551  -0.32482   0.00377   3.00000 17
   0.25313  -0.26305  -0.08372   0.21707   3.00000 18
  -0.14218   0.82685   0.07524  -0.07087   3.00000 19
  -0.24597   0.46236   0.21869   0.48731   3.00000 20
  -0.47303  -0.75208  -0.03344  -0.08433   3.10000  1
  -0.28346   0.80985   0.25353  -0.32374   3.10000  2
  -0.02104   0.85990  -0.21961  -0.36002   3.10000  3
  -0.35941   0.92419   0.50029  -0.33718   3.10000  4
  -0.32461   0.57911   0.08317   0.23110   3.10000  5
  -0.33736   0.55810   0.57996   0.01720   3.10000  6
  -0.35156   0.46192  -0.02664   0.09572   3.10000  7
  -0.42887  -0.86328   0.19886   0.23438   3.10000  8
  -0.68909  -0.76754   0.11563   0.20553   3.10000  9
   0.09430   0.79006  -0.40804   0.15773   3.10000 10
   1.04611  -0.03599  -0.15981   0.02810   3.10000 11
   0.06312   0.79972  -0.44884   0.17867   3.10000 12
   0.05591  -0.36989   0.10665   0.08681   3.10000 13
   0.06293   1.39971  -0.04064  -0.35829   3.10000 14
   1.18787   0.89611  -0.12642  -0.04762   3.10000 15
  -0.02712   0.82906  -0.22651  -0.39197   3.10000 16
   0.26807  -0.34442  -0.34264   0.01829   3.10000 17
   0.24437  -0.24185  -0.09199   0.20668   3.10000 18
  -0.13411   0.81918   0.08646  -0.08372   3.10000 19
  -0.22503   0.51304   0.20004   0.52665   3.10000 20
  -0.47638  -0.76080  -0.03319  -0.08949   3.20000  1
  -0.25628   0.77650   0.29111  -0.34323   3.20000  2
  -0.04401   0.82216  -0.24074  -0.39330   3.20000  3
  -0.30718   0.88828   0.54546  -0.38253   3.20000  4
  -0.31456   0.60276   0.12061   0.24281   3.20000  5
  -0.27785   0.56097   0.60787   0.04360   3.20000  6
  -0.35245   0.47408   0.01039   0.14790   3.20000  7
  -0.40947  -0.83890   0.18862   0.25296   3.20000  8
  -0.67644  -0.74695   0.13742   0.20626   3.20000  9
   0.05028   0.80593  -0.47393   0.15718   3.20000 10
   1.02983  -0.03311  -0.16588   0.02956   3.20000 11
   0.01557   0.81737  -0.50288   0.17081   3.20000 12
   0.06724  -0.36066   0.12024   0.09786   3.20000 13
   0.05857   1.36271  -0.04673  -0.38217   3.20000 14
   1.17500   0.89126  -0.13114  -0.04930   3.20000 15
  -0.05068   0.78926  -0.24612  -0.40160   3.20000 16
   0.23297  -0.34181  -0.35908   0.03383   3.20000 17
   0.23463  -0.22176  -0.10328   0.19479   3.20000 18
  -0.12489   0.80986   0.09768  -0.10412   3.20000 19
  -0.20589   0.56776   0.18354   0.56819   3.20000 20
  -0.47957  -0.76982  -0.03019  -0.08987   3.30000  1
  -0.22501   0.74129   0.33529  -0.35985   3.30000  2
  -0.06950   0.78167  -0.27117  -0.41390   3.30000  3
  -0.25007   0.84737   0.59802  -0.43734   3.30000  4
  -0.29994   0.62792   0.17448   0.26178   3.30000  5
  -0.21623   0.56762   0.62250   0.09355   3.30000  6
  -0.34923   0.49153   0.05525   0.20124   3.30000  7
  -0.39124  -0.81279   0.17555   0.26861   3.30000  8
  -0.66159  -0.72634   0.15975   0.20569   3.30000  9
  -0.00071   0.82085  -0.54633   0.13714   3.30000 10
   1.01293  -0.03007  -0.17213   0.03113   3.30000 11
  -0.03746   0.83300  -0.55684   0.13697   3.30000 12
   0.07998  -0.35027   0.13456   0.11021   3.30000 13
   0.05354   1.32318  -0.05403  -0.40887   3.30000 14
   1.16164   0.88625  -0.13597  -0.05104   3.30000 15
  -0.07671   0.74926  -0.27655  -0.39610   3.30000 16
   0.19629  -0.33765  -0.37433   0.04947   3.30000 17
   0.22363  -0.20291  -0.11696   0.18234   3.30000 18
  -0.11479   0.79804   0.10221  -0.13361   3.30000 19
  -0.18799   0.62677   0.17689   0.61243   3.30000 20
  -0.48234  -0.77856  -0.02496  -0.08397   3.40000  1
  -0.18919   0.70503   0.37990  -0.36097   3.40000  2
  -0.09868   0.73987  -0.31361  -0.41977   3.40000  3
  -0.18743   0.80055   0.65352  -0.49895   3.40000  4
  -0.27913   0.65535   0.24447   0.28737   3.40000  5
  -0.15383   0.58051   0.62240   0.16771   3.40000  6
  -0.34118   0.51436   0.10678   0.25556   3.40000  7
  -0.37442  -0.78531   0.16058   0.28027   3.40000  8
  -0.64449  -0.70586   0.18227   0.20354   3.40000  9
  -0.05888   0.83244  -0.61489   0.08963   3.40000 10
   0.99540  -0.02687  -0.17861   0.03283   3.40000 11
  -0.09538   0.84376  -0.59790   0.07324   3.40000 12
   0.09412  -0.33858   0.14763   0.12383   3.40000 13
   0.04770   1.28082  -0.06301  -0.43889   3.40000 14
   1.14780   0.88105  -0.14094  -0.05284   3.40000 15
  -0.10638   0.71044  -0.31766  -0.37814   3.40000 16
   0.15818  -0.33193  -0.38731   0.06476   3.40000 17
   0.21119  -0.18529  -0.13220   0.16994   3.40000 18
  -0.10513   0.78292   0.08635  -0.16945   3.40000 19
  -0.16993   0.69023   0.18719   0.65430   3.40000 20
  -0.48452  -0.78640  -0.01850  -0.07187   3.50000  1
  -0.14971   0.67031   0.40398  -0.32777   3.50000  2
  -0.13199   0.69828  -0.34739  -0.40816   3.50000  3
  -0.12062   0.74813   0.66974  -0.54341   3.50000  4
  -0.25055   0.68534   0.32882   0.31096   3.50000  5
  -0.09260   0.60163   0.59615   0.25495   3.50000  6
  -0.32760   0.54269   0.16639   0.31116   3.50000  7
  -0.35913  -0.75686   0.14528   0.28824   3.50000  8
  -0.62514  -0.68568   0.20455   0.19973   3.50000  9
  -0.12281   0.83774  -0.65614   0.01208   3.50000 10
   0.97720  -0.02350  -0.18538   0.03469   3.50000 11
  -0.15586   0.84680  -0.60388  -0.01482   3.50000 12
   0.10931  -0.32547   0.15466   0.13842   3.50000 13
   0.04087   1.23528  -0.07418  -0.47257   3.50000 14
   1.13345   0.87567  -0.14610  -0.05473   3.50000 15
  -0.13979   0.67422  -0.34441  -0.34284   3.50000 16
   0.11903  -0.32470  -0.39413   0.07981   3.50000 17
   0.19717  -0.16891  -0.14810   0.15791   3.50000 18
  -0.09848   0.76410   0.04295  -0.20676   3.50000 19
  -0.15024   0.75625   0.20571   0.65498   3.50000 20
  -0.48603  -0.79278  -0.01153  -0.05491   3.60000  1
  -0.10966   0.64012   0.39151  -0.27496   3.60000  2
  -0.16670   0.65894  -0.34045  -0.37593   3.60000  3
  -0.05608   0.69318   0.61341  -0.55063   3.60000  4
  -0.21350   0.71697   0.40788   0.31781   3.60000  5
  -0.03592   0.63088   0.53249   0.32422   3.60000  6
  -0.30757   0.57660   0.23589   0.36687   3.60000  7
  -0.34534  -0.72774   0.13086   0.29385   3.60000  8
  -0.60360  -0.66596   0.22616   0.19450   3.60000  9
  -0.18837   0.83464  -0.64733  -0.07180   3.60000 10
   0.95831  -0.01993  -0.19249   0.03672   3.60000 11
  -0.21475   0.84095  -0.56859  -0.09905   3.60000 12
   0.12468  -0.31088   0.15088   0.15357   3.60000 13
   0.03278   1.18617  -0.08798  -0.51028   3.60000 14
   1.11857   0.87010  -0.15153  -0.05673   3.60000 15
  -0.17382   0.64237  -0.33037  -0.29291   3.60000 16
   0.07970  -0.31597  -0.39096   0.09491   3.60000 17
   0.18158  -0.15369  -0.16373   0.14646   3.60000 18
  -0.09672   0.74171  -0.00626  -0.23990   3.60000 19
  -0.12958   0.81923   0.20215   0.59818   3.60000 20
  -0.48682  -0.79728  -0.00424  -0.03476   3.70000  1
  -0.07206   0.61533   0.35925  -0.22131   3.70000  2
  -0.19934   0.62349  -0.31086  -0.33177   3.70000  3
   0.00158   0.63879   0.54012  -0.53344   3.70000  4
  -0.17047   0.74808   0.44452   0.30053   3.70000  5
   0.01342   0.66511   0.45406   0.35355   3.70000  6
  -0.28018   0.61590   0.31195   0.41713   3.70000  7
  -0.33291  -0.69812   0.11783   0.29847   3.70000  8
  -0.57994  -0.64681   0.24689   0.18838   3.70000  9
  -0.25114   0.82407  -0.60436  -0.13614   3.70000 10
   0.93869  -0.01615  -0.19999   0.03898   3.70000 11
  -0.26888   0.82772  -0.51213  -0.16212   3.70000 12
   0.13918  -0.29473   0.13814   0.16941   3.70000 13
   0.02317   1.13306  -0.10480  -0.55290   3.70000 14
   1.10313   0.86432  -0.15729  -0.05886   3.70000 15
  -0.20525   0.61571  -0.29705  -0.24040   3.70000 16
   0.04109  -0.30573  -0.38045   0.10972   3.70000 17
   0.16446  -0.13959  -0.17825   0.13575   3.70000 18
  -0.09928   0.71644  -0.04263  -0.26330   3.70000 19
  -0.11047   0.87530   0.17928   0.52307   3.70000 20
  -0.48686  -0.79967   0.00348  -0.01279   3.80000  1
  -0.03787   0.59567   0.32462  -0.17305   3.80000  2
  -0.22874   0.59278  -0.27649  -0.28164   3.80000  3
   0.05221   0.58709   0.47410  -0.49904   3.80000  4
  -0.12588   0.77645   0.44334   0.26509   3.80000  5
   0.05510   0.70045   0.38111   0.34972   3.80000  6
  -0.24561   0.65933   0.37497   0.44676   3.80000  7
  -0.32172  -0.66805   0.10617   0.30313   3.80000  8
  -0.55425  -0.62829   0.26671   0.18203   3.80000  9
  -0.30883   0.80802  -0.54848  -0.18241   3.80000 10
   0.91830  -0.01213  -0.20795   0.04150   3.80000 11
  -0.31702   0.80911  -0.45060  -0.20760   3.80000 12
   0.15217  -0.27696   0.12115   0.18610   3.80000 13
   0.01170   1.07538  -0.12532  -0.60202   3.80000 14
   1.08710   0.85833  -0.16346  -0.06113   3.80000 15
  -0.23312   0.59426  -0.25978  -0.18856   3.80000 16
   0.00367  -0.29405  -0.36795   0.12373   3.80000 17
   0.14598  -0.12651  -0.19098   0.12611   3.80000 18
  -0.10481   0.68957  -0.06616  -0.27155   3.80000 19
  -0.09351   0.92414   0.16150   0.45563   3.80000 20
  -0.48610  -0.79981   0.01177   0.01000   3.90000  1
  -0.00705   0.58046   0.29221  -0.13250   3.90000  2
  -0.25453   0.56721  -0.23917  -0.23028   3.90000  3
   0.09675   0.53906   0.41842  -0.46177   3.90000  4
  -0.08220   0.80103   0.42939   0.22726   3.90000  5
   0.08997   0.73474   0.31759   0.33565   3.90000  6
  -0.20625   0.70433   0.40784   0.44939   3.90000  7
  -0.31164  -0.63748   0.09563   0.30839   3.90000  8
  -0.52662  -0.61039   0.28580   0.17622   3.90000  9
  -0.36074   0.78801  -0.48975  -0.21573   3.90000 10
   0.89708  -0.00784  -0.21642   0.04430   3.90000 11
  -0.35906   0.78661  -0.39060  -0.24041   3.90000 12
   0.16335  -0.25749   0.10228   0.20342   3.90000 13
  -0.00205   1.01242  -0.15038  -0.65771   3.90000 14
   1.07043   0.85209  -0.17010  -0.06354   3.90000 15
  -0.25712   0.57789  -0.22023  -0.14011   3.90000 16
  -0.03253  -0.28102  -0.35614   0.13663   3.90000 17
   0.12634  -0.11432  -0.20150   0.11797   3.90000 18
  -0.11223   0.66261  -0.08112  -0.26552   3.90000 19
  -0.07780   0.96678   0.15447   0.39833   3.90000 20
  -0.48449  -0.79766   0.02067   0.03296   4.00000  1
   0.02066   0.56892   0.26254  -0.09932   4.00000  2
  -0.27667   0.54652  -0.20432  -0.18453   4.00000  3
   0.13621   0.49461   0.37220  -0.42789   4.00000  4
  -0.04008   0.82219   0.41274   0.19741   4.00000  5
   0.11882   0.76762   0.26003   0.32223   4.00000  6
  -0.16456   0.74860   0.42489   0.43429   4.00000  7
  -0.30257  -0.60634   0.08591   0.31456   4.00000  8
  -0.49711  -0.59301   0.30441   0.17170   4.00000  9
  -0.40685   0.76521  -0.43305  -0.23913   4.00000 10
   0.87499  -0.00325  -0.22549   0.04744   4.00000 11
  -0.39532   0.76137  -0.33570  -0.26318   4.00000 12
   0.17259  -0.23627   0.08219   0.22092   4.00000 13
  -0.01841   0.94390  -0.17579  -0.71164   4.00000 14
   1.05306   0.84561  -0.17726  -0.06612   4.00000 15
  -0.27727   0.56594  -0.18375  -0.10042   4.00000 16
  -0.06761  -0.26677  -0.34566   0.14826   4.00000 17
   0.10576  -0.10285  -0.20970   0.11181   4.00000 18
  -0.12080   0.63683  -0.08902  -0.24870   4.00000 19
  -0.06239   1.00373   0.15414   0.33933   4.00000 20
  -0.48195  -0.79323   0.03016   0.05568   4.10000  1
   0.04553   0.56040   0.23515  -0.07194   4.10000  2
  -0.29553   0.53012  -0.17372  -0.14427   4.10000  3
   0.17144   0.45333   0.33348  -0.39870   4.10000  4
   0.00022   0.84073   0.39206   0.17333   4.10000  5
   0.14202   0.79921   0.20407   0.30945   4.10000  6
  -0.12132   0.79108   0.44041   0.41546   4.10000  7
  -0.29444  -0.57453   0.07675   0.32170   4.10000  8
  -0.46575  -0.57598   0.32278   0.16931   4.10000  9
  -0.44750   0.74035  -0.38063  -0.25756   4.10000 10
   0.85196   0.00166  -0.23525   0.05094   4.10000 11
  -0.42644   0.73415  -0.28780  -0.28054   4.10000 12
   0.17976  -0.21332   0.06115   0.23818   4.10000 13
  -0.03682   0.87036  -0.19018  -0.75738   4.10000 14
   1.03496   0.83886  -0.18498  -0.06885   4.10000 15
  -0.29404   0.55752  -0.15243  -0.06930   4.10000 16
  -0.10170  -0.25142  -0.33639   0.15847   4.10000 17
   0.08447  -0.09188  -0.21574   0.10800   4.10000 18
  -0.12984   0.61300  -0.09128  -0.22795   4.10000 19
  -0.04704   1.03448   0.15239   0.27596   4.10000 20
  -0.47844  -0.78654   0.04015   0.07790   4.20000  1
   0.06773   0.55439   0.20897  -0.04883   4.20000  2
  -0.31153   0.51754  -0.14665  -0.10800   4.20000  3
   0.20309   0.41471   0.30030  -0.37431   4.20000  4
   0.03809   0.85663   0.36483   0.14367   4.20000  5
   0.15968   0.82940   0.14954   0.29370   4.20000  6
  -0.07640   0.83161   0.45746   0.39324   4.20000  7
  -0.28721  -0.54197   0.06804   0.32964   4.20000  8
  -0.43256  -0.55904   0.34097   0.16995   4.20000  9
  -0.48308   0.71376  -0.33130  -0.27410   4.20000 10
   0.82792   0.00695  -0.24580   0.05486   4.20000 11
  -0.45306   0.70533  -0.24553  -0.29575   4.20000 12
   0.18479  -0.18866   0.03943   0.25493   4.20000 13
  -0.05603   0.79310  -0.19229  -0.78324   4.20000 14
   1.01604   0.83184  -0.19333  -0.07173   4.20000 15
  -0.30791   0.55184  -0.12571  -0.04530   4.20000 16
  -0.13491  -0.23513  -0.32791   0.16707   4.20000 17
   0.06267  -0.08116  -0.22000   0.10675   4.20000 18
  -0.13901   0.59121  -0.09195  -0.20806   4.20000 19
  -0.03190   1.05911   0.15078   0.21761   4.20000 20
  -0.47391  -0.77767   0.05052   0.09950   4.30000  1
   0.08732   0.55051   0.18265  -0.02947   4.30000  2
  -0.32494   0.50842  -0.12199  -0.07497   4.30000  3
   0.23163   0.37831   0.27105  -0.35453   4.30000  4
   0.07327   0.86950   0.33946   0.11470   4.30000  5
   0.17208   0.85787   0.09928   0.27560   4.30000  6
  -0.03007   0.86935   0.46816   0.36140   4.30000  7
  -0.28081  -0.50859   0.05996   0.33805   4.30000  8
  -0.39757  -0.54185   0.35860   0.17468   4.30000  9
  -0.51381   0.68555  -0.28353  -0.28980   4.30000 10
   0.80277   0.01265  -0.25726   0.05925   4.30000 11
  -0.47566   0.67503  -0.20676  -0.31001   4.30000 12
   0.18764  -0.16235   0.01739   0.27118   4.30000 13
  -0.07507   0.71439  -0.18859  -0.79021   4.30000 14
   0.99627   0.82451  -0.20234  -0.07476   4.30000 15
  -0.31930   0.54825  -0.10242  -0.02762   4.30000 16
  -0.16729  -0.21806  -0.31970   0.17389   4.30000 17
   0.04052  -0.07044  -0.22294   0.10802   4.30000 18
  -0.14825   0.57133  -0.09311  -0.18974   4.30000 19
  -0.01681   1.07819   0.15157   0.16483   4.30000 20
  -0.46833  -0.76667   0.06112   0.12043   4.40000  1
   0.10423   0.54835   0.15546  -0.01468   4.40000  2
  -0.33597   0.50243  -0.09876  -0.04532   4.40000  3
   0.25739   0.34366   0.24457  -0.33904   4.40000  4
   0.10611   0.87983   0.31795   0.09354   4.40000  5
   0.17970   0.88453   0.05392   0.25758   4.40000  6
   0.01721   0.90404   0.47770   0.33326   4.40000  7
  -0.27517  -0.47436   0.05320   0.34644   4.40000  8
  -0.36089  -0.52393   0.37464   0.18459   4.40000  9
  -0.53980   0.65582  -0.23628  -0.30481   4.40000 10
   0.77643   0.01882  -0.26980   0.06418   4.40000 11
  -0.49447   0.64335  -0.16974  -0.32344   4.40000 12
   0.18827  -0.13443  -0.00461   0.28710   4.40000 13
  -0.09395   0.63497  -0.19033  -0.79835   4.40000 14
   0.97555   0.81688  -0.21207  -0.07790   4.40000 15
  -0.32847   0.54610  -0.08139  -0.01648   4.40000 16
  -0.19884  -0.20041  -0.31106   0.17887   4.40000 17
   0.01812  -0.05948  -0.22504   0.11157   4.40000 18
  -0.15765   0.55320  -0.09495  -0.17345   4.40000 19
  -0.00148   1.09220   0.15548   0.11592   4.40000 20
  -0.46168  -0.75360   0.07178   0.14071   4.50000  1
   0.11842   0.54738   0.12843  -0.00553   4.50000  2
  -0.34472   0.49920  -0.07632  -0.02031   4.50000  3
   0.28061   0.31037   0.22005  -0.32749   4.50000  4
   0.13693   0.88851   0.29858   0.08140   4.50000  5
   0.18303   0.90942   0.01365   0.24047   4.50000  6
   0.06546   0.93612   0.48706   0.30865   4.50000  7
  -0.27009  -0.43931   0.04903   0.35449   4.50000  8
  -0.32275  -0.50473   0.38730   0.20043   4.50000  9
  -0.56107   0.62462  -0.18897  -0.31896   4.50000 10
   0.74877   0.02551  -0.28359   0.06973   4.50000 11
  -0.50962   0.61039  -0.13329  -0.33559   4.50000 12
   0.18672  -0.10493  -0.02627   0.30301   4.50000 13
  -0.11342   0.55482  -0.20044  -0.80340   4.50000 14
   0.95383   0.80893  -0.22258  -0.08114   4.50000 15
  -0.33563   0.54470  -0.06197  -0.01307   4.50000 16
  -0.22946  -0.18235  -0.30113   0.18217   4.50000 17
  -0.00448  -0.04806  -0.22678   0.11710   4.50000 18
  -0.16726   0.53647  -0.09748  -0.16239   4.50000 19
   0.01441   1.10146   0.16296   0.06973   4.50000 20
  -0.45398  -0.73854   0.08232   0.16041   4.60000  1
   0.12999   0.54707   0.10354  -0.00136   4.60000  2
  -0.35127   0.49814  -0.05483  -0.00217   4.60000  3
   0.30145   0.27805   0.19694  -0.31954   4.60000  4
   0.16584   0.89640   0.27954   0.07786   4.60000  5
   0.18266   0.93266  -0.01951   0.22460   4.60000  6
   0.11451   0.96577   0.49295   0.28418   4.60000  7
  -0.26523  -0.40346   0.04873   0.36255   4.60000  8
  -0.28361  -0.48366   0.39459   0.22199   4.60000  9
  -0.57758   0.59206  -0.14132  -0.33198   4.60000 10
   0.71966   0.03278  -0.29886   0.07597   4.60000 11
  -0.52113   0.57630  -0.09674  -0.34578   4.60000 12
   0.18304  -0.07382  -0.04731   0.31924   4.60000 13
  -0.13421   0.47473  -0.21567  -0.79590   4.60000 14
   0.93101   0.80065  -0.23392  -0.08443   4.60000 15
  -0.34093   0.54319  -0.04455  -0.01864   4.60000 16
  -0.25899  -0.16401  -0.28899   0.18437   4.60000 17
  -0.02724  -0.03601  -0.22859   0.12431   4.60000 18
  -0.17723   0.52037  -0.10260  -0.16150   4.60000 19
   0.03124   1.10622   0.17431   0.02582   4.60000 20
  -0.44523  -0.72154   0.09259   0.17969   4.70000  1
   0.13923   0.54701   0.08173  -0.00039   4.70000  2
  -0.35576   0.49847  -0.03550   0.00707   4.70000  3
   0.32003   0.24635   0.17480  -0.31477   4.70000  4
   0.19281   0.90431   0.25973   0.08123   4.70000  5
   0.17950   0.95441  -0.04151   0.21068   4.70000  6
   0.16377   0.99288   0.49035   0.25761   4.70000  7
  -0.26020  -0.36676   0.05262   0.37184   4.70000  8
  -0.24405  -0.46019   0.39556   0.24788   4.70000  9
  -0.58932   0.55827  -0.09325  -0.34364   4.70000 10
   0.68894   0.04073  -0.31589   0.08299   4.70000 11
  -0.52896   0.54132  -0.05995  -0.35335   4.70000 12
   0.17729  -0.04106  -0.06752   0.33599   4.70000 13
  -0.15651   0.39603  -0.22955  -0.77692   4.70000 14
   0.90701   0.79204  -0.24619  -0.08771   4.70000 15
  -0.34464   0.54068  -0.03017  -0.03287   4.70000 16
  -0.28716  -0.14547  -0.27382   0.18656   4.70000 17
  -0.05021  -0.02315  -0.23091   0.13303   4.70000 18
  -0.18795   0.50388  -0.11267  -0.16914   4.70000 19
   0.04940   1.10670   0.18954  -0.01578   4.70000 20
  -0.43547  -0.70261   0.10249   0.19872   4.80000  1
   0.14643   0.54694   0.06277  -0.00127   4.80000  2
  -0.35848   0.49925  -0.01945   0.00711   4.80000  3
   0.33642   0.21501   0.15323  -0.31255   4.80000  4
   0.21776   0.91279   0.23930   0.08893   4.80000  5
   0.17484   0.97487  -0.04949   0.19876   4.80000  6
   0.21216   1.01723   0.47547   0.22910   4.80000  7
  -0.25460  -0.32901   0.05964   0.38384   4.80000  8
  -0.20469  -0.43399   0.39088   0.27634   4.80000  9
  -0.59622   0.52338  -0.04481  -0.35383   4.80000 10
   0.65641   0.04941  -0.33503   0.09088   4.80000 11
  -0.53312   0.50573  -0.02316  -0.35799   4.80000 12
   0.16957  -0.00661  -0.08667   0.35308   4.80000 13
  -0.17994   0.31941  -0.23821  -0.75582   4.80000 14
   0.88174   0.78311  -0.25949  -0.09089   4.80000 15
  -0.34707   0.53639  -0.01900  -0.05373   4.80000 16
  -0.31363  -0.12665  -0.25512   0.19017   4.80000 17
  -0.07346  -0.00935  -0.23426   0.14327   4.80000 18
  -0.19992   0.48647  -0.12720  -0.17907   4.80000 19
   0.06926   1.10314   0.20809  -0.05505   4.80000 20
  -0.42474  -0.68179   0.11194   0.21773   4.90000  1
   0.15186   0.54671   0.04601  -0.00344   4.90000  2
  -0.35975   0.49961  -0.00640  -0.00115   4.90000  3
   0.35068   0.18380   0.13191  -0.31176   4.90000  4
   0.24068   0.92216   0.21911   0.09855   4.90000  5
   0.16997   0.99419  -0.04656   0.18782   4.90000  6
   0.25853   1.03870   0.45069   0.20048   4.90000  7
  -0.24822  -0.28987   0.06809   0.39968   4.90000  8
  -0.16601  -0.40488   0.38207   0.30615   4.90000  9
  -0.59827   0.48755   0.00396  -0.36258   4.90000 10
   0.62185   0.05893  -0.35672   0.09966   4.90000 11
  -0.53361   0.46982   0.01322  -0.35987   4.90000 12
   0.16000   0.02953  -0.10461   0.36952   4.90000 13
  -0.20395   0.24470  -0.24100  -0.73964   4.90000 14
   0.85508   0.77387  -0.27391  -0.09386   4.90000 15
  -0.34852   0.52978  -0.01018  -0.07908   4.90000 16
  -0.33806  -0.10734  -0.23270   0.19677   4.90000 17
  -0.09712   0.00556  -0.23933   0.15517   4.90000 18
  -0.21349   0.46810  -0.14456  -0.18802   4.90000 19
   0.09110   1.09577   0.22895  -0.09213   4.90000 20
  -0.41310  -0.65906   0.12090   0.23696   5.00000  1
   0.15569   0.54621   0.03090  -0.00678   5.00000  2
  -0.35982   0.49877   0.00485  -0.01692   5.00000  3
   0.36282   0.15266   0.11104  -0.31072   5.00000  4
   0.26161   0.93251   0.19977   0.10853   5.00000  5
   0.16571   1.01243  -0.03811   0.17694   5.00000  6
   0.30216   1.05736   0.42149   0.17279   5.00000  7
  -0.24099  -0.24892   0.07651   0.42010   5.00000  8
  -0.12836  -0.37273   0.37047   0.33692   5.00000  9
  -0.59542   0.45091   0.05306  -0.37004   5.00000 10
   0.58496   0.06937  -0.38149   0.10927   5.00000 11
  -0.53050   0.43383   0.04892  -0.35961   5.00000 12
   0.14869   0.06721  -0.12145   0.38346   5.00000 13
  -0.22796   0.17122  -0.23826  -0.73112   5.00000 14
   0.82691   0.76435  -0.28956  -0.09646   5.00000 15
  -0.34915   0.52047  -0.00266  -0.10752   5.00000 16
  -0.36005  -0.08715  -0.20645   0.20781   5.00000 17
  -0.12142   0.02174  -0.24727   0.16862   5.00000 18
  -0.22888   0.44892  -0.16344  -0.19528   5.00000 19
   0.11508   1.08479   0.25078  -0.12696   5.00000 20
  -0.40058  -0.63438   0.12937   0.25671   5.10000  1
   0.15808   0.54531   0.01699  -0.01138   5.10000  2
  -0.35880   0.49599   0.01539  -0.03980   5.10000  3
   0.37294   0.12172   0.09167  -0.30754   5.10000  4
   0.28066   0.94385   0.18141   0.11797   5.10000  5
   0.16245   1.02954  -0.02636   0.16482   5.10000  6
   0.34280   1.07329   0.39140   0.14606   5.10000  7
  -0.23296  -0.20567   0.08373   0.44594   5.10000  8
  -0.09199  -0.33746   0.35673   0.36873   5.10000  9
  -0.58764   0.41358   0.10262  -0.37644   5.10000 10
   0.54543   0.08080  -0.40990   0.11925   5.10000 11
  -0.52385   0.39794   0.08397  -0.35808   5.10000 12
   0.13573   0.10608  -0.13777   0.39301   5.10000 13
  -0.25143   0.09826  -0.23039  -0.72878   5.10000 14
   0.79712   0.75460  -0.30652  -0.09853   5.10000 15
  -0.34907   0.50820   0.00432  -0.13833   5.10000 16
  -0.37921  -0.06559  -0.17593   0.22430   5.10000 17
  -0.14673   0.03927  -0.25965   0.18163   5.10000 18
  -0.24619   0.42910  -0.18276  -0.20104   5.10000 19
   0.14122   1.07048   0.27166  -0.15850   5.10000 20
  -0.38724  -0.60769   0.13735   0.27732   5.20000  1
   0.15912   0.54389   0.00391  -0.01743   5.20000  2
  -0.35674   0.49058   0.02577  -0.06961   5.20000  3
   0.38124   0.09128   0.07487  -0.30056   5.20000  4
   0.29792   0.95607   0.16382   0.12629   5.20000  5
   0.16057   1.04527  -0.01048   0.14896   5.20000  6
   0.38046   1.08659   0.36185   0.11999   5.20000  7
  -0.22433  -0.15951   0.08811   0.47827   5.20000  8
  -0.05709  -0.29895   0.34084   0.40162   5.20000  9
  -0.57487   0.37565   0.15293  -0.38204   5.20000 10
   0.50286   0.09319  -0.44191   0.12825   5.20000 11
  -0.51371   0.36222   0.11882  -0.35617   5.20000 12
   0.12112   0.14566  -0.15434   0.39786   5.20000 13
  -0.27393   0.02551  -0.21946  -0.72515   5.20000 14
   0.76556   0.74467  -0.32485  -0.09986   5.20000 15
  -0.34829   0.49274   0.01120  -0.17130   5.20000 16
  -0.39506  -0.04213  -0.14012   0.24545   5.20000 17
  -0.17349   0.05785  -0.27594   0.18842   5.20000 18
  -0.26541   0.40875  -0.20146  -0.20594   5.20000 19
   0.16930   1.05328   0.28911  -0.18435   5.20000 20
  -0.37312  -0.57888   0.14486   0.29925   5.30000  1
   0.15888   0.54177  -0.00866  -0.02519   5.30000  2
  -0.35365   0.48184   0.03599  -0.10618   5.30000  3
   0.38795   0.06180   0.05901  -0.28790   5.30000  4
   0.31344   0.96904   0.14665   0.13273   5.30000  5
   0.16052   1.05914   0.01022   0.12759   5.30000  6
   0.41520   1.09731   0.33318   0.09433   5.30000  7
  -0.21556  -0.10983   0.08572   0.51560   5.30000  8
  -0.02390  -0.25712   0.32248   0.43503   5.30000  9
  -0.55701   0.33719   0.20450  -0.38704   5.30000 10
   0.45699   0.10633  -0.47538   0.13359   5.30000 11
  -0.50006   0.32669   0.15430  -0.35459   5.30000 12
   0.10483   0.18554  -0.17172   0.39927   5.30000 13
  -0.29532  -0.04640  -0.20772  -0.71020   5.30000 14
   0.73210   0.73466  -0.34458  -0.10022   5.30000 15
  -0.34683   0.47386   0.01808  -0.20659   5.30000 16
  -0.40707  -0.01651  -0.09968   0.26647   5.30000 17
  -0.20186   0.07669  -0.29096   0.18773   5.30000 18
  -0.28642   0.38790  -0.21824  -0.21105   5.30000 19
   0.19889   1.03387   0.30194  -0.20262   5.30000 20
  -0.35828  -0.54778   0.15188   0.32314   5.40000  1
   0.15739   0.53878  -0.02106  -0.03499   5.40000  2
  -0.34956   0.46912   0.04581  -0.14931   5.40000  3
   0.39290   0.03392   0.03901  -0.26878   5.40000  4
   0.32726   0.98251   0.12981   0.13608   5.40000  5
   0.16272   1.07064   0.03401   0.10198   5.40000  6
   0.44712   1.10547   0.30530   0.06895   5.40000  7
  -0.20752  -0.05660   0.07403   0.54729   5.40000  8
   0.00734  -0.21197   0.30208   0.46762   5.40000  9
  -0.53390   0.29826   0.25806  -0.39152   5.40000 10
   0.40790   0.11972  -0.50569   0.13364   5.40000 11
  -0.48279   0.29128   0.19151  -0.35380   5.40000 12
   0.08675   0.22544  -0.19015   0.39858   5.40000 13
  -0.31529  -0.11585  -0.19130  -0.67572   5.40000 14
   0.69660   0.72467  -0.36565  -0.09942   5.40000 15
  -0.34468   0.45133   0.02485  -0.24463   5.40000 16
  -0.41503   0.01109  -0.06009   0.28568   5.40000 17
  -0.23156   0.09541  -0.30254   0.18727   5.40000 18
  -0.30894   0.36647  -0.23142  -0.21810   5.40000 19
   0.22958   1.01299   0.31155  -0.21398   5.40000 20
  -0.34277  -0.51416   0.15825   0.34986   5.50000  1
   0.15465   0.53469  -0.03375  -0.04718   5.50000  2
  -0.34452   0.45177   0.05494  -0.19875   5.50000  3
   0.39553   0.00814   0.01269  -0.24680   5.50000  4
   0.33943   0.99610   0.11377   0.13457   5.50000  5
   0.16735   1.07948   0.05856   0.07471   5.50000  6
   0.47628   1.11111   0.27794   0.04386   5.50000  7
  -0.20084  -0.00052   0.05905   0.57442   5.50000  8
   0.03651  -0.16365   0.28138   0.49862   5.50000  9
  -0.50531   0.25891   0.31440  -0.39524   5.50000 10
   0.35601   0.13298  -0.53164   0.13163   5.50000 11
  -0.46167   0.25590   0.23147  -0.35387   5.50000 12
   0.06676   0.26519  -0.20973   0.39613   5.50000 13
  -0.33361  -0.18126  -0.17564  -0.63289   5.50000 14
   0.65893   0.71482  -0.38799  -0.09729   5.50000 15
  -0.34187   0.42483   0.03124  -0.28598   5.50000 16
  -0.41920   0.04083  -0.02375   0.31090   5.50000 17
  -0.26231   0.11435  -0.31219   0.19288   5.50000 18
  -0.33250   0.34413  -0.23845  -0.22975   5.50000 19
   0.26114   0.99126   0.31943  -0.21983   5.50000 20
  -0.32667  -0.47767   0.16345   0.38050   5.60000  1
   0.15061   0.52925  -0.04734  -0.06207   5.60000  2
  -0.33860   0.42917   0.06336  -0.25419   5.60000  3
   0.39532  -0.01547  -0.01729  -0.22576   5.60000  4
   0.35008   1.00921   0.09984   0.12657   5.60000  5
   0.17441   1.08559   0.08265   0.04739   5.60000  6
   0.50271   1.11425   0.25077   0.01916   5.60000  7
  -0.19588   0.05838   0.03904   0.60407   5.60000  8
   0.06366  -0.11228   0.26200   0.52870   5.60000  9
  -0.47092   0.21927   0.37378  -0.39709   5.60000 10
   0.30159   0.14611  -0.55702   0.13137   5.60000 11
  -0.43640   0.22050   0.27443  -0.35402   5.60000 12
   0.04476   0.30458  -0.23036   0.39113   5.60000 13
  -0.35052  -0.24265  -0.16290  -0.59621   5.60000 14
   0.61897   0.70526  -0.41149  -0.09374   5.60000 15
  -0.33845   0.39400   0.03716  -0.33118   5.60000 16
  -0.41980   0.07366   0.01182   0.34762   5.60000 17
  -0.29400   0.13430  -0.32172   0.20788   5.60000 18
  -0.35629   0.32026  -0.23535  -0.24939   5.60000 19
   0.29340   0.96919   0.32518  -0.22075   5.60000 20
  -0.31017  -0.43790   0.16594   0.41569   5.70000  1
   0.14513   0.52218  -0.06265  -0.07978   5.70000  2
  -0.33185   0.40074   0.07146  -0.31545   5.70000  3
   0.39203  -0.03706  -0.04852  -0.20614   5.70000  4
   0.35951   1.02119   0.08930   0.11204   5.70000  5
   0.18385   1.08898   0.10595   0.02062   5.70000  6
   0.52643   1.11496   0.22353  -0.00497   5.70000  7
  -0.19334   0.12031   0.00993   0.63409   5.70000  8
   0.08896  -0.05790   0.24414   0.55891   5.70000  9
  -0.43053   0.17969   0.43342  -0.39262   5.70000 10
   0.24451   0.15934  -0.58516   0.13350   5.70000 11
  -0.40676   0.18522   0.31782  -0.35015   5.70000 12
   0.02067   0.34328  -0.25159   0.38183   5.70000 13
  -0.36621  -0.30080  -0.15061  -0.56814   5.70000 14
   0.57660   0.69612  -0.43600  -0.08872   5.70000 15
  -0.33444   0.35845   0.04301  -0.38061   5.70000 16
  -0.41673   0.11073   0.05069   0.39481   5.70000 17
  -0.32669   0.15625  -0.33181   0.23217   5.70000 18
  -0.37903   0.29390  -0.21622  -0.27929   5.70000 19
   0.32606   0.94724   0.32739  -0.21780   5.70000 20
  -0.29368  -0.39449   0.16266   0.45199   5.80000  1
   0.13799   0.51321  -0.08060  -0.10002   5.80000  2
  -0.32429   0.36590   0.07991  -0.38206   5.80000  3
   0.38561  -0.05671  -0.07985  -0.18677   5.80000  4
   0.36806   1.03146   0.08217   0.09286   5.80000  5
   0.19558   1.08973   0.12847  -0.00554   5.80000  6
   0.54741   1.11328   0.19606  -0.02834   5.80000  7
  -0.19424   0.18497  -0.02936   0.65714   5.80000  8
   0.11249  -0.00048   0.22611   0.58971   5.80000  9
  -0.38464   0.14146   0.48054  -0.36677   5.80000 10
   0.18442   0.17285  -0.61718   0.13684   5.80000 11
  -0.37314   0.15107   0.35186  -0.32827   5.80000 12
  -0.00554   0.38072  -0.27240   0.36566   5.80000 13
  -0.38052  -0.35641  -0.13471  -0.54388   5.80000 14
   0.53174   0.68756  -0.46123  -0.08218   5.80000 15
  -0.32982   0.31776   0.04959  -0.43349   5.80000 16
  -0.40932   0.15249   0.09960   0.43761   5.80000 17
  -0.36004   0.18069  -0.33131   0.25471   5.80000 18
  -0.39882   0.26416  -0.17572  -0.31583   5.80000 19
   0.35873   0.92568   0.32537  -0.21338   5.80000 20
  -0.27779  -0.34773   0.15505   0.48210   5.90000  1
   0.12889   0.50212  -0.10193  -0.12199   5.90000  2
  -0.31586   0.32424   0.08873  -0.45067   5.90000  3
   0.37610  -0.07438  -0.11025  -0.16652   5.90000  4
   0.37602   1.03968   0.07721   0.07133   5.90000  5
   0.20952   1.08789   0.15029  -0.03123   5.90000  6
   0.56563   1.10932   0.16831  -0.05082   5.90000  7
  -0.19937   0.25110  -0.07308   0.66117   5.90000  8
   0.13402   0.06004   0.20321   0.62041   5.90000  9
  -0.33539   0.10739   0.49997  -0.31130   5.90000 10
   0.12099   0.18671  -0.65138   0.14039   5.90000 11
  -0.33704   0.12052   0.36724  -0.27921   5.90000 12
  -0.03374   0.41609  -0.29103   0.34000   5.90000 13
  -0.39304  -0.40936  -0.11593  -0.51407   5.90000 14
   0.48435   0.67973  -0.48640  -0.07418   5.90000 15
  -0.32450   0.27187   0.05660  -0.48199   5.90000 16
  -0.39654   0.19748   0.15612   0.45831   5.90000 17
  -0.39175   0.20669  -0.29683   0.26293   5.90000 18
  -0.41349   0.23098  -0.11499  -0.34471   5.90000 19
   0.39099   0.90453   0.31909  -0.20994   5.90000 20
  -0.26258  -0.29810   0.14983   0.51133   6.00000  1
   0.11749   0.48879  -0.12673  -0.14470   6.00000  2
  -0.30660   0.27618   0.09560  -0.50647   6.00000  3
   0.36362  -0.08998  -0.13885  -0.14532   6.00000  4
   0.38353   1.04570   0.07301   0.04902   6.00000  5
   0.22561   1.08350   0.17142  -0.05660   6.00000  6
   0.58106   1.10315   0.14029  -0.07231   6.00000  7
  -0.20855   0.31620  -0.10748   0.63573   6.00000  8
   0.15273   0.12346   0.16899   0.64659   6.00000  9
  -0.28527   0.07942   0.50022  -0.24824   6.00000 10
   0.05421   0.20102  -0.68402   0.14657   6.00000 11
  -0.30005   0.09552   0.37164  -0.22084   6.00000 12
  -0.06362   0.44837  -0.30573   0.30399   6.00000 13
  -0.40383  -0.45914  -0.10053  -0.48168   6.00000 14
   0.43451   0.67275  -0.50994  -0.06544   6.00000 15
  -0.31857   0.22225   0.06207  -0.50455   6.00000 16
  -0.37827   0.24324   0.20798   0.45156   6.00000 17
  -0.41841   0.23279  -0.23292   0.25646   6.00000 18
  -0.42143   0.19616  -0.04289  -0.34654   6.00000 19
   0.42239   0.88362   0.30805  -0.20857   6.00000 20
  -0.24772  -0.24521   0.14786   0.54814   6.10000  1
   0.10346   0.47318  -0.15429  -0.16740   6.10000  2
  -0.29688   0.22403   0.09886  -0.53151   6.10000  3
   0.34839  -0.10344  -0.16567  -0.12396   6.10000  4
   0.39061   1.04949   0.06851   0.02669   6.10000  5
   0.24378   1.07658   0.19178  -0.08173   6.10000  6
   0.59368   1.09489   0.11207  -0.09280   6.10000  7
  -0.22008   0.37751  -0.11915   0.58868   6.10000  8
   0.16752   0.18905   0.12597   0.66392   6.10000  9
  -0.23570   0.05758   0.48967  -0.18948   6.10000 10
  -0.01586   0.21617  -0.71829   0.15660   6.10000 11
  -0.26287   0.07624   0.37123  -0.16564   6.10000 12
  -0.09474   0.47661  -0.31599   0.25965   6.10000 13
  -0.41328  -0.50581  -0.08910  -0.45245   6.10000 14
   0.38248   0.66659  -0.53009  -0.05826   6.10000 15
  -0.31194   0.17203   0.07220  -0.49634   6.10000 16
  -0.35523   0.28676   0.25110   0.41536   6.10000 17
  -0.43796   0.25745  -0.15764   0.23499   6.10000 18
  -0.42207   0.16242   0.02958  -0.32629   6.10000 19
   0.45241   0.86278   0.29139  -0.20817   6.10000 20
  -0.23294  -0.18809   0.14786   0.59643   6.20000  1
   0.08659   0.45533  -0.18309  -0.18959   6.20000  2
  -0.28661   0.17055   0.10814  -0.53610   6.20000  3
   0.33052  -0.11479  -0.19165  -0.10303   6.20000  4
   0.39720   1.05105   0.06318   0.00460   6.20000  5
   0.26394   1.06716   0.21116  -0.10654   6.20000  6
   0.60347   1.08462   0.08369  -0.11235   6.20000  7
  -0.23175   0.43386  -0.11205   0.53844   6.20000  8
   0.17790   0.25605   0.08167   0.67556   6.20000  9
  -0.18767   0.04133   0.46903  -0.13667   6.20000 10
  -0.08963   0.23216  -0.75741   0.16136   6.20000 11
  -0.22597   0.06218   0.36565  -0.11668   6.20000 12
  -0.12670   0.50014  -0.32296   0.21051   6.20000 13
  -0.42173  -0.54977  -0.08016  -0.42724   6.20000 14
   0.32861   0.66093  -0.54696  -0.05602   6.20000 15
  -0.30373   0.12339   0.09371  -0.47521   6.20000 16
  -0.32834   0.32609   0.28579   0.37169   6.20000 17
  -0.45004   0.27964  -0.08484   0.20877   6.20000 18
  -0.41561   0.13103   0.09935  -0.30159   6.20000 19
   0.48051   0.84203   0.26991  -0.20636   6.20000 20
  -0.21811  -0.12547   0.14871   0.65823   6.30000  1
   0.06688   0.43532  -0.21071  -0.21001   6.30000  2
  -0.27496   0.11711   0.12592  -0.53122   6.30000  3
   0.31004  -0.12406  -0.21799  -0.08244   6.30000  4
   0.40321   1.05041   0.05697  -0.01734   6.30000  5
   0.28597   1.05529   0.22930  -0.13071   6.30000  6
   0.61042   1.07245   0.05513  -0.13105   6.30000  7
  -0.24216   0.48522  -0.09480   0.48893   6.30000  8
   0.18389   0.32409   0.03825   0.68489   6.30000  9
  -0.14233   0.03001   0.43533  -0.09119   6.30000 10
  -0.16713   0.24797  -0.78983   0.15271   6.30000 11
  -0.19004   0.05263   0.35101  -0.07608   6.30000 12
  -0.15926   0.51866  -0.32796   0.15976   6.30000 13
  -0.42937  -0.59137  -0.07277  -0.40545   6.30000 14
   0.27313   0.65515  -0.56251  -0.06105   6.30000 15
  -0.29293   0.07720   0.12303  -0.44750   6.30000 16
  -0.29819   0.36138   0.31688   0.33561   6.30000 17
  -0.45513   0.29930  -0.01768   0.18504   6.30000 18
  -0.40225   0.10202   0.16773  -0.27915   6.30000 19
   0.50631   0.82159   0.24599  -0.20198   6.30000 20
  -0.20324  -0.05607   0.14821   0.73028   6.40000  1
   0.04455   0.41351  -0.23541  -0.22500   6.40000  2
  -0.26136   0.06459   0.14625  -0.51786   6.40000  3
   0.28687  -0.13127  -0.24573  -0.06156   6.40000  4
   0.40858   1.04758   0.05021  -0.03951   6.40000  5
   0.30974   1.04106   0.24586  -0.15365   6.40000  6
   0.61449   1.05844   0.02630  -0.14904   6.40000  7
  -0.25055   0.53162  -0.07254   0.43874   6.40000  8
   0.18556   0.39292  -0.00449   0.69087   6.40000  9
  -0.10102   0.02276   0.38927  -0.05521   6.40000 10
  -0.24675   0.26249  -0.79755   0.13772   6.40000 11
  -0.15615   0.04654   0.32514  -0.04789   6.40000 12
  -0.19222   0.53213  -0.33043   0.11004   6.40000 13
  -0.43632  -0.63095  -0.06639  -0.38640   6.40000 14
   0.21610   0.64845  -0.57822  -0.07432   6.40000 15
  -0.27906   0.03405   0.15442  -0.41468   6.40000 16
  -0.26513   0.39344   0.34263   0.30659   6.40000 17
  -0.45371   0.31679   0.04570   0.16531   6.40000 18
  -0.38208   0.07512   0.23535  -0.25909   6.40000 19
   0.52969   0.80171   0.22144  -0.19535   6.40000 20
  -0.18867   0.02010   0.14230   0.78629   6.50000  1
   0.01980   0.39059  -0.25998  -0.23215   6.50000  2
  -0.24566   0.01389   0.16787  -0.49314   6.50000  3
   0.26083  -0.13633  -0.27561  -0.03952   6.50000  4
   0.41326   1.04249   0.04358  -0.06248   6.50000  5
   0.33508   1.02462   0.26049  -0.17465   6.50000  6
   0.61566   1.04266  -0.00298  -0.16652   6.50000  7
  -0.25662   0.57291  -0.04893   0.38687   6.50000  8
   0.18308   0.46210  -0.04437   0.69196   6.50000  9
  -0.06469   0.01878   0.33695  -0.02468   6.50000 10
  -0.32567   0.27565  -0.77694   0.12643   6.50000 11
  -0.12526   0.04270   0.29202  -0.02975   6.50000 12
  -0.22514   0.54078  -0.32643   0.06387   6.50000 13
  -0.44267  -0.66873  -0.06068  -0.36952   6.50000 14
   0.15748   0.63999  -0.59409  -0.09624   6.50000 15
  -0.26203  -0.00547   0.18593  -0.37361   6.50000 16
  -0.23009   0.42294   0.35618   0.28479   6.50000 17
  -0.44604   0.33246   0.10740   0.14849   6.50000 18
  -0.35526   0.05019   0.30052  -0.23934   6.50000 19
   0.55060   0.78258   0.19678  -0.18707   6.50000 20
  -0.17472   0.09945   0.13785   0.79452   6.60000  1
  -0.00756   0.36720  -0.28774  -0.23542   6.60000  2
  -0.22787  -0.03329   0.18706  -0.44792   6.60000  3
   0.23166  -0.13910  -0.30812  -0.01543   6.60000  4
   0.41733   1.03503   0.03806  -0.08694   6.60000  5
   0.36176   1.00621   0.27266  -0.19315   6.60000  6
   0.61387   1.02514  -0.03299  -0.18367   6.60000  7
  -0.26037   0.60895  -0.02635   0.33367   6.60000  8
   0.17682   0.53123  -0.08060   0.69013   6.60000  9
  -0.03359   0.01779   0.28563   0.00450   6.60000 10
  -0.40158   0.28800  -0.73903   0.12200   6.60000 11
  -0.09776   0.04061   0.25848  -0.01154   6.60000 12
  -0.25711   0.54511  -0.31086   0.02378   6.60000 13
  -0.44847  -0.70491  -0.05544  -0.35439   6.60000 14
   0.09733   0.62896  -0.60836  -0.12517   6.60000 15
  -0.24206  -0.04026   0.21235  -0.32131   6.60000 16
  -0.19422   0.45062   0.36012   0.26923   6.60000 17
  -0.43233   0.34651   0.16554   0.13266   6.60000 18
  -0.32218   0.02731   0.35982  -0.21815   6.60000 19
   0.56904   0.76434   0.17190  -0.17739   6.60000 20
  -0.16090   0.17851   0.13939   0.78679   6.70000  1
  -0.03781   0.34350  -0.31724  -0.23875   6.70000  2
  -0.20842  -0.07550   0.20144  -0.39607   6.70000  3
   0.19910  -0.13932  -0.34358   0.01154   6.70000  4
   0.42095   1.02503   0.03479  -0.11343   6.70000  5
   0.38950   0.98609   0.28158  -0.20892   6.70000  6
   0.60903   1.00593  -0.06405  -0.20066   6.70000  7
  -0.26193   0.63966  -0.00485   0.28076   6.70000  8
   0.16702   0.59993  -0.11493   0.68263   6.70000  9
  -0.00740   0.01957   0.23892   0.03030   6.70000 10
  -0.47305   0.30031  -0.68847   0.12494   6.70000 11
  -0.07337   0.04040   0.23048   0.00688   6.70000 12
  -0.28693   0.54578  -0.28411  -0.00927   6.70000 13
  -0.45377  -0.73965  -0.05052  -0.34072   6.70000 14
   0.03589   0.61493  -0.62063  -0.15523   6.70000 15
  -0.21976  -0.06977   0.23292  -0.26963   6.70000 16
  -0.15822   0.47675   0.35940   0.25300   6.70000 17
  -0.41332   0.35906   0.21255   0.11920   6.70000 18
  -0.28359   0.00656   0.41031  -0.19714   6.70000 19
   0.58497   0.74715   0.14659  -0.16620   6.70000 20
  -0.14673   0.25710   0.14432   0.78678   6.80000  1
  -0.07094   0.31941  -0.34463  -0.24317   6.80000  2
  -0.18762  -0.11249   0.21463  -0.34361   6.80000  3
   0.16284  -0.13667  -0.38224   0.04218   6.80000  4
   0.42439   1.01227   0.03457  -0.14203   6.80000  5
   0.41794   0.96451   0.28635  -0.22210   6.80000  6
   0.60101   0.98501  -0.09651  -0.21762   6.80000  7
  -0.26133   0.66515   0.01695   0.22924   6.80000  8
   0.15403   0.66749  -0.14328   0.66750   6.80000  9
   0.01432   0.02366   0.19593   0.05036   6.80000 10
  -0.53914   0.31304  -0.63382   0.12956   6.80000 11
  -0.05148   0.04185   0.20801   0.02123   6.80000 12
  -0.31372   0.54341  -0.25083  -0.03770   6.80000 13
  -0.45858  -0.77310  -0.04585  -0.32830   6.80000 14
  -0.02692   0.59794  -0.63635  -0.18477   6.80000 15
  -0.19555  -0.09433   0.25123  -0.22220   6.80000 16
  -0.12241   0.50113   0.35615   0.23456   6.80000 17
  -0.39008   0.37060   0.25204   0.11293   6.80000 18
  -0.24039  -0.01224   0.45256  -0.17953   6.80000 19
   0.59834   0.73116   0.12079  -0.15330   6.80000 20
  -0.13208   0.33602   0.14745   0.79105   6.90000  1
  -0.10648   0.29505  -0.36399  -0.24187   6.90000  2
  -0.16545  -0.14420   0.22889  -0.29054   6.90000  3
   0.12255  -0.13074  -0.42407   0.07711   6.90000  4
   0.42797   0.99657   0.03743  -0.17225   6.90000  5
   0.44662   0.94174   0.28653  -0.23295   6.90000  6
   0.58967   0.96240  -0.13050  -0.23459   6.90000  7
  -0.25850   0.68554   0.03974   0.17854   6.90000  8
   0.13868   0.73329  -0.16223   0.64810   6.90000  9
   0.03183   0.02941   0.15442   0.06354   6.90000 10
  -0.60000   0.32621  -0.58456   0.13371   6.90000 11
  -0.03166   0.04446   0.18867   0.02988   6.90000 12
  -0.33695   0.53830  -0.21309  -0.06410   6.90000 13
  -0.46295  -0.80535  -0.04143  -0.31698   6.90000 14
  -0.09147   0.57784  -0.65389  -0.21777   6.90000 15
  -0.16952  -0.11432   0.26947  -0.17814   6.90000 16
  -0.08719   0.52370   0.34614   0.21686   6.90000 17
  -0.36288   0.38190   0.29230   0.11414   6.90000 18
  -0.19330  -0.02945   0.48821  -0.16512   6.90000 19
   0.60911   0.71655   0.09450  -0.13862   6.90000 20
  -0.11763   0.41519   0.13947   0.79257   7.00000  1
  -0.14318   0.27143  -0.36776  -0.22971   7.00000  2
  -0.14176  -0.17056   0.24536  -0.23635   7.00000  3
   0.07794  -0.12111  -0.46831   0.11610   7.00000  4
   0.43195   0.97780   0.04261  -0.20316   7.00000  5
   0.47509   0.91800   0.28228  -0.24168   7.00000  6
   0.57488   0.93810  -0.16550  -0.25151   7.00000  7
  -0.25338   0.70084   0.06241   0.12733   7.00000  8
   0.12188   0.79701  -0.17251   0.62570   7.00000  9
   0.04518   0.03612   0.11226   0.06931   7.00000 10
  -0.65629   0.33976  -0.54221   0.13731   7.00000 11
  -0.01371   0.04760   0.17025   0.03177   7.00000 12
  -0.35616   0.53065  -0.17009  -0.08858   7.00000 13
  -0.46688  -0.83652  -0.03724  -0.30665   7.00000 14
  -0.15725   0.55443  -0.65918  -0.24962   7.00000 15
  -0.14161  -0.13003   0.28897  -0.13624   7.00000 16
  -0.05376   0.54440   0.32025   0.19629   7.00000 17
  -0.33157   0.39363   0.33373   0.12131   7.00000 18
  -0.14296  -0.04530   0.51756  -0.15193   7.00000 19
   0.61722   0.70349   0.06763  -0.12226   7.00000 20
  -0.10450   0.49453   0.12216   0.79277   7.10000  1
  -0.17967   0.24912  -0.36058  -0.21645   7.10000  2
  -0.11631  -0.19140   0.26389  -0.18001   7.10000  3
   0.02889  -0.10747  -0.51204   0.15644   7.10000  4
   0.43653   0.95595   0.04903  -0.23376   7.10000  5
   0.50292   0.89346   0.27327  -0.24884   7.10000  6
   0.55661   0.91211  -0.19936  -0.26810   7.10000  7
  -0.24610   0.71099   0.08290   0.07585   7.10000  8
   0.10440   0.85832  -0.17628   0.59997   7.10000  9
   0.05422   0.04303   0.06830   0.06798   7.10000 10
  -0.70864   0.35365  -0.50563   0.14024   7.10000 11
   0.00236   0.05056   0.15111   0.02622   7.10000 12
  -0.37078   0.52071  -0.12145  -0.10931   7.10000 13
  -0.47040  -0.86671  -0.03332  -0.29720   7.10000 14
  -0.22286   0.52813  -0.65097  -0.27492   7.10000 15
  -0.11166  -0.14160   0.31026  -0.09502   7.10000 16
  -0.02337   0.56289   0.28725   0.17399   7.10000 17
  -0.29624   0.40631   0.37178   0.13285   7.10000 18
  -0.09002  -0.05983   0.53974  -0.13837   7.10000 19
   0.62261   0.69215   0.03993  -0.10435   7.10000 20
  -0.09316   0.57332   0.10582   0.78111   7.20000  1
  -0.21503   0.22816  -0.34537  -0.20260   7.20000  2
  -0.08901  -0.20644   0.28164  -0.12008   7.20000  3
  -0.02406  -0.09003  -0.54241   0.19053   7.20000  4
   0.44177   0.93108   0.05579  -0.26350   7.20000  5
   0.52951   0.86824   0.25714  -0.25556   7.20000  6
   0.53519   0.88451  -0.22770  -0.28368   7.20000  7
  -0.23687   0.71608   0.10162   0.02667   7.20000  8
   0.08676   0.91689  -0.17601   0.57098   7.20000  9
   0.05881   0.04952   0.02376   0.06086   7.20000 10
  -0.75756   0.36779  -0.47354   0.14239   7.20000 11
   0.01644   0.05263   0.13015   0.01445   7.20000 12
  -0.38035   0.50895  -0.06983  -0.12535   7.20000 13
  -0.47355  -0.89599  -0.02968  -0.28857   7.20000 14
  -0.28713   0.49974  -0.63280  -0.29154   7.20000 15
  -0.07958  -0.14898   0.33062  -0.05204   7.20000 16
   0.00370   0.57940   0.25436   0.15746   7.20000 17
  -0.25765   0.42027   0.39671   0.14608   7.20000 18
  -0.03542  -0.07291   0.54866  -0.12255   7.20000 19
   0.62517   0.68267   0.01107  -0.08503   7.20000 20
  -0.08308   0.65045   0.09687   0.76053   7.30000  1
  -0.24853   0.20862  -0.32375  -0.18835   7.30000  2
  -0.06018  -0.21533   0.29364  -0.05776   7.30000  3
  -0.07821  -0.06989  -0.53372   0.21013   7.30000  4
   0.44767   0.90327   0.06189  -0.29249   7.30000  5
   0.55403   0.84231   0.23168  -0.26341   7.30000  6
   0.51139   0.85545  -0.24643  -0.29712   7.30000  7
  -0.22573   0.71649   0.12145  -0.01735   7.30000  8
   0.06925   0.97243  -0.17390   0.53954   7.30000  9
   0.05908   0.05507  -0.01739   0.04966   7.30000 10
  -0.80346   0.38210  -0.44494   0.14364   7.30000 11
   0.02835   0.05337   0.10783   0.00017   7.30000 12
  -0.38485   0.49574  -0.02147  -0.13871   7.30000 13
  -0.47635  -0.92445  -0.02635  -0.28070   7.30000 14
  -0.34904   0.47011  -0.60390  -0.29964   7.30000 15
  -0.04587  -0.15190   0.34134  -0.00636   7.30000 16
   0.02760   0.59466   0.22429   0.14899   7.30000 17
  -0.21760   0.43532   0.40175   0.15358   7.30000 18
   0.01874  -0.08409   0.53028  -0.09991   7.30000 19
   0.62477   0.67519  -0.01917  -0.06445   7.30000 20
  -0.07364   0.72525   0.09247   0.73465   7.40000  1
  -0.27967   0.19046  -0.29865  -0.17501   7.40000  2
  -0.03047  -0.21806   0.29985   0.00251   7.40000  3
  -0.12998  -0.04815  -0.50003   0.22467   7.40000  4
   0.45408   0.87259   0.06583  -0.32106   7.40000  5
   0.57560   0.81549   0.19895  -0.27336   7.40000  6
   0.48621   0.82518  -0.25596  -0.30780   7.40000  7
  -0.21249   0.71288   0.14377  -0.05335   7.40000  8
   0.05199   1.02476  -0.17133   0.50686   7.40000  9
   0.05560   0.05938  -0.05086   0.03626   7.40000 10
  -0.84664   0.39648  -0.41911   0.14396   7.40000 11
   0.03804   0.05270   0.08646  -0.01312   7.40000 12
  -0.38500   0.48120   0.01629  -0.15208   7.40000 13
  -0.47883  -0.95215  -0.02335  -0.27353   7.40000 14
  -0.40769   0.44007  -0.56829  -0.30043   7.40000 15
  -0.01167  -0.15034   0.34157   0.03690   7.40000 16
   0.04873   0.60936   0.19921   0.14531   7.40000 17
  -0.17755   0.45077   0.39893   0.15492   7.40000 18
   0.07009  -0.09277   0.49513  -0.07343   7.40000 19
   0.62128   0.66981  -0.05086  -0.04287   7.40000 20
  -0.06444   0.79726   0.09249   0.70513   7.50000  1
  -0.30823   0.17357  -0.27239  -0.16315   7.50000  2
  -0.00028  -0.21496   0.30388   0.05896   7.50000  3
  -0.17819  -0.02484  -0.46471   0.24224   7.50000  4
   0.46070   0.83908   0.06591  -0.34912   7.50000  5
   0.59370   0.78757   0.16268  -0.28525   7.50000  6
   0.46042   0.79396  -0.25896  -0.31620   7.50000  7
  -0.19697   0.70613   0.16653  -0.08034   7.50000  8
   0.03498   1.07380  -0.16892   0.47402   7.50000  9
   0.04924   0.06231  -0.07472   0.02247   7.50000 10
  -0.88736   0.41086  -0.39557   0.14332   7.50000 11
   0.04573   0.05082   0.06779  -0.02416   7.50000 12
  -0.38198   0.46532   0.04279  -0.16541   7.50000 13
  -0.48103  -0.97918  -0.02068  -0.26701   7.50000 14
  -0.46260   0.41007  -0.52972  -0.29951   7.50000 15
   0.02234  -0.14468   0.33823   0.07545   7.50000 16
   0.06762   0.62375   0.17940   0.14259   7.50000 17
  -0.13781   0.46626   0.39607   0.15478   7.50000 18
   0.11757  -0.09882   0.45370  -0.04801   7.50000 19
   0.61456   0.66663  -0.08381  -0.02083   7.50000 20
  -0.05497   0.86628   0.09754   0.67551   7.60000  1
  -0.33414   0.15778  -0.24588  -0.15277   7.60000  2
   0.03029  -0.20637   0.30753   0.11237   7.60000  3
  -0.22310   0.00040  -0.43466   0.26310   7.60000  4
   0.46710   0.80281   0.06141  -0.37590   7.60000  5
   0.60808   0.75841   0.12447  -0.29814   7.60000  6
   0.43457   0.76198  -0.25733  -0.32337   7.60000  7
  -0.17924   0.69700   0.18769  -0.10180   7.60000  8
   0.01820   1.11958  -0.16674   0.44173   7.60000  9
   0.04097   0.06390  -0.08907   0.00959   7.60000 10
  -0.92582   0.42512  -0.37401   0.14175   7.60000 11
   0.05171   0.04794   0.05230  -0.03297   7.60000 12
  -0.37664   0.44815   0.06346  -0.17795   7.60000 13
  -0.48298  -1.00558  -0.01831  -0.26107   7.60000 14
  -0.51368   0.38012  -0.49230  -0.29972   7.60000 15
   0.05593  -0.13537   0.33333   0.11028   7.60000 16
   0.08477   0.63783   0.16435   0.13869   7.60000 17
  -0.09829   0.48175   0.39448   0.15514   7.60000 18
   0.16073  -0.10245   0.40918  -0.02502   7.60000 19
   0.60450   0.66563  -0.11745   0.00055   7.60000 20
  -0.04482   0.93247   0.10574   0.64899   7.70000  1
  -0.35740   0.14297  -0.21920  -0.14356   7.70000  2
   0.06122  -0.19256   0.31097   0.16369   7.70000  3
  -0.26533   0.02786  -0.41084   0.28626   7.70000  4
   0.47286   0.76397   0.05319  -0.40034   7.70000  5
   0.61852   0.72797   0.08385  -0.31033   7.70000  6
   0.40904   0.72930  -0.25298  -0.33019   7.70000  7
  -0.15946   0.68583   0.20790  -0.12156   7.70000  8
   0.00163   1.16218  -0.16455   0.41034   7.70000  9
   0.03172   0.06428  -0.09461  -0.00166   7.70000 10
  -0.96222   0.43918  -0.35424   0.13931   7.70000 11
   0.05630   0.04429   0.04018  -0.03990   7.70000 12
  -0.36935   0.42974   0.08213  -0.19016   7.70000 13
  -0.48470  -1.03141  -0.01622  -0.25565   7.70000 14
  -0.56116   0.35008  -0.45799  -0.30123   7.70000 15
   0.08893  -0.12273   0.32629   0.14202   7.70000 16
   0.10063   0.65141   0.15366   0.13239   7.70000 17
  -0.05886   0.49733   0.39423   0.15670   7.70000 18
   0.19937  -0.10389   0.36344  -0.00409   7.70000 19
   0.59107   0.66664  -0.15093   0.01896   7.70000 20
  -0.03381   0.99622   0.11449   0.62683   7.80000  1
  -0.37797   0.12906  -0.19226  -0.13464   7.80000  2
   0.09246  -0.17369   0.31366   0.21339   7.80000  3
  -0.30546   0.05769  -0.39277   0.31035   7.80000  4
   0.47767   0.72286   0.04292  -0.42113   7.80000  5
   0.62474   0.69644   0.03996  -0.31945   7.80000  6
   0.38399   0.69595  -0.24826  -0.33687   7.80000  7
  -0.13764   0.67269   0.22868  -0.14117   7.80000  8
  -0.01470   1.20168  -0.16196   0.37994   7.80000  9
   0.02232   0.06364  -0.09211  -0.01065   7.80000 10
  -0.99673   0.45295  -0.33614   0.13608   7.80000 11
   0.05987   0.04002   0.03189  -0.04504   7.80000 12
  -0.36023   0.41010   0.10011  -0.20289   7.80000 13
  -0.48623  -1.05672  -0.01439  -0.25071   7.80000 14
  -0.60538   0.31986  -0.42667  -0.30337   7.80000 15
   0.12109  -0.10707   0.31631   0.17052   7.80000 16
   0.11564   0.66420   0.14713   0.12261   7.80000 17
  -0.01940   0.51314   0.39534   0.15976   7.80000 18
   0.23341  -0.10330   0.31755   0.01582   7.80000 19
   0.57434   0.66919  -0.18348   0.03063   7.80000 20
  -0.02198   1.05798   0.12179   0.60916   7.90000  1
  -0.39585   0.11611  -0.16552  -0.12375   7.90000  2
   0.12390  -0.14994   0.31478   0.26124   7.90000  3
  -0.34402   0.08987  -0.37893   0.33279   7.90000  4
   0.48140   0.67994   0.03137  -0.43598   7.90000  5
   0.62641   0.66423  -0.00697  -0.32392   7.90000  6
   0.35933   0.66194  -0.24546  -0.34304   7.90000  7
  -0.11367   0.65759   0.25120  -0.16066   7.90000  8
  -0.03072   1.23820  -0.15838   0.35060   7.90000  9
   0.01353   0.06225  -0.08253  -0.01674   7.90000 10
  -1.02950   0.46637  -0.31963   0.13223   7.90000 11
   0.06283   0.03535   0.02813  -0.04804   7.90000 12
  -0.34934   0.38912   0.11757  -0.21685   7.90000 13
  -0.48759  -1.08156  -0.01278  -0.24620   7.90000 14
  -0.64657   0.28941  -0.39754  -0.30549   7.90000 15
   0.15209  -0.08875   0.30310   0.19522   7.90000 16
   0.13019   0.67578   0.14457   0.10810   7.90000 17
   0.02026   0.52933   0.39805   0.16422   7.90000 18
   0.26289  -0.10072   0.27198   0.03596   7.90000 19
   0.55442   0.67239  -0.21479   0.03115   7.90000 20
  -0.00954   1.11819   0.12632   0.59554   8.00000  1
  -0.41114   0.10450  -0.14080  -0.10737   8.00000  2
   0.15533  -0.12154   0.31345   0.30621   8.00000  3
  -0.38129   0.12406  -0.36615   0.34960   8.00000  4
   0.48386   0.63596   0.01707  -0.44205   8.00000  5
   0.62329   0.63179  -0.05552  -0.32452   8.00000  6
   0.33477   0.62738  -0.24627  -0.34788   8.00000  7
  -0.08732   0.64058   0.27615  -0.17943   8.00000  8
  -0.04632   1.27185  -0.15311   0.32254   8.00000  9
   0.00601   0.06041  -0.06704  -0.01936   8.00000 10
  -1.06070   0.47938  -0.30463   0.12791   8.00000 11
   0.06567   0.03052   0.02944  -0.04794   8.00000 12
  -0.33675   0.36667   0.13401  -0.23242   8.00000 13
  -0.48879  -1.10597  -0.01137  -0.24205   8.00000 14
  -0.68493   0.25878  -0.36982  -0.30695   8.00000 15
   0.18161  -0.06817   0.28704   0.21568   8.00000 16
   0.14467   0.68561   0.14550   0.08744   8.00000 17
   0.06029   0.54601   0.40297   0.16948   8.00000 18
   0.28783  -0.09606   0.22698   0.05765   8.00000 19
   0.53145   0.67496  -0.24422   0.01790   8.00000 20
   0.00317   1.17720   0.12725   0.58501   8.10000  1
  -0.42415   0.09487  -0.12001  -0.08427   8.10000  2
   0.18648  -0.08885   0.30894   0.34651   8.10000  3
  -0.41716   0.15952  -0.35053   0.35834   8.10000  4
   0.48465   0.59183  -0.00213  -0.43940   8.10000  5
   0.61529   0.59938  -0.10447  -0.32346   8.10000  6
   0.30993   0.59244  -0.25139  -0.35039   8.10000  7
  -0.05834   0.62176   0.30385  -0.19672   8.10000  8
  -0.06127   1.30277  -0.14548   0.29635   8.10000  9
   0.00027   0.05851  -0.04698  -0.01810   8.10000 10
  -1.09047   0.49195  -0.29101   0.12331   8.10000 11
   0.06889   0.02591   0.03586  -0.04340   8.10000 12
  -0.32261   0.34260   0.14839  -0.24915   8.10000 13
  -0.48987  -1.12999  -0.01013  -0.23824   8.10000 14
  -0.72057   0.22806  -0.34305  -0.30713   8.10000 15
   0.20943  -0.04575   0.26901   0.23213   8.10000 16
   0.15938   0.69302   0.14896   0.05950   8.10000 17
   0.10095   0.56321   0.41097   0.17413   8.10000 18
   0.30831  -0.08910   0.18286   0.08224   8.10000 19
   0.50567   0.67557  -0.27092  -0.00726   8.10000 20
