  -0.47031  -0.69987   0.06388   0.01593   0.10000  1
  -0.52310   1.22612  -0.00185  -0.01825   0.10000  2
  -0.48646  -1.49996   0.02081   0.02546   0.10000  3
   0.21056  -0.52123  -0.02758   0.00472   0.10000  4
  -1.32503   0.25305   0.02552  -0.00739   0.10000  5
  -1.04875   0.86783   0.01262  -0.01207   0.10000  6
   0.71475   0.05514  -0.03774   0.06026   0.10000  7
  -1.03157  -0.13171   0.01794   0.01242   0.10000  8
  -0.39788   0.10558   0.02576  -0.02394   0.10000  9
   1.03528   0.49331  -0.07321  -0.02099   0.10000 10
   0.64814   0.21974   0.01664  -0.01698   0.10000 11
   0.53477  -0.89964  -0.07000  -0.00886   0.10000 12
  -0.19718  -0.73548   0.00355   0.03193   0.10000 13
   0.03086   0.56166   0.00990  -0.03098   0.10000 14
  -0.16030  -0.32801   0.02460  -0.01422   0.10000 15
   0.02818  -1.29822   0.00097   0.04118   0.10000 16
   0.42194  -1.00672  -0.00268   0.05445   0.10000 17
   0.79818   0.47842   0.00132  -0.04457   0.10000 18
   0.15259  -0.06783  -0.00600  -0.02131   0.10000 19
   0.79452   1.17789  -0.00446  -0.02678   0.10000 20
  -0.46068  -0.69747   0.12917   0.03214   0.20000  1
  -0.52338   1.22338  -0.00374  -0.03655   0.20000  2
  -0.48333  -1.49614   0.04175   0.05113   0.20000  3
   0.20640  -0.52052  -0.05588   0.00942   0.20000  4
  -1.32120   0.25194   0.05117  -0.01483   0.20000  5
  -1.04685   0.86602   0.02529  -0.02417   0.20000  6
   0.70912   0.06425  -0.07477   0.12245   0.20000  7
  -1.02887  -0.12985   0.03589   0.02492   0.20000  8
  -0.39400   0.10198   0.05188  -0.04816   0.20000  9
   1.02424   0.49012  -0.14799  -0.04321   0.20000 10
   0.65064   0.21717   0.03351  -0.03437   0.20000 11
   0.52423  -0.90098  -0.14101  -0.01802   0.20000 12
  -0.19665  -0.73067   0.00701   0.06439   0.20000 13
   0.03235   0.55700   0.01998  -0.06227   0.20000 14
  -0.15659  -0.33016   0.04951  -0.02908   0.20000 15
   0.02833  -1.29202   0.00200   0.08283   0.20000 16
   0.42154  -0.99853  -0.00523   0.10973   0.20000 17
   0.79838   0.47171   0.00284  -0.08960   0.20000 18
   0.15168  -0.07104  -0.01240  -0.04307   0.20000 19
   0.79385   1.17387  -0.00899  -0.05370   0.20000 20
  -0.44438  -0.69342   0.19743   0.04900   0.30000  1
  -0.52385   1.21881  -0.00571  -0.05494   0.30000  2
  -0.47810  -1.48973   0.06293   0.07720   0.30000  3
   0.19933  -0.51934  -0.08567   0.01409   0.30000  4
  -1.31479   0.25008   0.07708  -0.02239   0.30000  5
  -1.04369   0.86299   0.03805  -0.03632   0.30000  6
   0.69986   0.07976  -0.10988   0.18836   0.30000  7
  -1.02439  -0.12672   0.05383   0.03760   0.30000  8
  -0.38748   0.09593   0.07875  -0.07296   0.30000  9
   1.00558   0.48458  -0.22596  -0.06817   0.30000 10
   0.65484   0.21284   0.05048  -0.05228   0.30000 11
   0.50651  -0.90325  -0.21361  -0.02738   0.30000 12
  -0.19578  -0.72257   0.01029   0.09792   0.30000 13
   0.03487   0.54919   0.03045  -0.09416   0.30000 14
  -0.15037  -0.33387   0.07503  -0.04530   0.30000 15
   0.02859  -1.28162   0.00316   0.12548   0.30000 16
   0.42089  -0.98473  -0.00802   0.16627   0.30000 17
   0.79875   0.46047   0.00462  -0.13542   0.30000 18
   0.15009  -0.07647  -0.01963  -0.06574   0.30000 19
   0.79272   1.16714  -0.01364  -0.08089   0.30000 20
  -0.42103  -0.68764   0.27041   0.06699   0.40000  1
  -0.52453   1.21239  -0.00781  -0.07346   0.40000  2
  -0.47073  -1.48068   0.08449   0.10391   0.40000  3
   0.18918  -0.51770  -0.11786   0.01877   0.40000  4
  -1.30577   0.24745   0.10339  -0.03013   0.40000  5
  -1.03924   0.85875   0.05097  -0.04854   0.40000  6
   0.68729   0.10208  -0.14035   0.25883   0.40000  7
  -1.01811  -0.12232   0.07176   0.05055   0.40000  8
  -0.37822   0.08736   0.10680  -0.09868   0.40000  9
   0.97889   0.47632  -0.30871  -0.09797   0.40000 10
   0.66071   0.20673   0.06639  -0.06960   0.40000 11
   0.48148  -0.90642  -0.28690  -0.03534   0.40000 12
  -0.19460  -0.71103   0.01332   0.13303   0.40000 13
   0.03847   0.53814   0.04157  -0.12699   0.40000 14
  -0.14156  -0.33930   0.10146  -0.06371   0.40000 15
   0.02897  -1.26687   0.00457   0.16974   0.40000 16
   0.41987  -0.96526  -0.01301   0.22305   0.40000 17
   0.79930   0.44460   0.00629  -0.18206   0.40000 18
   0.14771  -0.08424  -0.02824  -0.08990   0.40000 19
   0.79111   1.15768  -0.01852  -0.10850   0.40000 20
  -0.39007  -0.67996   0.35020   0.08687   0.50000  1
  -0.52542   1.20411  -0.01009  -0.09219   0.50000  2
  -0.46119  -1.46891   0.10658   0.13150   0.50000  3
   0.17564  -0.51559  -0.15359   0.02359   0.50000  4
  -1.29409   0.24404   0.13026  -0.03811   0.50000  5
  -1.03349   0.85328   0.06409  -0.06088   0.50000  6
   0.67213   0.13159  -0.16022   0.33107   0.50000  7
  -1.01004  -0.11660   0.08965   0.06386   0.50000  8
  -0.36607   0.07615   0.13652  -0.12572   0.50000  9
   0.94364   0.46471  -0.39733  -0.13593   0.50000 10
   0.66797   0.19910   0.07757  -0.08115   0.50000 11
   0.44926  -0.91010  -0.35599  -0.03635   0.50000 12
  -0.19312  -0.69589   0.01614   0.17015   0.50000 13
   0.04322   0.52374   0.05366  -0.16111   0.50000 14
  -0.13004  -0.34672   0.12904  -0.08542   0.50000 15
   0.02952  -1.24759   0.00644   0.21637   0.50000 16
   0.41801  -0.94027  -0.02643   0.27517   0.50000 17
   0.79996   0.42405   0.00623  -0.22880   0.50000 18
   0.14437  -0.09452  -0.03897  -0.11626   0.50000 19
   0.78900   1.14542  -0.02375  -0.13667   0.50000 20
  -0.35069  -0.67016   0.43905   0.11001   0.60000  1
  -0.52655   1.19394  -0.01256  -0.11117   0.60000  2
  -0.44940  -1.45434   0.12935   0.16023   0.60000  3
   0.15830  -0.51297  -0.19437   0.02884   0.60000  4
  -1.27969   0.23982   0.15785  -0.04641   0.60000  5
  -1.02641   0.84657   0.07748  -0.07334   0.60000  6
   0.65595   0.16798  -0.15901   0.39359   0.60000  7
  -1.00018  -0.10953   0.10744   0.07759   0.60000  8
  -0.35084   0.06215   0.16851  -0.15456   0.60000  9
   0.89926   0.44869  -0.49073  -0.18725   0.60000 10
   0.67583   0.19116   0.07722  -0.07276   0.60000 11
   0.41078  -0.91308  -0.41033  -0.01926   0.60000 12
  -0.19136  -0.67693   0.01933   0.20943   0.60000 13
   0.04925   0.50586   0.06719  -0.19687   0.60000 14
  -0.11571  -0.35654   0.15792  -0.11189   0.60000 15
   0.03029  -1.22349   0.00914   0.26641   0.60000 16
   0.41389  -0.91073  -0.06052   0.31219   0.60000 17
   0.80033   0.39891  -0.00071  -0.27337   0.60000 18
   0.13981  -0.10760  -0.05274  -0.14586   0.60000 19
   0.78635   1.13032  -0.02951  -0.16556   0.60000 20
  -0.30191  -0.65777   0.53824   0.13906   0.70000  1
  -0.52794   1.18186  -0.01529  -0.13050   0.70000  2
  -0.43529  -1.43682   0.15299   0.19044   0.70000  3
   0.13653  -0.50979  -0.24230   0.03499   0.70000  4
  -1.26249   0.23475   0.18636  -0.05512   0.70000  5
  -1.01798   0.83861   0.09123  -0.08598   0.70000  6
   0.64133   0.20944  -0.12852   0.43102   0.70000  7
  -0.98856  -0.10107   0.12505   0.09184   0.70000  8
  -0.33226   0.04516   0.20350  -0.18589   0.70000  9
   0.84556   0.42659  -0.58165  -0.25863   0.70000 10
   0.68292   0.18583   0.06262  -0.02683   0.70000 11
   0.36790  -0.91310  -0.44443   0.02275   0.70000 12
  -0.18916  -0.65396   0.02566   0.25017   0.70000 13
   0.05672   0.48430   0.08276  -0.23460   0.70000 14
  -0.09842  -0.36932   0.18808  -0.14516   0.70000 15
   0.03139  -1.19415   0.01321   0.32130   0.70000 16
   0.40494  -0.87856  -0.12298   0.32817   0.70000 17
   0.79916   0.36959  -0.02777  -0.31153   0.70000 18
   0.13368  -0.12385  -0.07073  -0.18021   0.70000 19
   0.78308   1.11228  -0.03604  -0.19530   0.70000 20
  -0.24283  -0.64198   0.64314   0.17926   0.80000  1
  -0.52962   1.16783  -0.01830  -0.15026   0.80000  2
  -0.41876  -1.41619   0.17768   0.22248   0.80000  3
   0.10950  -0.50592  -0.30033   0.04260   0.80000  4
  -1.24238   0.22878   0.21605  -0.06435   0.80000  5
  -1.00815   0.82937   0.10541  -0.09881   0.80000  6
   0.63114   0.25336  -0.07127   0.44390   0.80000  7
  -0.97518  -0.09115   0.14237   0.10666   0.80000  8
  -0.31001   0.02486   0.24241  -0.22066   0.80000  9
   0.78350   0.39617  -0.65585  -0.35332   0.80000 10
   0.68818   0.18704   0.04272   0.05604   0.80000 11
   0.32223  -0.90795  -0.46848   0.08228   0.80000 12
  -0.18580  -0.62693   0.04567   0.28980   0.80000 13
   0.06589   0.45887   0.10119  -0.27455   0.80000 14
  -0.07806  -0.38589   0.21903  -0.18809   0.80000 15
   0.03300  -1.15900   0.01947   0.38313   0.80000 16
   0.38859  -0.84551  -0.20663   0.33186   0.80000 17
   0.79337   0.33692  -0.09649  -0.34043   0.80000 18
   0.12548  -0.14387  -0.09419  -0.22153   0.80000 19
   0.77910   1.09122  -0.04360  -0.22600   0.80000 20
  -0.17370  -0.62130   0.73555   0.23780   0.90000  1
  -0.53161   1.15179  -0.02164  -0.17057   0.90000  2
  -0.39971  -1.39224   0.20358   0.25682   0.90000  3
   0.07601  -0.50122  -0.37206   0.05161   0.90000  4
  -1.21923   0.22186   0.24718  -0.07425   0.90000  5
  -0.99688   0.81884   0.12015  -0.11188   0.90000  6
   0.62778   0.29758   0.00674   0.43605   0.90000  7
  -0.96010  -0.07971   0.15922   0.12213   0.90000  8
  -0.28361   0.00086   0.28642  -0.26036   0.90000  9
   0.71518   0.35540  -0.70675  -0.46295   0.90000 10
   0.69152   0.19787   0.02403   0.16378   0.90000 11
   0.27411  -0.89636  -0.49496   0.15055   0.90000 12
  -0.17868  -0.59616   0.10614   0.32491   0.90000 13
   0.07709   0.42932   0.12338  -0.31689   0.90000 14
  -0.05463  -0.40739   0.24920  -0.24439   0.90000 15
   0.03539  -1.11719   0.02899   0.45491   0.90000 16
   0.36320  -0.81221  -0.30302   0.33449   0.90000 17
   0.77815   0.30178  -0.21540  -0.36099   0.90000 18
   0.11462  -0.16849  -0.12434  -0.27295   0.90000 19
   0.77431   1.06704  -0.05240  -0.25781   0.90000 20
  -0.09657  -0.59372   0.80366   0.31738   1.00000  1
  -0.53396   1.13369  -0.02538  -0.19155   1.00000  2
  -0.37800  -1.36473   0.23076   0.29405   1.00000  3
   0.03463  -0.49567  -0.45632   0.05789   1.00000  4
  -1.19288   0.21390   0.28015  -0.08499   1.00000  5
  -0.98410   0.80699   0.13556  -0.12522   1.00000  6
   0.63231   0.33887   0.07663   0.37652   1.00000  7
  -0.94336  -0.06669   0.17538   0.13832   1.00000  8
  -0.25250  -0.02745   0.33711  -0.30737   1.00000  9
   0.64338   0.30436  -0.71752  -0.54691   1.00000 10
   0.69267   0.22008  -0.00547   0.27792   1.00000 11
   0.22294  -0.87761  -0.53012   0.22584   1.00000 12
  -0.16246  -0.56200   0.22824   0.35841   1.00000 13
   0.09072   0.39540   0.15017  -0.36185   1.00000 14
  -0.02843  -0.43532   0.27243  -0.31667   1.00000 15
   0.03895  -1.06753   0.04308   0.54116   1.00000 16
   0.32761  -0.77842  -0.41096   0.34270   1.00000 17
   0.74932   0.26523  -0.36260  -0.36576   1.00000 18
   0.10036  -0.19894  -0.16226  -0.33883   1.00000 19
   0.76858   1.03962  -0.06256  -0.29103   1.00000 20
  -0.01375  -0.55714   0.84313   0.41493   1.10000  1
  -0.53670   1.11345  -0.02961  -0.21336   1.10000  2
  -0.35352  -1.33331   0.25920   0.33501   1.10000  3
  -0.01443  -0.49031  -0.51077   0.04477   1.10000  4
  -1.16313   0.20482   0.31542  -0.09680   1.10000  5
  -0.96974   0.79378   0.15179  -0.13890   1.10000  6
   0.64087   0.37033   0.08549   0.24633   1.10000  7
  -0.92505  -0.05202   0.19054   0.15532   1.10000  8
  -0.21590  -0.06098   0.39644  -0.36560   1.10000  9
   0.57448   0.24887  -0.65204  -0.55196   1.10000 10
   0.68907   0.25170  -0.07346   0.34081   1.10000 11
   0.16779  -0.85083  -0.57373   0.31214   1.10000 12
  -0.13141  -0.52441   0.39901   0.39275   1.10000 13
   0.10730   0.35683   0.18241  -0.41014   1.10000 14
  -0.00110  -0.47089   0.26724  -0.39161   1.10000 15
   0.04420  -1.00826   0.06267   0.64869   1.10000 16
   0.28049  -0.74330  -0.53458   0.36238   1.10000 17
   0.70607   0.22989  -0.49676  -0.33314   1.10000 18
   0.08189  -0.23694  -0.20831  -0.42535   1.10000 19
   0.76176   1.00877  -0.07406  -0.32627   1.10000 20
   0.06861  -0.51205   0.78589   0.47265   1.20000  1
  -0.53990   1.09098  -0.03442  -0.23620   1.20000  2
  -0.32613  -1.29756   0.28869   0.38088   1.20000  3
  -0.06303  -0.48702  -0.43904   0.02468   1.20000  4
  -1.12970   0.19450   0.35363  -0.10996   1.20000  5
  -0.95371   0.77919   0.16901  -0.15296   1.20000  6
   0.64826   0.38799   0.05847   0.10859   1.20000  7
  -0.90530  -0.03560   0.20421   0.17325   1.20000  8
  -0.17286  -0.10115   0.46631  -0.44134   1.20000  9
   0.51312   0.19513  -0.57865  -0.52093   1.20000 10
   0.67700   0.28562  -0.16979   0.32958   1.20000 11
   0.10828  -0.81459  -0.61401   0.41612   1.20000 12
  -0.08206  -0.48402   0.58413   0.40862   1.20000 13
   0.12742   0.31322   0.22129  -0.46314   1.20000 14
   0.02392  -0.51183   0.23329  -0.41304   1.20000 15
   0.05159  -0.93676   0.08473   0.78751   1.20000 16
   0.22000  -0.70521  -0.67856   0.40448   1.20000 17
   0.65146   0.19994  -0.58905  -0.26312   1.20000 18
   0.05851  -0.28499  -0.25922  -0.54129   1.20000 19
   0.75372   0.97427  -0.08692  -0.36436   1.20000 20
   0.14070  -0.46551   0.64466   0.44874   1.30000  1
  -0.54361   1.06617  -0.03994  -0.26034   1.30000  2
  -0.29576  -1.25692   0.31871   0.43332   1.30000  3
  -0.09877  -0.48428  -0.26387   0.03337   1.30000  4
  -1.09228   0.18277   0.39562  -0.12483   1.30000  5
  -0.93590   0.76318   0.18745  -0.16745   1.30000  6
   0.65192   0.39253   0.01149  -0.01486   1.30000  7
  -0.88429  -0.01733   0.21570   0.19224   1.30000  8
  -0.12227  -0.15013   0.54725  -0.54355   1.30000  9
   0.45778   0.14469  -0.53328  -0.48848   1.30000 10
   0.65527   0.31695  -0.26223   0.29600   1.30000 11
   0.04608  -0.76676  -0.62095   0.54625   1.30000 12
  -0.01687  -0.44444   0.70530   0.37554   1.30000 13
   0.15185   0.26399   0.26904  -0.52276   1.30000 14
   0.04639  -0.55083   0.21954  -0.36051   1.30000 15
   0.06069  -0.84935   0.09223   0.96802   1.30000 16
   0.14439  -0.66109  -0.83236   0.48511   1.30000 17
   0.58906   0.17702  -0.65698  -0.19900   1.30000 18
   0.03047  -0.34639  -0.29606  -0.69064   1.30000 19
   0.74432   0.93577  -0.10134  -0.40617   1.30000 20
   0.19556  -0.42329   0.44619   0.39399   1.40000  1
  -0.54791   1.03886  -0.04624  -0.28612   1.40000  2
  -0.26240  -1.21062   0.34831   0.49418   1.40000  3
  -0.11449  -0.48045  -0.04641   0.03933   1.40000  4
  -1.05042   0.16946   0.44254  -0.14179   1.40000  5
  -0.91617   0.74569   0.20742  -0.18243   1.40000  6
   0.64986   0.38575  -0.05654  -0.11636   1.40000  7
  -0.86227   0.00289   0.22408   0.21245   1.40000  8
  -0.06316  -0.21109   0.63543  -0.68242   1.40000  9
   0.40546   0.09724  -0.51813  -0.46143   1.40000 10
   0.62529   0.34468  -0.33300   0.25711   1.40000 11
  -0.01351  -0.70378  -0.55740   0.72231   1.40000 12
   0.05581  -0.41034   0.72771   0.29547   1.40000 13
   0.18164   0.20836   0.32919  -0.59152   1.40000 14
   0.06751  -0.58377   0.19185  -0.29683   1.40000 15
   0.06846  -0.74173   0.05350   1.19080   1.40000 16
   0.05498  -0.60709  -0.93855   0.59583   1.40000 17
   0.52017   0.15908  -0.72124  -0.16602   1.40000 18
   0.00139  -0.42267  -0.27089  -0.82401   1.40000 19
   0.73338   0.89288  -0.11782  -0.45252   1.40000 20
   0.22951  -0.38648   0.23268   0.34493   1.50000  1
  -0.55289   1.00887  -0.05341  -0.31411   1.50000  2
  -0.22615  -1.15774   0.37643   0.56512   1.50000  3
  -0.10719  -0.47786   0.19548   0.00245   1.50000  4
  -1.00355   0.15433   0.49608  -0.16115   1.50000  5
  -0.89435   0.72667   0.22931  -0.19797   1.50000  6
   0.63987   0.37030  -0.14646  -0.18698   1.50000  7
  -0.83961   0.02520   0.22827   0.23393   1.50000  8
   0.00469  -0.28801   0.71877  -0.86227   1.50000  9
   0.35314   0.05218  -0.53312  -0.44112   1.50000 10
   0.58958   0.36784  -0.37690   0.20249   1.50000 11
  -0.06300  -0.62091  -0.42321   0.93842   1.50000 12
   0.12510  -0.38667   0.64686   0.18148   1.50000 13
   0.21822   0.14527   0.40484  -0.67248   1.50000 14
   0.08129  -0.60816   0.07112  -0.17245   1.50000 15
   0.06939  -0.61051  -0.04414   1.42709   1.50000 16
  -0.03817  -0.54286  -0.89891   0.68181   1.50000 17
   0.44463   0.14249  -0.79094  -0.17303   1.50000 18
  -0.02196  -0.50900  -0.19552  -0.89201   1.50000 19
   0.72066   0.84509  -0.13723  -0.50415   1.50000 20
   0.24198  -0.35391   0.01621   0.30654   1.60000  1
  -0.55863   0.97594  -0.06148  -0.34513   1.60000  2
  -0.18715  -1.09719   0.40348   0.64817   1.60000  3
  -0.07621  -0.48107   0.40885  -0.05844   1.60000  4
  -0.95090   0.13717   0.55850  -0.18244   1.60000  5
  -0.87022   0.70607   0.25374  -0.21427   1.60000  6
   0.62015   0.34936  -0.24888  -0.22785   1.60000  7
  -0.81678   0.04970   0.22754   0.25608   1.60000  8
   0.07904  -0.38379   0.75260  -1.04194   1.60000  9
   0.29813   0.00866  -0.56752  -0.43207   1.60000 10
   0.55062   0.38448  -0.39973   0.12727   1.60000 11
  -0.09652  -0.51757  -0.24036   1.10347   1.60000 12
   0.18348  -0.37258   0.51262   0.10806   1.60000 13
   0.26276   0.07351   0.48165  -0.76279   1.60000 14
   0.08112  -0.61424  -0.07085   0.05974   1.60000 15
   0.05875  -0.46118  -0.15864   1.52903   1.60000 16
  -0.11979  -0.47355  -0.71042   0.68737   1.60000 17
   0.36174   0.12278  -0.86655  -0.23150   1.60000 18
  -0.03816  -0.59438  -0.12985  -0.76764   1.60000 19
   0.70580   0.79185  -0.16090  -0.56167   1.60000 20
   0.23347  -0.32541  -0.17698   0.26394   1.70000  1
  -0.56521   0.93971  -0.07038  -0.38038   1.70000  2
  -0.14539  -1.02755   0.43248   0.74805   1.70000  3
  -0.02913  -0.48552   0.52022  -0.01509   1.70000  4
  -0.89149   0.11788   0.63156  -0.20238   1.70000  5
  -0.84349   0.68378   0.28158  -0.23159   1.70000  6
   0.59010   0.32530  -0.35127  -0.25164   1.70000  7
  -0.79423   0.07633   0.22303   0.27551   1.70000  8
   0.15055  -0.48878   0.66020  -1.01611   1.70000  9
   0.24056  -0.03539  -0.57660  -0.45872   1.70000 10
   0.51006   0.39288  -0.40966   0.03952   1.70000 11
  -0.11072  -0.40591  -0.04825   1.10910   1.70000 12
   0.22645  -0.36324   0.34531   0.08952   1.70000 13
   0.31120  -0.00651   0.45948  -0.83207   1.70000 14
   0.06854  -0.59659  -0.16995   0.28675   1.70000 15
   0.04252  -0.31118  -0.14776   1.44560   1.70000 16
  -0.17807  -0.40698  -0.45668   0.64624   1.70000 17
   0.27256   0.09370  -0.90484  -0.36118   1.70000 18
  -0.04737  -0.65901  -0.05078  -0.52965   1.70000 19
   0.68828   0.73255  -0.19073  -0.62542   1.70000 20
   0.20893  -0.30021  -0.30304   0.24665   1.80000  1
  -0.57273   0.89967  -0.07992  -0.42155   1.80000  2
  -0.10044  -0.94673   0.46803   0.87354   1.80000  3
   0.02667  -0.48355   0.59132   0.05279   1.80000  4
  -0.82437   0.09709   0.71041  -0.20982   1.80000  5
  -0.81375   0.65970   0.31390  -0.25026   1.80000  6
   0.55013   0.29923  -0.44681  -0.26922   1.80000  7
  -0.77202   0.10435   0.22378   0.28115   1.80000  8
   0.20923  -0.58342   0.51022  -0.86938   1.80000  9
   0.18314  -0.08522  -0.57685  -0.54609   1.80000 10
   0.46895   0.39225  -0.41172  -0.05235   1.80000 11
  -0.10765  -0.29734   0.10432   1.06198   1.80000 12
   0.25257  -0.35269   0.17683   0.12931   1.80000 13
   0.35029  -0.09257   0.30964  -0.88948   1.80000 14
   0.04983  -0.55881  -0.19167   0.45842   1.80000 15
   0.03097  -0.17256  -0.07623   1.33082   1.80000 16
  -0.21218  -0.34312  -0.23086   0.63678   1.80000 17
   0.18243   0.04933  -0.89572  -0.53075   1.80000 18
  -0.04817  -0.70193   0.03353  -0.33719   1.80000 19
   0.66736   0.66656  -0.22918  -0.69538   1.80000 20
   0.17456  -0.27500  -0.37867   0.25999   1.90000  1
  -0.58120   0.85513  -0.08962  -0.47075   1.90000  2
  -0.05143  -0.85163   0.51399   1.03495   1.90000  3
   0.08770  -0.47477   0.61877   0.12881   1.90000  4
  -0.74984   0.07687   0.77679  -0.18998   1.90000  5
  -0.78052   0.63368   0.35180  -0.27045   1.90000  6
   0.50100   0.27150  -0.53470  -0.28541   1.90000  7
  -0.74851   0.13157   0.25316   0.25837   1.90000  8
   0.25299  -0.66227   0.36875  -0.70967   1.90000  9
   0.12376  -0.14495  -0.61354  -0.64177   1.90000 10
   0.42782   0.38233  -0.41077  -0.14674   1.90000 11
  -0.09010  -0.19309   0.24912   1.02460   1.90000 12
   0.26164  -0.33633   0.00362   0.20023   1.90000 13
   0.37160  -0.18428   0.11084  -0.94244   1.90000 14
   0.03241  -0.50647  -0.14602   0.58362   1.90000 15
   0.02844  -0.04515   0.02570   1.20749   1.90000 16
  -0.22506  -0.27873  -0.02919   0.65403   1.90000 17
   0.09295  -0.01352  -0.89816  -0.72998   1.90000 18
  -0.04103  -0.72811   0.10773  -0.19381   1.90000 19
   0.64204   0.59328  -0.27960  -0.77110   1.90000 20
   0.13360  -0.24844  -0.44190   0.26587   2.00000  1
  -0.59062   0.80516  -0.09838  -0.53068   2.00000  2
   0.00247  -0.73908   0.56228   1.21220   2.00000  3
   0.14827  -0.45607   0.58298   0.25304   2.00000  4
  -0.66958   0.05966   0.82750  -0.15364   2.00000  5
  -0.74318   0.60557   0.39621  -0.29195   2.00000  6
   0.44333   0.24211  -0.61865  -0.30277   2.00000  7
  -0.72009   0.15542   0.32026   0.21777   2.00000  8
   0.28360  -0.72586   0.24563  -0.56346   2.00000  9
   0.06138  -0.21197  -0.62448  -0.68975   2.00000 10
   0.38669   0.36267  -0.41318  -0.24817   2.00000 11
  -0.05715  -0.09297   0.40888   0.96620   2.00000 12
   0.25329  -0.31294  -0.16985   0.26096   2.00000 13
   0.37150  -0.28023  -0.11698  -0.97012   2.00000 14
   0.02234  -0.44249  -0.05035   0.69731   2.00000 15
   0.03385   0.06575   0.06696   1.00233   2.00000 16
  -0.21806  -0.21201   0.17123   0.68015   2.00000 17
   0.00320  -0.09510  -0.88693  -0.88848   2.00000 18
  -0.02653  -0.74131   0.18531  -0.06511   2.00000 19
   0.61090   0.51218  -0.34654  -0.85170   2.00000 20
   0.08586  -0.22362  -0.51190   0.21999   2.10000  1
  -0.60076   0.74853  -0.10353  -0.60457   2.10000  2
   0.06063  -0.61055   0.59976   1.35871   2.10000  3
   0.20249  -0.42340   0.49320   0.39892   2.10000  4
  -0.58409   0.04593   0.88506  -0.12291   2.10000  5
  -0.70105   0.57527   0.44728  -0.31393   2.10000  6
   0.37718   0.21078  -0.70534  -0.32511   2.10000  7
  -0.68376   0.17525   0.40858   0.18024   2.10000  8
   0.30261  -0.77494   0.13795  -0.41731   2.10000  9
   0.00122  -0.28088  -0.56740  -0.67910   2.10000 10
   0.34475   0.33221  -0.42874  -0.36428   2.10000 11
  -0.01145  -0.00352   0.48603   0.81688   2.10000 12
   0.22770  -0.28645  -0.34303   0.25608   2.10000 13
   0.34767  -0.37656  -0.36015  -0.94712   2.10000 14
   0.02260  -0.36618   0.05199   0.83277   2.10000 15
   0.04074   0.15635   0.07234   0.81680   2.10000 16
  -0.19012  -0.14352   0.38960   0.67872   2.10000 17
  -0.08140  -0.18834  -0.78779  -0.96353   2.10000 18
  -0.00358  -0.73913   0.27229   0.11439   2.10000 19
   0.57198   0.42283  -0.43619  -0.93566   2.10000 20
   0.03242  -0.20600  -0.54527   0.13021   2.20000  1
  -0.61100   0.68368  -0.09857  -0.69538   2.20000  2
   0.12182  -0.46571   0.61733   1.54323   2.20000  3
   0.24521  -0.37807   0.34884   0.49372   2.20000  4
  -0.49178   0.03457   0.96582  -0.10734   2.20000  5
  -0.65357   0.54280   0.50256  -0.33558   2.20000  6
   0.30189   0.17673  -0.80305  -0.35822   2.20000  7
  -0.63808   0.19182   0.50610   0.15291   2.20000  8
   0.31197  -0.80927   0.05252  -0.26997   2.20000  9
  -0.04972  -0.34505  -0.44204  -0.58764   2.20000 10
   0.29999   0.28909  -0.47298  -0.50213   2.20000 11
   0.03833   0.07154   0.50673   0.69165   2.20000 12
   0.18464  -0.26331  -0.51609   0.20452   2.20000 13
   0.29975  -0.46763  -0.59235  -0.86056   2.20000 14
   0.03063  -0.27759   0.09871   0.91923   2.20000 15
   0.04908   0.22983   0.09929   0.65279   2.20000 16
  -0.14150  -0.07921   0.57221   0.59870   2.20000 17
  -0.15086  -0.28480  -0.58660  -0.94941   2.20000 18
   0.02736  -0.71836   0.34353   0.29992   2.20000 19
   0.52263   0.32501  -0.55670  -1.02063   2.20000 20
  -0.01980  -0.19631  -0.48026   0.07818   2.30000  1
  -0.61966   0.60893  -0.06874  -0.80123   2.30000  2
   0.18142  -0.30362   0.55349   1.68057   2.30000  3
   0.26948  -0.32635   0.12889   0.54379   2.30000  4
  -0.38992   0.02387   1.07702  -0.10957   2.30000  5
  -0.60068   0.50806   0.55330  -0.36073   2.30000  6
   0.21598   0.13856  -0.91706  -0.40827   2.30000  7
  -0.58239   0.20622   0.60838   0.13713   2.30000  8
   0.31351  -0.82915  -0.02094  -0.12865   2.30000  9
  -0.08684  -0.39614  -0.30516  -0.43090   2.30000 10
   0.24850   0.23102  -0.56653  -0.66234   2.30000 11
   0.08996   0.13588   0.52856   0.59650   2.30000 12
   0.12567  -0.24489  -0.64997   0.17595   2.30000 13
   0.23192  -0.54594  -0.74805  -0.70253   2.30000 14
   0.04165  -0.18584   0.12054   0.90677   2.30000 15
   0.06150   0.28611   0.15135   0.46500   2.30000 16
  -0.07702  -0.02416   0.71404   0.50203   2.30000 17
  -0.19784  -0.37567  -0.35668  -0.85963   2.30000 18
   0.06453  -0.67928   0.39690   0.48174   2.30000 19
   0.45925   0.21877  -0.71908  -1.10380   2.30000 20
  -0.06074  -0.18711  -0.33154   0.11800   2.40000  1
  -0.62323   0.52346   0.00581  -0.90576   2.40000  2
   0.22855  -0.13300   0.37932   1.72529   2.40000  3
   0.27112  -0.26736  -0.09085   0.64587   2.40000  4
  -0.27500   0.01207   1.23021  -0.12931   2.40000  5
  -0.54346   0.46995   0.58869  -0.40729   2.40000  6
   0.11932   0.09461  -1.00007  -0.47489   2.40000  7
  -0.51631   0.21961   0.71352   0.13213   2.40000  8
   0.30775  -0.83519  -0.09469   0.00680   2.40000  9
  -0.11196  -0.43168  -0.20128  -0.28450   2.40000 10
   0.18485   0.15632  -0.71040  -0.82954   2.40000 11
   0.14382   0.18932   0.53418   0.45244   2.40000 12
   0.05816  -0.22381  -0.68769   0.26527   2.40000 13
   0.15224  -0.60940  -0.83943  -0.57077   2.40000 14
   0.05448  -0.09645   0.13602   0.88956   2.40000 15
   0.07904   0.32088   0.19408   0.22129   2.40000 16
   0.00091   0.02131   0.84396   0.40992   2.40000 17
  -0.22331  -0.45579  -0.15754  -0.74005   2.40000 18
   0.10608  -0.62207   0.42798   0.65868   2.40000 19
   0.37687   0.10438  -0.94028  -1.18313   2.40000 20
  -0.08553  -0.17093  -0.16158   0.21407   2.50000  1
  -0.61698   0.42850   0.12549  -0.98926   2.50000  2
   0.25565   0.04203   0.14753   1.75644   2.50000  3
   0.25207  -0.19572  -0.29025   0.79386   2.50000  4
  -0.14158  -0.00262   1.45135  -0.16720   2.50000  5
  -0.48304   0.42522   0.62190  -0.49433   2.50000  6
   0.02054   0.04158  -0.94732  -0.58643   2.50000  7
  -0.43967   0.23276   0.81899   0.12969   2.50000  8
   0.29448  -0.82804  -0.17097   0.13478   2.50000  9
  -0.12753  -0.45384  -0.11110  -0.16174   2.50000 10
   0.10786   0.06533  -0.81476  -0.98597   2.50000 11
   0.19222   0.22259   0.41664   0.20466   2.50000 12
  -0.01011  -0.18988  -0.66861   0.41890   2.50000 13
   0.06657  -0.65878  -0.86167  -0.40981   2.50000 14
   0.06919  -0.00516   0.15813   0.93997   2.50000 15
   0.09899   0.32919   0.19990  -0.05828   2.50000 16
   0.09066   0.05835   0.92690   0.32481   2.50000 17
  -0.23017  -0.52324   0.01667  -0.60733   2.50000 18
   0.14704  -0.54985   0.37527   0.77686   2.50000 19
   0.26852  -0.01742  -1.23253  -1.23368   2.50000 20
  -0.09199  -0.14259   0.03933   0.35810   2.60000  1
  -0.59714   0.32643   0.27502  -1.04826   2.60000  2
   0.25588   0.21192  -0.13348   1.62693   2.60000  3
   0.21163  -0.10773  -0.53329   0.95707   2.60000  4
   0.01573  -0.02142   1.65904  -0.20719   2.60000  5
  -0.41812   0.36986   0.68333  -0.61784   2.60000  6
  -0.06584  -0.02106  -0.76514  -0.66321   2.60000  7
  -0.35259   0.24478   0.92213   0.10363   2.60000  8
   0.27357  -0.80852  -0.24717   0.25430   2.60000  9
  -0.13427  -0.46449  -0.02390  -0.05266   2.60000 10
   0.02519  -0.03674  -0.82834  -1.03272   2.60000 11
   0.22565   0.23032   0.24909  -0.04363   2.60000 12
  -0.07281  -0.13911  -0.56261   0.59607   2.60000 13
  -0.01928  -0.69121  -0.85583  -0.23923   2.60000 14
   0.08479   0.08648   0.14663   0.85395   2.60000 15
   0.11871   0.30881   0.19661  -0.35076   2.60000 16
   0.17874   0.08434   0.80413   0.20205   2.60000 17
  -0.22068  -0.57702   0.16983  -0.46789   2.60000 18
   0.17953  -0.46656   0.27039   0.89448   2.60000 19
   0.13249  -0.13643  -1.46577  -1.12319   2.60000 20
  -0.07811  -0.10043   0.21732   0.46332   2.70000  1
  -0.56142   0.21947   0.44174  -1.08914   2.70000  2
   0.23233   0.36351  -0.31840   1.38897   2.70000  3
   0.14504  -0.00724  -0.77273   1.03745   2.70000  4
   0.17876  -0.04271   1.55942  -0.19700   2.70000  5
  -0.34470   0.30097   0.79443  -0.76143   2.70000  6
  -0.13102  -0.09057  -0.53872  -0.71440   2.70000  7
  -0.25540   0.25144   1.02064   0.01722   2.70000  8
   0.24502  -0.77734  -0.32423   0.36901   2.70000  9
  -0.13243  -0.46434   0.05894   0.05811   2.70000 10
  -0.05613  -0.13863  -0.79486  -0.98751   2.70000 11
   0.24098   0.21684   0.05152  -0.21531   2.70000 12
  -0.11878  -0.07440  -0.35454   0.66503   2.70000 13
  -0.10468  -0.70646  -0.85111  -0.06368   2.70000 14
   0.09970   0.16380   0.15924   0.69752   2.70000 15
   0.13899   0.25976   0.20657  -0.62041   2.70000 16
   0.24803   0.10147   0.57185   0.15000   2.70000 17
  -0.19681  -0.61689   0.30370  -0.33025   2.70000 18
   0.19990  -0.36983   0.12941   1.04287   2.70000 19
  -0.02005  -0.23837  -1.56019  -0.91034   2.70000 20
  -0.05441  -0.05406   0.24122   0.46623   2.80000  1
  -0.50822   0.10868   0.62622  -1.12749   2.80000  2
   0.19552   0.48952  -0.40737   1.14002   2.80000  3
   0.06415   0.09725  -0.82492   1.04588   2.80000  4
   0.32369  -0.05721   1.33662  -0.09366   2.80000  5
  -0.25738   0.21755   0.96045  -0.90701   2.80000  6
  -0.17432  -0.16035  -0.33864  -0.67497   2.80000  7
  -0.14849   0.24564   1.11952  -0.14530   2.80000  8
   0.20852  -0.73473  -0.40724   0.48341   2.80000  9
  -0.12339  -0.45185   0.11197   0.19781   2.80000 10
  -0.13317  -0.23125  -0.74384  -0.86666   2.80000 11
   0.23543   0.18779  -0.16186  -0.36176   2.80000 12
  -0.14564  -0.01105  -0.19036   0.60197   2.80000 13
  -0.18855  -0.70343  -0.81603   0.12508   2.80000 14
   0.11685   0.22593   0.17718   0.53278   2.80000 15
   0.15797   0.18719   0.16021  -0.81371   2.80000 16
   0.29213   0.11549   0.30939   0.13258   2.80000 17
  -0.16145  -0.64318   0.38940  -0.19417   2.80000 18
   0.20455  -0.25817  -0.03446   1.18856   2.80000 19
  -0.17459  -0.31971  -1.50745  -0.72959   2.80000 20
  -0.03052  -0.00489   0.23879   0.52805   2.90000  1
  -0.43518  -0.00620   0.83952  -1.17040   2.90000  2
   0.15218   0.59316  -0.45419   0.93952   2.90000  3
  -0.01740   0.19871  -0.79905   0.95790   2.90000  4
   0.44580  -0.06227   1.10568  -0.01154   2.90000  5
  -0.15116   0.11954   1.16706  -1.04859   2.90000  6
  -0.20155  -0.22609  -0.21817  -0.64422   2.90000  7
  -0.03086   0.22041   1.23156  -0.36394   2.90000  8
   0.16315  -0.68055  -0.50299   0.60113   2.90000  9
  -0.11280  -0.42452   0.08822   0.34527   2.90000 10
  -0.20485  -0.31329  -0.68672  -0.77894   2.90000 11
   0.20935   0.14605  -0.35389  -0.46480   2.90000 12
  -0.15714   0.04797  -0.03444   0.58626   2.90000 13
  -0.26568  -0.68194  -0.72073   0.30136   2.90000 14
   0.13251   0.26781   0.12197   0.29833   2.90000 15
   0.16900   0.10212   0.05521  -0.86438   2.90000 16
   0.30982   0.12740   0.04321   0.09864   2.90000 17
  -0.12204  -0.65490   0.38851  -0.03599   2.90000 18
   0.19395  -0.13216  -0.17430   1.33419   2.90000 19
  -0.31737  -0.38630  -1.33526  -0.60786   2.90000 20
  -0.00537   0.05206   0.27955   0.59718   3.00000  1
  -0.34001  -0.12541   1.06029  -1.21506   3.00000  2
   0.10558   0.67866  -0.47424   0.77628   3.00000  3
  -0.09145   0.28330  -0.66586   0.72329   3.00000  4
   0.54561  -0.06030   0.89642   0.04685   3.00000  5
  -0.02629   0.01222   1.31534  -1.06579   3.00000  6
  -0.21951  -0.28978  -0.14458  -0.63048   3.00000  7
   0.09451   0.17423   1.25840  -0.55514   3.00000  8
   0.10725  -0.61428  -0.61872   0.72552   3.00000  9
  -0.10715  -0.38374   0.02174   0.46510   3.00000 10
  -0.26927  -0.38713  -0.59578  -0.69557   3.00000 11
   0.16550   0.09576  -0.51910  -0.53714   3.00000 12
  -0.14986   0.10446   0.18995   0.52917   3.00000 13
  -0.33260  -0.64334  -0.61906   0.47193   3.00000 14
   0.13978   0.28467   0.02447   0.03335   3.00000 15
   0.16798   0.01725  -0.08195  -0.81403   3.00000 16
   0.30037   0.13366  -0.23589   0.02033   3.00000 17
  -0.08454  -0.64992   0.36072   0.13722   3.00000 18
   0.16940   0.01002  -0.32076   1.50604   3.00000 19
  -0.44073  -0.44235  -1.13093  -0.51903   3.00000 20
   0.02929   0.11013   0.42029   0.55039   3.10000  1
  -0.22489  -0.24992   1.22914  -1.27792   3.10000  2
   0.05781   0.74949  -0.47984   0.64475   3.10000  3
  -0.15029   0.34459  -0.51167   0.51066   3.10000  4
   0.62630  -0.05370   0.72282   0.08168   3.10000  5
   0.10915  -0.08769   1.36775  -0.91510   3.10000  6
  -0.23042  -0.35174  -0.06952  -0.60378   3.10000  7
   0.21627   0.10983   1.14274  -0.71080   3.10000  8
   0.03876  -0.53519  -0.75221   0.85746   3.10000  9
  -0.10828  -0.33259  -0.04055   0.55114   3.10000 10
  -0.32319  -0.45207  -0.47979  -0.60418   3.10000 11
   0.10815   0.04125  -0.60363  -0.53715   3.10000 12
  -0.11908   0.15274   0.42311   0.43664   3.10000 13
  -0.38963  -0.58717  -0.51974   0.65152   3.10000 14
   0.13864   0.27351  -0.04295  -0.25824   3.10000 15
   0.15179  -0.05583  -0.23701  -0.64071   3.10000 16
   0.26161   0.13096  -0.53825  -0.07442   3.10000 17
  -0.04996  -0.62693   0.32867   0.32715   3.10000 18
   0.13072   0.16170  -0.43310   1.47560   3.10000 19
  -0.54354  -0.49131  -0.92627  -0.46471   3.10000 20
   0.07657   0.16130   0.50676   0.47322   3.20000  1
  -0.09764  -0.37932   1.29338  -1.28596   3.20000  2
   0.00980   0.80832  -0.47962   0.53464   3.20000  3
  -0.19388   0.38700  -0.36060   0.34484   3.20000  4
   0.69101  -0.04456   0.57465   0.09844   3.20000  5
   0.24050  -0.17059   1.23511  -0.75134   3.20000  6
  -0.23206  -0.40990   0.04176  -0.55942   3.20000  7
   0.31827   0.03740   0.89358  -0.73071   3.20000  8
  -0.04269  -0.44239  -0.87046   1.00094   3.20000  9
  -0.11339  -0.27616  -0.04136   0.55586   3.20000 10
  -0.36517  -0.50827  -0.36318  -0.51709   3.20000 11
   0.04936  -0.01054  -0.55933  -0.49998   3.20000 12
  -0.06590   0.19191   0.63583   0.34666   3.20000 13
  -0.43544  -0.51424  -0.38818   0.79107   3.20000 14
   0.13080   0.23429  -0.12008  -0.50739   3.20000 15
   0.12357  -0.11313  -0.31390  -0.51697   3.20000 16
   0.19590   0.11891  -0.75461  -0.16112   3.20000 17
  -0.01993  -0.58339   0.26401   0.54825   3.20000 18
   0.08600   0.29903  -0.45672   1.25613   3.20000 19
  -0.62648  -0.53561  -0.73703  -0.42010   3.20000 20
   0.12666   0.20375   0.47122   0.36345   3.30000  1
   0.02906  -0.50259   1.22308  -1.16282   3.30000  2
  -0.03800   0.85684  -0.47580   0.43736   3.30000  3
  -0.22264   0.41487  -0.21648   0.21838   3.30000  4
   0.74175  -0.03451   0.44235   0.10018   3.30000  5
   0.35512  -0.23961   1.06217  -0.63452   3.30000  6
  -0.22226  -0.46258   0.14778  -0.48226   3.30000  7
   0.39661  -0.03635   0.68452  -0.74542   3.30000  8
  -0.13133  -0.33748  -0.87502   1.07816   3.30000  9
  -0.11333  -0.22288   0.04772   0.51437   3.30000 10
  -0.39645  -0.55390  -0.26377  -0.38924   3.30000 11
  -0.00278  -0.05981  -0.48412  -0.49307   3.30000 12
   0.00658   0.22169   0.80173   0.24281   3.30000 13
  -0.46629  -0.43314  -0.22898   0.81523   3.30000 14
   0.11429   0.17541  -0.20707  -0.65540   3.30000 15
   0.08925  -0.16083  -0.37773  -0.44225   3.30000 16
   0.11355   0.10094  -0.87610  -0.18747   3.30000 17
   0.00188  -0.51696   0.17568   0.77378   3.30000 18
   0.03969   0.41219  -0.46819   1.01558   3.30000 19
  -0.69215  -0.57500  -0.58298  -0.36685   3.30000 20
   0.16707   0.23252   0.32960   0.21275   3.40000  1
   0.14614  -0.61000   1.12282  -0.98578   3.40000  2
  -0.08525   0.89606  -0.46869   0.34811   3.40000  3
  -0.23766   0.43161  -0.08701   0.12005   3.40000  4
   0.77990  -0.02500   0.32278   0.08781   3.40000  5
   0.45419  -0.29816   0.92506  -0.53853   3.40000  6
  -0.20420  -0.50443   0.20688  -0.35009   3.40000  7
   0.45716  -0.11179   0.53487  -0.76332   3.40000  8
  -0.21372  -0.22779  -0.75607   1.11219   3.40000  9
  -0.10376  -0.17194   0.14228   0.51058   3.40000 10
  -0.41823  -0.58600  -0.17386  -0.25529   3.40000 11
  -0.04826  -0.11059  -0.43150  -0.52640   3.40000 12
   0.09047   0.23845   0.85195   0.08661   3.40000 13
  -0.48156  -0.35238  -0.07761   0.80018   3.40000 14
   0.09013   0.10631  -0.27454  -0.71693   3.40000 15
   0.04684  -0.20196  -0.47489  -0.37912   3.40000 16
   0.02484   0.08181  -0.87922  -0.20368   3.40000 17
   0.01676  -0.43199   0.12415   0.91737   3.40000 18
  -0.00736   0.50437  -0.47243   0.83839   3.40000 19
  -0.74428  -0.60904  -0.46455  -0.31490   3.40000 20
   0.19291   0.24714   0.19358   0.08337   3.50000  1
   0.25499  -0.70145   1.05939  -0.85122   3.50000  2
  -0.13164   0.92663  -0.45878   0.26396   3.50000  3
  -0.24071   0.43945   0.02227   0.03886   3.50000  4
   0.80675  -0.01734   0.21627   0.06380   3.50000  5
   0.54102  -0.34754   0.81486  -0.44993   3.50000  6
  -0.18172  -0.53223   0.23944  -0.20494   3.50000  7
   0.50494  -0.18892   0.42664  -0.77865   3.50000  8
  -0.28034  -0.11651  -0.57211   1.10373   3.50000  9
  -0.08549  -0.12067   0.21612   0.50837   3.50000 10
  -0.43164  -0.60561  -0.09618  -0.13991   3.50000 11
  -0.08978  -0.16422  -0.39497  -0.53330   3.50000 12
   0.17323   0.23970   0.79263  -0.05363   3.50000 13
  -0.48179  -0.27255   0.07419   0.79982   3.50000 14
   0.05904   0.03225  -0.35212  -0.76818   3.50000 15
  -0.00582  -0.23598  -0.57252  -0.29639   3.50000 16
  -0.06018   0.05727  -0.81827  -0.30109   3.50000 17
   0.02624  -0.33276   0.05983   1.07242   3.50000 18
  -0.05491   0.58157  -0.47928   0.71208   3.50000 19
  -0.78589  -0.63819  -0.37101  -0.26918   3.50000 20
   0.20746   0.24964   0.10548  -0.03199   3.60000  1
   0.35879  -0.78147   1.01950  -0.75373   3.60000  2
  -0.17693   0.94893  -0.44644   0.18220   3.60000  3
  -0.23406   0.43963   0.10620  -0.03487   3.60000  4
   0.82359  -0.01247   0.12277   0.03292   3.60000  5
   0.61758  -0.38837   0.71734  -0.36817   3.60000  6
  -0.15688  -0.54529   0.25474  -0.05548   3.60000  7
   0.54359  -0.26729   0.35177  -0.78711   3.60000  8
  -0.32827  -0.00879  -0.38882   1.04342   3.60000  9
  -0.06237  -0.07155   0.23787   0.46851   3.60000 10
  -0.43772  -0.61447  -0.02626  -0.03907   3.60000 11
  -0.12545  -0.21458  -0.31149  -0.46377   3.60000 12
   0.24756   0.22926   0.68824  -0.14931   3.60000 13
  -0.46632  -0.19179   0.23804   0.81775   3.60000 14
   0.01838  -0.04838  -0.46691  -0.84693   3.60000 15
  -0.06539  -0.25953  -0.60802  -0.16364   3.60000 16
  -0.13865   0.01969  -0.74827  -0.45275   3.60000 17
   0.02659  -0.21779  -0.06372   1.21687   3.60000 18
  -0.10329   0.64771  -0.48820   0.61444   3.60000 19
  -0.81902  -0.66307  -0.29382  -0.22928   3.60000 20
   0.21517   0.24098   0.05127  -0.14012   3.70000  1
   0.45933  -0.85289   0.99285  -0.67738   3.70000  2
  -0.22085   0.96306  -0.43157   0.10016   3.70000  3
  -0.22041   0.43237   0.16219  -0.11190   3.70000  4
   0.83167  -0.01081   0.04047   0.00018   3.70000  5
   0.68456  -0.42164   0.62227  -0.30035   3.70000  6
  -0.13134  -0.54314   0.25282   0.09963   3.70000  7
   0.57640  -0.34598   0.30986  -0.78478   3.70000  8
  -0.35877   0.09080  -0.22654   0.94212   3.70000  9
  -0.03967  -0.02914   0.20686   0.36753   3.70000 10
  -0.43698  -0.61363   0.04116   0.05548   3.70000 11
  -0.15205  -0.25534  -0.22605  -0.34601   3.70000 12
   0.31012   0.21068   0.56117  -0.21921   3.70000 13
  -0.43354  -0.10882   0.42090   0.84061   3.70000 14
  -0.03422  -0.13569  -0.57605  -0.87668   3.70000 15
  -0.12627  -0.26755  -0.60609   0.00096   3.70000 16
  -0.20889  -0.03201  -0.65231  -0.56936   3.70000 17
   0.01238  -0.09210  -0.22203   1.27617   3.70000 18
  -0.15243   0.70511  -0.49376   0.53651   3.70000 19
  -0.84501  -0.68419  -0.22743  -0.19357   3.70000 20
   0.21770   0.22187  -0.00286  -0.24043   3.80000  1
   0.55760  -0.91735   0.97354  -0.61345   3.80000  2
  -0.26314   0.96887  -0.41370   0.01528   3.80000  3
  -0.20245   0.41676   0.19326  -0.20351   3.80000  4
   0.83197  -0.01238  -0.03335  -0.03098   3.80000  5
   0.74203  -0.44916   0.52727  -0.25394   3.80000  6
  -0.10702  -0.52510   0.22946   0.26257   3.80000  7
   0.60649  -0.42380   0.29542  -0.76931   3.80000  8
  -0.37471   0.17913  -0.09619   0.82590   3.80000  9
  -0.02215   0.00232   0.13982   0.27546   3.80000 10
  -0.42943  -0.60331   0.11029   0.15197   3.80000 11
  -0.17199  -0.28321  -0.17916  -0.21038   3.80000 12
   0.35968   0.18593   0.43055  -0.27346   3.80000 13
  -0.38160  -0.02452   0.61695   0.83628   3.80000 14
  -0.09640  -0.22043  -0.67134  -0.81770   3.80000 15
  -0.18548  -0.26054  -0.57064   0.13091   3.80000 16
  -0.26882  -0.09198  -0.54625  -0.62057   3.80000 17
  -0.01640   0.03320  -0.33940   1.21888   3.80000 18
  -0.20191   0.75563  -0.49539   0.47681   3.80000 19
  -0.86475  -0.70187  -0.16825  -0.16033   3.80000 20
   0.21393   0.19343  -0.07619  -0.32441   3.90000  1
   0.65415  -0.97584   0.95778  -0.55742   3.90000  2
  -0.30346   0.96594  -0.39207  -0.07484   3.90000  3
  -0.18239   0.39088   0.20552  -0.31858   3.90000  4
   0.82519  -0.01690  -0.10157  -0.05890   3.90000  5
   0.79017  -0.47317   0.43680  -0.22961   3.90000  6
  -0.08646  -0.49038   0.17520   0.43229   3.90000  7
   0.63601  -0.49942   0.29664  -0.74115   3.90000  8
  -0.37820   0.25655   0.02787   0.72565   3.90000  9
  -0.01231   0.02878   0.05610   0.26279   3.90000 10
  -0.41475  -0.58288   0.18456   0.25930   3.90000 11
  -0.18912  -0.29782  -0.17046  -0.08813   3.90000 12
   0.39649   0.15648   0.30753  -0.31338   3.90000 13
  -0.31196   0.05648   0.76300   0.78106   3.90000 14
  -0.16842  -0.29898  -0.76127  -0.74680   3.90000 15
  -0.23918  -0.24351  -0.50070   0.19741   3.90000 16
  -0.31714  -0.15484  -0.41193  -0.63705   3.90000 17
  -0.05305   0.15050  -0.38706   1.12613   3.90000 18
  -0.25147   0.80103  -0.49580   0.43376   3.90000 19
  -0.87882  -0.71629  -0.11394  -0.12811   3.90000 20
   0.20186   0.15789  -0.16747  -0.38189   4.00000  1
   0.74919  -1.02903   0.94307  -0.50718   4.00000  2
  -0.34139   0.95368  -0.36557  -0.17117   4.00000  3
  -0.16163   0.35211   0.20972  -0.46078   4.00000  4
   0.81175  -0.02403  -0.16699  -0.08300   4.00000  5
   0.82970  -0.49563   0.35550  -0.22183   4.00000  6
  -0.07361  -0.43903   0.07390   0.58929   4.00000  7
   0.66602  -0.57174   0.30417  -0.70420   4.00000  8
  -0.36870   0.32475   0.16407   0.63965   4.00000  9
  -0.01075   0.05578  -0.02320   0.27965   4.00000 10
  -0.39223  -0.55069   0.26753   0.38961   4.00000 11
  -0.20771  -0.30272  -0.20820  -0.01888   4.00000 12
   0.42162   0.12359   0.19733  -0.34290   4.00000 13
  -0.23071   0.13263   0.85726   0.74971   4.00000 14
  -0.24583  -0.36804  -0.77319  -0.62739   4.00000 15
  -0.28577  -0.22347  -0.43251   0.19181   4.00000 16
  -0.35012  -0.22007  -0.24528  -0.66857   4.00000 17
  -0.09376   0.25876  -0.43055   1.04051   4.00000 18
  -0.30109   0.84281  -0.49683   0.40330   4.00000 19
  -0.88764  -0.72749  -0.06275  -0.09576   4.00000 20
   0.17999   0.11788  -0.27230  -0.41403   4.10000  1
   0.84275  -1.07744   0.92785  -0.46194   4.10000  2
  -0.37640   0.93168  -0.33393  -0.26738   4.10000  3
  -0.14040   0.29912   0.21362  -0.58757   4.10000  4
   0.79180  -0.03337  -0.23215  -0.10311   4.10000  5
   0.86162  -0.51788   0.28478  -0.22427   4.10000  6
  -0.07281  -0.37401  -0.06079   0.70363   4.10000  7
   0.69691  -0.64012   0.31385  -0.66298   4.10000  8
  -0.34515   0.38454   0.30674   0.55612   4.10000  9
  -0.01654   0.08517  -0.08996   0.31066   4.10000 10
  -0.36095  -0.50361   0.35732   0.55942   4.10000 11
  -0.23148  -0.30284  -0.26798   0.01241   4.10000 12
   0.43637   0.08811   0.09943  -0.36588   4.10000 13
  -0.14144   0.20798   0.91915   0.76067   4.10000 14
  -0.32152  -0.42388  -0.73668  -0.48951   4.10000 15
  -0.32556  -0.20734  -0.36028   0.12185   4.10000 16
  -0.36634  -0.28800  -0.08252  -0.68594   4.10000 17
  -0.13941   0.35769  -0.47603   0.92590   4.10000 18
  -0.35081   0.88177  -0.49701   0.37442   4.10000 19
  -0.89142  -0.73541  -0.01311  -0.06247   4.10000 20
   0.14697   0.07610  -0.38911  -0.41594   4.20000  1
   0.93472  -1.12158   0.91139  -0.42157   4.20000  2
  -0.40815   0.90099  -0.30144  -0.34037   4.20000  3
  -0.11833   0.23738   0.23608  -0.63735   4.20000  4
   0.76525  -0.04451  -0.29932  -0.11911   4.20000  5
   0.88699  -0.54068   0.22402  -0.23266   4.20000  6
  -0.08591  -0.29966  -0.20025   0.77708   4.20000  7
   0.72881  -0.70429   0.32427  -0.62048   4.20000  8
  -0.30765   0.43608   0.44050   0.47626   4.20000  9
  -0.02804   0.11832  -0.13613   0.35239   4.20000 10
  -0.32233  -0.43818   0.40107   0.74446   4.20000 11
  -0.26110  -0.30096  -0.32183   0.02129   4.20000 12
   0.44185   0.05061   0.01173  -0.38300   4.20000 13
  -0.04999   0.28309   0.89317   0.72323   4.20000 14
  -0.39163  -0.46553  -0.65378  -0.33716   4.20000 15
  -0.35697  -0.20014  -0.26348   0.02009   4.20000 16
  -0.36763  -0.35650   0.05126  -0.67820   4.20000 17
  -0.18720   0.44263  -0.47617   0.77789   4.20000 18
  -0.40021   0.91685  -0.48846   0.32079   4.20000 19
  -0.89026  -0.73993   0.03650  -0.02765   4.20000 20
   0.10225   0.03573  -0.50418  -0.38798   4.30000  1
   1.02498  -1.16192   0.89366  -0.38614   4.30000  2
  -0.43681   0.86486  -0.27197  -0.37798   4.30000  3
  -0.09207   0.17235   0.28950  -0.66472   4.30000  4
   0.73181  -0.05705  -0.37040  -0.13089   4.30000  5
   0.90672  -0.56453   0.17198  -0.24465   4.30000  6
  -0.11229  -0.21976  -0.32223   0.81596   4.30000  7
   0.76176  -0.76422   0.33466  -0.57820   4.30000  8
  -0.25808   0.48040   0.54154   0.41442   4.30000  9
  -0.04317   0.15492  -0.16465   0.37089   4.30000 10
  -0.28313  -0.35665   0.37647   0.87406   4.30000 11
  -0.29488  -0.29914  -0.34578   0.01556   4.30000 12
   0.43903   0.01175  -0.06654  -0.39300   4.30000 13
   0.03516   0.34981   0.80588   0.60833   4.30000 14
  -0.45073  -0.49066  -0.52688  -0.16984   4.30000 15
  -0.37743  -0.20331  -0.14146  -0.08192   4.30000 16
  -0.35739  -0.42101   0.14355  -0.59222   4.30000 17
  -0.23452   0.51476  -0.46750   0.66976   4.30000 18
  -0.44792   0.94459  -0.46318   0.22937   4.30000 19
  -0.88407  -0.74087   0.08753   0.00921   4.30000 20
   0.04621  -0.00118  -0.61761  -0.34991   4.40000  1
   1.11342  -1.19897   0.87504  -0.35564   4.40000  2
  -0.46236   0.82572  -0.23715  -0.40498   4.40000  3
  -0.06124   0.10456   0.31880  -0.69066   4.40000  4
   0.69099  -0.07055  -0.44709  -0.13844   4.40000  5
   0.92163  -0.58970   0.12749  -0.25910   4.40000  6
  -0.14890  -0.13722  -0.40017   0.83184   4.40000  7
   0.79572  -0.81996   0.34429  -0.53669   4.40000  8
  -0.20206   0.51959   0.56581   0.36969   4.40000  9
  -0.06039   0.18976  -0.17564   0.31233   4.40000 10
  -0.24783  -0.26541   0.32753   0.94346   4.40000 11
  -0.32818  -0.29656  -0.31111   0.04619   4.40000 12
   0.42886  -0.02772  -0.13525  -0.39498   4.40000 13
   0.11089   0.40516   0.70881   0.50231   4.40000 14
  -0.49714  -0.50087  -0.40316  -0.04087   4.40000 15
  -0.38445  -0.21582   0.00395  -0.16213   4.40000 16
  -0.34140  -0.47246   0.16580  -0.43358   4.40000 17
  -0.27944   0.57734  -0.42512   0.58650   4.40000 18
  -0.49245   0.96235  -0.42620   0.12593   4.40000 19
  -0.87267  -0.73800   0.14098   0.04873   4.40000 20
  -0.02151  -0.03420  -0.73613  -0.31025   4.50000  1
   1.19998  -1.23321   0.85613  -0.32981   4.50000  2
  -0.48377   0.78369  -0.18822  -0.43659   4.50000  3
  -0.03048   0.03350   0.28240  -0.73441   4.50000  4
   0.64214  -0.08461  -0.53115  -0.14219   4.50000  5
   0.93244  -0.61641   0.08964  -0.27541   4.50000  6
  -0.18968  -0.05428  -0.39922   0.81943   4.50000  7
   0.83057  -0.87159   0.35243  -0.49608   4.50000  8
  -0.14642   0.55399   0.54384   0.31572   4.50000  9
  -0.07787   0.21601  -0.17451   0.21084   4.50000 10
  -0.21707  -0.16864   0.29506   0.99229   4.50000 11
  -0.35624  -0.28854  -0.24848   0.11630   4.50000 12
   0.41228  -0.06698  -0.19498  -0.38895   4.50000 13
   0.17707   0.45103   0.61585   0.41856   4.50000 14
  -0.53179  -0.49987  -0.29189   0.05687   4.50000 15
  -0.37669  -0.23404   0.14665  -0.19287   4.50000 16
  -0.32555  -0.50786   0.14777  -0.27658   4.50000 17
  -0.31944   0.63311  -0.37862   0.53369   4.50000 18
  -0.53299   0.96997  -0.38397   0.02772   4.50000 19
  -0.85578  -0.73101   0.19739   0.09171   4.50000 20
  -0.10012  -0.06345  -0.82942  -0.27497   4.60000  1
   1.28466  -1.26508   0.83751  -0.30827   4.60000  2
  -0.49938   0.73833  -0.12078  -0.46979   4.60000  3
  -0.00798  -0.04163   0.15537  -0.75806   4.60000  4
   0.58445  -0.09890  -0.62440  -0.14343   4.60000  5
   0.93976  -0.64483   0.05775  -0.29326   4.60000  6
  -0.22591   0.02453  -0.31652   0.74736   4.60000  7
   0.86613  -0.91921   0.35846  -0.45638   4.60000  8
  -0.09358   0.58230   0.51236   0.24892   4.60000  9
  -0.09571   0.23188  -0.18508   0.10632   4.60000 10
  -0.18687  -0.06676   0.31694   1.04122   4.60000 11
  -0.37741  -0.27357  -0.17123   0.17952   4.60000 12
   0.39011  -0.10524  -0.24749  -0.37488   4.60000 13
   0.23430   0.48944   0.52983   0.35186   4.60000 14
  -0.55586  -0.49011  -0.19052   0.13583   4.60000 15
  -0.35675  -0.25281   0.24247  -0.17607   4.60000 16
  -0.31218  -0.52820   0.11900  -0.13182   4.60000 17
  -0.35623   0.68472  -0.36295   0.49949   4.60000 18
  -0.56914   0.96816  -0.33837  -0.06279   4.60000 19
  -0.83309  -0.71951   0.25706   0.13920   4.60000 20
  -0.18538  -0.08839  -0.86227  -0.22127   4.70000  1
   1.36751  -1.29499   0.81966  -0.29050   4.70000  2
  -0.50743   0.69027  -0.03950  -0.48705   4.70000  3
   0.00004  -0.11577   0.01098  -0.71646   4.70000  4
   0.51691  -0.11330  -0.72828  -0.14470   4.70000  5
   0.94417  -0.67510   0.03141  -0.31241   4.70000  6
  -0.25223   0.09439  -0.20906   0.65141   4.70000  7
   0.90217  -0.96290   0.36188  -0.41767   4.70000  8
  -0.04400   0.60355   0.47931   0.17527   4.70000  9
  -0.11547   0.23710  -0.21283  -0.00345   4.70000 10
  -0.15405   0.03699   0.32593   1.02067   4.70000 11
  -0.38964  -0.25355  -0.06953   0.21645   4.70000 12
   0.36295  -0.14166  -0.29513  -0.35180   4.70000 13
   0.28322   0.52179   0.44931   0.29679   4.70000 14
  -0.57004  -0.47312  -0.09351   0.20214   4.70000 15
  -0.32997  -0.26813   0.28629  -0.12536   4.70000 16
  -0.30174  -0.53444   0.09016   0.00651   4.70000 17
  -0.39304   0.73271  -0.37641   0.45633   4.70000 18
  -0.60053   0.95761  -0.28867  -0.14737   4.70000 19
  -0.80425  -0.70298   0.32026   0.19247   4.70000 20
  -0.27107  -0.10921  -0.84837  -0.20723   4.80000  1
   1.44863  -1.32328   0.80289  -0.27596   4.80000  2
  -0.50758   0.64177   0.03337  -0.48055   4.80000  3
  -0.00429  -0.18441  -0.09174  -0.65728   4.80000  4
   0.43846  -0.12798  -0.84202  -0.15004   4.80000  5
   0.94622  -0.70735   0.01042  -0.33263   4.80000  6
  -0.26774   0.15569  -0.10157   0.57976   4.80000  7
   0.93841  -1.00278   0.36240  -0.38005   4.80000  8
   0.00230   0.61727   0.44678   0.09901   4.80000  9
  -0.13866   0.23086  -0.25139  -0.12147   4.80000 10
  -0.12377   0.13722   0.27407   0.98864   4.80000 11
  -0.39077  -0.23089   0.04830   0.23539   4.80000 12
   0.33112  -0.17524  -0.34166  -0.31773   4.80000 13
   0.32426   0.54905   0.37185   0.24956   4.80000 14
  -0.57453  -0.44997   0.00425   0.25979   4.80000 15
  -0.30056  -0.27702   0.29712  -0.04910   4.80000 16
  -0.29404  -0.52687   0.06443   0.14545   4.80000 17
  -0.43162   0.77513  -0.39394   0.38930   4.80000 18
  -0.62666   0.93881  -0.23268  -0.22801   4.80000 19
  -0.76890  -0.68077   0.38749   0.25313   4.80000 20
  -0.35422  -0.13193  -0.80768  -0.25426   4.90000  1
   1.52813  -1.35027   0.78743  -0.26412   4.90000  2
  -0.50133   0.59409   0.08993  -0.47544   4.90000  3
  -0.01763  -0.24750  -0.17365  -0.60503   4.90000  4
   0.34838  -0.14361  -0.95910  -0.16456   4.90000  5
   0.94643  -0.74166  -0.00531  -0.35361   4.90000  6
  -0.27265   0.21109   0.00232   0.52988   4.90000  7
   0.97455  -1.03895   0.35978  -0.34368   4.90000  8
   0.04539   0.62332   0.41503   0.02179   4.90000  9
  -0.16528   0.21392  -0.27728  -0.20426   4.90000 10
  -0.10029   0.23470   0.19068   0.95384   4.90000 11
  -0.38004  -0.20657   0.16312   0.25053   4.90000 12
   0.29433  -0.20479  -0.39714  -0.27123   4.90000 13
   0.35761   0.57189   0.29512   0.20792   4.90000 14
  -0.56901  -0.42131   0.10765   0.31316   4.90000 15
  -0.27157  -0.27774   0.27786   0.03314   4.90000 16
  -0.28870  -0.50515   0.04325   0.29031   4.90000 17
  -0.47156   0.81043  -0.40409   0.31752   4.90000 18
  -0.64676   0.91211  -0.16755  -0.30533   4.90000 19
  -0.72659  -0.65203   0.45964   0.32343   4.90000 20
  -0.43054  -0.16046  -0.70796  -0.31375   5.00000  1
   1.60616  -1.37618   0.77336  -0.25452   5.00000  2
  -0.48970   0.54603   0.14311  -0.48925   5.00000  3
  -0.03901  -0.30525  -0.25482  -0.54756   5.00000  4
   0.24698  -0.16128  -1.06645  -0.19030   5.00000  5
   0.94533  -0.77808  -0.01579  -0.37493   5.00000  6
  -0.26776   0.26157   0.09112   0.47790   5.00000  7
   1.01026  -1.07156   0.35390  -0.30878   5.00000  8
   0.08527   0.62161   0.38205  -0.05603   5.00000  9
  -0.19384   0.19263  -0.29373  -0.21366   5.00000 10
  -0.08577   0.32665   0.10221   0.88293   5.00000 11
  -0.35972  -0.18142   0.23372   0.24572   5.00000 12
   0.25075  -0.22916  -0.48077  -0.21560   5.00000 13
   0.38325   0.59078   0.21717   0.17049   5.00000 14
  -0.55264  -0.38728   0.22179   0.36833   5.00000 15
  -0.24562  -0.27117   0.23974   0.09309   5.00000 16
  -0.28517  -0.46851   0.02881   0.44401   5.00000 17
  -0.51247   0.83886  -0.41499   0.25165   5.00000 18
  -0.65978   0.87794  -0.09079  -0.37651   5.00000 19
  -0.67676  -0.61565   0.53832   0.40676   5.00000 20
  -0.49452  -0.19407  -0.56916  -0.35778   5.10000  1
   1.68285  -1.40123   0.76069  -0.24673   5.10000  2
  -0.47240   0.49556   0.20517  -0.52313   5.10000  3
  -0.06886  -0.35612  -0.34374  -0.46346   5.10000  4
   0.13555  -0.18185  -1.16140  -0.22140   5.10000  5
   0.94345  -0.81664  -0.02106  -0.39610   5.10000  6
  -0.25561   0.30640   0.14546   0.41868   5.10000  7
   1.04522  -1.10076   0.34469  -0.27562   5.10000  8
   0.12162   0.61216   0.34362  -0.13229   5.10000  9
  -0.22383   0.17168  -0.30428  -0.20643   5.10000 10
  -0.07916   0.41145   0.03335   0.81428   5.10000 11
  -0.33454  -0.15896   0.26847   0.19745   5.10000 12
   0.19676  -0.24799  -0.60603  -0.16233   5.10000 13
   0.40096   0.60608   0.13672   0.13600   5.10000 14
  -0.52418  -0.34732   0.34931   0.43305   5.10000 15
  -0.22363  -0.26015   0.20024   0.12252   5.10000 16
  -0.28257  -0.41612   0.02555   0.60406   5.10000 17
  -0.55469   0.86068  -0.42937   0.18295   5.10000 18
  -0.66458   0.83731  -0.00436  -0.43256   5.10000 19
  -0.61862  -0.57006   0.62613   0.50884   5.10000 20
  -0.54378  -0.23211  -0.40968  -0.40107   5.20000  1
   1.75834  -1.42558   0.74938  -0.24039   5.20000  2
  -0.44814   0.44092   0.28283  -0.57159   5.20000  3
  -0.10798  -0.39626  -0.43867  -0.32929   5.20000  4
   0.01434  -0.20553  -1.26761  -0.25198   5.20000  5
   0.94129  -0.85728  -0.02116  -0.41659   5.20000  6
  -0.23993   0.34548   0.16232   0.36386   5.20000  7
   1.07909  -1.12675   0.33217  -0.24451   5.20000  8
   0.15368   0.59543   0.29608  -0.20002   5.20000  9
  -0.25430   0.15061  -0.30323  -0.22017   5.20000 10
  -0.07849   0.48952  -0.01724   0.74584   5.20000 11
  -0.30585  -0.14278   0.30646   0.12230   5.20000 12
   0.12828  -0.26200  -0.76931  -0.11964   5.20000 13
   0.41048   0.61801   0.05311   0.10264   5.20000 14
  -0.48271  -0.30044   0.47852   0.50215   5.20000 15
  -0.20568  -0.24741   0.15758   0.13022   5.20000 16
  -0.27949  -0.34800   0.03910   0.75434   5.20000 17
  -0.59806   0.87487  -0.43479   0.09779   5.20000 18
  -0.66078   0.79232   0.07822  -0.46288   5.20000 19
  -0.55113  -0.51295   0.72590   0.63899   5.20000 20
  -0.57490  -0.27299  -0.20695  -0.40758   5.30000  1
   1.83277  -1.44935   0.73935  -0.23524   5.30000  2
  -0.41536   0.38098   0.37429  -0.62809   5.30000  3
  -0.15635  -0.41983  -0.52659  -0.13197   5.30000  4
  -0.11950  -0.23200  -1.41730  -0.27302   5.30000  5
   0.93938  -0.89991  -0.01626  -0.43583   5.30000  6
  -0.22412   0.37925   0.14998   0.31085   5.30000  7
   1.11154  -1.14975   0.31641  -0.21579   5.30000  8
   0.18059   0.57275   0.24151  -0.25019   5.30000  9
  -0.28418   0.12644  -0.29298  -0.26994   5.30000 10
  -0.08209   0.56016  -0.05242   0.66416   5.30000 11
  -0.27314  -0.13545   0.34656   0.01795   5.30000 12
   0.04168  -0.27210  -0.96968  -0.08177   5.30000 13
   0.41148   0.62656  -0.03365   0.06786   5.30000 14
  -0.42855  -0.24821   0.60977   0.53433   5.30000 15
  -0.19249  -0.23414   0.10212   0.13664   5.30000 16
  -0.27412  -0.26657   0.07179   0.86495   5.30000 17
  -0.64080   0.87981  -0.41569   0.00045   5.30000 18
  -0.64960   0.74537   0.14186  -0.47464   5.30000 19
  -0.47303  -0.44098   0.83789   0.80688   5.30000 20
  -0.58451  -0.31190   0.01606  -0.36205   5.40000  1
   1.90625  -1.47265   0.73050  -0.23102   5.40000  2
  -0.37330   0.31501   0.46470  -0.69389   5.40000  3
  -0.21295  -0.42092  -0.60424   0.11838   5.40000  4
  -0.26797  -0.25746  -1.52157  -0.21476   5.40000  5
   0.93820  -0.94438  -0.00662  -0.45324   5.40000  6
  -0.21043   0.40726   0.12303   0.24651   5.40000  7
   1.14227  -1.17000   0.29759  -0.18980   5.40000  8
   0.20196   0.54604   0.18615  -0.28100   5.40000  9
  -0.31249   0.09520  -0.26999  -0.36234   5.40000 10
  -0.08864   0.62185  -0.07732   0.56767   5.40000 11
  -0.23796  -0.14072   0.33992  -0.12794   5.40000 12
  -0.06727  -0.27772  -1.21766  -0.02328   5.40000 13
   0.40367   0.63144  -0.12287   0.02874   5.40000 14
  -0.35883  -0.19484   0.79340   0.52608   5.40000 15
  -0.18774  -0.21983  -0.02619   0.15111   5.40000 16
  -0.26483  -0.17821   0.10708   0.87619   5.40000 17
  -0.68049   0.87515  -0.37568  -0.09177   5.40000 18
  -0.63289   0.69734   0.19101  -0.48751   5.40000 19
  -0.38285  -0.35060   0.97271   1.00390   5.40000 20
  -0.57172  -0.34385   0.23919  -0.27017   5.50000  1
   1.97890  -1.49558   0.72272  -0.22756   5.50000  2
  -0.32326   0.24125   0.53018  -0.78875   5.50000  3
  -0.27630  -0.39442  -0.65172   0.41850   5.50000  4
  -0.41489  -0.27280  -1.37499  -0.09192   5.50000  5
   0.93820  -0.99048   0.00734  -0.46826   5.50000  6
  -0.19938   0.42804   0.09965   0.16743   5.50000  7
   1.17097  -1.18781   0.27595  -0.16683   5.50000  8
   0.21786   0.51702   0.13186  -0.29769   5.50000  9
  -0.33706   0.05233  -0.21197  -0.50326   5.50000 10
  -0.09735   0.67347  -0.09599   0.46417   5.50000 11
  -0.20930  -0.15961   0.21631  -0.23416   5.50000 12
  -0.20246  -0.27396  -1.47274   0.11936   5.50000 13
   0.38687   0.63207  -0.21330  -0.01761   5.50000 14
  -0.27157  -0.14512   0.92467   0.46097   5.50000 15
  -0.19987  -0.20320  -0.22021   0.18659   5.50000 16
  -0.25478  -0.09634   0.08985   0.74396   5.50000 17
  -0.71563   0.86189  -0.32616  -0.17126   5.50000 18
  -0.61147   0.64751   0.23775  -0.51106   5.50000 19
  -0.27856  -0.24037   1.09162   1.18753   5.50000 20
  -0.53694  -0.36426   0.45011  -0.12688   5.60000  1
   2.05083  -1.51819   0.71591  -0.22470   5.60000  2
  -0.26855   0.15525   0.55801  -0.94374   5.60000  3
  -0.34113  -0.33746  -0.64056   0.71195   5.60000  4
  -0.54144  -0.27763  -1.15637  -0.01567   5.60000  5
   0.93979  -1.03794   0.02507  -0.48045   5.60000  6
  -0.19014   0.44055   0.08683   0.08244   5.60000  7
   1.19737  -1.20348   0.25180  -0.14713   5.60000  8
   0.22825   0.48677   0.07511  -0.30632   5.60000  9
  -0.35209  -0.00632  -0.07346  -0.66663   5.60000 10
  -0.10769   0.71465  -0.11009   0.35949   5.60000 11
  -0.19672  -0.18259   0.03822  -0.18967   5.60000 12
  -0.35233  -0.25129  -1.47641   0.31864   5.60000 13
   0.36102   0.62760  -0.30341  -0.07358   5.60000 14
  -0.18139  -0.10322   0.83907   0.38393   5.60000 15
  -0.23013  -0.18036  -0.36009   0.28374   5.60000 16
  -0.24698  -0.03077   0.06769   0.57032   5.60000 17
  -0.74564   0.84130  -0.27393  -0.23881   5.60000 18
  -0.58518   0.59473   0.28934  -0.54655   5.60000 19
  -0.17173  -0.11727   0.99713   1.24963   5.60000 20
  -0.48424  -0.36694   0.58837   0.08362   5.70000  1
   2.12212  -1.54053   0.70996  -0.22233   5.70000  2
  -0.21271   0.05028   0.55318  -1.15617   5.70000  3
  -0.40412  -0.25478  -0.61402   0.92395   5.70000  4
  -0.64521  -0.27657  -0.91830   0.04021   5.70000  5
   0.94332  -1.08647   0.04595  -0.48948   5.70000  6
  -0.18178   0.44450   0.08109  -0.00371   5.70000  7
   1.22126  -1.21735   0.22551  -0.13089   5.70000  8
   0.23262   0.45584   0.01026  -0.31236   5.70000  9
  -0.35052  -0.07881   0.09828  -0.76915   5.70000 10
  -0.11922   0.74537  -0.11988   0.25492   5.70000 11
  -0.20043  -0.19283  -0.11012  -0.00678   5.70000 12
  -0.49366  -0.21476  -1.33629   0.39446   5.70000 13
   0.32624   0.61697  -0.39191  -0.14089   5.70000 14
  -0.10804  -0.06521   0.62169   0.39148   5.70000 15
  -0.26828  -0.14588  -0.39631   0.40143   5.70000 16
  -0.24050   0.01892   0.06815   0.42650   5.70000 17
  -0.77042   0.81443  -0.22171  -0.29735   5.70000 18
  -0.55333   0.53781   0.34909  -0.59385   5.70000 19
  -0.08387   0.00605   0.75701   1.20639   5.70000 20
  -0.42213  -0.34656   0.64636   0.32402   5.80000  1
   2.19285  -1.56267   0.70478  -0.22037   5.80000  2
  -0.16032  -0.07080   0.47624  -1.22907   5.80000  3
  -0.46098  -0.15659  -0.50604   1.01738   5.80000  4
  -0.72605  -0.26882  -0.70562   0.11763   5.80000  5
   0.94907  -1.13573   0.06928  -0.49521   5.80000  6
  -0.17379   0.43966   0.07945  -0.09428   5.80000  7
   1.24242  -1.22978   0.19745  -0.11827   5.80000  8
   0.22981   0.42421  -0.06948  -0.32126   5.80000  9
  -0.33516  -0.15667   0.19358  -0.76285   5.80000 10
  -0.13151   0.76559  -0.12506   0.14911   5.80000 11
  -0.21844  -0.18337  -0.24627   0.19376   5.80000 12
  -0.61760  -0.17442  -1.14201   0.40763   5.80000 13
   0.28270   0.59900  -0.47879  -0.22073   5.80000 14
  -0.05736  -0.02381   0.39448   0.43207   5.80000 15
  -0.30809  -0.10214  -0.38915   0.45424   5.80000 16
  -0.23224   0.05348   0.09673   0.26251   5.80000 17
  -0.79000   0.78202  -0.17013  -0.35002   5.80000 18
  -0.51502   0.47552   0.41898  -0.65441   5.80000 19
  -0.01895   0.12194   0.55524   1.10811   5.80000 20
  -0.35504  -0.30222   0.69766   0.56246   5.90000  1
   2.26309  -1.58462   0.70027  -0.21874   5.90000  2
  -0.12084  -0.18989   0.30553  -1.13526   5.90000  3
  -0.50365  -0.05527  -0.34731   0.99875   5.90000  4
  -0.78785  -0.25265  -0.53763   0.20714   5.90000  5
   0.95724  -1.18539   0.09441  -0.49753   5.90000  6
  -0.16570   0.42533   0.08353  -0.19422   5.90000  7
   1.26070  -1.24113   0.16803  -0.10935   5.90000  8
   0.21791   0.39132  -0.17384  -0.33799   5.90000  9
  -0.31389  -0.22672   0.22708  -0.62625   5.90000 10
  -0.14406   0.77507  -0.12494   0.03964   5.90000 11
  -0.24806  -0.15636  -0.33655   0.32756   5.90000 12
  -0.72329  -0.13372  -0.97868   0.40479   5.90000 13
   0.23045   0.57234  -0.56665  -0.31531   5.90000 14
  -0.02765   0.01994   0.20803   0.44211   5.90000 15
  -0.34419  -0.05858  -0.32854   0.41087   5.90000 16
  -0.22214   0.07273   0.09981   0.13172   5.90000 17
  -0.80445   0.74451  -0.11874  -0.39994   5.90000 18
  -0.46914   0.40636   0.50050  -0.73192   5.90000 19
   0.02977   0.22897   0.42802   1.04148   5.90000 20
  -0.28268  -0.23524   0.74147   0.76275   6.00000  1
   2.33292  -1.60642   0.69637  -0.21740   6.00000  2
  -0.09903  -0.29628   0.13585  -0.98921   6.00000  3
  -0.53079   0.04253  -0.19608   0.95684   6.00000  4
  -0.83490  -0.22726  -0.40925   0.30084   6.00000  5
   0.96799  -1.23512   0.12071  -0.49638   6.00000  6
  -0.15674   0.40053   0.09747  -0.30243   6.00000  7
   1.27599  -1.25177   0.13766  -0.10421   6.00000  8
   0.19374   0.35639  -0.31702  -0.35936   6.00000  9
  -0.29019  -0.28051   0.24806  -0.44197   6.00000 10
  -0.15629   0.77332  -0.11872  -0.07596   6.00000 11
  -0.28406  -0.12090  -0.37434   0.37667   6.00000 12
  -0.81440  -0.09375  -0.84730   0.39332   6.00000 13
   0.16914   0.53523  -0.66147  -0.43170   6.00000 14
  -0.01462   0.06513   0.05587   0.46476   6.00000 15
  -0.37337  -0.01948  -0.25228   0.37668   6.00000 16
  -0.21323   0.08161   0.07440   0.05407   6.00000 17
  -0.81372   0.70202  -0.06646  -0.45018   6.00000 18
  -0.41457   0.32839   0.59206  -0.83158   6.00000 19
   0.06803   0.33164   0.34301   1.01446   6.00000 20
  -0.20964  -0.15252   0.70492   0.88614   6.10000  1
   2.40238  -1.62811   0.69300  -0.21628   6.10000  2
  -0.09212  -0.38727   0.01169  -0.83066   6.10000  3
  -0.54265   0.13609  -0.03855   0.91254   6.10000  4
  -0.87072  -0.19254  -0.31156   0.39292   6.10000  5
   0.98140  -1.28455   0.14768  -0.49176   6.10000  6
  -0.14598   0.36479   0.11793  -0.41273   6.10000  7
   1.28821  -1.26209   0.10677  -0.10287   6.10000  8
   0.15339   0.32054  -0.49098  -0.35015   6.10000  9
  -0.26381  -0.31445   0.27987  -0.24173   6.10000 10
  -0.16757   0.75960  -0.10580  -0.20005   6.10000 11
  -0.32074  -0.08030  -0.34851   0.44484   6.10000 12
  -0.89323  -0.05527  -0.73087   0.37557   6.10000 13
   0.09782   0.48485  -0.76412  -0.58027   6.10000 14
  -0.01617   0.11344  -0.08674   0.50345   6.10000 15
  -0.39387   0.01806  -0.15284   0.38095   6.10000 16
  -0.20789   0.08507   0.03005   0.02245   6.10000 17
  -0.81765   0.65436  -0.01148  -0.50387   6.10000 18
  -0.35082   0.23928   0.68052  -0.95279   6.10000 19
   0.09888   0.43108   0.26902   0.96430   6.10000 20
  -0.14350  -0.05757   0.61160   1.01987   6.20000  1
   2.47153  -1.64969   0.69009  -0.21537   6.20000  2
  -0.09512  -0.46284  -0.06579  -0.68349   6.20000  3
  -0.53821   0.22406   0.12573   0.84149   6.20000  4
  -0.89796  -0.14888  -0.23632   0.47884   6.20000  5
   0.99753  -1.33336   0.17486  -0.48366   6.20000  6
  -0.13321   0.31768   0.13751  -0.53184   6.20000  7
   1.29734  -1.27247   0.07578  -0.10536   6.20000  8
   0.09539   0.28659  -0.67343  -0.33364   6.20000  9
  -0.23447  -0.33031   0.30478  -0.08204   6.20000 10
  -0.17725   0.73296  -0.08683  -0.33444   6.20000 11
  -0.35214  -0.02980  -0.27182   0.57380   6.20000 12
  -0.96079  -0.01871  -0.62092   0.35571   6.20000 13
   0.01760   0.42020  -0.83669  -0.70858   6.20000 14
  -0.03208   0.16607  -0.23238   0.54875   6.20000 15
  -0.40259   0.05777  -0.01315   0.41448   6.20000 16
  -0.20745   0.08759  -0.02007   0.03482   6.20000 17
  -0.81582   0.60103   0.04940  -0.56415   6.20000 18
  -0.27904   0.13830   0.75178  -1.05706   6.20000 19
   0.11946   0.52143   0.13585   0.83188   6.20000 20
  -0.08884   0.05288   0.47173   1.19003   6.30000  1
   2.54042  -1.67119   0.68759  -0.21462   6.30000  2
  -0.10431  -0.52448  -0.11386  -0.55155   6.30000  3
  -0.51815   0.30372   0.27278   0.75008   6.30000  4
  -0.91853  -0.09707  -0.17742   0.55579   6.30000  5
   1.01637  -1.38117   0.20183  -0.47208   6.30000  6
  -0.11851   0.25810   0.15411  -0.65788   6.30000  7
   1.30338  -1.28330   0.04512  -0.11171   6.30000  8
   0.01706   0.25237  -0.90294  -0.35829   6.30000  9
  -0.20331  -0.33181   0.31621   0.04944   6.30000 10
  -0.18485   0.69232  -0.06542  -0.48059   6.30000 11
  -0.37314   0.03507  -0.13766   0.71855   6.30000 12
  -1.01750   0.01599  -0.51333   0.33904   6.30000 13
  -0.06996   0.34164  -0.91456  -0.87670   6.30000 14
  -0.06261   0.22236  -0.37518   0.56660   6.30000 15
  -0.39510   0.10031   0.16576   0.43244   6.30000 16
  -0.21060   0.09292  -0.02946   0.07455   6.30000 17
  -0.80739   0.54124   0.12168  -0.63291   6.30000 18
  -0.20171   0.03265   0.78424  -1.01456   6.30000 19
   0.12648   0.59751   0.00878   0.69435   6.30000 20
  -0.05080   0.17923   0.27265   1.32181   6.40000  1
   2.60906  -1.69262   0.68544  -0.21401   6.40000  2
  -0.11720  -0.57356  -0.14091  -0.43187   6.40000  3
  -0.48394   0.37359   0.41109   0.64296   6.40000  4
  -0.93382  -0.03805  -0.12961   0.62299   6.40000  5
   1.03787  -1.42765   0.22812  -0.45697   6.40000  6
  -0.10459   0.18841   0.10229  -0.71309   6.40000  7
   1.30639  -1.29494   0.01523  -0.12191   6.40000  8
  -0.08593   0.21368  -1.14426  -0.41687   6.40000  9
  -0.17163  -0.32051   0.31573   0.17802   6.40000 10
  -0.19051   0.63633  -0.04961  -0.64238   6.40000 11
  -0.37833   0.11259   0.04011   0.82679   6.40000 12
  -1.06343   0.04935  -0.40507   0.32977   6.40000 13
  -0.16337   0.24334  -0.93437  -1.07782   6.40000 14
  -0.10631   0.27483  -0.49544   0.44926   6.40000 15
  -0.36928   0.14429   0.35229   0.45067   6.40000 16
  -0.21117   0.10457   0.02173   0.17538   6.40000 17
  -0.79088   0.47425   0.21187  -0.70719   6.40000 18
  -0.12481  -0.05813   0.74080  -0.79438   6.40000 19
   0.12189   0.66106  -0.09809   0.57884   6.40000 20
  -0.03767   0.30907  -0.00383   1.24830   6.50000  1
   2.67751  -1.71399   0.68359  -0.21351   6.50000  2
  -0.13201  -0.61124  -0.15340  -0.32364   6.50000  3
  -0.43591   0.43104   0.54974   0.49856   6.50000  4
  -0.94458   0.02721  -0.08557   0.68065   6.50000  5
   1.06195  -1.47245   0.25326  -0.43829   6.50000  6
  -0.10328   0.12067  -0.09485  -0.62798   6.50000  7
   1.30647  -1.30781  -0.01343  -0.13599   6.50000  8
  -0.20664   0.17081  -1.25094  -0.43038   6.50000  9
  -0.14037  -0.29568   0.30895   0.32195   6.50000 10
  -0.19538   0.56293  -0.05199  -0.83202   6.50000 11
  -0.36332   0.19883   0.26814   0.88159   6.50000 12
  -1.09840   0.08223  -0.29375   0.32925   6.50000 13
  -0.25456   0.13277  -0.88636  -1.08762   6.50000 14
  -0.16092   0.30878  -0.59390   0.23509   6.50000 15
  -0.32398   0.19090   0.55415   0.47633   6.50000 16
  -0.20714   0.13037   0.04213   0.33805   6.50000 17
  -0.76438   0.39990   0.32096  -0.77860   6.50000 18
  -0.05550  -0.12779   0.63846  -0.61147   6.50000 19
   0.10731   0.71348  -0.19137   0.46972   6.50000 20
  -0.04960   0.42808  -0.22939   1.13216   6.60000  1
   2.74579  -1.73532   0.68200  -0.21311   6.60000  2
  -0.14760  -0.63864  -0.15745  -0.22604   6.60000  3
  -0.37389   0.47178   0.69139   0.30796   6.60000  4
  -0.95069   0.09769  -0.03417   0.72637   6.60000  5
   1.08847  -1.51519   0.27670  -0.41603   6.60000  6
  -0.12389   0.06394  -0.30711  -0.50300   6.60000  7
   1.30376  -1.32227  -0.04030  -0.15395   6.60000  8
  -0.33102   0.13128  -1.20071  -0.34109   6.60000  9
  -0.10996  -0.25563   0.29830   0.47947   6.60000 10
  -0.20193   0.46850  -0.08502  -1.06113   6.60000 11
  -0.32568   0.28467   0.46882   0.82313   6.60000 12
  -1.12206   0.11543  -0.17873   0.33561   6.60000 13
  -0.33798   0.03390  -0.77299  -0.87894   6.60000 14
  -0.22500   0.32409  -0.68496   0.08147   6.60000 15
  -0.26198   0.23737   0.65326   0.45196   6.60000 16
  -0.20715   0.16922  -0.05432   0.42994   6.60000 17
  -0.72628   0.31889   0.44243  -0.83906   6.60000 18
   0.00189  -0.18268   0.50610  -0.49422   6.60000 19
   0.08398   0.75492  -0.27385   0.35849   6.60000 20
  -0.08238   0.53423  -0.41541   0.98262   6.70000  1
   2.81392  -1.75662   0.68064  -0.21278   6.70000  2
  -0.16338  -0.65675  -0.15782  -0.13758   6.70000  3
  -0.29815   0.49071   0.81446   0.06222   6.70000  4
  -0.95079   0.17169   0.03513   0.74799   6.70000  5
   1.11722  -1.55553   0.29783  -0.39020   6.70000  6
  -0.16199   0.02036  -0.44143  -0.36987   6.70000  7
   1.29849  -1.33872  -0.06475  -0.17573   6.70000  8
  -0.44328   0.10265  -1.04573  -0.23877   6.70000  9
  -0.08110  -0.20034   0.27482   0.62069   6.70000 10
  -0.21434   0.35198  -0.17415  -1.24885   6.70000 11
  -0.27236   0.36292   0.58236   0.73395   6.70000 12
  -1.13410   0.14947  -0.06218   0.34534   6.70000 13
  -0.40959  -0.04392  -0.66480  -0.68375   6.70000 14
  -0.29445   0.32731  -0.67012  -0.00399   6.70000 15
  -0.19903   0.28322   0.58072   0.47189   6.70000 16
  -0.21800   0.21693  -0.15633   0.53187   6.70000 17
  -0.67561   0.23280   0.57342  -0.87830   6.70000 18
   0.04540  -0.22731   0.36457  -0.39828   6.70000 19
   0.05271   0.78499  -0.35122   0.24151   6.70000 20
  -0.13019   0.62375  -0.52671   0.80432   6.80000  1
   2.88192  -1.77788   0.67947  -0.21252   6.80000  2
  -0.17914  -0.66638  -0.15748  -0.05584   6.80000  3
  -0.21377   0.48447   0.85697  -0.17534   6.80000  4
  -0.94332   0.24600   0.11433   0.73223   6.80000  5
   1.14793  -1.59312   0.31592  -0.36091   6.80000  6
  -0.20990  -0.01043  -0.50802  -0.24666   6.80000  7
   1.29092  -1.35754  -0.08602  -0.20120   6.80000  8
  -0.54145   0.08264  -0.92406  -0.16329   6.80000  9
  -0.05632  -0.13267   0.21245   0.72779   6.80000 10
  -0.23567   0.22611  -0.24047  -1.23182   6.80000 11
  -0.21327   0.42876   0.58460   0.58178   6.80000 12
  -1.13457   0.18453   0.05215   0.35578   6.80000 13
  -0.47191  -0.10363  -0.58533  -0.51228   6.80000 14
  -0.35377   0.32423  -0.50910  -0.06094   6.80000 15
  -0.14983   0.33069   0.39454   0.46838   6.80000 16
  -0.23679   0.27569  -0.21076   0.62739   6.80000 17
  -0.61073   0.14409   0.72875  -0.89286   6.80000 18
   0.07538  -0.26213   0.23941  -0.29798   6.80000 19
   0.01366   0.80287  -0.43065   0.11396   6.80000 20
  -0.18443   0.69485  -0.54325   0.62039   6.90000  1
   2.94982  -1.79912   0.67845  -0.21231   6.90000  2
  -0.19490  -0.66805  -0.15810   0.02215   6.90000  3
  -0.13039   0.45872   0.79307  -0.32329   6.90000  4
  -0.92809   0.31722   0.18933   0.68856   6.90000  5
   1.18027  -1.62761   0.33013  -0.32843   6.90000  6
  -0.26251  -0.02866  -0.54205  -0.11535   6.90000  7
   1.28142  -1.37908  -0.10326  -0.23011   6.90000  8
  -0.62743   0.06917  -0.78600  -0.11421   6.90000  9
  -0.04023  -0.05555   0.10241   0.81140   6.90000 10
  -0.26168   0.10759  -0.27941  -1.14728   6.90000 11
  -0.15666   0.48013   0.54460   0.44698   6.90000 12
  -1.12380   0.22059   0.16257   0.36524   6.90000 13
  -0.52700  -0.14649  -0.51553  -0.34494   6.90000 14
  -0.39680   0.31470  -0.35694  -0.12929   6.90000 15
  -0.11970   0.37733   0.21530   0.47035   6.90000 16
  -0.25827   0.33902  -0.20873   0.63039   6.90000 17
  -0.53099   0.05520   0.85274  -0.87689   6.90000 18
   0.09409  -0.28719   0.13803  -0.20538   6.90000 19
  -0.03354   0.80729  -0.51337  -0.02799   6.90000 20
  -0.23675   0.74883  -0.49691   0.46382   7.00000  1
   3.01762  -1.82034   0.67758  -0.21215   7.00000  2
  -0.21082  -0.66196  -0.16048   0.09979   7.00000  3
  -0.05793   0.42322   0.64690  -0.36971   7.00000  4
  -0.90568   0.38320   0.25765   0.62922   7.00000  5
   1.21380  -1.65871   0.33956  -0.29324   7.00000  6
  -0.31834  -0.03345  -0.57499   0.01330   7.00000  7
   1.27043  -1.40366  -0.11556  -0.26193   7.00000  8
  -0.69822   0.05859  -0.63532  -0.09831   7.00000  9
  -0.03685   0.02893  -0.03696   0.87420   7.00000 10
  -0.29176  -0.00506  -0.32611  -1.10516   7.00000 11
  -0.10501   0.51808   0.48380   0.31298   7.00000 12
  -1.10214   0.25748   0.27036   0.37189   7.00000 13
  -0.57431  -0.17285  -0.42575  -0.18584   7.00000 14
  -0.42626   0.29883  -0.23750  -0.18487   7.00000 15
  -0.10475   0.42519   0.09562   0.48290   7.00000 16
  -0.27673   0.40055  -0.15447   0.59510   7.00000 17
  -0.44162  -0.03001   0.93518  -0.82339   7.00000 18
   0.10344  -0.30370   0.05029  -0.12710   7.00000 19
  -0.08892   0.79688  -0.59291  -0.18148   7.00000 20
  -0.28307   0.78811  -0.42779   0.32212   7.10000  1
   3.08534  -1.84155   0.67681  -0.21201   7.10000  2
  -0.22706  -0.64797  -0.16480   0.18112   7.10000  3
  -0.00171   0.38722   0.47880  -0.34511   7.10000  4
  -0.87676   0.44279   0.32010   0.56181   7.10000  5
   1.24799  -1.68619   0.34329  -0.25612   7.10000  6
  -0.37667  -0.02929  -0.57956   0.05027   7.10000  7
   1.25850  -1.43154  -0.12201  -0.29589   7.10000  8
  -0.75547   0.04958  -0.51322  -0.08132   7.10000  9
  -0.04728   0.11878  -0.16694   0.92312   7.10000 10
  -0.32786  -0.11170  -0.39388  -1.01754   7.10000 11
  -0.06100   0.54325   0.39031   0.19393   7.10000 12
  -1.06975   0.29480   0.37747   0.37350   7.10000 13
  -0.61150  -0.18473  -0.31736  -0.05733   7.10000 14
  -0.44526   0.27832  -0.14690  -0.22278   7.10000 15
  -0.09865   0.47273   0.03184   0.46398   7.10000 16
  -0.28854   0.45756  -0.08051   0.54531   7.10000 17
  -0.34470  -0.10805   0.98552  -0.72942   7.10000 18
   0.10429  -0.31302  -0.03328  -0.06112   7.10000 19
  -0.15164   0.77094  -0.65790  -0.33652   7.10000 20
  -0.32229   0.81300  -0.35780   0.17316   7.20000  1
   3.15299  -1.86275   0.67615  -0.21190   7.20000  2
  -0.24383  -0.62546  -0.17066   0.27082   7.20000  3
   0.03823   0.35426   0.32069  -0.31542   7.20000  4
  -0.84176   0.49546   0.37972   0.49141   7.20000  5
   1.28224  -1.70991   0.34057  -0.21819   7.20000  6
  -0.43269  -0.02475  -0.54187   0.04311   7.20000  7
   1.24625  -1.46287  -0.12185  -0.33085   7.20000  8
  -0.80129   0.04244  -0.40425  -0.06093   7.20000  9
  -0.06900   0.21411  -0.25993   0.98737   7.20000 10
  -0.36811  -0.20758  -0.40017  -0.90054   7.20000 11
  -0.02813   0.55746   0.26197   0.09253   7.20000 12
  -1.02664   0.33196   0.48480   0.36842   7.20000 13
  -0.63793  -0.18515  -0.21251   0.04586   7.20000 14
  -0.45642   0.25470  -0.07974  -0.24770   7.20000 15
  -0.09794   0.51757  -0.01755   0.43097   7.20000 16
  -0.29272   0.50999  -0.00297   0.50628   7.20000 17
  -0.24898  -0.17622   0.91776  -0.64119   7.20000 18
   0.09671  -0.31621  -0.11903  -0.00387   7.20000 19
  -0.21951   0.73000  -0.69333  -0.47931   7.20000 20
  -0.35508   0.82226  -0.30038   0.01016   7.30000  1
   3.22057  -1.88393   0.67557  -0.21181   7.30000  2
  -0.26122  -0.59340  -0.17713   0.37255   7.30000  3
   0.06229   0.32433   0.16049  -0.27938   7.30000  4
  -0.80074   0.54106   0.44147   0.42054   7.30000  5
   1.31588  -1.72985   0.33091  -0.18087   7.30000  6
  -0.48570  -0.01996  -0.52150   0.05578   7.30000  7
   1.23437  -1.49769  -0.11461  -0.36536   7.30000  8
  -0.83638   0.03746  -0.29712  -0.03841   7.30000  9
  -0.09776   0.31668  -0.30984   1.06386   7.30000 10
  -0.40723  -0.29240  -0.38186  -0.79927   7.30000 11
  -0.00936   0.56216   0.11052   0.00352   7.30000 12
  -0.97279   0.36827   0.59236   0.35696   7.30000 13
  -0.65430  -0.17605  -0.11662   0.13451   7.30000 14
  -0.46186   0.22916  -0.03249  -0.26129   7.30000 15
  -0.10248   0.55835  -0.07597   0.38019   7.30000 16
  -0.28927   0.55950   0.06948   0.48662   7.30000 17
  -0.16104  -0.23751   0.84605  -0.58949   7.30000 18
   0.08022  -0.31397  -0.21268   0.04806   7.30000 19
  -0.28891   0.67557  -0.68664  -0.60686   7.30000 20
  -0.38273   0.81479  -0.25331  -0.16015   7.40000  1
   3.28810  -1.90511   0.67507  -0.21174   7.40000  2
  -0.27927  -0.55058  -0.18446   0.48480   7.40000  3
   0.07083   0.29928   0.01454  -0.21913   7.40000  4
  -0.75317   0.57957   0.51223   0.34943   7.40000  5
   1.34819  -1.74616   0.31432  -0.14578   7.40000  6
  -0.53739  -0.01319  -0.51322   0.08075   7.40000  7
   1.22357  -1.53588  -0.10031  -0.39780   7.40000  8
  -0.86053   0.03476  -0.18461  -0.01575   7.40000  9
  -0.13061   0.42676  -0.34806   1.13814   7.40000 10
  -0.44430  -0.36806  -0.35731  -0.71633   7.40000 11
  -0.00651   0.55861  -0.05616  -0.07145   7.40000 12
  -0.90812   0.40323   0.70150   0.34200   7.40000 13
  -0.66162  -0.15843  -0.03187   0.21775   7.40000 14
  -0.46365   0.20285  -0.00734  -0.26287   7.40000 15
  -0.11374   0.59249  -0.15212   0.29709   7.40000 16
  -0.27999   0.60699   0.10837   0.45428   7.40000 17
  -0.07871  -0.29483   0.80490  -0.55829   7.40000 18
   0.05369  -0.30676  -0.32038   0.09445   7.40000 19
  -0.35483   0.60970  -0.62178  -0.69938   7.40000 20
  -0.40564   0.79015  -0.20319  -0.33284   7.50000  1
   3.35559  -1.92628   0.67462  -0.21168   7.50000  2
  -0.29832  -0.49657  -0.19814   0.59260   7.50000  3
   0.06605   0.28051  -0.10680  -0.15743   7.50000  4
  -0.69771   0.61083   0.60054   0.27444   7.50000  5
   1.37853  -1.75913   0.29134  -0.11452   7.50000  6
  -0.58832  -0.00372  -0.50421   0.10843   7.50000  7
   1.21453  -1.57713  -0.07947  -0.42656   7.50000  8
  -0.87297   0.03425  -0.06223   0.00508   7.50000  9
  -0.16770   0.54407  -0.39513   1.20106   7.50000 10
  -0.47806  -0.43595  -0.31452  -0.64119   7.50000 11
  -0.02117   0.54889  -0.23917  -0.11497   7.50000 12
  -0.83227   0.43668   0.81712   0.32732   7.50000 13
  -0.66109  -0.13231   0.04050   0.30658   7.50000 14
  -0.46418   0.17697  -0.00732  -0.25273   7.50000 15
  -0.13350   0.61693  -0.24677   0.19069   7.50000 16
  -0.26853   0.64806   0.12082   0.35956   7.50000 17
   0.00016  -0.34869   0.76732  -0.51245   7.50000 18
   0.01612  -0.29586  -0.42498   0.11662   7.50000 19
  -0.41231   0.53834  -0.53034  -0.71800   7.50000 20
  -0.42285   0.74831  -0.13796  -0.50213   7.60000  1
   3.42303  -1.94745   0.67423  -0.21163   7.60000  2
  -0.31919  -0.43297  -0.21944   0.67432   7.60000  3
   0.04986   0.26751  -0.21612  -0.10409   7.60000  4
  -0.63231   0.63404   0.71095   0.18718   7.60000  5
   1.40628  -1.76923   0.26302  -0.08843   7.60000  6
  -0.63776   0.00836  -0.48076   0.13248   7.60000  7
   1.20785  -1.62102  -0.05317  -0.45027   7.60000  8
  -0.87253   0.03570   0.07370   0.02376   7.60000  9
  -0.20994   0.66394  -0.45207   1.17439   7.60000 10
  -0.50672  -0.49588  -0.25825  -0.55454   7.60000 11
  -0.05424   0.53738  -0.41909  -0.10839   7.60000 12
  -0.74419   0.46879   0.94810   0.31534   7.60000 13
  -0.65401  -0.09666   0.09812   0.40880   7.60000 14
  -0.46586   0.15269  -0.02948  -0.23092   7.60000 15
  -0.16390   0.63159  -0.36417   0.11318   7.60000 16
  -0.25575   0.67816   0.13277   0.24201   7.60000 17
   0.07296  -0.39627   0.68349  -0.43871   7.60000 18
  -0.02935  -0.28440  -0.47832   0.11303   7.60000 19
  -0.46222   0.46746  -0.47557  -0.69537   7.60000 20
  -0.43285   0.69066  -0.06331  -0.64333   7.70000  1
   3.49043  -1.96861   0.67389  -0.21159   7.70000  2
  -0.34197  -0.36230  -0.23443   0.73860   7.70000  3
   0.02284   0.25947  -0.32498  -0.05760   7.70000  4
  -0.55496   0.64781   0.83838   0.08688   7.70000  5
   1.43100  -1.77702   0.23077  -0.06841   7.70000  6
  -0.68347   0.02275  -0.42744   0.15624   7.70000  7
   1.20403  -1.66699  -0.02282  -0.46803   7.70000  8
  -0.85762   0.03900   0.22802   0.04255   7.70000  9
  -0.25833   0.77426  -0.51336   1.01290   7.70000 10
  -0.53003  -0.54648  -0.21029  -0.45716   7.70000 11
  -0.10437   0.52803  -0.58143  -0.07637   7.70000 12
  -0.64182   0.49972   1.10239   0.30189   7.70000 13
  -0.64217  -0.05020   0.13477   0.52084   7.70000 14
  -0.47059   0.13117  -0.06736  -0.19770   7.70000 15
  -0.20639   0.64144  -0.48405   0.08774   7.70000 16
  -0.24352   0.69713   0.10009   0.13987   7.70000 17
   0.13695  -0.43690   0.59907  -0.37673   7.70000 18
  -0.07946  -0.27264  -0.52626   0.12594   7.70000 19
  -0.50851   0.39976  -0.45165  -0.65654   7.70000 20
  -0.43623   0.62139  -0.00518  -0.73299   7.80000  1
   3.55781  -1.98976   0.67359  -0.21155   7.80000  2
  -0.36575  -0.28497  -0.24020   0.81061   7.80000  3
  -0.01540   0.25588  -0.44175  -0.01430   7.80000  4
  -0.46439   0.65116   0.97074  -0.02312   7.80000  5
   1.45236  -1.78313   0.19613  -0.05484   7.80000  6
  -0.72201   0.04005  -0.33766   0.19286   7.80000  7
   1.20337  -1.71441   0.01004  -0.47943   7.80000  8
  -0.82615   0.04442   0.40527   0.06773   7.80000  9
  -0.31166   0.86448  -0.54784   0.78928   7.80000 10
  -0.54925  -0.58750  -0.17613  -0.36475   7.80000 11
  -0.17042   0.52243  -0.74088  -0.03375   7.80000 12
  -0.52377   0.52901   1.25513   0.28795   7.80000 13
  -0.62768   0.00731   0.15370   0.62715   7.80000 14
  -0.47973   0.11344  -0.11741  -0.15562   7.80000 15
  -0.26030   0.64888  -0.59284   0.05556   7.80000 16
  -0.23814   0.70566  -0.00336   0.02480   7.80000 17
   0.19343  -0.47210   0.53357  -0.32937   7.80000 18
  -0.13522  -0.25847  -0.59215   0.16121   7.80000 19
  -0.55166   0.33628  -0.40278  -0.61742   7.80000 20
  -0.43224   0.54616   0.10048  -0.75808   7.90000  1
   3.62515  -2.01092   0.67333  -0.21152   7.90000  2
  -0.38997  -0.19953  -0.24494   0.90190   7.90000  3
  -0.06602   0.25668  -0.57379   0.03139   7.90000  4
  -0.36231   0.64229   1.05883  -0.15665   7.90000  5
   1.47019  -1.78820   0.16053  -0.04766   7.90000  6
  -0.74976   0.06184  -0.20916   0.24436   7.90000  7
   1.20607  -1.76266   0.04394  -0.48456   7.90000  8
  -0.77606   0.05323   0.59641   0.11372   7.90000  9
  -0.36672   0.93244  -0.54733   0.57434   7.90000 10
  -0.56555  -0.61976  -0.15094  -0.28213   7.90000 11
  -0.25311   0.52175  -0.91623   0.02402   7.90000 12
  -0.39169   0.55876   1.37548   0.30925   7.90000 13
  -0.61124   0.07462   0.17781   0.71492   7.90000 14
  -0.49453   0.10033  -0.18085  -0.10435   7.90000 15
  -0.32461   0.65058  -0.68526  -0.03587   7.90000 16
  -0.24610   0.70076  -0.16352  -0.13003   7.90000 17
   0.24418  -0.50312   0.48361  -0.29252   7.90000 18
  -0.19846  -0.23951  -0.67498   0.22324   7.90000 19
  -0.58802   0.27432  -0.32342  -0.63378   7.90000 20
  -0.41479   0.47202   0.23906  -0.72030   8.00000  1
   3.69248  -2.03207   0.67310  -0.21149   8.00000  2
  -0.41525  -0.10378  -0.26546   1.01777   8.00000  3
  -0.13082   0.26254  -0.72519   0.08848   8.00000  4
  -0.25781   0.62006   0.99658  -0.28215   8.00000  5
   1.48447  -1.79286   0.12523  -0.04645   8.00000  6
  -0.76155   0.08904  -0.01385   0.29985   8.00000  7
   1.21216  -1.81113   0.07766  -0.48380   8.00000  8
  -0.70752   0.06858   0.77001   0.20148   8.00000  9
  -0.42023   0.98058  -0.52069   0.39533   8.00000 10
  -0.57962  -0.64420  -0.13112  -0.20785   8.00000 11
  -0.35149   0.52810  -1.01390   0.09670   8.00000 12
  -0.25416   0.58979   1.33019   0.30191   8.00000 13
  -0.59159   0.14906   0.21561   0.76339   8.00000 14
  -0.51619   0.09335  -0.25208  -0.03004   8.00000 15
  -0.39154   0.63909  -0.62021  -0.19671   8.00000 16
  -0.27101   0.67798  -0.32228  -0.33259   8.00000 17
   0.29052  -0.53086   0.44492  -0.26336   8.00000 18
  -0.27051  -0.21261  -0.76636   0.32168   8.00000 19
  -0.61634   0.20736  -0.24124  -0.71183   8.00000 20
  -0.38833   0.40209   0.26929  -0.68498   8.10000  1
   3.75978  -2.05322   0.67291  -0.21147   8.10000  2
  -0.44461   0.00514  -0.33270   1.16631   8.10000  3
  -0.21155   0.27486  -0.89193   0.15878   8.10000  4
  -0.16662   0.58766   0.82616  -0.35896   8.10000  5
   1.49528  -1.79767   0.09115  -0.05061   8.10000  6
  -0.75043   0.12169   0.24384   0.35052   8.10000  7
   1.22156  -1.85925   0.11024  -0.47775   8.10000  8
  -0.62272   0.09486   0.92013   0.32567   8.10000  9
  -0.47074   1.01277  -0.48991   0.25365   8.10000 10
  -0.59190  -0.66154  -0.11508  -0.13973   8.10000 11
  -0.45004   0.53692  -0.94386   0.06205   8.10000 12
  -0.13089   0.61704   1.13100   0.23139   8.10000 13
  -0.56842   0.22368   0.24998   0.71052   8.10000 14
  -0.54432   0.09521  -0.30424   0.06965   8.10000 15
  -0.44702   0.61144  -0.49442  -0.35712   8.10000 16
  -0.30657   0.63483  -0.37864  -0.52068   8.10000 17
   0.33343  -0.55598   0.41447  -0.23988   8.10000 18
  -0.35160  -0.17371  -0.85398   0.46390   8.10000 19
  -0.63509   0.13324  -0.12442  -0.75127   8.10000 20
