  -0.47300  -0.70077   0.01002  -0.00201   0.10000  1
  -0.52338   1.22662  -0.00731  -0.00826   0.10000  2
  -0.88941   1.12387   0.03441  -0.01390   0.10000  3
  -0.37818   0.47466   0.00855   0.00809   0.10000  4
  -1.36699  -1.07222  -0.00194   0.00467   0.10000  5
   0.10129   0.56996  -0.00410  -0.01070   0.10000  6
  -0.46807   1.31743  -0.02240  -0.04188   0.10000  7
   0.76502   0.23431  -0.02378  -0.01310   0.10000  8
  -1.77796  -0.92099   0.00883  -0.00193   0.10000  9
   0.80700  -0.67246  -0.00824   0.00250   0.10000 10
   0.58362  -0.95486   0.00012   0.01387   0.10000 11
  -0.40013  -0.66645  -0.01963  -0.01515   0.10000 12
   0.06274   1.27829  -0.01608  -0.00855   0.10000 13
   0.65514   0.17988   0.00782   0.00523   0.10000 14
  -0.00950  -0.71180  -0.01358   0.00389   0.10000 15
  -0.53708  -0.75577   0.03338   0.02299   0.10000 16
  -0.55855   1.17474   0.00519   0.01566   0.10000 17
   0.15453   0.26322   0.00125   0.01008   0.10000 18
  -0.85522   1.01383   0.02059   0.02726   0.10000 19
   1.06102  -0.24833  -0.01312   0.00125   0.10000 20
  -0.47150  -0.70107   0.01998  -0.00388   0.20000  1
  -0.52447   1.22538  -0.01466  -0.01642   0.20000  2
  -0.88424   1.12179   0.06914  -0.02751   0.20000  3
  -0.37689   0.47588   0.01714   0.01621   0.20000  4
  -1.36728  -1.07152  -0.00393   0.00935   0.20000  5
   0.10068   0.56835  -0.00818  -0.02147   0.20000  6
  -0.47145   1.31115  -0.04524  -0.08390   0.20000  7
   0.76145   0.23235  -0.04759  -0.02615   0.20000  8
  -1.77663  -0.92128   0.01769  -0.00387   0.20000  9
   0.80577  -0.67209  -0.01651   0.00498   0.20000 10
   0.58364  -0.95278   0.00028   0.02778   0.20000 11
  -0.40308  -0.66872  -0.03920  -0.03026   0.20000 12
   0.06033   1.27700  -0.03224  -0.01715   0.20000 13
   0.65631   0.18066   0.01565   0.01040   0.20000 14
  -0.01154  -0.71121  -0.02730   0.00774   0.20000 15
  -0.53206  -0.75233   0.06694   0.04585   0.20000 16
  -0.55778   1.17707   0.01029   0.03096   0.20000 17
   0.15472   0.26473   0.00246   0.02023   0.20000 18
  -0.85212   1.01792   0.04155   0.05459   0.20000 19
   1.05905  -0.24814  -0.02627   0.00252   0.20000 20
  -0.46901  -0.70154   0.02983  -0.00544   0.30000  1
  -0.52631   1.22334  -0.02210  -0.02440   0.30000  2
  -0.87557   1.11839   0.10448  -0.04043   0.30000  3
  -0.37475   0.47791   0.02579   0.02442   0.30000  4
  -1.36778  -1.07035  -0.00600   0.01402   0.30000  5
   0.09966   0.56566  -0.01223  -0.03235   0.30000  6
  -0.47715   1.30065  -0.06896  -0.12605   0.30000  7
   0.75550   0.22908  -0.07142  -0.03906   0.30000  8
  -1.77442  -0.92177   0.02661  -0.00582   0.30000  9
   0.80370  -0.67147  -0.02485   0.00742   0.30000 10
   0.58368  -0.94930   0.00050   0.04178   0.30000 11
  -0.40797  -0.67249  -0.05850  -0.04516   0.30000 12
   0.05629   1.27485  -0.04854  -0.02586   0.30000 13
   0.65826   0.18196   0.02344   0.01540   0.30000 14
  -0.01496  -0.71025  -0.04130   0.01154   0.30000 15
  -0.52368  -0.74662   0.10069   0.06831   0.30000 16
  -0.55650   1.18090   0.01517   0.04541   0.30000 17
   0.15502   0.26727   0.00356   0.03053   0.30000 18
  -0.84688   1.02475   0.06334   0.08195   0.30000 19
   1.05576  -0.24782  -0.03949   0.00380   0.30000 20
  -0.46554  -0.70214   0.03949  -0.00648   0.40000  1
  -0.52890   1.22051  -0.02972  -0.03224   0.40000  2
  -0.86332   1.11375   0.14066  -0.05200   0.40000  3
  -0.37173   0.48077   0.03455   0.03275   0.40000  4
  -1.36849  -1.06871  -0.00820   0.01870   0.40000  5
   0.09823   0.56187  -0.01624  -0.04343   0.40000  6
  -0.48528   1.28594  -0.09385  -0.16795   0.40000  7
   0.74717   0.22454  -0.09512  -0.05167   0.40000  8
  -1.77131  -0.92245   0.03562  -0.00779   0.40000  9
   0.80079  -0.67061  -0.03329   0.00981   0.40000 10
   0.58374  -0.94442   0.00082   0.05591   0.40000 11
  -0.41475  -0.67773  -0.07698  -0.05948   0.40000 12
   0.05061   1.27183  -0.06507  -0.03471   0.40000 13
   0.66099   0.18373   0.03100   0.02006   0.40000 14
  -0.01981  -0.70891  -0.05575   0.01525   0.40000 15
  -0.51193  -0.73870   0.13432   0.08983   0.40000 16
  -0.55476   1.18610   0.01954   0.05821   0.40000 17
   0.15542   0.27085   0.00450   0.04105   0.40000 18
  -0.83941   1.03430   0.08651   0.10907   0.40000 19
   1.05115  -0.24738  -0.05280   0.00511   0.40000 20
  -0.46112  -0.70280   0.04890  -0.00670   0.50000  1
  -0.53227   1.21689  -0.03774  -0.04019   0.50000  2
  -0.84740   1.10807   0.17784  -0.06108   0.50000  3
  -0.36783   0.48446   0.04344   0.04124   0.50000  4
  -1.36942  -1.06661  -0.01057   0.02337   0.50000  5
   0.09641   0.55697  -0.02016  -0.05476   0.50000  6
  -0.49596   1.26710  -0.11994  -0.20839   0.50000  7
   0.73649   0.21877  -0.11829  -0.06366   0.50000  8
  -1.76729  -0.92333   0.04475  -0.00979   0.50000  9
   0.79704  -0.66951  -0.04188   0.01212   0.50000 10
   0.58385  -0.93811   0.00127   0.07022   0.50000 11
  -0.42329  -0.68434  -0.09326  -0.07234   0.50000 12
   0.04327   1.26791  -0.08189  -0.04377   0.50000 13
   0.66444   0.18595   0.03792   0.02407   0.50000 14
  -0.02614  -0.70720  -0.07083   0.01888   0.50000 15
  -0.49685  -0.72872   0.16677   0.10926   0.50000 16
  -0.55263   1.19244   0.02282   0.06790   0.50000 17
   0.15591   0.27549   0.00520   0.05187   0.50000 18
  -0.82951   1.04653   0.11190   0.13529   0.50000 19
   1.04520  -0.24680  -0.06624   0.00646   0.50000 20
  -0.45577  -0.70344   0.05801  -0.00574   0.60000  1
  -0.53648   1.21244  -0.04666  -0.04895   0.60000  2
  -0.82771   1.10168   0.21603  -0.06586   0.60000  3
  -0.36304   0.48902   0.05249   0.04995   0.60000  4
  -1.37061  -1.06404  -0.01316   0.02805   0.60000  5
   0.09421   0.55091  -0.02396  -0.06641   0.60000  6
  -0.50929   1.24440  -0.14653  -0.24468   0.60000  7
   0.72355   0.21185  -0.14017  -0.07453   0.60000  8
  -1.76235  -0.92440   0.05406  -0.01181   0.60000  9
   0.79241  -0.66819  -0.05067   0.01432   0.60000 10
   0.58401  -0.93037   0.00190   0.08476   0.60000 11
  -0.43324  -0.69209  -0.10459  -0.08194   0.60000 12
   0.03422   1.26307  -0.09909  -0.05306   0.60000 13
   0.66852   0.18851   0.04336   0.02692   0.60000 14
  -0.03401  -0.70514  -0.08675   0.02240   0.60000 15
  -0.47869  -0.71698   0.19554   0.12450   0.60000 16
  -0.55027   1.19949   0.02376   0.07188   0.60000 17
   0.15645   0.28123   0.00558   0.06306   0.60000 18
  -0.81691   1.06129   0.14069   0.15930   0.60000 19
   1.03790  -0.24608  -0.07983   0.00784   0.60000 20
  -0.44952  -0.70390   0.06685  -0.00330   0.70000  1
  -0.54166   1.20703  -0.05733  -0.05971   0.70000  2
  -0.80416   1.09512   0.25520  -0.06389   0.70000  3
  -0.35733   0.49446   0.06169   0.05890   0.70000  4
  -1.37206  -1.06100  -0.01600   0.03273   0.70000  5
   0.09163   0.54367  -0.02758  -0.07845   0.70000  6
  -0.52523   1.21846  -0.17179  -0.27218   0.70000  7
   0.70854   0.20393  -0.15943  -0.08350   0.70000  8
  -1.75647  -0.92569   0.06357  -0.01387   0.70000  9
   0.78689  -0.66665  -0.05969   0.01639   0.70000 10
   0.58424  -0.92115   0.00275   0.09961   0.70000 11
  -0.44390  -0.70053  -0.10659  -0.08552   0.70000 12
   0.02343   1.25728  -0.11676  -0.06264   0.70000 13
   0.67302   0.19127   0.04600   0.02784   0.70000 14
  -0.04352  -0.70272  -0.10377   0.02586   0.70000 15
  -0.45801  -0.70406   0.21652   0.13247   0.70000 16
  -0.54803   1.20649   0.02002   0.06610   0.70000 17
   0.15701   0.28812   0.00552   0.07467   0.70000 18
  -0.80121   1.07825   0.17444   0.17919   0.70000 19
   1.02923  -0.24523  -0.09362   0.00927   0.70000 20
  -0.44240  -0.70404   0.07557   0.00075   0.80000  1
  -0.54804   1.20039  -0.07091  -0.07380   0.80000  2
  -0.77664   1.08921   0.29557  -0.05282   0.80000  3
  -0.35069   0.50081   0.07107   0.06814   0.80000  4
  -1.37382  -1.05749  -0.01914   0.03743   0.80000  5
   0.08870   0.53521  -0.03093  -0.09092   0.80000  6
  -0.54352   1.19042  -0.19345  -0.28625   0.80000  7
   0.69181   0.19524  -0.17442  -0.08970   0.80000  8
  -1.74963  -0.92718   0.07334  -0.01598   0.80000  9
   0.78046  -0.66491  -0.06902   0.01829   0.80000 10
   0.58457  -0.91043   0.00388   0.11484   0.80000 11
  -0.45411  -0.70892  -0.09542  -0.08085   0.80000 12
   0.01085   1.25053  -0.13499  -0.07253   0.80000 13
   0.67757   0.19398   0.04412   0.02598   0.80000 14
  -0.05481  -0.69997  -0.12221   0.02931   0.80000 15
  -0.43578  -0.69081   0.22606   0.13084   0.80000 16
  -0.54652   1.21225   0.00870   0.04669   0.80000 17
   0.15754   0.29618   0.00486   0.08677   0.80000 18
  -0.78180   1.09692   0.21493   0.19308   0.80000 19
   1.01917  -0.24423  -0.10761   0.01075   0.80000 20
  -0.43441  -0.70371   0.08443   0.00619   0.90000  1
  -0.55597   1.19214  -0.08836  -0.09189   0.90000  2
  -0.74498   1.08490   0.33790  -0.03154   0.90000  3
  -0.34311   0.50810   0.08058   0.07769   0.90000  4
  -1.37590  -1.05351  -0.02262   0.04214   0.90000  5
   0.08545   0.52547  -0.03386  -0.10387   0.90000  6
  -0.56379   1.16168  -0.21135  -0.28639   0.90000  7
   0.67385   0.18610  -0.18380  -0.09251   0.90000  8
  -1.74179  -0.92889   0.08342  -0.01814   0.90000  9
   0.77308  -0.66300  -0.07872   0.01997   0.90000 10
   0.58502  -0.89817   0.00533   0.13054   0.90000 11
  -0.46255  -0.71645  -0.07162  -0.06867   0.90000 12
  -0.00359   1.24277  -0.15392  -0.08276   0.90000 13
   0.68165   0.19635   0.03636   0.02073   0.90000 14
  -0.06803  -0.69686  -0.14245   0.03281   0.90000 15
  -0.41316  -0.67819   0.22485   0.12051   0.90000 16
  -0.54659   1.21537  -0.01142   0.01370   0.90000 17
   0.15796   0.30549   0.00341   0.09938   0.90000 18
  -0.75794   1.11663   0.26369   0.19985   0.90000 19
   1.00770  -0.24308  -0.12184   0.01227   0.90000 20
  -0.42550  -0.70277   0.09377   0.01261   1.00000  1
  -0.56586   1.18189  -0.11001  -0.11354   1.00000  2
  -0.70896   1.08322   0.38294  -0.00053   1.00000  3
  -0.33457   0.51636   0.09022   0.08755   1.00000  4
  -1.37836  -1.04906  -0.02652   0.04687   1.00000  5
   0.08195   0.51442  -0.03618  -0.11727   1.00000  6
  -0.58574   1.13350  -0.22739  -0.27547   1.00000  7
   0.65524   0.17685  -0.18746  -0.09202   1.00000  8
  -1.73293  -0.93081   0.09387  -0.02036   1.00000  9
   0.76470  -0.66093  -0.08887   0.02138   1.00000 10
   0.58564  -0.88430   0.00717   0.14681   1.00000 11
  -0.46815  -0.72250  -0.03932  -0.05182   1.00000 12
  -0.01996   1.23396  -0.17372  -0.09337   1.00000 13
   0.68464   0.19802   0.02258   0.01222   1.00000 14
  -0.08338  -0.69340  -0.16498   0.03645   1.00000 15
  -0.39102  -0.66689   0.21720   0.10471   1.00000 16
  -0.54906   1.21466  -0.03912  -0.02914   1.00000 17
   0.15818   0.31608   0.00089   0.11250   1.00000 18
  -0.72877   1.13663   0.32128   0.19860   1.00000 19
   0.99479  -0.24177  -0.13633   0.01383   1.00000 20
  -0.41562  -0.70117   0.10400   0.01958   1.10000  1
  -0.57807   1.16936  -0.13451  -0.13725   1.10000  2
  -0.66838   1.08506   0.42801   0.03820   1.10000  3
  -0.32506   0.52562   0.09993   0.09769   1.10000  4
  -1.38122  -1.04414  -0.03091   0.05163   1.10000  5
   0.07825   0.50200  -0.03759  -0.13102   1.10000  6
  -0.60914   1.10695  -0.23899  -0.25351   1.10000  7
   0.63651   0.16778  -0.18657  -0.08900   1.10000  8
  -1.72300  -0.93296   0.10477  -0.02265   1.10000  9
   0.75529  -0.65873  -0.09956   0.02245   1.10000 10
   0.58647  -0.86878   0.00947   0.16377   1.10000 11
  -0.47027  -0.72674  -0.00234  -0.03271   1.10000 12
  -0.03837   1.22408  -0.19466  -0.10441   1.10000 13
   0.68600   0.19871   0.00393   0.00125   1.10000 14
  -0.10112  -0.68956  -0.19035   0.04032   1.10000 15
  -0.36979  -0.65733   0.20714   0.08623   1.10000 16
  -0.55459   1.20934  -0.07229  -0.07821   1.10000 17
   0.15809   0.32800  -0.00307   0.12606   1.10000 18
  -0.69348   1.15598   0.38468   0.18616   1.10000 19
   0.98042  -0.24031  -0.15111   0.01544   1.10000 20
  -0.40466  -0.69885   0.11553   0.02681   1.20000  1
  -0.59264   1.15449  -0.15487  -0.15919   1.20000  2
  -0.62381   1.09094   0.45911   0.07916   1.20000  3
  -0.31458   0.53590   0.10968   0.10801   1.20000  4
  -1.38456  -1.03874  -0.03586   0.05641   1.20000  5
   0.07447   0.48821  -0.03766  -0.14484   1.20000  6
  -0.63285   1.08332  -0.23011  -0.21639   1.20000  7
   0.61803   0.15910  -0.18273  -0.08436   1.20000  8
  -1.71196  -0.93534   0.11620  -0.02500   1.20000  9
   0.74477  -0.65645  -0.11089   0.02311   1.20000 10
   0.58756  -0.85152   0.01232   0.18155   1.20000 11
  -0.46854  -0.72901   0.03721  -0.01261   1.20000 12
  -0.05894   1.21307  -0.21710  -0.11595   1.20000 13
   0.68532   0.19822  -0.01797  -0.01126   1.20000 14
  -0.12156  -0.68532  -0.21926   0.04450   1.20000 15
  -0.34959  -0.64968   0.19706   0.06660   1.20000 16
  -0.56359   1.19890  -0.10741  -0.13088   1.20000 17
   0.15751   0.34130  -0.00893   0.13985   1.20000 18
  -0.65202   1.17331   0.44186   0.15740   1.20000 19
   0.96456  -0.23868  -0.16620   0.01708   1.20000 20
  -0.39246  -0.69580   0.12883   0.03414   1.30000  1
  -0.60833   1.13784  -0.15408  -0.17184   1.30000  2
  -0.57767   1.10069   0.45800   0.11430   1.30000  3
  -0.30313   0.54722   0.11942   0.11841   1.30000  4
  -1.38842  -1.03285  -0.04149   0.06124   1.30000  5
   0.07078   0.47305  -0.03586  -0.15815   1.30000  6
  -0.65408   1.06406  -0.19026  -0.16799   1.30000  7
   0.60002   0.15094  -0.17727  -0.07885   1.30000  8
  -1.69974  -0.93796   0.12826  -0.02744   1.30000  9
   0.73308  -0.65413  -0.12297   0.02326   1.30000 10
   0.58896  -0.83244   0.01582   0.20031   1.30000 11
  -0.46276  -0.72924   0.07853   0.00799   1.30000 12
  -0.08186   1.20087  -0.24164  -0.12805   1.30000 13
   0.68235   0.19643  -0.04178  -0.02455   1.30000 14
  -0.14511  -0.68065  -0.25242   0.04903   1.30000 15
  -0.33034  -0.64403   0.18811   0.04646   1.30000 16
  -0.57582   1.18319  -0.13448  -0.18229   1.30000 17
   0.15622   0.35596  -0.01725   0.15342   1.30000 18
  -0.60595   1.18689   0.47416   0.11183   1.30000 19
   0.94717  -0.23689  -0.18164   0.01876   1.30000 20
  -0.37882  -0.69202   0.14436   0.04152   1.40000  1
  -0.62248   1.12054  -0.12553  -0.17248   1.40000  2
  -0.53321   1.11338   0.42757   0.13692   1.40000  3
  -0.29070   0.55958   0.12907   0.12873   1.40000  4
  -1.39288  -1.02649  -0.04792   0.06610   1.40000  5
   0.06738   0.45663  -0.03161  -0.16988   1.40000  6
  -0.67043   1.04969  -0.13570  -0.12011   1.40000  7
   0.58260   0.14335  -0.17102  -0.07295   1.40000  8
  -1.68628  -0.94083   0.14105  -0.02995   1.40000  9
   0.72015  -0.65182  -0.13592   0.02281   1.40000 10
   0.59074  -0.81142   0.02004   0.22022   1.40000 11
  -0.45278  -0.72740   0.12155   0.02904   1.40000 12
  -0.10737   1.18744  -0.26911  -0.14072   1.40000 13
   0.67693   0.19330  -0.06661  -0.03817   1.40000 14
  -0.17221  -0.67551  -0.29041   0.05390   1.40000 15
  -0.31192  -0.64040   0.18051   0.02599   1.40000 16
  -0.58964   1.16280  -0.13713  -0.22308   1.40000 17
   0.15396   0.37194  -0.02857   0.16582   1.40000 18
  -0.55835   1.19532   0.47284   0.05580   1.40000 19
   0.92822  -0.23493  -0.19747   0.02048   1.40000 20
  -0.36350  -0.68749   0.16245   0.04903   1.50000  1
  -0.63307   1.10351  -0.08575  -0.16804   1.50000  2
  -0.49253   1.12756   0.38582   0.14440   1.50000  3
  -0.27732   0.57296   0.13847   0.13888   1.50000  4
  -1.39803  -1.01963  -0.05529   0.07099   1.50000  5
   0.06455   0.43919  -0.02453  -0.17831   1.50000  6
  -0.68115   1.03986  -0.07883  -0.07739   1.50000  7
   0.56582   0.13635  -0.16438  -0.06697   1.50000  8
  -1.67150  -0.94396   0.15473  -0.03253   1.50000  9
   0.70587  -0.64959  -0.14986   0.02171   1.50000 10
   0.59299  -0.78835   0.02506   0.24145   1.50000 11
  -0.43839  -0.72341   0.16663   0.05070   1.50000 12
  -0.13582   1.17271  -0.30066  -0.15381   1.50000 13
   0.66900   0.18879  -0.09202  -0.05190   1.50000 14
  -0.20334  -0.66987  -0.33268   0.05882   1.50000 15
  -0.29423  -0.63884   0.17309   0.00527   1.50000 16
  -0.60248   1.13906  -0.11730  -0.24964   1.50000 17
   0.15039   0.38904  -0.04322   0.17547   1.50000 18
  -0.51204   1.19806   0.45201  -0.00035   1.50000 19
   0.90766  -0.23280  -0.21373   0.02223   1.50000 20
  -0.34625  -0.68220   0.18260   0.05687   1.60000  1
  -0.63967   1.08693  -0.04661  -0.16379   1.60000  2
  -0.45589   1.14188   0.34833   0.14048   1.60000  3
  -0.26303   0.58735   0.14735   0.14883   1.60000  4
  -1.40398  -1.01229  -0.06377   0.07591   1.60000  5
   0.06256   0.42115  -0.01492  -0.18123   1.60000  6
  -0.68621   1.03402  -0.02238  -0.04028   1.60000  7
   0.54973   0.12995  -0.15753  -0.06112   1.60000  8
  -1.65530  -0.94734   0.16944  -0.03516   1.60000  9
   0.69014  -0.64750  -0.16480   0.01998   1.60000 10
   0.59578  -0.76309   0.03085   0.26406   1.60000 11
  -0.41936  -0.71722   0.21427   0.07340   1.60000 12
  -0.16768   1.15667  -0.33773  -0.16688   1.60000 13
   0.65852   0.18292  -0.11778  -0.06564   1.60000 14
  -0.23876  -0.66378  -0.37505   0.06263   1.60000 15
  -0.27743  -0.63934   0.16177  -0.01511   1.60000 16
  -0.61292   1.11318  -0.09165  -0.26677   1.60000 17
   0.14521   0.40687  -0.06079   0.18026   1.60000 18
  -0.46801   1.19546   0.42888  -0.05044   1.60000 19
   0.88546  -0.23048  -0.23049   0.02401   1.60000 20
  -0.32702  -0.67610   0.20120   0.06532   1.70000  1
  -0.64252   1.07069  -0.01096  -0.16118   1.70000  2
  -0.42250   1.15539   0.32142   0.12826   1.70000  3
  -0.24788   0.60273   0.15537   0.15867   1.70000  4
  -1.41083  -1.00445  -0.07355   0.08080   1.70000  5
   0.06161   0.40318  -0.00407  -0.17688   1.70000  6
  -0.68564   1.03159   0.03361  -0.00951   1.70000  7
   0.53432   0.12412  -0.15049  -0.05558   1.70000  8
  -1.63757  -0.95099   0.18539  -0.03779   1.70000  9
   0.67288  -0.64560  -0.18055   0.01797   1.70000 10
   0.59918  -0.73550   0.03713   0.28785   1.70000 11
  -0.39545  -0.70867   0.26430   0.09789   1.70000 12
  -0.20360   1.13937  -0.38191  -0.17872   1.70000 13
   0.64544   0.17567  -0.14381  -0.07937   1.70000 14
  -0.27798  -0.65748  -0.40624   0.06233   1.70000 15
  -0.26226  -0.64178   0.13916  -0.03311   1.70000 16
  -0.62088   1.08591  -0.06800  -0.27782   1.70000 17
   0.13818   0.42487  -0.07994   0.17850   1.70000 18
  -0.42612   1.18821   0.40975  -0.09343   1.70000 19
   0.86155  -0.22799  -0.24781   0.02580   1.70000 20
  -0.30637  -0.66913   0.20932   0.07383   1.80000  1
  -0.64197   1.05464   0.02153  -0.15999   1.80000  2
  -0.39123   1.16723   0.30562   0.10688   1.80000  3
  -0.23199   0.61909   0.16212   0.16853   1.80000  4
  -1.41873  -0.99613  -0.08481   0.08560   1.80000  5
   0.06173   0.38602   0.00622  -0.16524   1.80000  6
  -0.67951   1.03184   0.08882   0.01283   1.80000  7
   0.51964   0.11882  -0.14327  -0.05054   1.80000  8
  -1.61818  -0.95490   0.20277  -0.04034   1.80000  9
   0.65403  -0.64388  -0.19634   0.01673   1.80000 10
   0.60320  -0.70551   0.04300   0.31195   1.80000 11
  -0.36654  -0.69756   0.31288   0.12485   1.80000 12
  -0.24433   1.12106  -0.43363  -0.18649   1.80000 13
   0.62975   0.16704  -0.17011  -0.09307   1.80000 14
  -0.31912  -0.65155  -0.41112   0.05515   1.80000 15
  -0.25006  -0.64579   0.10302  -0.04602   1.80000 16
  -0.62660   1.05783  -0.04649  -0.28241   1.80000 17
   0.12924   0.44235  -0.09876   0.17019   1.80000 18
  -0.38591   1.17699   0.39501  -0.12999   1.80000 19
   0.83587  -0.22533  -0.26577   0.02757   1.80000 20
  -0.28568  -0.66140   0.20256   0.08021   1.90000  1
  -0.63827   1.03868   0.05218  -0.15925   1.90000  2
  -0.36114   1.17634   0.29647   0.07297   1.90000  3
  -0.21551   0.63644   0.16712   0.17848   1.90000  4
  -1.42784  -0.98734  -0.09766   0.09012   1.90000  5
   0.06279   0.37031   0.01465  -0.14827   1.90000  6
  -0.66795   1.03377   0.14182   0.02360   1.90000  7
   0.50568   0.11398  -0.13587  -0.04624   1.90000  8
  -1.59697  -0.95905   0.22171  -0.04262   1.90000  9
   0.63367  -0.64215  -0.21026   0.01874   1.90000 10
   0.60770  -0.67317   0.04640   0.33408   1.90000 11
  -0.33330  -0.68369   0.34867   0.15196   1.90000 12
  -0.29040   1.10239  -0.48668  -0.18501   1.90000 13
   0.61141   0.15705  -0.19665  -0.10675   1.90000 14
  -0.35904  -0.64657  -0.38183   0.04461   1.90000 15
  -0.24184  -0.65078   0.06135  -0.05276   1.90000 16
  -0.63015   1.02972  -0.02413  -0.27822   1.90000 17
   0.11849   0.45875  -0.11593   0.15729   1.90000 18
  -0.34709   1.16235   0.38053  -0.16223   1.90000 19
   0.80837  -0.22248  -0.28445   0.02928   1.90000 20
  -0.26608  -0.65320   0.18906   0.08331   2.00000  1
  -0.63153   1.02282   0.08287  -0.15769   2.00000  2
  -0.33209   1.18138   0.28307   0.02611   2.00000  3
  -0.19864   0.65478   0.16990   0.18844   2.00000  4
  -1.43832  -0.97813  -0.11198   0.09400   2.00000  5
   0.06459   0.35646   0.02092  -0.12856   2.00000  6
  -0.65129   1.03610   0.19049   0.02061   2.00000  7
   0.49246   0.10954  -0.12838  -0.04296   2.00000  8
  -1.57379  -0.96340   0.24211  -0.04423   2.00000  9
   0.61214  -0.63990  -0.21936   0.02777   2.00000 10
   0.61229  -0.63887   0.04418   0.35077   2.00000 11
  -0.29746  -0.66740   0.36550   0.17233   2.00000 12
  -0.34102   1.08441  -0.52099  -0.17380   2.00000 13
   0.59041   0.14570  -0.22335  -0.12033   2.00000 14
  -0.39469  -0.64249  -0.32906   0.03796   2.00000 15
  -0.23768  -0.65611   0.02305  -0.05241   2.00000 16
  -0.63127   1.00255   0.00294  -0.26345   2.00000 17
   0.10612   0.47374  -0.13109   0.14240   2.00000 18
  -0.31021   1.14464   0.35407  -0.19113   2.00000 19
   0.77895  -0.21947  -0.30393   0.03086   2.00000 20
  -0.24785  -0.64483   0.17578   0.08392   2.10000  1
  -0.62163   1.00720   0.11555  -0.15420   2.10000  2
  -0.30486   1.18141   0.26031  -0.02555   2.10000  3
  -0.18162   0.67411   0.17009   0.19809   2.10000  4
  -1.45026  -0.96859  -0.12689   0.09652   2.10000  5
   0.06692   0.34462   0.02540  -0.10826   2.10000  6
  -0.63003   1.03747   0.23405   0.00502   2.10000  7
   0.48000   0.10535  -0.12103  -0.04112   2.10000  8
  -1.54852  -0.96785   0.26311  -0.04443   2.10000  9
   0.59002  -0.63629  -0.22203   0.04590   2.10000 10
   0.61628  -0.60327   0.03450   0.36029   2.10000 11
  -0.26063  -0.64958   0.36910   0.18212   2.10000 12
  -0.39375   1.06746  -0.53154  -0.16708   2.10000 13
   0.56674   0.13300  -0.24996  -0.13364   2.10000 14
  -0.42474  -0.63881  -0.27244   0.03629   2.10000 15
  -0.23688  -0.66096  -0.00479  -0.04291   2.10000 16
  -0.62932   0.97736   0.03726  -0.23888   2.10000 17
   0.09232   0.48724  -0.14454   0.12775   2.10000 18
  -0.27682   1.12441   0.31233  -0.21201   2.10000 19
   0.74755  -0.21632  -0.32425   0.03219   2.10000 20
  -0.23083  -0.63645   0.16506   0.08347   2.20000  1
  -0.60830   0.99207   0.15161  -0.14794   2.20000  2
  -0.28012   1.17633   0.23454  -0.07553   2.20000  3
  -0.16472   0.69438   0.16749   0.20711   2.20000  4
  -1.46363  -0.95891  -0.13978   0.09643   2.20000  5
   0.06963   0.33478   0.02863  -0.08876   2.20000  6
  -0.60461   1.03681   0.27384  -0.01941   2.20000  7
   0.46824   0.10124  -0.11437  -0.04130   2.20000  8
  -1.52123  -0.97220   0.28214  -0.04199   2.20000  9
   0.56788  -0.63048  -0.22019   0.07103   2.20000 10
   0.61899  -0.56697   0.01886   0.36518   2.20000 11
  -0.22404  -0.63132   0.36076   0.18157   2.20000 12
  -0.44729   1.05055  -0.54027  -0.17322   2.20000 13
   0.54044   0.11899  -0.27590  -0.14637   2.20000 14
  -0.44935  -0.63514  -0.22060   0.03725   2.20000 15
  -0.23811  -0.66435  -0.01695  -0.02342   2.20000 16
  -0.62356   0.95501   0.07902  -0.20705   2.20000 17
   0.07725   0.49935  -0.15671   0.11487   2.20000 18
  -0.24781   1.10251   0.26822  -0.22506   2.20000 19
   0.71408  -0.21305  -0.34539   0.03316   2.20000 20
  -0.21474  -0.62812   0.15739   0.08330   2.30000  1
  -0.59121   0.97774   0.19037  -0.13810   2.30000  2
  -0.25791   1.16637   0.21005  -0.12348   2.30000  3
  -0.14822   0.71551   0.16191   0.21539   2.30000  4
  -1.47799  -0.94943  -0.14569   0.09249   2.30000  5
   0.07262   0.32681   0.03108  -0.07090   2.30000  6
  -0.57537   1.03340   0.31001  -0.04954   2.30000  7
   0.45707   0.09699  -0.10938  -0.04434   2.30000  8
  -1.49233  -0.97611   0.29425  -0.03563   2.30000  9
   0.54602  -0.62197  -0.21701   0.09959   2.30000 10
   0.61995  -0.53025  -0.00007   0.36945   2.30000 11
  -0.18885  -0.61351   0.34164   0.17391   2.30000 12
  -0.50204   1.03244  -0.55489  -0.19077   2.30000 13
   0.51162   0.10376  -0.30008  -0.15801   2.30000 14
  -0.46905  -0.63132  -0.17443   0.03938   2.30000 15
  -0.23976  -0.66540  -0.01395   0.00318   2.30000 16
  -0.61332   0.93613   0.12644  -0.16983   2.30000 17
   0.06102   0.51031  -0.16789   0.10476   2.30000 18
  -0.22306   1.07951   0.22749  -0.23451   2.30000 19
   0.67845  -0.20970  -0.36723   0.03364   2.30000 20
  -0.19926  -0.61976   0.15254   0.08429   2.40000  1
  -0.57035   0.96458   0.22515  -0.12466   2.40000  2
  -0.23805   1.15166   0.18745  -0.17067   2.40000  3
  -0.13245   0.73744   0.15304   0.22319   2.40000  4
  -1.49239  -0.94053  -0.14055   0.08504   2.40000  5
   0.07583   0.32053   0.03306  -0.05519   2.40000  6
  -0.54307   1.02673   0.33216  -0.08478   2.40000  7
   0.44625   0.09225  -0.10763  -0.05119   2.40000  8
  -1.46275  -0.97920   0.29540  -0.02567   2.40000  9
   0.52445  -0.61053  -0.21461   0.12939   2.40000 10
   0.61891  -0.49301  -0.02095   0.37576   2.40000 11
  -0.15592  -0.59663   0.31628   0.16339   2.40000 12
  -0.55779   1.01214  -0.55446  -0.21599   2.40000 13
   0.48054   0.08744  -0.32082  -0.16791   2.40000 14
  -0.48439  -0.62725  -0.13294   0.04209   2.40000 15
  -0.24056  -0.66362  -0.00082   0.03258   2.40000 16
  -0.59823   0.92120   0.17509  -0.12807   2.40000 17
   0.04370   0.52042  -0.17822   0.09812   2.40000 18
  -0.20219   1.05563   0.19029  -0.24326   2.40000 19
   0.64062  -0.20634  -0.38946   0.03356   2.40000 20
  -0.18415  -0.61121   0.14999   0.08686   2.50000  1
  -0.54670   0.95277   0.24553  -0.11219   2.50000  2
  -0.22037   1.13222   0.16612  -0.21838   2.50000  3
  -0.11775   0.76015   0.14025   0.23119   2.50000  4
  -1.50578  -0.93246  -0.12613   0.07638   2.50000  5
   0.07922   0.31569   0.03476  -0.04200   2.50000  6
  -0.50971   1.01634   0.33257  -0.12311   2.50000  7
   0.43537   0.08660  -0.11090  -0.06270   2.50000  8
  -1.43356  -0.98120   0.28737  -0.01442   2.50000  9
   0.50304  -0.59608  -0.21404   0.15961   2.50000 10
   0.61569  -0.45499  -0.04379   0.38522   2.50000 11
  -0.12565  -0.58083   0.28895   0.15282   2.50000 12
  -0.61140   0.98924  -0.51085  -0.24126   2.50000 13
   0.44764   0.07025  -0.33615  -0.17565   2.50000 14
  -0.49576  -0.62289  -0.09501   0.04522   2.50000 15
  -0.23974  -0.65889   0.01796   0.06203   2.50000 16
  -0.57854   0.91056   0.21692  -0.08506   2.50000 17
   0.02540   0.53006  -0.18772   0.09540   2.50000 18
  -0.18491   1.03083   0.15569  -0.25295   2.50000 19
   0.60056  -0.20301  -0.41153   0.03299   2.50000 20
  -0.16920  -0.60232   0.14925   0.09121   2.60000  1
  -0.52151   0.94194   0.25799  -0.10534   2.60000  2
  -0.20481   1.10793   0.14522  -0.26765   2.60000  3
  -0.10456   0.78372   0.12249   0.24036   2.60000  4
  -1.51748  -0.92523  -0.10742   0.06847   2.60000  5
   0.08277   0.31203   0.03626  -0.03160   2.60000  6
  -0.47671   1.00215   0.32763  -0.16039   2.60000  7
   0.42386   0.07954  -0.12036  -0.07913   2.60000  8
  -1.40541  -0.98210   0.27515  -0.00380   2.60000  9
   0.48157  -0.57859  -0.21582   0.19018   2.60000 10
   0.61005  -0.41586  -0.06952   0.39791   2.60000 11
  -0.09811  -0.56602   0.26207   0.14354   2.60000 12
  -0.65913   0.96418  -0.44215  -0.25812   2.60000 13
   0.41354   0.05238  -0.34462  -0.18140   2.60000 14
  -0.50348  -0.61819  -0.05972   0.04879   2.60000 15
  -0.23686  -0.65125   0.03992   0.09044   2.60000 16
  -0.55516   0.90397   0.24980  -0.04816   2.60000 17
   0.00619   0.53964  -0.19643   0.09691   2.60000 18
  -0.17100   1.00497   0.12284  -0.26451   2.60000 19
   0.55835  -0.19975  -0.43257   0.03229   2.60000 20
  -0.15425  -0.59291   0.14998   0.09747   2.70000  1
  -0.49497   0.93156   0.27386  -0.10278   2.70000  2
  -0.19134   1.07861   0.12403  -0.31927   2.70000  3
  -0.09346   0.80830   0.09824   0.25160   2.70000  4
  -1.52724  -0.91872  -0.08791   0.06192   2.70000  5
   0.08646   0.30927   0.03751  -0.02421   2.70000  6
  -0.44408   0.98434   0.32565  -0.19526   2.70000  7
   0.41110   0.07062  -0.13581  -0.10003   2.70000  8
  -1.37855  -0.98200   0.26223   0.00558   2.70000  9
   0.45979  -0.55802  -0.22031   0.22132   2.70000 10
   0.60165  -0.37532  -0.09946   0.41306   2.70000 11
  -0.07318  -0.55205   0.23682   0.13623   2.70000 12
  -0.69986   0.93792  -0.37358  -0.26600   2.70000 13
   0.37895   0.03400  -0.34610  -0.18617   2.70000 14
  -0.50777  -0.61311  -0.02638   0.05286   2.70000 15
  -0.23168  -0.64085   0.06400   0.11749   2.70000 16
  -0.52860   0.90061   0.28199  -0.02077   2.70000 17
  -0.01387   0.54960  -0.20457   0.10289   2.70000 18
  -0.16030   0.97785   0.09133  -0.27829   2.70000 19
   0.51412  -0.19653  -0.45153   0.03235   2.70000 20
  -0.13916  -0.58276   0.15206   0.10584   2.80000  1
  -0.46649   0.92131   0.29700  -0.10267   2.80000  2
  -0.18003   1.04398   0.10206  -0.37382   2.80000  3
  -0.08520   0.83411   0.06536   0.26486   2.80000  4
  -1.53509  -0.91280  -0.06909   0.05667   2.80000  5
   0.09026   0.30709   0.03836  -0.01997   2.80000  6
  -0.41144   0.96320   0.32784  -0.22697   2.80000  7
   0.39655   0.05941  -0.15595  -0.12468   2.80000  8
  -1.35294  -0.98103   0.25011   0.01379   2.80000  9
   0.43741  -0.53430  -0.22785   0.25337   2.80000 10
   0.58998  -0.33322  -0.13485   0.42911   2.80000 11
  -0.05068  -0.53870   0.21369   0.13130   2.80000 12
  -0.73414   0.91115  -0.31371  -0.26880   2.80000 13
   0.34452   0.01514  -0.34145  -0.19132   2.80000 14
  -0.50880  -0.60760   0.00557   0.05757   2.80000 15
  -0.22401  -0.62780   0.08983   0.14326   2.80000 16
  -0.49856   0.89953   0.31997  -0.00215   2.80000 17
  -0.03473   0.56038  -0.21261   0.11369   2.80000 18
  -0.15269   0.94926   0.06120  -0.29372   2.80000 19
   0.46814  -0.19320  -0.46756   0.03464   2.80000 20
  -0.12380  -0.57166   0.15549   0.11659   2.90000  1
  -0.43529   0.91096   0.32843  -0.10452   2.90000  2
  -0.17096   1.00375   0.07916  -0.43107   2.90000  3
  -0.08077   0.86124   0.02114   0.27711   2.90000  4
  -1.54110  -0.90735  -0.05143   0.05249   2.90000  5
   0.09411   0.30517   0.03857  -0.01893   2.90000  6
  -0.37835   0.93910   0.33480  -0.25423   2.90000  7
   0.37981   0.04558  -0.17921  -0.15256   2.90000  8
  -1.32848  -0.97928   0.23925   0.02108   2.90000  9
   0.41410  -0.50731  -0.23889   0.28669   2.90000 10
   0.57448  -0.28954  -0.17621   0.44412   2.90000 11
  -0.03037  -0.52570   0.19284   0.12917   2.90000 12
  -0.76290   0.88423  -0.26286  -0.26943   2.90000 13
   0.31083  -0.00432  -0.33175  -0.19813   2.90000 14
  -0.50669  -0.60157   0.03658   0.06303   2.90000 15
  -0.21366  -0.61223   0.11744   0.16797   2.90000 16
  -0.46434   0.89989   0.36585   0.00775   2.90000 17
  -0.05641   0.57252  -0.22128   0.13001   2.90000 18
  -0.14801   0.91914   0.03262  -0.30794   2.90000 19
   0.42071  -0.18947  -0.48054   0.04081   2.90000 20
  -0.10801  -0.55935   0.16040   0.13012   3.00000  1
  -0.40051   0.90032   0.36875  -0.10886   3.00000  2
  -0.16422   0.95777   0.05546  -0.48779   3.00000  3
  -0.08141   0.88920  -0.03609   0.27909   3.00000  4
  -1.54541  -0.90227  -0.03497   0.04915   3.00000  5
   0.09794   0.30320   0.03782  -0.02100   3.00000  6
  -0.34428   0.91256   0.34791  -0.27525   3.00000  7
   0.36064   0.02880  -0.20432  -0.18357   3.00000  8
  -1.30504  -0.97684   0.22969   0.02766   3.00000  9
   0.38949  -0.47691  -0.25398   0.32165   3.00000 10
   0.55455  -0.24448  -0.22323   0.45658   3.00000 11
  -0.01203  -0.51275   0.17423   0.13038   3.00000 12
  -0.78696   0.85728  -0.21946  -0.26939   3.00000 13
   0.27832  -0.02458  -0.31771  -0.20755   3.00000 14
  -0.50151  -0.59496   0.06699   0.06941   3.00000 15
  -0.20045  -0.59423   0.14704   0.19195   3.00000 16
  -0.42512   0.90074   0.41979   0.00726   3.00000 17
  -0.07903   0.58661  -0.23148   0.15317   3.00000 18
  -0.14615   0.88791   0.00431  -0.31483   3.00000 19
   0.37211  -0.18488  -0.49116   0.05181   3.00000 20
  -0.09166  -0.54552   0.16695   0.14700   3.10000  1
  -0.36123   0.88906   0.41847  -0.11720   3.10000  2
  -0.15993   0.90656   0.02950  -0.53331   3.10000  3
  -0.08831   0.91623  -0.10279   0.25645   3.10000  4
  -1.54813  -0.89750  -0.01961   0.04647   3.10000  5
   0.10163   0.30087   0.03579  -0.02596   3.10000  6
  -0.30850   0.88431   0.36913  -0.28835   3.10000  7
   0.33891   0.00876  -0.23042  -0.21773   3.10000  8
  -1.28250  -0.97376   0.22130   0.03374   3.10000  9
   0.36315  -0.44291  -0.27382   0.35854   3.10000 10
   0.52966  -0.19833  -0.27546   0.46573   3.10000 11
   0.00455  -0.49949   0.15772   0.13567   3.10000 12
  -0.80699   0.83035  -0.18187  -0.26936   3.10000 13
   0.24741  -0.04594  -0.29976  -0.22021   3.10000 14
  -0.49330  -0.58765   0.09713   0.07690   3.10000 15
  -0.18417  -0.57385   0.17899   0.21565   3.10000 16
  -0.38014   0.90090   0.48087  -0.00652   3.10000 17
  -0.10279   0.60345  -0.24402   0.18547   3.10000 18
  -0.14728   0.85657  -0.02800  -0.31023   3.10000 19
   0.32253  -0.17896  -0.50009   0.06726   3.10000 20
  -0.07456  -0.52981   0.17537   0.16799   3.20000  1
  -0.31652   0.87666   0.47697  -0.13229   3.20000  2
  -0.15860   0.85194  -0.00446  -0.55479   3.20000  3
  -0.10195   0.93942  -0.16890   0.20272   3.20000  4
  -1.54937  -0.89296  -0.00523   0.04432   3.20000  5
   0.10505   0.29792   0.03219  -0.03350   3.20000  6
  -0.27016   0.85516   0.39899  -0.29357   3.20000  7
   0.31455  -0.01485  -0.25694  -0.25476   3.20000  8
  -1.26075  -0.97010   0.21396   0.03943   3.20000  9
   0.33454  -0.40513  -0.29923   0.39761   3.20000 10
   0.49928  -0.15146  -0.33295   0.47084   3.20000 11
   0.01957  -0.48545   0.14297   0.14606   3.20000 12
  -0.82349   0.80340  -0.14872  -0.26967   3.20000 13
   0.21848  -0.06873  -0.27851  -0.23621   3.20000 14
  -0.48208  -0.57954   0.12727   0.08569   3.20000 15
  -0.16456  -0.55109   0.21371   0.23971   3.20000 16
  -0.32879   0.89887   0.54668  -0.03701   3.20000 17
  -0.12793   0.62413  -0.25916   0.23055   3.20000 18
  -0.15199   0.82611  -0.06714  -0.29842   3.20000 19
   0.27216  -0.17134  -0.50688   0.08532   3.20000 20
  -0.05652  -0.51175   0.18584   0.19414   3.30000  1
  -0.26569   0.86224   0.53927  -0.15813   3.30000  2
  -0.16105   0.79643  -0.04431  -0.55122   3.30000  3
  -0.12183   0.95604  -0.22695   0.12667   3.30000  4
  -1.54921  -0.88862   0.00831   0.04262   3.30000  5
   0.10801   0.29410   0.02683  -0.04332   3.30000  6
  -0.22859   0.82574   0.43176  -0.29464   3.30000  7
   0.28751  -0.04224  -0.28388  -0.29293   3.30000  8
  -1.23968  -0.96589   0.20752   0.04484   3.30000  9
   0.30309  -0.36331  -0.33108   0.43900   3.30000 10
   0.46288  -0.10436  -0.39603   0.46991   3.30000 11
   0.03318  -0.47006   0.12934   0.16289   3.30000 12
  -0.83684   0.77640  -0.11889  -0.27042   3.30000 13
   0.19177  -0.09326  -0.25554  -0.25463   3.30000 14
  -0.46784  -0.57047   0.15769   0.09603   3.30000 15
  -0.14132  -0.52587   0.25167   0.26504   3.30000 16
  -0.27085   0.89284   0.61082  -0.08696   3.30000 17
  -0.15465   0.65015  -0.27493   0.29295   3.30000 18
  -0.16080   0.79696  -0.10842  -0.28420   3.30000 19
   0.22131  -0.16192  -0.50903   0.10235   3.30000 20
  -0.03732  -0.49077   0.19842   0.22686   3.40000  1
  -0.20908   0.84456   0.58838  -0.19778   3.40000  2
  -0.16709   0.74254  -0.07325  -0.52212   3.40000  3
  -0.14682   0.96419  -0.26906   0.03370   3.40000  4
  -1.54773  -0.88443   0.02113   0.04127   3.40000  5
   0.11035   0.28919   0.01967  -0.05520   3.40000  6
  -0.18429   0.79615   0.44961  -0.29776   3.40000  7
   0.25771  -0.07334  -0.31290  -0.32820   3.40000  8
  -1.21922  -0.96114   0.20184   0.05004   3.40000  9
   0.26809  -0.31725  -0.37013   0.48272   3.40000 10
   0.41993  -0.05782  -0.46345   0.45899   3.40000 11
   0.04544  -0.45261   0.11578   0.18775   3.40000 12
  -0.84734   0.74930  -0.09142  -0.27158   3.40000 13
   0.16732  -0.11964  -0.23427  -0.27261   3.40000 14
  -0.45052  -0.56027   0.18867   0.10824   3.40000 15
  -0.11411  -0.49799   0.29322   0.29303   3.40000 16
  -0.20722   0.88088   0.65650  -0.15431   3.40000 17
  -0.18263   0.68332  -0.28140   0.37199   3.40000 18
  -0.17321   0.76938  -0.13558  -0.26672   3.40000 19
   0.17067  -0.15112  -0.50177   0.11168   3.40000 20
  -0.01677  -0.46610   0.21285   0.26797   3.50000  1
  -0.14944   0.82239   0.59597  -0.24578   3.50000  2
  -0.17489   0.69296  -0.07873  -0.46518   3.50000  3
  -0.17452   0.96240  -0.27871  -0.06990   3.50000  4
  -1.54500  -0.88035   0.03334   0.04025   3.50000  5
   0.11189   0.28299   0.01087  -0.06911   3.50000  6
  -0.13992   0.76621   0.43138  -0.29951   3.50000  7
   0.22473  -0.10765  -0.34798  -0.35703   3.50000  8
  -1.19929  -0.95588   0.19680   0.05510   3.50000  9
   0.22881  -0.26672  -0.41656   0.52785   3.50000 10
   0.37021  -0.01299  -0.53038   0.43547   3.50000 11
   0.05629  -0.43219   0.10084   0.22231   3.50000 12
  -0.85518   0.72207  -0.06553  -0.27302   3.50000 13
   0.14472  -0.14763  -0.21895  -0.28610   3.50000 14
  -0.43007  -0.54874   0.22049   0.12272   3.50000 15
  -0.08256  -0.46710   0.33834   0.32577   3.50000 16
  -0.14108   0.86176   0.65753  -0.22804   3.50000 17
  -0.20975   0.72412  -0.25331   0.43693   3.50000 18
  -0.18670   0.74375  -0.12798  -0.24543   3.50000 19
   0.12144  -0.14014  -0.48029   0.10471   3.50000 20
   0.00528  -0.43682   0.22830   0.31968   3.60000  1
  -0.09142   0.79569   0.55926  -0.28602   3.60000  2
  -0.18212   0.64999  -0.06307  -0.39418   3.60000  3
  -0.20155   0.95045  -0.25888  -0.16722   3.60000  4
  -1.54108  -0.87637   0.04503   0.03950   3.60000  5
   0.11248   0.27529   0.00078  -0.08538   3.60000  6
  -0.09891   0.73673   0.38705  -0.28815   3.60000  7
   0.18781  -0.14456  -0.39190  -0.37999   3.60000  8
  -1.17984  -0.95012   0.19232   0.06006   3.60000  9
   0.18459  -0.21185  -0.46835   0.56657   3.60000 10
   0.31404   0.02898  -0.59172   0.40318   3.60000 11
   0.06551  -0.40777   0.08303   0.26802   3.60000 12
  -0.86048   0.69469  -0.04062  -0.27457   3.60000 13
   0.12328  -0.17664  -0.21114  -0.29280   3.60000 14
  -0.40639  -0.53563   0.25349   0.14001   3.60000 15
  -0.04635  -0.43258   0.38593   0.36638   3.60000 16
  -0.07725   0.83548   0.61384  -0.29582   3.60000 17
  -0.23194   0.76867  -0.18722   0.44464   3.60000 18
  -0.19783   0.72036  -0.09153  -0.22249   3.60000 19
   0.07509  -0.13083  -0.44460   0.07858   3.60000 20
   0.02886  -0.40174   0.24288   0.38431   3.70000  1
  -0.03805   0.76558   0.50762  -0.31475   3.70000  2
  -0.18710   0.61381  -0.03505  -0.33158   3.70000  3
  -0.22602   0.92935  -0.22993  -0.25296   3.70000  4
  -1.53601  -0.87245   0.05627   0.03900   3.70000  5
   0.11202   0.26581  -0.01033  -0.10489   3.70000  6
  -0.06243   0.70877   0.34406  -0.27096   3.70000  7
   0.14610  -0.18324  -0.44308  -0.39074   3.70000  8
  -1.16081  -0.94387   0.18829   0.06496   3.70000  9
   0.13530  -0.15461  -0.51523   0.56962   3.70000 10
   0.25208   0.06759  -0.64650   0.36934   3.70000 11
   0.07278  -0.37818   0.06190   0.32582   3.70000 12
  -0.86332   0.66716  -0.01628  -0.27613   3.70000 13
   0.10214  -0.20581  -0.21402  -0.28863   3.70000 14
  -0.37932  -0.52062   0.28806   0.16081   3.70000 15
  -0.00541  -0.39342   0.43209   0.41910   3.70000 16
  -0.01883   0.80300   0.55361  -0.35224   3.70000 17
  -0.24722   0.81176  -0.12045   0.41376   3.70000 18
  -0.20470   0.69911  -0.04536  -0.20374   3.70000 19
   0.03286  -0.12484  -0.39857   0.03990   3.70000 20
   0.05369  -0.35948   0.25209   0.46296   3.80000  1
   0.01015   0.73287   0.45705  -0.33932   3.80000  2
  -0.18897   0.58323  -0.00196  -0.28223   3.80000  3
  -0.24752   0.90020  -0.19992  -0.32802   3.80000  4
  -1.52984  -0.86856   0.06716   0.03873   3.80000  5
   0.11037   0.25415  -0.02306  -0.12910   3.80000  6
  -0.02974   0.68240   0.31162  -0.25751   3.80000  7
   0.09922  -0.22230  -0.49290  -0.39051   3.80000  8
  -1.14217  -0.93713   0.18467   0.06984   3.80000  9
   0.08216  -0.09946  -0.54402   0.52920   3.80000 10
   0.18495   0.10298  -0.69497   0.33940   3.80000 11
   0.07782  -0.34221   0.03848   0.39524   3.80000 12
  -0.86375   0.63947   0.00776  -0.27771   3.80000 13
   0.07996  -0.23425  -0.23107  -0.28114   3.80000 14
  -0.34870  -0.50332   0.32468   0.18613   3.80000 15
   0.03968  -0.34823   0.46606   0.48728   3.80000 16
   0.03345   0.76530   0.49218  -0.40069   3.80000 17
  -0.25657   0.85113  -0.06934   0.37274   3.80000 18
  -0.20691   0.67929   0.00082  -0.19437   3.80000 19
  -0.00439  -0.12292  -0.34534  -0.00093   3.80000 20
   0.07865  -0.30894   0.24158   0.54573   3.90000  1
   0.05346   0.69771   0.40952  -0.36406   3.90000  2
  -0.18743   0.55697   0.03297  -0.24473   3.90000  3
  -0.26593   0.86434  -0.16779  -0.38545   3.90000  4
  -1.52259  -0.86469   0.07774   0.03868   3.90000  5
   0.10723   0.23980  -0.04121  -0.15861   3.90000  6
   0.00023   0.65700   0.28930  -0.25227   3.90000  7
   0.04843  -0.26138  -0.51417  -0.38744   3.90000  8
  -1.12387  -0.92990   0.18141   0.07475   3.90000  9
   0.02720  -0.04901  -0.55151   0.48056   3.90000 10
   0.11342   0.13570  -0.73307   0.31604   3.90000 11
   0.08034  -0.29906   0.01060   0.46574   3.90000 12
  -0.86177   0.61161   0.03176  -0.27942   3.90000 13
   0.05602  -0.26213  -0.24470  -0.27371   3.90000 14
  -0.31429  -0.48320   0.36408   0.21732   3.90000 15
   0.08646  -0.29578   0.45917   0.55845   3.90000 16
   0.07964   0.72302   0.43180  -0.44431   3.90000 17
  -0.26161   0.88599  -0.03377   0.32225   3.90000 18
  -0.20465   0.65991   0.04370  -0.19466   3.90000 19
  -0.03605  -0.12479  -0.28741  -0.03487   3.90000 20
   0.10069  -0.25149   0.19437   0.59589   4.00000  1
   0.09211   0.66000   0.36342  -0.39063   4.00000  2
  -0.18236   0.53393   0.06848  -0.21782   4.00000  3
  -0.28095   0.82376  -0.13196  -0.42401   4.00000  4
  -1.51429  -0.86082   0.08810   0.03884   4.00000  5
   0.10167   0.22241  -0.07281  -0.18830   4.00000  6
   0.02837   0.63160   0.27435  -0.25756   4.00000  7
  -0.00168  -0.29808  -0.48275  -0.33789   4.00000  8
  -1.10588  -0.92218   0.17848   0.07972   4.00000  9
  -0.02741  -0.00299  -0.53742   0.44219   4.00000 10
   0.03904   0.16632  -0.75028   0.29642   4.00000 11
   0.07962  -0.25002  -0.02555   0.50930   4.00000 12
  -0.85738   0.58357   0.05605  -0.28142   4.00000 13
   0.03186  -0.28767  -0.23602  -0.22909   4.00000 14
  -0.27576  -0.45960   0.40735   0.25616   4.00000 15
   0.12930  -0.23792   0.39062   0.59193   4.00000 16
   0.11980   0.67656   0.37123  -0.48409   4.00000 17
  -0.26373   0.91518  -0.01021   0.26059   4.00000 18
  -0.19831   0.64006   0.08238  -0.20378   4.00000 19
  -0.06181  -0.12947  -0.22782  -0.05644   4.00000 20
   0.11714  -0.19075   0.13446   0.61665   4.10000  1
   0.12612   0.61951   0.31658  -0.41944   4.10000  2
  -0.17374   0.51306   0.10380  -0.20136   4.10000  3
  -0.29224   0.77972  -0.09359  -0.45674   4.10000  4
  -1.50497  -0.85692   0.09829   0.03922   4.10000  5
   0.09223   0.20242  -0.11716  -0.21019   4.10000  6
   0.05523   0.60510   0.26319  -0.27444   4.10000  7
  -0.04803  -0.32820  -0.44608  -0.26419   4.10000  8
  -1.08816  -0.91395   0.17586   0.08480   4.10000  9
  -0.07971   0.03998  -0.50614   0.42013   4.10000 10
  -0.03581   0.19492  -0.74328   0.27533   4.10000 11
   0.07537  -0.19795  -0.05808   0.53041   4.10000 12
  -0.85054   0.55531   0.08100  -0.28387   4.10000 13
   0.00868  -0.30703  -0.23008  -0.15696   4.10000 14
  -0.23264  -0.43165   0.45597   0.30468   4.10000 15
   0.16401  -0.17811   0.30294   0.60311   4.10000 16
   0.15383   0.62633   0.30897  -0.51974   4.10000 17
  -0.26387   0.93811   0.00666   0.19873   4.10000 18
  -0.18832   0.61887   0.11669  -0.22166   4.10000 19
  -0.08168  -0.13563  -0.17000  -0.06447   4.10000 20
   0.12768  -0.12837   0.07709   0.63078   4.20000  1
   0.15534   0.57605   0.26724  -0.45005   4.20000  2
  -0.16165   0.49328   0.13754  -0.19617   4.20000  3
  -0.29959   0.73235  -0.05293  -0.49140   4.20000  4
  -1.49464  -0.85297   0.10837   0.03982   4.20000  5
   0.07823   0.18056  -0.16204  -0.22663   4.20000  6
   0.08101   0.57633   0.25220  -0.30268   4.20000  7
  -0.09129  -0.35114  -0.42068  -0.19603   4.20000  8
  -1.07069  -0.90521   0.17354   0.09003   4.20000  9
  -0.12828   0.08155  -0.46392   0.41366   4.20000 10
  -0.10907   0.22146  -0.71950   0.25638   4.20000 11
   0.06827  -0.14402  -0.08298   0.54838   4.20000 12
  -0.84115   0.52678   0.10710  -0.28695   4.20000 13
  -0.01469  -0.31919  -0.23994  -0.08765   4.20000 14
  -0.18436  -0.39828   0.51027   0.36438   4.20000 15
   0.18990  -0.11735   0.21495   0.61231   4.20000 16
   0.18151   0.57278   0.24424  -0.55041   4.20000 17
  -0.26251   0.95512   0.02005   0.14243   4.20000 18
  -0.17512   0.59541   0.14654  -0.24908   4.20000 19
  -0.09598  -0.14199  -0.11714  -0.06111   4.20000 20
   0.13267  -0.06456   0.02317   0.64578   4.30000  1
   0.17946   0.52946   0.21456  -0.48196   4.30000  2
  -0.14638   0.47342   0.16687  -0.20299   4.30000  3
  -0.30273   0.68131  -0.00943  -0.53012   4.30000  4
  -1.48330  -0.84895   0.11839   0.04063   4.30000  5
   0.06010   0.15709  -0.19859  -0.24308   4.30000  6
   0.10558   0.54422   0.23858  -0.34120   4.30000  7
  -0.13218  -0.36753  -0.39491  -0.13095   4.30000  8
  -1.05344  -0.89594   0.17151   0.09544   4.30000  9
  -0.17230   0.12312  -0.41586   0.41940   4.30000 10
  -0.17925   0.24641  -0.68178   0.24354   4.30000 11
   0.05898  -0.08818  -0.10183   0.56905   4.30000 12
  -0.82906   0.49790   0.13494  -0.29086   4.30000 13
  -0.03970  -0.32485  -0.26146  -0.02674   4.30000 14
  -0.13074  -0.35855   0.55887   0.43010   4.30000 15
   0.20705  -0.05554   0.12817   0.62464   4.30000 16
   0.20260   0.51643   0.17727  -0.57574   4.30000 17
  -0.25993   0.96679   0.03129   0.09190   4.30000 18
  -0.15917   0.56870   0.17159  -0.28707   4.30000 19
  -0.10534  -0.14758  -0.07134  -0.04979   4.30000 20
   0.13237   0.00094  -0.02936   0.66496   4.40000  1
   0.19813   0.47960   0.15826  -0.51555   4.40000  2
  -0.12854   0.45232   0.18840  -0.22062   4.40000  3
  -0.30136   0.62615   0.03743  -0.57402   4.40000  4
  -1.47096  -0.84484   0.12839   0.04168   4.40000  5
   0.03901   0.13189  -0.22009  -0.26092   4.40000  6
   0.12858   0.50778   0.22046  -0.38924   4.40000  7
  -0.16960  -0.37708  -0.35119  -0.05972   4.40000  8
  -1.03638  -0.88612   0.16978   0.10109   4.40000  9
  -0.21137   0.16572  -0.36528   0.43374   4.40000 10
  -0.24493   0.27035  -0.62930   0.23597   4.40000 11
   0.04810  -0.03001  -0.11464   0.59560   4.40000 12
  -0.81408   0.46857   0.16524  -0.29577   4.40000 13
  -0.06696  -0.32459  -0.28145   0.03268   4.40000 14
  -0.07376  -0.31252   0.57406   0.48930   4.40000 15
   0.21550   0.00772   0.04056   0.64130   4.40000 16
   0.21692   0.45778   0.10871  -0.59686   4.40000 17
  -0.25631   0.97366   0.04098   0.04608   4.40000 18
  -0.14099   0.53763   0.19117  -0.33597   4.40000 19
  -0.11047  -0.15179  -0.03214  -0.03373   4.40000 20
   0.12675   0.06854  -0.08317   0.68731   4.50000  1
   0.21097   0.42624   0.09762  -0.55254   4.50000  2
  -0.10897   0.42903   0.20205  -0.24654   4.50000  3
  -0.29514   0.56628   0.08761  -0.62482   4.50000  4
  -1.45762  -0.84060   0.13843   0.04297   4.50000  5
   0.01678   0.10510  -0.22088  -0.27198   4.50000  6
   0.14947   0.46604   0.19615  -0.44723   4.50000  7
  -0.20236  -0.37957  -0.30457   0.00910   4.50000  8
  -1.01948  -0.87572   0.16834   0.10701   4.50000  9
  -0.24532   0.21004  -0.31354   0.45307   4.50000 10
  -0.30466   0.29367  -0.56343   0.23047   4.50000 11
   0.03626   0.03123  -0.12124   0.63049   4.50000 12
  -0.79590   0.43870   0.19895  -0.30183   4.50000 13
  -0.09530  -0.31806  -0.28243   0.09858   4.50000 14
  -0.01716  -0.26084   0.55314   0.54433   4.50000 15
   0.21508   0.07285  -0.04935   0.66208   4.50000 16
   0.22429   0.39710   0.03840  -0.61684   4.50000 17
  -0.25178   0.97613   0.04946   0.00380   4.50000 18
  -0.12113   0.50117   0.20509  -0.39467   4.50000 19
  -0.11189  -0.15417   0.00338  -0.01278   4.50000 20
   0.11583   0.13835  -0.13348   0.70885   4.60000  1
   0.21743   0.36888   0.03004  -0.59584   4.60000  2
  -0.08826   0.40274   0.21196  -0.28087   4.60000  3
  -0.28377   0.50089   0.13983  -0.68444   4.60000  4
  -1.44327  -0.83623   0.14854   0.04451   4.60000  5
  -0.00457   0.07848  -0.20430  -0.25415   4.60000  6
   0.16751   0.41794   0.16292  -0.51709   4.60000  7
  -0.23066  -0.37542  -0.26205   0.07319   4.60000  8
  -1.00270  -0.86471   0.16719   0.11326   4.60000  9
  -0.27402   0.25636  -0.25998   0.47312   4.60000 10
  -0.35731   0.31647  -0.48838   0.22558   4.60000 11
   0.02405   0.09612  -0.12168   0.66627   4.60000 12
  -0.77413   0.40817   0.23725  -0.30899   4.60000 13
  -0.12315  -0.30489  -0.27416   0.16441   4.60000 14
   0.03630  -0.20352   0.51459   0.60305   4.60000 15
   0.20562   0.14035  -0.13967   0.68950   4.60000 16
   0.22445   0.33430  -0.03648  -0.63996   4.60000 17
  -0.24645   0.97450   0.05696  -0.03596   4.60000 18
  -0.10010   0.45843   0.21524  -0.46128   4.60000 19
  -0.10990  -0.15406   0.03566   0.01686   4.60000 20
   0.10065   0.21042  -0.16622   0.73205   4.70000  1
   0.21650   0.30683  -0.05202  -0.64495   4.70000  2
  -0.06649   0.37247   0.22467  -0.32678   4.70000  3
  -0.26721   0.42915   0.19098  -0.75034   4.70000  4
  -1.42791  -0.83169   0.15876   0.04632   4.70000  5
  -0.02396   0.05540  -0.18360  -0.20432   4.70000  6
   0.18156   0.36214   0.11436  -0.60090   4.70000  7
  -0.25487  -0.36503  -0.22254   0.13451   4.70000  8
  -0.98603  -0.85305   0.16633   0.11986   4.70000  9
  -0.29719   0.30449  -0.20264   0.48777   4.70000 10
  -0.40212   0.33873  -0.40690   0.21875   4.70000 11
   0.01232   0.16427  -0.11027   0.69680   4.70000 12
  -0.74825   0.37688   0.28150  -0.31680   4.70000 13
  -0.15006  -0.28529  -0.26356   0.22707   4.70000 14
   0.08555  -0.14001   0.46943   0.66825   4.70000 15
   0.18729   0.21115  -0.22528   0.72674   4.70000 16
   0.21656   0.26904  -0.12438  -0.66290   4.70000 17
  -0.24041   0.96899   0.06365  -0.07420   4.70000 18
  -0.07804   0.40871   0.22680  -0.53423   4.70000 19
  -0.10499  -0.15044   0.06094   0.05728   4.70000 20
   0.08326   0.28393  -0.18143   0.72903   4.80000  1
   0.20618   0.24074  -0.15718  -0.66813   4.80000  2
  -0.04293   0.33691   0.24911  -0.38611   4.80000  3
  -0.24564   0.35124   0.24095  -0.80261   4.80000  4
  -1.41152  -0.82696   0.16913   0.04841   4.80000  5
  -0.04126   0.03784  -0.16184  -0.14647   4.80000  6
   0.18937   0.29773   0.03576  -0.68225   4.80000  7
  -0.27521  -0.34855  -0.18451   0.19504   4.80000  8
  -0.96943  -0.84072   0.16575   0.12685   4.80000  9
  -0.31430   0.35324  -0.13863   0.48144   4.80000 10
  -0.43867   0.35992  -0.32497   0.20351   4.80000 11
   0.00250   0.23553  -0.08491   0.72665   4.80000 12
  -0.71759   0.34483   0.33289  -0.32400   4.80000 13
  -0.17573  -0.25956  -0.24901   0.28726   4.80000 14
   0.13000  -0.06960   0.41849   0.74163   4.80000 15
   0.16097   0.28456  -0.30000   0.72849   4.80000 16
   0.19901   0.20318  -0.22686  -0.64476   4.80000 17
  -0.23374   0.95968   0.06976  -0.11197   4.80000 18
  -0.05433   0.35146   0.25067  -0.61032   4.80000 19
  -0.09803  -0.14225   0.07685   0.10830   4.80000 20
   0.06372   0.35390  -0.21209   0.65982   4.90000  1
   0.18515   0.17482  -0.26099  -0.64694   4.90000  2
  -0.01623   0.29544   0.28474  -0.43824   4.90000  3
  -0.21850   0.26996   0.30561  -0.81797   4.90000  4
  -1.39408  -0.82200   0.17968   0.05078   4.90000  5
  -0.05621   0.02615  -0.13649  -0.08703   4.90000  6
   0.18776   0.22762  -0.06934  -0.71246   4.90000  7
  -0.29177  -0.32598  -0.14651   0.25660   4.90000  8
  -0.95287  -0.82767   0.16545   0.13427   4.90000  9
  -0.32502   0.39950  -0.07790   0.43971   4.90000 10
  -0.46745   0.37917  -0.25260   0.18072   4.90000 11
  -0.00477   0.30841  -0.06147   0.71906   4.90000 12
  -0.68143   0.31218   0.39157  -0.32831   4.90000 13
  -0.19965  -0.22789  -0.22797   0.34612   4.90000 14
   0.16901   0.00873   0.35985   0.82740   4.90000 15
   0.12711   0.35410  -0.37854   0.65370   4.90000 16
   0.17169   0.14121  -0.31618  -0.59366   4.90000 17
  -0.22647   0.94657   0.07562  -0.15045   4.90000 18
  -0.02722   0.28734   0.29255  -0.66386   4.90000 19
  -0.08988  -0.12840   0.08504   0.17074   4.90000 20
   0.04091   0.41466  -0.24204   0.55442   5.00000  1
   0.15460   0.11146  -0.34634  -0.61793   5.00000  2
   0.01338   0.25037   0.30308  -0.46194   5.00000  3
  -0.18396   0.18825   0.38628  -0.81507   5.00000  4
  -1.37557  -0.81679   0.19043   0.05346   5.00000  5
  -0.06842   0.02048  -0.10685  -0.02653   5.00000  6
   0.17562   0.15572  -0.17232  -0.72408   5.00000  7
  -0.30446  -0.29714  -0.10683   0.32092   5.00000  8
  -0.93633  -0.81385   0.16545   0.14213   5.00000  9
  -0.33035   0.44090  -0.03040   0.38813   5.00000 10
  -0.48954   0.39595  -0.19066   0.15433   5.00000 11
  -0.00980   0.37683  -0.03910   0.64374   5.00000 12
  -0.63911   0.27935   0.45542  -0.32712   5.00000 13
  -0.22103  -0.19033  -0.19786   0.40522   5.00000 14
   0.20107   0.09600   0.27333   0.91058   5.00000 15
   0.08543   0.41453  -0.45186   0.55405   5.00000 16
   0.13656   0.08450  -0.38236  -0.53785   5.00000 17
  -0.21861   0.92952   0.08165  -0.19105   5.00000 18
   0.00364   0.22040   0.32081  -0.67215   5.00000 19
  -0.08112  -0.10765   0.09017   0.24675   5.00000 20
   0.01568   0.46525  -0.26144   0.46079   5.10000  1
   0.11639   0.05219  -0.41779  -0.56400   5.10000  2
   0.04367   0.20245   0.29952  -0.50067   5.10000  3
  -0.14120   0.10681   0.46872  -0.81524   5.10000  4
  -1.35598  -0.81130   0.20143   0.05646   5.10000  5
  -0.07733   0.02071  -0.06958   0.02939   5.10000  6
   0.15350   0.08376  -0.27070  -0.70883   5.10000  7
  -0.31300  -0.26166  -0.06294   0.38941   5.10000  8
  -0.91977  -0.79923   0.16576   0.15042   5.10000  9
  -0.33134   0.47719   0.01000   0.33814   5.10000 10
  -0.50572   0.40996  -0.13307   0.12549   5.10000 11
  -0.01281   0.43731  -0.02300   0.56871   5.10000 12
  -0.59031   0.24696   0.52033  -0.32002   5.10000 13
  -0.23879  -0.14680  -0.15467   0.46558   5.10000 14
   0.22222   0.18775   0.14800   0.91084   5.10000 15
   0.03760   0.46519  -0.50042   0.46183   5.10000 16
   0.09562   0.03437  -0.43654  -0.46340   5.10000 17
  -0.21012   0.90824   0.08829  -0.23538   5.10000 18
   0.03631   0.15255   0.32886  -0.68731   5.10000 19
  -0.07172  -0.07854   0.09922   0.33778   5.10000 20
  -0.01129   0.50752  -0.27794   0.38786   5.20000  1
   0.07094  -0.00113  -0.49053  -0.50176   5.20000  2
   0.07245   0.14957   0.27023  -0.55920   5.20000  3
  -0.09041   0.02506   0.54454  -0.81721   5.20000  4
  -1.33528  -0.80549   0.21269   0.05978   5.20000  5
  -0.08187   0.02563  -0.01843   0.06266   5.20000  6
   0.12103   0.01471  -0.38065  -0.66951   5.20000  7
  -0.31678  -0.21911  -0.01097   0.46222   5.20000  8
  -0.90317  -0.78375   0.16640   0.15912   5.20000  9
  -0.32838   0.50864   0.04935   0.29168   5.20000 10
  -0.51611   0.42105  -0.07428   0.09656   5.20000 11
  -0.01498   0.49116  -0.02398   0.51069   5.20000 12
  -0.53509   0.21542   0.58388  -0.31106   5.20000 13
  -0.25131  -0.09728  -0.09203   0.52328   5.20000 14
   0.23132   0.27685   0.03892   0.86913   5.20000 15
  -0.01389   0.50755  -0.52563   0.38868   5.20000 16
   0.04923  -0.00826  -0.49022  -0.38998   5.20000 17
  -0.20091   0.88226   0.09602  -0.28536   5.20000 18
   0.06823   0.08259   0.30080  -0.71247   5.20000 19
  -0.06083  -0.03982   0.12184   0.43488   5.20000 20
  -0.03992   0.54340  -0.29476   0.33242   5.30000  1
   0.01874  -0.04795  -0.54850  -0.43341   5.30000  2
   0.09632   0.09038   0.20037  -0.62427   5.30000  3
  -0.03323  -0.05500   0.59169  -0.77242   5.30000  4
  -1.31344  -0.79933   0.22423   0.06344   5.30000  5
  -0.08050   0.03162   0.04615   0.04991   5.30000  6
   0.07731  -0.04947  -0.49152  -0.61011   5.30000  7
  -0.31477  -0.16916   0.05361   0.53636   5.30000  8
  -0.88648  -0.76739   0.16742   0.16817   5.30000  9
  -0.32136   0.53566   0.09181   0.24948   5.30000 10
  -0.52049   0.42937  -0.01286   0.07059   5.30000 11
  -0.01838   0.53975  -0.04765   0.46191   5.30000 12
  -0.47350   0.18460   0.64849  -0.30644   5.30000 13
  -0.25650  -0.04272  -0.00949   0.56384   5.30000 14
   0.23092   0.36164  -0.04340   0.82818   5.30000 15
  -0.06682   0.54354  -0.53012   0.33398   5.30000 16
  -0.00185  -0.04376  -0.52549  -0.32094   5.30000 17
  -0.19086   0.85089   0.10530  -0.34350   5.30000 18
   0.09442   0.01038   0.21382  -0.72716   5.30000 19
  -0.04672   0.00671   0.16092   0.48001   5.30000 20
  -0.07029   0.57446  -0.31286   0.29080   5.40000  1
  -0.03707  -0.08771  -0.55858  -0.36210   5.40000  2
   0.11139   0.02518   0.09754  -0.67552   5.40000  3
   0.02579  -0.12753   0.57699  -0.67362   5.40000  4
  -1.29042  -0.79279   0.23607   0.06744   5.40000  5
  -0.07324   0.03468   0.09362   0.00925   5.40000  6
   0.02381  -0.10656  -0.56980  -0.52943   5.40000  7
  -0.30557  -0.11200   0.13278   0.60555   5.40000  8
  -0.86967  -0.75011   0.16891   0.17750   5.40000  9
  -0.30981   0.55871   0.14039   0.21239   5.40000 10
  -0.51861   0.43531   0.05062   0.04890   5.40000 11
  -0.02510   0.58367  -0.08915   0.41697   5.40000 12
  -0.40519   0.15380   0.71921  -0.31168   5.40000 13
  -0.25309   0.01458   0.07650   0.57760   5.40000 14
   0.22309   0.44285  -0.11200   0.79749   5.40000 15
  -0.11948   0.57482  -0.52155   0.29356   5.40000 16
  -0.05417  -0.07279  -0.51355  -0.26142   5.40000 17
  -0.17979   0.81317   0.11643  -0.41307   5.40000 18
   0.10986  -0.06164   0.09375  -0.70780   5.40000 19
  -0.02955   0.05305   0.17468   0.43719   5.40000 20
  -0.10255   0.60192  -0.33263   0.26006   5.50000  1
  -0.09183  -0.12045  -0.53403  -0.29272   5.50000  2
   0.11564  -0.04377  -0.01139  -0.69912   5.50000  3
   0.08048  -0.18965   0.51322  -0.57052   5.50000  4
  -1.26621  -0.78583   0.24828   0.07182   5.50000  5
  -0.06310   0.03341   0.10274  -0.03343   5.50000  6
  -0.03475  -0.15512  -0.59445  -0.44079   5.50000  7
  -0.28781  -0.04849   0.22369   0.66156   5.50000  8
  -0.85268  -0.73188   0.17103   0.18710   5.50000  9
  -0.29302   0.57836   0.19689   0.18185   5.50000 10
  -0.51031   0.43929   0.11584   0.03153   5.50000 11
  -0.03652   0.62323  -0.14036   0.37459   5.50000 12
  -0.32933   0.12177   0.79949  -0.33131   5.50000 13
  -0.24174   0.07193   0.14663   0.56548   5.50000 14
   0.20866   0.52137  -0.17620   0.77357   5.50000 15
  -0.17093   0.60257  -0.50635   0.26244   5.50000 16
  -0.10384  -0.09631  -0.47896  -0.20982   5.50000 17
  -0.16754   0.76779   0.12850  -0.49703   5.50000 18
   0.11352  -0.13040  -0.01704  -0.66502   5.50000 19
  -0.01327   0.09341   0.14512   0.36978   5.50000 20
  -0.13683   0.62672  -0.35254   0.23641   5.60000  1
  -0.14359  -0.14621  -0.49974  -0.22245   5.60000  2
   0.10962  -0.11395  -0.10569  -0.70167   5.60000  3
   0.12829  -0.24214   0.44283  -0.48191   5.60000  4
  -1.24075  -0.77841   0.26093   0.07663   5.60000  5
  -0.05384   0.02846   0.07767  -0.06270   5.60000  6
  -0.09427  -0.19455  -0.59319  -0.34723   5.60000  7
  -0.26085   0.01949   0.31401   0.69306   5.60000  8
  -0.83543  -0.71268   0.17400   0.19701   5.60000  9
  -0.27023   0.59537   0.25894   0.16003   5.60000 10
  -0.49538   0.44175   0.18307   0.01839   5.60000 11
  -0.05337   0.65861  -0.19738   0.33248   5.60000 12
  -0.24529   0.08721   0.87796  -0.35955   5.60000 13
  -0.22453   0.12686   0.19517   0.52891   5.60000 14
   0.18785   0.59762  -0.24021   0.75132   5.60000 15
  -0.22037   0.62739  -0.47935   0.23327   5.60000 16
  -0.14991  -0.11478  -0.44182  -0.15957   5.60000 17
  -0.15424   0.71341   0.13573  -0.59031   5.60000 18
   0.10737  -0.19434  -0.10094  -0.61270   5.60000 19
  -0.00134   0.12732   0.09057   0.31058   5.60000 20
  -0.17276   0.64901  -0.36326   0.20647   5.70000  1
  -0.19140  -0.16505  -0.45448  -0.15576   5.70000  2
   0.09526  -0.18361  -0.17776  -0.68931   5.70000  3
   0.16892  -0.28659   0.36910  -0.40998   5.70000  4
  -1.21401  -0.77049   0.27411   0.08194   5.70000  5
  -0.04827   0.02149   0.03163  -0.07361   5.70000  6
  -0.15289  -0.22456  -0.57684  -0.25370   5.70000  7
  -0.22544   0.08900   0.39110   0.69193   5.70000  8
  -0.81784  -0.69247   0.17811   0.20736   5.70000  9
  -0.24145   0.61065   0.31414   0.14635   5.70000 10
  -0.47361   0.44312   0.25265   0.00980   5.70000 11
  -0.07607   0.68939  -0.25588   0.28013   5.70000 12
  -0.15506   0.05033   0.91879  -0.37502   5.70000 13
  -0.20292   0.17716   0.23603   0.47701   5.70000 14
   0.16057   0.67151  -0.30546   0.72539   5.70000 15
  -0.26591   0.64882  -0.42698   0.19290   5.70000 16
  -0.19192  -0.12831  -0.39647  -0.11227   5.70000 17
  -0.14102   0.65056   0.12440  -0.65810   5.70000 18
   0.09428  -0.25274  -0.15675  -0.55431   5.70000 19
   0.00444   0.15591   0.02381   0.26277   5.70000 20
  -0.20879   0.66725  -0.35395   0.15574   5.80000  1
  -0.23416  -0.17784  -0.40004  -0.10307   5.80000  2
   0.07483  -0.25136  -0.22719  -0.66345   5.80000  3
   0.20205  -0.32470   0.29380  -0.35487   5.80000  4
  -1.18591  -0.76200   0.28794   0.08785   5.80000  5
  -0.04759   0.01424  -0.01608  -0.06982   5.80000  6
  -0.20917  -0.24556  -0.54684  -0.16810   5.80000  7
  -0.18345   0.15738   0.44409   0.67613   5.80000  8
  -0.79976  -0.67119   0.18367   0.21831   5.80000  9
  -0.20815   0.62457   0.34736   0.13057   5.80000 10
  -0.44477   0.44388   0.32443   0.00632   5.80000 11
  -0.10419   0.71400  -0.30423   0.21007   5.80000 12
  -0.06302   0.01277   0.91470  -0.37371   5.80000 13
  -0.17767   0.22264   0.26714   0.43535   5.80000 14
   0.12680   0.74239  -0.36943   0.69054   5.80000 15
  -0.30512   0.66562  -0.35560   0.14256   5.80000 16
  -0.22889  -0.13775  -0.34232  -0.07995   5.80000 17
  -0.13013   0.58374   0.09125  -0.67146   5.80000 18
   0.07667  -0.30508  -0.19309  -0.49222   5.80000 19
   0.00333   0.18013  -0.04559   0.22321   5.80000 20
  -0.24296   0.68001  -0.32718   0.09982   5.90000  1
  -0.27145  -0.18623  -0.34659  -0.06728   5.90000  2
   0.05045  -0.31594  -0.25765  -0.62672   5.90000  3
   0.22783  -0.35800   0.22291  -0.31281   5.90000  4
  -1.15639  -0.75289   0.30252   0.09450   5.90000  5
  -0.05065   0.00767  -0.04120  -0.06133   5.90000  6
  -0.26200  -0.25862  -0.50892  -0.09518   5.90000  7
  -0.13751   0.22454   0.47050   0.66886   5.90000  8
  -0.78105  -0.64878   0.19099   0.23008   5.90000  9
  -0.17302   0.63644   0.35007   0.10555   5.90000 10
  -0.40869   0.44457   0.39741   0.00823   5.90000 11
  -0.13646   0.73122  -0.33907   0.13415   5.90000 12
   0.02646  -0.02402   0.86961  -0.36131   5.90000 13
  -0.14982   0.26483   0.28836   0.41154   5.90000 14
   0.08691   0.80929  -0.42691   0.64605   5.90000 15
  -0.33694   0.67737  -0.28074   0.09286   5.90000 16
  -0.26052  -0.14492  -0.29185  -0.06581   5.90000 17
  -0.12280   0.51681   0.05630  -0.66779   5.90000 18
   0.05604  -0.35121  -0.21804  -0.43085   5.90000 19
  -0.00452   0.20100  -0.11053   0.19743   5.90000 20
  -0.27394   0.68741  -0.29161   0.04927   6.00000  1
  -0.30372  -0.19169  -0.30013  -0.04344   6.00000  2
   0.02377  -0.37651  -0.27416  -0.58418   6.00000  3
   0.24690  -0.38752   0.15979  -0.27867   6.00000  4
  -1.12538  -0.74308   0.31799   0.10202   6.00000  5
  -0.05541   0.00208  -0.05340  -0.04969   6.00000  6
  -0.31087  -0.26497  -0.46813  -0.03362   6.00000  7
  -0.09021   0.29145   0.47066   0.67014   6.00000  8
  -0.76149  -0.62514   0.20044   0.24294   6.00000  9
  -0.13901   0.64554   0.32655   0.07589   6.00000 10
  -0.36531   0.44569   0.46971   0.01471   6.00000 11
  -0.17152   0.74086  -0.35963   0.05898   6.00000 12
   0.11041  -0.05954   0.80903  -0.34983   6.00000 13
  -0.12027   0.30556   0.30103   0.40588   6.00000 14
   0.04173   0.87137  -0.47505   0.59456   6.00000 15
  -0.36129   0.68434  -0.20626   0.04740   6.00000 16
  -0.28761  -0.15129  -0.25167  -0.06309   6.00000 17
  -0.11859   0.44959   0.02994  -0.68045   6.00000 18
   0.03330  -0.39144  -0.23585  -0.37508   6.00000 19
  -0.01858   0.22045  -0.16926   0.19626   6.00000 20
  -0.30117   0.69007  -0.25265   0.00484   6.10000  1
  -0.33174  -0.19516  -0.26140  -0.02694   6.10000  2
  -0.00411  -0.43269  -0.28232  -0.53923   6.10000  3
   0.26007  -0.41387   0.10501  -0.24871   6.10000  4
  -1.09276  -0.73246   0.33447   0.11058   6.10000  5
  -0.06137  -0.00216  -0.06628  -0.03460   6.10000  6
  -0.35557  -0.26564  -0.42575   0.01892   6.10000  7
  -0.04458   0.35851   0.43532   0.66872   6.10000  8
  -0.74087  -0.60014   0.21245   0.25722   6.10000  9
  -0.10823   0.65147   0.28755   0.04168   6.10000 10
  -0.31486   0.44756   0.53828   0.02273   6.10000 11
  -0.20795   0.74317  -0.36719  -0.01184   6.10000 12
   0.18841  -0.09415   0.75219  -0.34313   6.10000 13
  -0.09006   0.34642   0.29992   0.41128   6.10000 14
  -0.00774   0.92806  -0.51234   0.53866   6.10000 15
  -0.37818   0.68703  -0.13135   0.00748   6.10000 16
  -0.31121  -0.15772  -0.22190  -0.06606   6.10000 17
  -0.11622   0.38020   0.02160  -0.70557   6.10000 18
   0.00901  -0.42653  -0.24956  -0.32835   6.10000 19
  -0.03796   0.24119  -0.21605   0.22230   6.10000 20
  -0.32436   0.68859  -0.21048  -0.03323   6.20000  1
  -0.35624  -0.19723  -0.22964  -0.01499   6.20000  2
  -0.03256  -0.48431  -0.28632  -0.49283   6.20000  3
   0.26817  -0.43734   0.05811  -0.22096   6.20000  4
  -1.05844  -0.72092   0.35208   0.12040   6.20000  5
  -0.06878  -0.00475  -0.08235  -0.01677   6.20000  6
  -0.39595  -0.26145  -0.38153   0.06345   6.20000  7
  -0.00418   0.42442   0.37036   0.64675   6.20000  8
  -0.71890  -0.57363   0.22746   0.27332   6.20000  9
  -0.08166   0.65361   0.24358  -0.00034   6.20000 10
  -0.25794   0.45013   0.59821   0.02764   6.20000 11
  -0.24470   0.73866  -0.36671  -0.07740   6.20000 12
   0.26109  -0.12828   0.70261  -0.33998   6.20000 13
  -0.06102   0.38737   0.27779   0.40518   6.20000 14
  -0.06036   0.97906  -0.53829   0.48161   6.20000 15
  -0.38755   0.68605  -0.05610  -0.02598   6.20000 16
  -0.33229  -0.16458  -0.20117  -0.07126   6.20000 17
  -0.11352   0.30975   0.03366  -0.69669   6.20000 18
  -0.01656  -0.45743  -0.26154  -0.29137   6.20000 19
  -0.06134   0.26543  -0.24973   0.26346   6.20000 20
  -0.34316   0.68366  -0.16525  -0.06417   6.30000  1
  -0.37786  -0.19826  -0.20382  -0.00604   6.30000  2
  -0.06131  -0.53122  -0.28863  -0.44537   6.30000  3
   0.27193  -0.45811   0.01836  -0.19479   6.30000  4
  -1.02230  -0.70833   0.37097   0.13166   6.30000  5
  -0.07794  -0.00542  -0.10123   0.00378   6.30000  6
  -0.43180  -0.25322  -0.33510   0.09993   6.30000  7
   0.02928   0.48776   0.29812   0.62039   6.30000  8
  -0.69526  -0.54540   0.24594   0.29170   6.30000  9
  -0.05944   0.65109   0.20177  -0.05160   6.30000 10
  -0.19568   0.45291   0.64463   0.02722   6.30000 11
  -0.28109   0.72786  -0.36018  -0.13781   6.30000 12
   0.32915  -0.16222   0.65944  -0.33911   6.30000 13
  -0.03496   0.42737   0.24174   0.39578   6.30000 14
  -0.11506   1.02444  -0.55414   0.42648   6.30000 15
  -0.38944   0.68205   0.01769  -0.05300   6.30000 16
  -0.35169  -0.17197  -0.18798  -0.07648   6.30000 17
  -0.10965   0.24166   0.04195  -0.66305   6.30000 18
  -0.04329  -0.48508  -0.27315  -0.26267   6.30000 19
  -0.08751   0.29359  -0.27113   0.29715   6.30000 20
  -0.35736   0.67598  -0.11855  -0.08856   6.40000  1
  -0.39717  -0.19851  -0.18296   0.00060   6.40000  2
  -0.09028  -0.57336  -0.29063  -0.39735   6.40000  3
   0.27204  -0.47635  -0.01519  -0.17035   6.40000  4
  -0.98420  -0.69453   0.39128   0.14462   6.40000  5
  -0.08908  -0.00389  -0.12180   0.02726   6.40000  6
  -0.46289  -0.24176  -0.28631   0.12768   6.40000  7
   0.05534   0.54851   0.22270   0.59403   6.40000  8
  -0.66959  -0.51519   0.26832   0.31297   6.40000  9
  -0.04109   0.64302   0.16651  -0.11075   6.40000 10
  -0.12957   0.45547   0.67407   0.02430   6.40000 11
  -0.31651   0.71132  -0.34678  -0.19164   6.40000 12
   0.39314  -0.19614   0.62122  -0.33935   6.40000 13
  -0.01297   0.46683   0.19673   0.39468   6.40000 14
  -0.17092   1.06449  -0.56189   0.37524   6.40000 15
  -0.38417   0.67562   0.08643  -0.07495   6.40000 16
  -0.37009  -0.17983  -0.18098  -0.08034   6.40000 17
  -0.10554   0.17715   0.03860  -0.62919   6.40000 18
  -0.07120  -0.51017  -0.28499  -0.23995   6.40000 19
  -0.11500   0.32451  -0.27578   0.32107   6.40000 20
  -0.36689   0.66608  -0.07230  -0.10897   6.50000  1
  -0.41460  -0.19821  -0.16627   0.00501   6.50000  2
  -0.11945  -0.61069  -0.29305  -0.34915   6.50000  3
   0.26906  -0.49225  -0.04382  -0.14800   6.50000  4
  -0.94399  -0.67934   0.41318   0.15951   6.50000  5
  -0.10230   0.00011  -0.14244   0.05295   6.50000  6
  -0.48899  -0.22800  -0.23530   0.14580   6.50000  7
   0.07379   0.60631   0.14653   0.55981   6.50000  8
  -0.64146  -0.48269   0.29491   0.33785   6.50000  9
  -0.02582   0.62887   0.14039  -0.17172   6.50000 10
  -0.06172   0.45803   0.67802   0.02939   6.50000 11
  -0.35011   0.68982  -0.32310  -0.23676   6.50000 12
   0.45352  -0.23010   0.58700  -0.33965   6.50000 13
   0.00426   0.50642   0.14784   0.39705   6.50000 14
  -0.22723   1.09965  -0.56348   0.32883   6.50000 15
  -0.37252   0.66714   0.14413  -0.09470   6.50000 16
  -0.38805  -0.18797  -0.17888  -0.08205   6.50000 17
  -0.10216   0.11522   0.02794  -0.61233   6.50000 18
  -0.10030  -0.53319  -0.29728  -0.22099   6.50000 19
  -0.14211   0.35795  -0.26403   0.34811   6.50000 20
  -0.37188   0.65420  -0.02796  -0.12881   6.60000  1
  -0.43054  -0.19760  -0.15309   0.00680   6.60000  2
  -0.14891  -0.64319  -0.29622  -0.30084   6.60000  3
   0.26340  -0.50603  -0.06900  -0.12788   6.60000  4
  -0.90151  -0.66255   0.43689   0.17661   6.60000  5
  -0.11748   0.00663  -0.16056   0.07609   6.60000  6
  -0.50989  -0.21295  -0.18232   0.15350   6.60000  7
   0.08483   0.65997   0.07587   0.51090   6.60000  8
  -0.61046  -0.44747   0.32571   0.36726   6.60000  9
  -0.01275   0.60898   0.12187  -0.22364   6.60000 10
   0.00503   0.46201   0.65244   0.05309   6.60000 11
  -0.38058   0.66434  -0.28326  -0.27098   6.60000 12
   0.51066  -0.26405   0.55634  -0.33932   6.60000 13
   0.01674   0.54609   0.10296   0.39521   6.60000 14
  -0.28346   1.13043  -0.56056   0.28754   6.60000 15
  -0.35594   0.65661   0.18431  -0.11641   6.60000 16
  -0.40599  -0.19616  -0.18043  -0.08139   6.60000 17
  -0.10018   0.05423   0.01034  -0.60847   6.60000 18
  -0.13067  -0.55443  -0.31012  -0.20397   6.60000 19
  -0.16750   0.39410  -0.24322   0.37471   6.60000 20
  -0.37256   0.64025   0.01406  -0.15083   6.70000  1
  -0.44531  -0.19697  -0.14285   0.00520   6.70000  2
  -0.17872  -0.67084  -0.30016  -0.25217   6.70000  3
   0.25533  -0.51790  -0.09216  -0.10976   6.70000  4
  -0.85655  -0.64394   0.46270   0.19618   6.70000  5
  -0.13424   0.01486  -0.17396   0.08544   6.70000  6
  -0.52540  -0.19767  -0.12758   0.15025   6.70000  7
   0.08937   0.70811   0.01711   0.45086   6.70000  8
  -0.57620  -0.40904   0.36010   0.40240   6.70000  9
  -0.00137   0.58479   0.10576  -0.25614   6.70000 10
   0.06803   0.46899   0.60478   0.08693   6.70000 11
  -0.40619   0.63600  -0.22659  -0.29403   6.70000 12
   0.56491  -0.29793   0.52913  -0.33813   6.70000 13
   0.02511   0.58512   0.06563   0.38312   6.70000 14
  -0.33924   1.15733  -0.55448   0.25130   6.70000 15
  -0.33623   0.64369   0.20762  -0.14285   6.70000 16
  -0.42422  -0.20418  -0.18435  -0.07882   6.70000 17
  -0.10040  -0.00639  -0.01628  -0.60253   6.70000 18
  -0.16235  -0.57400  -0.32348  -0.18739   6.70000 19
  -0.19086   0.43288  -0.22501   0.40097   6.70000 20
  -0.36911   0.62393   0.05497  -0.17604   6.80000  1
  -0.45918  -0.19670  -0.13465  -0.00077   6.80000  2
  -0.20896  -0.69360  -0.30467  -0.20281   6.80000  3
   0.24499  -0.52803  -0.11449  -0.09317   6.80000  4
  -0.80888  -0.62322   0.49103   0.21854   6.80000  5
  -0.15221   0.02314  -0.18555   0.07828   6.80000  6
  -0.53535  -0.18326  -0.07110   0.13606   6.80000  7
   0.08865   0.75006  -0.02988   0.38827   6.80000  8
  -0.53838  -0.36675   0.39604   0.44472   6.80000  9
   0.00833   0.55860   0.08771  -0.26377   6.80000 10
   0.12559   0.47927   0.54516   0.11741   6.80000 11
  -0.42555   0.60581  -0.15953  -0.30863   6.80000 12
   0.61660  -0.33165   0.50522  -0.33615   6.80000 13
   0.03006   0.62225   0.03415   0.35766   6.80000 14
  -0.39429   1.18085  -0.54633   0.21979   6.80000 15
  -0.31471   0.62790   0.22190  -0.17360   6.80000 16
  -0.44289  -0.21190  -0.18905  -0.07552   6.80000 17
  -0.10366  -0.06597  -0.04953  -0.58828   6.80000 18
  -0.19537  -0.59188  -0.33703  -0.16999   6.80000 19
  -0.21275   0.47433  -0.21436   0.42801   6.80000 20
  -0.36153   0.60496   0.09690  -0.20348   6.90000  1
  -0.47224  -0.19729  -0.12623  -0.01163   6.90000  2
  -0.23967  -0.71137  -0.30947  -0.15249   6.90000  3
   0.23242  -0.53656  -0.13689  -0.07750   6.90000  4
  -0.75824  -0.60012   0.52245   0.24402   6.90000  5
  -0.17144   0.03031  -0.19946   0.06479   6.90000  6
  -0.53956  -0.17079  -0.01277   0.11192   6.90000  7
   0.08367   0.78582  -0.06850   0.32731   6.90000  8
  -0.49712  -0.31984   0.42772   0.49446   6.90000  9
   0.01603   0.53264   0.06562  -0.25337   6.90000 10
   0.17696   0.49216   0.48226   0.13888   6.90000 11
  -0.43794   0.57447  -0.08784  -0.31731   6.90000 12
   0.66605  -0.36514   0.48442  -0.33360   6.90000 13
   0.03206   0.65644   0.00642   0.32580   6.90000 14
  -0.44846   1.20143  -0.53698   0.19252   6.90000 15
  -0.29195   0.60889   0.23307  -0.20666   6.90000 16
  -0.46195  -0.21930  -0.19125  -0.07256   6.90000 17
  -0.11041  -0.12403  -0.08590  -0.57331   6.90000 18
  -0.22974  -0.60794  -0.35009  -0.15078   6.90000 19
  -0.23406   0.51842  -0.21348   0.45299   6.90000 20
  -0.34965   0.58328   0.14096  -0.22910   7.00000  1
  -0.48422  -0.19911  -0.11170  -0.02448   7.00000  2
  -0.27086  -0.72406  -0.31439  -0.10103   7.00000  3
   0.21759  -0.54354  -0.16003  -0.06221   7.00000  4
  -0.70427  -0.57430   0.55761   0.27299   7.00000  5
  -0.19222   0.03608  -0.21665   0.05061   7.00000  6
  -0.53785  -0.16112   0.04707   0.08047   7.00000  7
   0.07513   0.81560  -0.10147   0.26856   7.00000  8
  -0.45345  -0.26787   0.44097   0.54292   7.00000  9
   0.02133   0.50818   0.03966  -0.23508   7.00000 10
   0.22212   0.50676   0.42162   0.15185   7.00000 11
  -0.44308   0.54254  -0.01503  -0.32032   7.00000 12
   0.71357  -0.39836   0.46644  -0.33072   7.00000 13
   0.03140   0.68745  -0.01952   0.29467   7.00000 14
  -0.50167   1.21947  -0.52703   0.16894   7.00000 15
  -0.26822   0.58669   0.24013  -0.23555   7.00000 16
  -0.48077  -0.22632  -0.18228  -0.06645   7.00000 17
  -0.12093  -0.18074  -0.12522  -0.56131   7.00000 18
  -0.26534  -0.62196  -0.36173  -0.12933   7.00000 19
  -0.25570   0.56450  -0.21939   0.46457   7.00000 20
  -0.33340   0.55949   0.18299  -0.24458   7.10000  1
  -0.49415  -0.20193  -0.08493  -0.03019   7.10000  2
  -0.30255  -0.73153  -0.31948  -0.04809   7.10000  3
   0.20038  -0.54900  -0.18442  -0.04681   7.10000  4
  -0.64658  -0.54540   0.59693   0.30564   7.10000  5
  -0.21487   0.04043  -0.23696   0.03612   7.10000  6
  -0.53016  -0.15479   0.10626   0.04614   7.10000  7
   0.06351   0.83959  -0.13031   0.21156   7.10000  8
  -0.40996  -0.21211   0.42491   0.56698   7.10000  9
   0.02385   0.48568   0.01025  -0.21499   7.10000 10
   0.26143   0.52233   0.36553   0.15868   7.10000 11
  -0.44104   0.51061   0.05522  -0.31742   7.10000 12
   0.75942  -0.43128   0.45095  -0.32768   7.10000 13
   0.02819   0.71546  -0.04445   0.26598   7.10000 14
  -0.55386   1.23532  -0.51690   0.14848   7.10000 15
  -0.24433   0.56237   0.23560  -0.24758   7.10000 16
  -0.49774  -0.23214  -0.15442  -0.04764   7.10000 17
  -0.13558  -0.23634  -0.16831  -0.55044   7.10000 18
  -0.30202  -0.63373  -0.37144  -0.10564   7.10000 19
  -0.27765   0.61013  -0.21703   0.44145   7.10000 20
  -0.31339   0.53477   0.21534  -0.24878   7.20000  1
  -0.50096  -0.20480  -0.05068  -0.02618   7.20000  2
  -0.33476  -0.73360  -0.32456   0.00709   7.20000  3
   0.18065  -0.55289  -0.21048  -0.03095   7.20000  4
  -0.58477  -0.51307   0.63951   0.34143   7.20000  5
  -0.23970   0.04325  -0.25989   0.01979   7.20000  6
  -0.51677  -0.15184   0.16020   0.01322   7.20000  7
   0.04918   0.85795  -0.15580   0.15581   7.20000  8
  -0.36884  -0.15542   0.39725   0.56358   7.20000  9
   0.02326   0.46514  -0.02278  -0.19606   7.20000 10
   0.29539   0.53836   0.31431   0.16137   7.20000 11
  -0.43224   0.47917   0.11965  -0.31111   7.20000 12
   0.80384  -0.46389   0.43764  -0.32461   7.20000 13
   0.02255   0.74071  -0.06826   0.23936   7.20000 14
  -0.60505   1.24926  -0.50684   0.13062   7.20000 15
  -0.22140   0.53757   0.22227  -0.24780   7.20000 16
  -0.51131  -0.23558  -0.11595  -0.02094   7.20000 17
  -0.15468  -0.29072  -0.21375  -0.53650   7.20000 18
  -0.33957  -0.64299  -0.37913  -0.07892   7.20000 19
  -0.29852   0.65180  -0.19805   0.38958   7.20000 20
  -0.29062   0.50976   0.23905  -0.25175   7.30000  1
  -0.50424  -0.20710  -0.01461  -0.01981   7.30000  2
  -0.36742  -0.73000  -0.32839   0.06546   7.30000  3
   0.15821  -0.55517  -0.23858  -0.01444   7.30000  4
  -0.51872  -0.47707   0.68046   0.37845   7.30000  5
  -0.26689   0.04424  -0.28387  -0.00077   7.30000  6
  -0.49846  -0.15203   0.20406  -0.01636   7.30000  7
   0.03245   0.87078  -0.17832   0.10096   7.30000  8
  -0.33044  -0.09970   0.37120   0.55073   7.30000  9
   0.01915   0.44639  -0.06006  -0.17947   7.30000 10
   0.32444   0.55451   0.26746   0.16121   7.30000 11
  -0.41731   0.44835   0.17793  -0.30558   7.30000 12
   0.84702  -0.49620   0.42622  -0.32161   7.30000 13
   0.01459   0.76338  -0.09064   0.21421   7.30000 14
  -0.65524   1.26152  -0.49699   0.11494   7.30000 15
  -0.19993   0.51279   0.20693  -0.24834   7.30000 16
  -0.52075  -0.23641  -0.07168   0.00347   7.30000 17
  -0.17827  -0.34349  -0.25770  -0.51842   7.30000 18
  -0.37773  -0.64933  -0.38313  -0.04680   7.30000 19
  -0.31694   0.68795  -0.16931   0.33390   7.30000 20
  -0.26573   0.48427   0.25838  -0.25897   7.40000  1
  -0.50380  -0.20884   0.02393  -0.01538   7.40000  2
  -0.40031  -0.72041  -0.32849   0.12667   7.40000  3
   0.13285  -0.55575  -0.26909   0.00290   7.40000  4
  -0.44908  -0.43740   0.70941   0.41494   7.40000  5
  -0.29634   0.04290  -0.30351  -0.02665   7.40000  6
  -0.47637  -0.15499   0.23557  -0.04214   7.40000  7
   0.01361   0.87817  -0.19808   0.04693   7.40000  8
  -0.29457  -0.04510   0.34563   0.54236   7.40000  9
   0.01108   0.42916  -0.10232  -0.16566   7.40000 10
   0.34900   0.57053   0.22428   0.15896   7.40000 11
  -0.39680   0.41793   0.23167  -0.30362   7.40000 12
   0.88913  -0.52822   0.41640  -0.31872   7.40000 13
   0.00447   0.78359  -0.11156   0.19003   7.40000 14
  -0.70446   1.27231  -0.48744   0.10112   7.40000 15
  -0.18003   0.48777   0.19096  -0.25289   7.40000 16
  -0.52540  -0.23507  -0.02010   0.02262   7.40000 17
  -0.20617  -0.39436  -0.30028  -0.49878   7.40000 18
  -0.41589  -0.65212  -0.37808  -0.00818   7.40000 19
  -0.33228   0.71880  -0.13728   0.28446   7.40000 20
  -0.23903   0.45780   0.27520  -0.27132   7.50000  1
  -0.49931  -0.21023   0.06667  -0.01252   7.50000  2
  -0.43293  -0.70466  -0.32292   0.18816   7.50000  3
   0.10430  -0.55455  -0.30233   0.02134   7.50000  4
  -0.37748  -0.39413   0.71931   0.44970   7.50000  5
  -0.32708   0.03892  -0.30828  -0.05213   7.50000  6
  -0.45174  -0.16031   0.25525  -0.06356   7.50000  7
  -0.00707   0.88020  -0.21511  -0.00604   7.50000  8
  -0.26154   0.00892   0.31374   0.53819   7.50000  9
  -0.00151   0.41315  -0.15041  -0.15501   7.50000 10
   0.36940   0.58624   0.18416   0.15504   7.50000 11
  -0.37108   0.38747   0.28251  -0.30640   7.50000 12
   0.93034  -0.55995   0.40795  -0.31598   7.50000 13
  -0.00768   0.80140  -0.13126   0.16625   7.50000 14
  -0.75274   1.28179  -0.47826   0.08890   7.50000 15
  -0.16177   0.46205   0.17428  -0.26230   7.50000 16
  -0.52451  -0.23201   0.03912   0.03812   7.50000 17
  -0.23840  -0.44313  -0.34439  -0.47525   7.50000 18
  -0.45292  -0.65090  -0.36068   0.03268   7.50000 19
  -0.34437   0.74508  -0.10457   0.24214   7.50000 20
  -0.21076   0.42984   0.28980  -0.28873   7.60000  1
  -0.49035  -0.21130   0.11281  -0.00849   7.60000  2
  -0.46471  -0.68287  -0.31172   0.24698   7.60000  3
   0.07229  -0.55143  -0.33840   0.04150   7.60000  4
  -0.30601  -0.34783   0.70539   0.47440   7.60000  5
  -0.35744   0.03271  -0.29684  -0.07142   7.60000  6
  -0.42566  -0.16752   0.26496  -0.07941   7.60000  7
  -0.02932   0.87702  -0.22935  -0.05721   7.60000  8
  -0.23197   0.06251   0.27796   0.53411   7.60000  9
  -0.01922   0.39802  -0.20508  -0.14844   7.60000 10
   0.38592   0.60149   0.14656   0.14967   7.60000 11
  -0.34036   0.35649   0.33162  -0.31399   7.60000 12
   0.97076  -0.59142   0.40066  -0.31340   7.60000 13
  -0.02176   0.81682  -0.15027   0.14200   7.60000 14
  -0.80012   1.29013  -0.46949   0.07810   7.60000 15
  -0.14520   0.43513   0.15682  -0.27715   7.60000 16
  -0.51743  -0.22749   0.10272   0.05223   7.60000 17
  -0.27484  -0.48895  -0.38217  -0.43888   7.60000 18
  -0.48772  -0.64563  -0.33418   0.07248   7.60000 19
  -0.35319   0.76743  -0.07181   0.20566   7.60000 20
  -0.18116   0.39988   0.30150  -0.31123   7.70000  1
  -0.47674  -0.21182   0.15902  -0.00122   7.70000  2
  -0.49509  -0.65541  -0.29504   0.30127   7.70000  3
   0.03654  -0.54616  -0.37690   0.06454   7.70000  4
  -0.23726  -0.29941   0.66683   0.49385   7.70000  5
  -0.38614   0.02463  -0.27587  -0.09080   7.70000  6
  -0.39903  -0.17595   0.26618  -0.08793   7.70000  7
  -0.05285   0.86887  -0.24077  -0.10525   7.70000  8
  -0.20572   0.11603   0.24841   0.53857   7.70000  9
  -0.04274   0.38326  -0.26610  -0.14811   7.70000 10
   0.39878   0.61613   0.11106   0.14297   7.70000 11
  -0.30478   0.32454   0.38004  -0.32550   7.70000 12
   1.01050  -0.62264   0.39434  -0.31097   7.70000 13
  -0.03773   0.82974  -0.16920   0.11592   7.70000 14
  -0.84665   1.29745  -0.46116   0.06852   7.70000 15
  -0.13044   0.40642   0.13806  -0.29807   7.70000 16
  -0.50397  -0.22159   0.16622   0.06558   7.70000 17
  -0.31433  -0.53076  -0.40622  -0.39776   7.70000 18
  -0.51955  -0.63641  -0.30156   0.11207   7.70000 19
  -0.35873   0.78636  -0.03884   0.17355   7.70000 20
  -0.15065   0.36743   0.30707  -0.33857   7.80000  1
  -0.45866  -0.21142   0.20196   0.00976   7.80000  2
  -0.52350  -0.62284  -0.27191   0.34882   7.80000  3
  -0.00313  -0.53838  -0.41650   0.09179   7.80000  4
  -0.17295  -0.24905   0.61837   0.51306   7.80000  5
  -0.41232   0.01439  -0.24623  -0.11482   7.80000  6
  -0.37269  -0.18481   0.25930  -0.08783   7.80000  7
  -0.07738   0.85613  -0.24951  -0.14845   7.80000  8
  -0.18199   0.17079   0.22760   0.55966   7.80000  9
  -0.07252   0.36803  -0.32905  -0.15888   7.80000 10
   0.40819   0.63004   0.07733   0.13497   7.80000 11
  -0.26433   0.29134   0.42911  -0.33824   7.80000 12
   1.04966  -0.65362   0.38885  -0.30870   7.80000 13
  -0.05562   0.83989  -0.18862   0.08641   7.80000 14
  -0.89237   1.30387  -0.45331   0.06003   7.80000 15
  -0.11770   0.37530   0.11579  -0.32536   7.80000 16
  -0.48431  -0.21440   0.22623   0.07815   7.80000 17
  -0.35601  -0.56859  -0.42741  -0.35878   7.80000 18
  -0.54786  -0.62319  -0.26383   0.15256   7.80000 19
  -0.36094   0.80224  -0.00523   0.14444   7.80000 20
  -0.12029   0.33208   0.29621  -0.36838   7.90000  1
  -0.43653  -0.20975   0.23963   0.02419   7.90000  2
  -0.54924  -0.58599  -0.24188   0.38609   7.90000  3
  -0.04673  -0.52764  -0.45543   0.12362   7.90000  4
  -0.11368  -0.19686   0.56687   0.53068   7.90000  5
  -0.43509   0.00150  -0.20774  -0.14376   7.90000  6
  -0.34744  -0.19323   0.24434  -0.07926   7.90000  7
  -0.10268   0.83939  -0.25619  -0.18533   7.90000  8
  -0.15992   0.22849   0.21553   0.59513   7.90000  9
  -0.10811   0.35082  -0.37841  -0.18922   7.90000 10
   0.41430   0.64308   0.04513   0.12566   7.90000 11
  -0.21893   0.25712   0.47842  -0.34359   7.90000 12
   1.08830  -0.68438   0.38406  -0.30657   7.90000 13
  -0.07548   0.84686  -0.20872   0.05218   7.90000 14
  -0.93733   1.30949  -0.44594   0.05249   7.90000 15
  -0.10757   0.34116   0.08512  -0.35815   7.90000 16
  -0.45892  -0.20598   0.28038   0.09020   7.90000 17
  -0.39985  -0.60241  -0.44929  -0.31662   7.90000 18
  -0.57217  -0.60588  -0.22172   0.19358   7.90000 19
  -0.35973   0.81530   0.02960   0.11705   7.90000 20
  -0.09241   0.29395   0.25658  -0.39178   8.00000  1
  -0.41093  -0.20649   0.27124   0.04155   8.00000  2
  -0.57172  -0.54606  -0.20718   0.41046   8.00000  3
  -0.09417  -0.51352  -0.49304   0.15960   8.00000  4
  -0.05961  -0.14288   0.51449   0.54966   8.00000  5
  -0.45360  -0.01449  -0.16099  -0.17648   8.00000  6
  -0.32406  -0.20043   0.22220  -0.06353   8.00000  7
  -0.12858   0.81930  -0.26169  -0.21541   8.00000  8
  -0.13849   0.28922   0.21452   0.61119   8.00000  9
  -0.14691   0.32946  -0.38962  -0.23999   8.00000 10
   0.41726   0.65513   0.01427   0.11506   8.00000 11
  -0.16904   0.22351   0.51525  -0.32358   8.00000 12
   1.12649  -0.71494   0.37987  -0.30457   8.00000 13
  -0.09738   0.85016  -0.22934   0.01301   8.00000 14
  -0.98158   1.31440  -0.43906   0.04578   8.00000 15
  -0.10103   0.30367   0.04470  -0.39007   8.00000 16
  -0.42849  -0.19637   0.32665   0.10190   8.00000 17
  -0.44578  -0.63162  -0.46827  -0.26601   8.00000 18
  -0.59211  -0.58452  -0.17676   0.23318   8.00000 19
  -0.35496   0.82566   0.06620   0.09004   8.00000 20
  -0.06954   0.25430   0.20008  -0.39946   8.10000  1
  -0.38248  -0.20138   0.29680   0.06086   8.10000  2
  -0.59063  -0.50427  -0.17086   0.42405   8.10000  3
  -0.14532  -0.49557  -0.52994   0.20034   8.10000  4
  -0.01081  -0.08673   0.46126   0.57467   8.10000  5
  -0.46703  -0.03385  -0.10629  -0.21064   8.10000  6
  -0.30318  -0.20574   0.19486  -0.04193   8.10000  7
  -0.15500   0.79652  -0.26666  -0.23922   8.10000  8
  -0.11713   0.34844   0.21051   0.56419   8.10000  9
  -0.18442   0.30304  -0.35448  -0.28557   8.10000 10
   0.41719   0.66605  -0.01547   0.10319   8.10000 11
  -0.11696   0.19299   0.52078  -0.28668   8.10000 12
   1.16429  -0.74530   0.37620  -0.30271   8.10000 13
  -0.12136   0.84933  -0.25014  -0.03024   8.10000 14
  -1.02516   1.31867  -0.43267   0.03979   8.10000 15
  -0.09850   0.26370   0.00825  -0.40701   8.10000 16
  -0.39391  -0.18564   0.36330   0.11245   8.10000 17
  -0.49322  -0.65534  -0.47885  -0.20735   8.10000 18
  -0.60752  -0.55936  -0.13168   0.26937   8.10000 19
  -0.34642   0.83327   0.10502   0.06192   8.10000 20
