  -0.47261  -0.69955   0.01777   0.02233   0.10000  1
  -0.52274   1.22721   0.00534   0.00351   0.10000  2
  -0.14061  -0.37597  -0.03462   0.00855   0.10000  3
  -0.07490   0.60142   0.00712  -0.01481   0.10000  4
  -0.11254  -0.08859  -0.01524  -0.01785   0.10000  5
  -0.40886   0.05493   0.02200  -0.00727   0.10000  6
  -1.21358   0.04598   0.01026  -0.00028   0.10000  7
  -0.42615   0.42348   0.01811  -0.01165   0.10000  8
   0.20252   0.42663  -0.00090   0.00763   0.10000  9
  -0.20435  -0.41088   0.00529   0.02883   0.10000 10
  -0.62746   1.73553  -0.00799  -0.02340   0.10000 11
   0.37132   0.50206  -0.02347  -0.00294   0.10000 12
   0.59187  -0.44419  -0.01322   0.00236   0.10000 13
   0.01088   1.23883  -0.00614  -0.01082   0.10000 14
   0.62485   0.81051  -0.00982  -0.01158   0.10000 15
   1.05027   0.80068  -0.01506  -0.00265   0.10000 16
   0.56716  -1.04429  -0.00519   0.00907   0.10000 17
  -0.22893  -0.38301   0.02357   0.00856   0.10000 18
  -0.71123   1.63546   0.01803   0.00414   0.10000 19
  -0.71636  -1.29927   0.00416   0.00827   0.10000 20
  -0.46994  -0.69620   0.03566   0.04490   0.20000  1
  -0.52194   1.22774   0.01068   0.00707   0.20000  2
  -0.14576  -0.37468  -0.06828   0.01740   0.20000  3
  -0.07383   0.59920   0.01437  -0.02971   0.20000  4
  -0.11483  -0.09128  -0.03066  -0.03609   0.20000  5
  -0.40556   0.05383   0.04413  -0.01482   0.20000  6
  -1.21204   0.04594   0.02054  -0.00056   0.20000  7
  -0.42343   0.42172   0.03632  -0.02338   0.20000  8
   0.20239   0.42778  -0.00177   0.01533   0.20000  9
  -0.20356  -0.40656   0.01055   0.05726   0.20000 10
  -0.62865   1.73202  -0.01593  -0.04688   0.20000 11
   0.36779   0.50161  -0.04715  -0.00598   0.20000 12
   0.58989  -0.44383  -0.02648   0.00474   0.20000 13
   0.00996   1.23721  -0.01229  -0.02165   0.20000 14
   0.62337   0.80877  -0.01970  -0.02315   0.20000 15
   1.04801   0.80028  -0.03016  -0.00531   0.20000 16
   0.56638  -1.04292  -0.01040   0.01816   0.20000 17
  -0.22543  -0.38170   0.04622   0.01786   0.20000 18
  -0.70853   1.63608   0.03604   0.00829   0.20000 19
  -0.71573  -1.29803   0.00832   0.01652   0.20000 20
  -0.46547  -0.69056   0.05378   0.06796   0.30000  1
  -0.52061   1.22862   0.01603   0.01074   0.30000  2
  -0.15419  -0.37247  -0.09961   0.02691   0.30000  3
  -0.07202   0.59547   0.02188  -0.04477   0.30000  4
  -0.11868  -0.09583  -0.04644  -0.05513   0.30000  5
  -0.40002   0.05195   0.06655  -0.02294   0.30000  6
  -1.20947   0.04587   0.03087  -0.00086   0.30000  7
  -0.41888   0.41879   0.05471  -0.03525   0.30000  8
   0.20217   0.42970  -0.00260   0.02314   0.30000  9
  -0.20225  -0.39945   0.01560   0.08482   0.30000 10
  -0.63064   1.72615  -0.02373  -0.07048   0.30000 11
   0.36187   0.50085  -0.07126  -0.00919   0.30000 12
   0.58657  -0.44324  -0.03984   0.00715   0.30000 13
   0.00842   1.23450  -0.01846  -0.03250   0.30000 14
   0.62090   0.80588  -0.02972  -0.03470   0.30000 15
   1.04423   0.79961  -0.04532  -0.00802   0.30000 16
   0.56508  -1.04065  -0.01563   0.02729   0.30000 17
  -0.21976  -0.37939   0.06677   0.02868   0.30000 18
  -0.70403   1.63711   0.05396   0.01241   0.30000 19
  -0.71469  -1.29597   0.01247   0.02475   0.30000 20
  -0.45917  -0.68258   0.07224   0.09178   0.40000  1
  -0.51874   1.22989   0.02138   0.01457   0.40000  2
  -0.16554  -0.36926  -0.12643   0.03762   0.40000  3
  -0.06944   0.59023   0.02979  -0.06006   0.40000  4
  -0.12414  -0.10235  -0.06274  -0.07539   0.40000  5
  -0.39223   0.04921   0.08936  -0.03197   0.40000  6
  -1.20587   0.04577   0.04127  -0.00120   0.40000  7
  -0.41247   0.41467   0.07339  -0.04733   0.40000  8
   0.20187   0.43241  -0.00339   0.03111   0.40000  9
  -0.20046  -0.38965   0.02000   0.11091   0.40000 10
  -0.63339   1.71792  -0.03119  -0.09415   0.40000 11
   0.35352   0.49976  -0.09601  -0.01268   0.40000 12
   0.58192  -0.44240  -0.05332   0.00962   0.40000 13
   0.00626   1.23071  -0.02467  -0.04339   0.40000 14
   0.61742   0.80183  -0.03992  -0.04623   0.40000 15
   1.03894   0.79867  -0.06058  -0.01079   0.40000 16
   0.56325  -1.03746  -0.02091   0.03648   0.40000 17
  -0.21220  -0.37589   0.08346   0.04177   0.40000 18
  -0.69775   1.63856   0.07165   0.01638   0.40000 19
  -0.71324  -1.29308   0.01662   0.03294   0.40000 20
  -0.45101  -0.67217   0.09116   0.11668   0.50000  1
  -0.51633   1.23155   0.02672   0.01862   0.50000  2
  -0.17922  -0.36488  -0.14563   0.05031   0.50000  3
  -0.06604   0.58345   0.03827  -0.07565   0.50000  4
  -0.13125  -0.11097  -0.07963  -0.09734   0.50000  5
  -0.38214   0.04551   0.11264  -0.04233   0.50000  6
  -1.20122   0.04563   0.05175  -0.00157   0.50000  7
  -0.40418   0.40932   0.09245  -0.05970   0.50000  8
   0.20149   0.43593  -0.00415   0.03925   0.50000  9
  -0.19829  -0.37734   0.02300   0.13489   0.50000 10
  -0.63685   1.70733  -0.03792  -0.11763   0.50000 11
   0.34264   0.49831  -0.12160  -0.01652   0.50000 12
   0.57590  -0.44131  -0.06700   0.01215   0.50000 13
   0.00348   1.22582  -0.03093  -0.05431   0.50000 14
   0.61291   0.79663  -0.05039  -0.05771   0.50000 15
   1.03211   0.79745  -0.07596  -0.01364   0.50000 16
   0.56089  -1.03335  -0.02625   0.04577   0.50000 17
  -0.20327  -0.37094   0.09397   0.05779   0.50000 18
  -0.68972   1.64037   0.08876   0.01985   0.50000 19
  -0.71137  -1.28938   0.02076   0.04107   0.50000 20
  -0.44092  -0.65919   0.11064   0.14304   0.60000  1
  -0.51339   1.23362   0.03205   0.02294   0.60000  2
  -0.19430  -0.35910  -0.15398   0.06589   0.60000  3
  -0.06176   0.57509   0.04750  -0.09161   0.60000  4
  -0.14008  -0.12189  -0.09711  -0.12152   0.60000  5
  -0.36969   0.04069   0.13643  -0.05449   0.60000  6
  -1.19551   0.04545   0.06237  -0.00199   0.60000  7
  -0.39397   0.40272   0.11199  -0.07242   0.60000  8
   0.20104   0.44027  -0.00497   0.04752   0.60000  9
  -0.19594  -0.36276   0.02365   0.15629   0.60000 10
  -0.64093   1.69442  -0.04323  -0.14030   0.60000 11
   0.32916   0.49644  -0.14825  -0.02080   0.60000 12
   0.56851  -0.43997  -0.08093   0.01479   0.60000 13
   0.00007   1.21984  -0.03723  -0.06529   0.60000 14
   0.60733   0.79029  -0.06119  -0.06915   0.60000 15
   1.02374   0.79594  -0.09151  -0.01660   0.60000 16
   0.55800  -1.02831  -0.03167   0.05517   0.60000 17
  -0.19370  -0.36421   0.09593   0.07723   0.60000 18
  -0.68004   1.64249   0.10463   0.02214   0.60000 19
  -0.70909  -1.28487   0.02488   0.04915   0.60000 20
  -0.42886  -0.64349   0.13077   0.17132   0.70000  1
  -0.50992   1.23615   0.03733   0.02758   0.70000  2
  -0.20959  -0.35158  -0.14978   0.08511   0.70000  3
  -0.05651   0.56512   0.05772  -0.10795   0.70000  4
  -0.15068  -0.13536  -0.11493  -0.14847   0.70000  5
  -0.35484   0.03453   0.16063  -0.06909   0.70000  6
  -1.18874   0.04523   0.07313  -0.00247   0.70000  7
  -0.38177   0.39482   0.13211  -0.08554   0.70000  8
   0.20049   0.44543  -0.00604   0.05577   0.70000  9
  -0.19366  -0.34617   0.02135   0.17511   0.70000 10
  -0.64542   1.67933  -0.04600  -0.16106   0.70000 11
   0.31295   0.49413  -0.17607  -0.02554   0.70000 12
   0.55971  -0.43835  -0.09517   0.01756   0.70000 13
  -0.00397   1.21276  -0.04360  -0.07632   0.70000 14
   0.60066   0.78280  -0.07240  -0.08052   0.70000 15
   1.01380   0.79413  -0.10725  -0.01970   0.70000 16
   0.55455  -1.02231  -0.03718   0.06471   0.70000 17
  -0.18441  -0.35537   0.08820   0.10030   0.70000 18
  -0.66887   1.64472   0.11820   0.02205   0.70000 19
  -0.70640  -1.27955   0.02898   0.05716   0.70000 20
  -0.41474  -0.62485   0.15164   0.20205   0.80000  1
  -0.50593   1.23915   0.04253   0.03257   0.80000  2
  -0.22387  -0.34194  -0.13405   0.10829   0.80000  3
  -0.05018   0.55349   0.06919  -0.12468   0.80000  4
  -0.16306  -0.15170  -0.13252  -0.17875   0.80000  5
  -0.33755   0.02676   0.18501  -0.08689   0.80000  6
  -1.18088   0.04496   0.08409  -0.00303   0.80000  7
  -0.36752   0.38559   0.15290  -0.09913   0.80000  8
   0.19981   0.45141  -0.00777   0.06371   0.80000  9
  -0.19177  -0.32780   0.01606   0.19208   0.80000 10
  -0.64999   1.66232  -0.04480  -0.17837   0.80000 11
   0.29391   0.49132  -0.20502  -0.03068   0.80000 12
   0.54946  -0.43645  -0.10981   0.02051   0.80000 13
  -0.00865   1.20458  -0.05001  -0.08741   0.80000 14
   0.59284   0.77419  -0.08409  -0.09183   0.80000 15
   1.00228   0.79199  -0.12322  -0.02296   0.80000 16
   0.55056  -1.01536  -0.04280   0.07443   0.80000 17
  -0.17636  -0.34403   0.07151   0.12704   0.80000 18
  -0.65652   1.64676   0.12811   0.01797   0.80000 19
  -0.70329  -1.27344   0.03306   0.06508   0.80000 20
  -0.39850  -0.60298   0.17332   0.23594   0.90000  1
  -0.50142   1.24267   0.04760   0.03794   0.90000  2
  -0.23611  -0.32979  -0.10942   0.13530   0.90000  3
  -0.04262   0.54017   0.08223  -0.14174   0.90000  4
  -0.17714  -0.17123  -0.14864  -0.21248   0.90000  5
  -0.31785   0.01702   0.20905  -0.10880   0.90000  6
  -1.17191   0.04462   0.09527  -0.00368   0.90000  7
  -0.35116   0.37498   0.17448  -0.11321   0.90000  8
   0.19889   0.45814  -0.01101   0.07078   0.90000  9
  -0.19054  -0.30778   0.00808   0.20821   0.90000 10
  -0.65420   1.64382  -0.03848  -0.19087   0.90000 11
   0.27193   0.48799  -0.23471  -0.03601   0.90000 12
   0.53773  -0.43424  -0.12491   0.02368   0.90000 13
  -0.01397   1.19528  -0.05648  -0.09855   0.90000 14
   0.58382   0.76444  -0.09635  -0.10306   0.90000 15
   0.98915   0.78953  -0.13946  -0.02642   0.90000 16
   0.54599  -1.00742  -0.04855   0.08434   0.90000 17
  -0.17035  -0.32984   0.04760   0.15726   0.90000 18
  -0.64341   1.64813   0.13331   0.00846   0.90000 19
  -0.69979  -1.26654   0.03711   0.07293   0.90000 20
  -0.38005  -0.57753   0.19587   0.27386   1.00000  1
  -0.49642   1.24675   0.05244   0.04372   1.00000  2
  -0.24554  -0.31477  -0.07848   0.16565   1.00000  3
  -0.03366   0.52513   0.09722  -0.15900   1.00000  4
  -0.19266  -0.19426  -0.16090  -0.24811   1.00000  5
  -0.29578   0.00483   0.23192  -0.13581   1.00000  6
  -1.16182   0.04422   0.10673  -0.00442   1.00000  7
  -0.33260   0.36293   0.19695  -0.12783   1.00000  8
   0.19751   0.46550  -0.01725   0.07598   1.00000  9
  -0.19025  -0.28617  -0.00271   0.22369   1.00000 10
  -0.65752   1.62432  -0.02697  -0.19833   1.00000 11
   0.24697   0.48413  -0.26418  -0.04108   1.00000 12
   0.52446  -0.43171  -0.14057   0.02713   1.00000 13
  -0.01994   1.18487  -0.06299  -0.10973   1.00000 14
   0.57355   0.75358  -0.10927  -0.11423   1.00000 15
   0.97438   0.78670  -0.15601  -0.03012   1.00000 16
   0.54084  -0.99848  -0.05447   0.09449   1.00000 17
  -0.16704  -0.31248   0.01773   0.19024   1.00000 18
  -0.63001   1.64826   0.13381  -0.00680   1.00000 19
  -0.69587  -1.25886   0.04113   0.08070   1.00000 20
  -0.35930  -0.54803   0.21935   0.31696   1.10000  1
  -0.49094   1.25143   0.05697   0.04993   1.10000  2
  -0.25165  -0.29660  -0.04308   0.19793   1.10000  3
  -0.02310   0.50837   0.11456  -0.17616   1.10000  4
  -0.20906  -0.22070  -0.16548  -0.27882   1.10000  5
  -0.27154  -0.01035   0.25246  -0.16896   1.10000  6
  -1.15056   0.04373   0.11852  -0.00528   1.10000  7
  -0.31174   0.34940   0.22043  -0.14298   1.10000  8
   0.19526   0.47323  -0.02870   0.07791   1.10000  9
  -0.19121  -0.26315  -0.01724   0.23589   1.10000 10
  -0.65946   1.60429  -0.01128  -0.20182   1.10000 11
   0.21915   0.47981  -0.29178  -0.04520   1.10000 12
   0.50959  -0.42880  -0.15687   0.03096   1.10000 13
  -0.02657   1.17333  -0.06951  -0.12095   1.10000 14
   0.56194   0.74160  -0.12296  -0.12535   1.10000 15
   0.95794   0.78349  -0.17290  -0.03410   1.10000 16
   0.53509  -0.98852  -0.06056   0.10490   1.10000 17
  -0.16699  -0.29178  -0.01780   0.22357   1.10000 18
  -0.61676   1.64662   0.13075  -0.02683   1.10000 19
  -0.69156  -1.25040   0.04511   0.08839   1.10000 20
  -0.33615  -0.51391   0.24380   0.36686   1.20000  1
  -0.48504   1.25675   0.06105   0.05658   1.20000  2
  -0.25407  -0.27525  -0.00517   0.22796   1.20000  3
  -0.01066   0.48992   0.13458  -0.19270   1.20000  4
  -0.22538  -0.24935  -0.15883  -0.28925   1.20000  5
  -0.24542  -0.02920   0.26920  -0.20925   1.20000  6
  -1.13810   0.04316   0.13068  -0.00625   1.20000  7
  -0.28848   0.33432   0.24501  -0.15867   1.20000  8
   0.19152   0.48092  -0.04760   0.07503   1.20000  9
  -0.19384  -0.23931  -0.03592   0.23900   1.20000 10
  -0.65968   1.58404   0.00723  -0.20292   1.20000 11
   0.18874   0.47514  -0.31578  -0.04796   1.20000 12
   0.49306  -0.42550  -0.17391   0.03524   1.20000 13
  -0.03385   1.16067  -0.07603  -0.13219   1.20000 14
   0.54892   0.72851  -0.13753  -0.13644   1.20000 15
   0.93979   0.77987  -0.19017  -0.03841   1.20000 16
   0.52872  -0.97749  -0.06687   0.11561   1.20000 17
  -0.17077  -0.26794  -0.05843   0.25189   1.20000 18
  -0.60393   1.64279   0.12562  -0.05015   1.20000 19
  -0.68685  -1.24118   0.04906   0.09601   1.20000 20
  -0.31051  -0.47437   0.26902   0.42571   1.30000  1
  -0.47875   1.26276   0.06453   0.06370   1.30000  2
  -0.25271  -0.25132   0.03201   0.24888   1.30000  3
   0.00391   0.46989   0.15717  -0.20759   1.30000  4
  -0.24049  -0.27742  -0.14205  -0.26666   1.30000  5
  -0.21790  -0.05247   0.27982  -0.25762   1.30000  6
  -1.12441   0.04248   0.14327  -0.00732   1.30000  7
  -0.26270   0.31764   0.27076  -0.17491   1.30000  8
   0.18547   0.48804  -0.07459   0.06634   1.30000  9
  -0.19843  -0.21570  -0.05557   0.23181   1.30000 10
  -0.65795   1.56374   0.02754  -0.20294   1.30000 11
   0.15613   0.47024  -0.33566  -0.05008   1.30000 12
   0.47478  -0.42174  -0.19182   0.04011   1.30000 13
  -0.04177   1.14689  -0.08251  -0.14341   1.30000 14
   0.53440   0.71431  -0.15310  -0.14756   1.30000 15
   0.91989   0.77580  -0.20788  -0.04311   1.30000 16
   0.52171  -0.96538  -0.07342   0.12667   1.30000 17
  -0.17872  -0.24175  -0.10011   0.26999   1.30000 18
  -0.59167   1.63651   0.11961  -0.07559   1.30000 19
  -0.68175  -1.23120   0.05298   0.10358   1.30000 20
  -0.28236  -0.42839   0.29382   0.49579   1.40000  1
  -0.47216   1.26951   0.06719   0.07129   1.40000  2
  -0.24778  -0.22583   0.06599   0.25958   1.40000  3
   0.02081   0.44852   0.18077  -0.21896   1.40000  4
  -0.25360  -0.30185  -0.11952  -0.21938   1.40000  5
  -0.18982  -0.08098   0.27923  -0.31334   1.40000  6
  -1.10943   0.04169   0.15637  -0.00850   1.40000  7
  -0.23429   0.29932   0.29754  -0.19162   1.40000  8
   0.17639   0.49399  -0.10794   0.05154   1.40000  9
  -0.20479  -0.19308  -0.07038   0.22032   1.40000 10
  -0.65413   1.54346   0.04910  -0.20272   1.40000 11
   0.12173   0.46506  -0.35178  -0.05403   1.40000 12
   0.45466  -0.41745  -0.21077   0.04573   1.40000 13
  -0.05034   1.13199  -0.08890  -0.15460   1.40000 14
   0.51827   0.69899  -0.16982  -0.15876   1.40000 15
   0.89820   0.77123  -0.22606  -0.04824   1.40000 16
   0.51403  -0.95215  -0.08026   0.13811   1.40000 17
  -0.19057  -0.21424  -0.13493   0.27912   1.40000 18
  -0.58002   1.62762   0.11345  -0.10246   1.40000 19
  -0.67626  -1.22047   0.05689   0.11112   1.40000 20
  -0.25191  -0.37486   0.31365   0.57585   1.50000  1
  -0.46535   1.27704   0.06877   0.07940   1.50000  2
  -0.23960  -0.19958   0.09739   0.26463   1.50000  3
   0.03992   0.42631   0.20002  -0.22388   1.50000  4
  -0.26423  -0.32100  -0.09189  -0.16232   1.50000  5
  -0.16276  -0.11512   0.25761  -0.36773   1.50000  6
  -1.09311   0.04078   0.17006  -0.00975   1.50000  7
  -0.20317   0.27931   0.32480  -0.20859   1.50000  8
   0.16378   0.49814  -0.14437   0.03046   1.50000  9
  -0.21214  -0.17171  -0.07434   0.20641   1.50000 10
  -0.64810   1.52319   0.07169  -0.20272   1.50000 11
   0.08596   0.45924  -0.36216  -0.06360   1.50000 12
   0.43259  -0.41256  -0.23099   0.05234   1.50000 13
  -0.05955   1.11598  -0.09515  -0.16573   1.50000 14
   0.50039   0.68255  -0.18781  -0.17013   1.50000 15
   0.87466   0.76613  -0.24473  -0.05388   1.50000 16
   0.50565  -0.93775  -0.08744   0.14999   1.50000 17
  -0.20516  -0.18615  -0.15348   0.28108   1.50000 18
  -0.56897   1.61599   0.10759  -0.13048   1.50000 19
  -0.67037  -1.20898   0.06079   0.11866   1.50000 20
  -0.22007  -0.31326   0.32085   0.65481   1.60000  1
  -0.45845   1.28541   0.06892   0.08808   1.60000  2
  -0.22839  -0.17311   0.12606   0.26325   1.60000  3
   0.06034   0.40402   0.20523  -0.22072   1.60000  4
  -0.27165  -0.33392  -0.05483  -0.09373   1.60000  5
  -0.13925  -0.15375   0.20834  -0.39946   1.60000  6
  -1.07539   0.03974   0.18442  -0.01103   1.60000  7
  -0.16935   0.25761   0.35128  -0.22530   1.60000  8
   0.14754   0.49986  -0.18011   0.00282   1.60000  9
  -0.21917  -0.15204  -0.06392   0.18546   1.60000 10
  -0.63976   1.50290   0.09534  -0.20312   1.60000 11
   0.04970   0.45206  -0.36071  -0.08152   1.60000 12
   0.40841  -0.40694  -0.25280   0.06026   1.60000 13
  -0.06937   1.09885  -0.10121  -0.17679   1.60000 14
   0.48066   0.66496  -0.20718  -0.18183   1.60000 15
   0.84923   0.76044  -0.26395  -0.06012   1.60000 16
   0.49653  -0.92213  -0.09499   0.16238   1.60000 17
  -0.22044  -0.15847  -0.14773   0.27000   1.60000 18
  -0.55848   1.60149   0.10228  -0.15966   1.60000 19
  -0.66410  -1.19673   0.06471   0.12622   1.60000 20
  -0.18811  -0.24418   0.31665   0.72471   1.70000  1
  -0.45163   1.29467   0.06720   0.09741   1.70000  2
  -0.21460  -0.14728   0.14824   0.25188   1.70000  3
   0.08034   0.38233   0.19193  -0.21291   1.70000  4
  -0.27502  -0.33937  -0.01261  -0.01449   1.70000  5
  -0.12161  -0.19381   0.14366  -0.39571   1.70000  6
  -1.05620   0.03857   0.19955  -0.01231   1.70000  7
  -0.13302   0.23428   0.37450  -0.24101   1.70000  8
   0.12790   0.49849  -0.21164  -0.03124   1.70000  9
  -0.22452  -0.13483  -0.04117   0.15860   1.70000 10
  -0.62899   1.48255   0.12018  -0.20400   1.70000 11
   0.01429   0.44271  -0.34558  -0.10619   1.70000 12
   0.38196  -0.40045  -0.27651   0.06991   1.70000 13
  -0.07978   1.08062  -0.10698  -0.18776   1.70000 14
   0.45891   0.64617  -0.22805  -0.19409   1.70000 15
   0.82185   0.75409  -0.28374  -0.06704   1.70000 16
   0.48663  -0.90525  -0.10299   0.17534   1.70000 17
  -0.23394  -0.13263  -0.11905   0.24522   1.70000 18
  -0.54849   1.58401   0.09773  -0.19017   1.70000 19
  -0.65743  -1.18373   0.06867   0.13384   1.70000 20
  -0.15716  -0.16918   0.29917   0.76886   1.80000  1
  -0.44509   1.30491   0.06306   0.10749   1.80000  2
  -0.19906  -0.12291   0.16130   0.23564   1.80000  3
   0.09827   0.36141   0.16502  -0.20592   1.80000  4
  -0.27421  -0.33687   0.02860   0.06374   1.80000  5
  -0.11039  -0.23163   0.08305  -0.35474   1.80000  6
  -1.03545   0.03728   0.21555  -0.01351   1.80000  7
  -0.09469   0.20946   0.39066  -0.25528   1.80000  8
   0.10542   0.49344  -0.23677  -0.07063   1.80000  9
  -0.22704  -0.12016  -0.00759   0.13664   1.80000 10
  -0.61567   1.46209   0.14642  -0.20530   1.80000 11
  -0.01914   0.43069  -0.32198  -0.13480   1.80000 12
   0.35304  -0.39288  -0.30240   0.08179   1.80000 13
  -0.09075   1.06130  -0.11239  -0.19870   1.80000 14
   0.43499   0.62611  -0.25057  -0.20728   1.80000 15
   0.79246   0.74700  -0.30415  -0.07474   1.80000 16
   0.47591  -0.88704  -0.11149   0.18892   1.80000 17
  -0.24365  -0.10948  -0.07237   0.21856   1.80000 18
  -0.53890   1.56340   0.09419  -0.22228   1.80000 19
  -0.65036  -1.16996   0.07270   0.14154   1.80000 20
  -0.12897  -0.09172   0.26266   0.77528   1.90000  1
  -0.43912   1.31620   0.05582   0.11838   1.90000  2
  -0.18257  -0.09991   0.16754   0.22629   1.90000  3
   0.11307   0.34100   0.12986  -0.20325   1.90000  4
  -0.26933  -0.32680   0.06894   0.13675   1.90000  5
  -0.10438  -0.26398   0.03994  -0.29090   1.90000  6
  -1.01306   0.03587   0.23252  -0.01457   1.90000  7
  -0.05527   0.18325   0.39542  -0.26889   1.90000  8
   0.08078   0.48424  -0.25515  -0.11388   1.90000  9
  -0.22574  -0.10696   0.03462   0.13021   1.90000 10
  -0.59966   1.44148   0.17425  -0.20688   1.90000 11
  -0.04995   0.41566  -0.29356  -0.16614   1.90000 12
   0.32141  -0.38400  -0.33059   0.09646   1.90000 13
  -0.10224   1.04088  -0.11734  -0.20967   1.90000 14
   0.40873   0.60466  -0.27490  -0.22192   1.90000 15
   0.76100   0.73911  -0.32523  -0.08337   1.90000 16
   0.46431  -0.86744  -0.12060   0.20316   1.90000 17
  -0.24799  -0.08864  -0.01301   0.19985   1.90000 18
  -0.52960   1.53949   0.09202  -0.25629   1.90000 19
  -0.64289  -1.15542   0.07682   0.14938   1.90000 20
  -0.10462  -0.01478   0.22600   0.76194   2.00000  1
  -0.43406   1.32861   0.04469   0.12994   2.00000  2
  -0.16571  -0.07723   0.16882   0.22923   2.00000  3
   0.12407   0.32055   0.08934  -0.20669   2.00000  4
  -0.26040  -0.30969   0.10980   0.20452   2.00000  5
  -0.10197  -0.28982   0.00986  -0.22635   2.00000  6
  -0.98892   0.03437   0.25055  -0.01542   2.00000  7
  -0.01611   0.15565   0.38485  -0.28324   2.00000  8
   0.05459   0.47056  -0.26770  -0.16013   2.00000  9
  -0.22006  -0.09360   0.07874   0.13912   2.00000 10
  -0.58077   1.42071   0.20379  -0.20846   2.00000 11
  -0.07773   0.39739  -0.26160  -0.19963   2.00000 12
   0.28684  -0.37348  -0.36115   0.11447   2.00000 13
  -0.11420   1.01936  -0.12173  -0.22079   2.00000 14
   0.37994   0.58165  -0.30127  -0.23866   2.00000 15
   0.72739   0.73030  -0.34705  -0.09305   2.00000 16
   0.45177  -0.84639  -0.13038   0.21809   2.00000 17
  -0.24608  -0.06920   0.05156   0.19012   2.00000 18
  -0.52043   1.51207   0.09180  -0.29239   2.00000 19
  -0.63499  -1.14008   0.08108   0.15737   2.00000 20
  -0.08318   0.06056   0.20618   0.74458   2.10000  1
  -0.43034   1.34219   0.02888   0.14140   2.10000  2
  -0.14894  -0.05381   0.16628   0.23988   2.10000  3
   0.13080   0.29943   0.04454  -0.21690   2.10000  4
  -0.24733  -0.28605   0.15177   0.26760   2.10000  5
  -0.10213  -0.30931  -0.01169  -0.16345   2.10000  6
  -0.96291   0.03280   0.26979  -0.01598   2.10000  7
   0.02106   0.12665   0.35509  -0.29571   2.10000  8
   0.02739   0.45211  -0.27569  -0.20944   2.10000  9
  -0.21006  -0.07886   0.12080   0.15644   2.10000 10
  -0.55885   1.39980   0.23483  -0.20952   2.10000 11
  -0.10218   0.37565  -0.22687  -0.23581   2.10000 12
   0.24909  -0.36097  -0.39423   0.13650   2.10000 13
  -0.12657   0.99671  -0.12548  -0.23224   2.10000 14
   0.34840   0.55683  -0.32996  -0.25836   2.10000 15
   0.69156   0.72046  -0.36968  -0.10396   2.10000 16
   0.43821  -0.82380  -0.14094   0.23376   2.10000 17
  -0.23767  -0.05043   0.11642   0.18604   2.10000 18
  -0.51115   1.48095   0.09448  -0.33038   2.10000 19
  -0.62667  -1.12394   0.08549   0.16554   2.10000 20
  -0.06274   0.13406   0.20485   0.72486   2.20000  1
  -0.42845   1.35681   0.00808   0.15031   2.20000  2
  -0.13250  -0.02919   0.16233   0.25230   2.20000  3
   0.13281   0.27696  -0.00512  -0.23339   2.20000  4
  -0.23003  -0.25631   0.19440   0.32667   2.20000  5
  -0.10405  -0.32249  -0.02531  -0.09975   2.20000  6
  -0.93491   0.03119   0.29038  -0.01617   2.20000  7
   0.05426   0.09696   0.30671  -0.29499   2.20000  8
  -0.00044   0.42853  -0.28033  -0.26317   2.20000  9
  -0.19597  -0.06219   0.16075   0.17748   2.20000 10
  -0.53378   1.37885   0.26630  -0.20916   2.20000 11
  -0.12300   0.35008  -0.18882  -0.27643   2.20000 12
   0.20790  -0.34601  -0.43010   0.16348   2.20000 13
  -0.13927   0.97289  -0.12852  -0.24425   2.20000 14
   0.31386   0.52985  -0.36135  -0.28202   2.20000 15
   0.65343   0.70946  -0.39322  -0.11626   2.20000 16
   0.42355  -0.79961  -0.15234   0.25026   2.20000 17
  -0.22285  -0.03189   0.17983   0.18510   2.20000 18
  -0.50139   1.44598   0.10142  -0.36879   2.20000 19
  -0.61789  -1.10697   0.09008   0.17392   2.20000 20
  -0.04205   0.20550   0.20857   0.70422   2.30000  1
  -0.42884   1.37197  -0.01597   0.15076   2.30000  2
  -0.11644  -0.00341   0.15916   0.26302   2.30000  3
   0.12955   0.25262  -0.06149  -0.25362   2.30000  4
  -0.20846  -0.22080   0.23681   0.38338   2.30000  5
  -0.10689  -0.32917  -0.02986  -0.03350   2.30000  6
  -0.90478   0.02958   0.31253  -0.01587   2.30000  7
   0.08212   0.06818   0.24943  -0.27892   2.30000  8
  -0.02858   0.39924  -0.28183  -0.32409   2.30000  9
  -0.17795  -0.04331   0.19966   0.20041   2.30000 10
  -0.50566   1.35806   0.29530  -0.20608   2.30000 11
  -0.13972   0.32018  -0.14400  -0.32209   2.30000 12
   0.16297  -0.32806  -0.46895   0.19679   2.30000 13
  -0.15225   0.94784  -0.13076  -0.25707   2.30000 14
   0.27602   0.50025  -0.39615  -0.31093   2.30000 15
   0.61289   0.69715  -0.41781  -0.13016   2.30000 16
   0.40771  -0.77372  -0.16465   0.26768   2.30000 17
  -0.20177  -0.01333   0.24130   0.18662   2.30000 18
  -0.49068   1.40732   0.11384  -0.40310   2.30000 19
  -0.60864  -1.08915   0.09486   0.18255   2.30000 20
  -0.02126   0.27480   0.20538   0.67946   2.40000  1
  -0.43155   1.38637  -0.03702   0.13386   2.40000  2
  -0.10061   0.02330   0.15777   0.27060   2.40000  3
   0.12027   0.22631  -0.12486  -0.27188   2.40000  4
  -0.18269  -0.17961   0.27866   0.44070   2.40000  5
  -0.10968  -0.32909  -0.02425   0.03563   2.40000  6
  -0.87235   0.02803   0.33650  -0.01501   2.40000  7
   0.10397   0.04138   0.18656  -0.25640   2.40000  8
  -0.05660   0.36339  -0.27668  -0.39412   2.40000  9
  -0.15605  -0.02205   0.23838   0.22494   2.40000 10
  -0.47498   1.33775   0.31648  -0.19985   2.40000 11
  -0.15142   0.28570  -0.08819  -0.36667   2.40000 12
   0.11402  -0.30638  -0.51047   0.23839   2.40000 13
  -0.16539   0.92144  -0.13203  -0.27098   2.40000 14
   0.23448   0.46743  -0.43564  -0.34671   2.40000 15
   0.56982   0.68336  -0.44368  -0.14588   2.40000 16
   0.39059  -0.74604  -0.17788   0.28618   2.40000 17
  -0.17467   0.00554   0.30023   0.19132   2.40000 18
  -0.47847   1.36577   0.13090  -0.42507   2.40000 19
  -0.59891  -1.07045   0.09985   0.19148   2.40000 20
  -0.00139   0.34054   0.19085   0.63026   2.50000  1
  -0.43585   1.39808  -0.04669   0.09757   2.50000  2
  -0.08483   0.05061   0.15821   0.27500   2.50000  3
   0.10449   0.19841  -0.19111  -0.28580   2.50000  4
  -0.15272  -0.13252   0.32070   0.50209   2.50000  5
  -0.11140  -0.32196  -0.00863   0.10754   2.50000  6
  -0.83741   0.02660   0.36268  -0.01350   2.50000  7
   0.11915   0.01702   0.11541  -0.23019   2.50000  8
  -0.08338   0.32047  -0.25635  -0.46250   2.50000  9
  -0.13028   0.00175   0.27688   0.25158   2.50000 10
  -0.44280   1.31811   0.32495  -0.19325   2.50000 11
  -0.15714   0.24705  -0.02560  -0.40593   2.50000 12
   0.06085  -0.28003  -0.55282   0.29072   2.50000 13
  -0.17861   0.89359  -0.13203  -0.28627   2.50000 14
   0.18865   0.43062  -0.48225  -0.39103   2.50000 15
   0.52409   0.66790  -0.47121  -0.16373   2.50000 16
   0.37211  -0.71644  -0.19206   0.30600   2.50000 17
  -0.14187   0.02510   0.35478   0.20083   2.50000 18
  -0.46446   1.32289   0.14925  -0.43014   2.50000 19
  -0.58867  -1.05084   0.10505   0.20075   2.50000 20
   0.01702   0.40011   0.17896   0.55938   2.60000  1
  -0.44046   1.40558  -0.04361   0.05187   2.60000  2
  -0.06893   0.07820   0.15979   0.27625   2.60000  3
   0.08195   0.16903  -0.26089  -0.30304   2.60000  4
  -0.11853  -0.07897   0.36303   0.57009   2.60000  5
  -0.11113  -0.30746   0.01497   0.18337   2.60000  6
  -0.79972   0.02536   0.39157  -0.01127   2.60000  7
   0.12668  -0.00447   0.03319  -0.19825   2.60000  8
  -0.10750   0.27107  -0.22458  -0.52649   2.60000  9
  -0.10074   0.02836   0.31313   0.28122   2.60000 10
  -0.41041   1.29894   0.32101  -0.19117   2.60000 11
  -0.15639   0.20439   0.04210  -0.44847   2.60000 12
   0.00362  -0.24780  -0.59002   0.35591   2.60000 13
  -0.19174   0.86413  -0.13021  -0.30324   2.60000 14
   0.13770   0.38896  -0.53816  -0.44300   2.60000 15
   0.47551   0.65053  -0.50099  -0.18410   2.60000 16
   0.35215  -0.68478  -0.20718   0.32744   2.60000 17
  -0.10401   0.04592   0.40019   0.21677   2.60000 18
  -0.44863   1.28013   0.16722  -0.42373   2.60000 19
  -0.57789  -1.03028   0.11047   0.21044   2.60000 20
   0.03454   0.45218   0.17055   0.48119   2.70000  1
  -0.44430   1.40846  -0.03241   0.00625   2.70000  2
  -0.05289   0.10563   0.16048   0.27001   2.70000  3
   0.05193   0.13750  -0.34171  -0.32873   2.70000  4
  -0.08026  -0.01824   0.40072   0.64591   2.70000  5
  -0.10831  -0.28505   0.04118   0.26614   2.70000  6
  -0.75898   0.02437   0.42394  -0.00831   2.70000  7
   0.12538  -0.02228  -0.06117  -0.15551   2.70000  8
  -0.12778   0.21475  -0.17657  -0.60177   2.70000  9
  -0.06793   0.05809   0.34073   0.31323   2.70000 10
  -0.37886   1.27963   0.30908  -0.19615   2.70000 11
  -0.14825   0.15724   0.12382  -0.49381   2.70000 12
  -0.05653  -0.20844  -0.60816   0.43289   2.70000 13
  -0.20457   0.83288  -0.12585  -0.32213   2.70000 14
   0.08097   0.34196  -0.59530  -0.49817   2.70000 15
   0.42379   0.63098  -0.53390  -0.20755   2.70000 16
   0.33064  -0.65088  -0.22326   0.35095   2.70000 17
  -0.06245   0.06864   0.42663   0.23796   2.70000 18
  -0.43102   1.23828   0.18508  -0.41305   2.70000 19
  -0.56656  -1.00873   0.11610   0.22065   2.70000 20
   0.05085   0.49649   0.15487   0.40690   2.80000  1
  -0.44681   1.40695  -0.01740  -0.03575   2.80000  2
  -0.03697   0.13145   0.15706   0.24112   2.80000  3
   0.01329   0.10331  -0.42923  -0.35174   2.80000  4
  -0.03901   0.05029   0.41905   0.72177   2.80000  5
  -0.10309  -0.25391   0.06184   0.35822   2.80000  6
  -0.71478   0.02372   0.46088  -0.00467   2.80000  7
   0.11415  -0.03498  -0.16425  -0.09511   2.80000  8
  -0.14152   0.15082  -0.09079  -0.67231   2.80000  9
  -0.03330   0.09076   0.34681   0.33670   2.80000 10
  -0.34872   1.25949   0.29346  -0.20778   2.80000 11
  -0.13093   0.10624   0.22509  -0.52016   2.80000 12
  -0.11682  -0.16105  -0.59113   0.51549   2.80000 13
  -0.21680   0.79964  -0.11809  -0.34309   2.80000 14
   0.01906   0.28863  -0.64023  -0.57442   2.80000 15
   0.36858   0.60889  -0.57123  -0.23493   2.80000 16
   0.30746  -0.61451  -0.24040   0.37707   2.80000 17
  -0.01982   0.09334   0.41889   0.25359   2.80000 18
  -0.41162   1.19752   0.20286  -0.40236   2.80000 19
  -0.55466  -0.98613   0.12193   0.23146   2.80000 20
   0.06551   0.53398   0.13894   0.34478   2.90000  1
  -0.44774   1.40145  -0.00097  -0.07371   2.90000  2
  -0.02167   0.15283   0.14788   0.18325   2.90000  3
  -0.03232   0.06877  -0.47114  -0.32999   2.90000  4
   0.00198   0.12423   0.39173   0.74241   2.90000  5
  -0.09621  -0.21310   0.07505   0.45989   2.90000  6
  -0.66660   0.02345   0.50402  -0.00054   2.90000  7
   0.09255  -0.04063  -0.26687  -0.01530   2.90000  8
  -0.14477   0.08195   0.02725  -0.69567   2.90000  9
   0.00017   0.12430   0.31599   0.32802   2.90000 10
  -0.32020   1.23790   0.27681  -0.22466   2.90000 11
  -0.10332   0.05485   0.32188  -0.49944   2.90000 12
  -0.17350  -0.10526  -0.53660   0.60050   2.90000 13
  -0.22805   0.76420  -0.10613  -0.36607   2.90000 14
  -0.04615   0.22566  -0.65455  -0.68917   2.90000 15
   0.30934   0.58383  -0.61470  -0.26740   2.90000 16
   0.28251  -0.57536  -0.25886   0.40648   2.90000 17
   0.01963   0.11858   0.36193   0.24732   2.90000 18
  -0.39045   1.15774   0.22037  -0.39369   2.90000 19
  -0.54217  -0.96242   0.12798   0.24301   2.90000 20
   0.07879   0.56568   0.12726   0.28955   3.00000  1
  -0.44700   1.39233   0.01578  -0.10822   3.00000  2
  -0.00764   0.16778   0.13230   0.11551   3.00000  3
  -0.07907   0.03801  -0.45831  -0.28723   3.00000  4
   0.03806   0.19595   0.32815   0.68239   3.00000  5
  -0.08816  -0.16148   0.08572   0.57525   3.00000  6
  -0.61369   0.02362   0.55578   0.00396   3.00000  7
   0.06097  -0.03775  -0.36389   0.07291   3.00000  8
  -0.13673   0.01321   0.12727  -0.67284   3.00000  9
   0.02887   0.15540   0.25576   0.29082   3.00000 10
  -0.29334   1.21442   0.26050  -0.24564   3.00000 11
  -0.06843   0.00751   0.36460  -0.44409   3.00000 12
  -0.22288  -0.04118  -0.44464   0.67685   3.00000 13
  -0.23786   0.72636  -0.08927  -0.39100   3.00000 14
  -0.10919   0.15152  -0.59635  -0.78469   3.00000 15
   0.24538   0.55521  -0.66571  -0.30582   3.00000 16
   0.25563  -0.53307  -0.27919   0.44000   3.00000 17
   0.05145   0.14226   0.27244   0.22483   3.00000 18
  -0.36756   1.11868   0.23748  -0.38799   3.00000 19
  -0.52906  -0.93750   0.13430   0.25546   3.00000 20
   0.09103   0.59180   0.11713   0.23162   3.10000  1
  -0.44459   1.37989   0.03237  -0.14001   3.10000  2
   0.00496   0.17622   0.12075   0.05596   3.10000  3
  -0.12316   0.01062  -0.41993  -0.26288   3.10000  4
   0.06790   0.25989   0.27061   0.59640   3.10000  5
  -0.07914  -0.09754   0.09371   0.70294   3.10000  6
  -0.55503   0.02427   0.61976   0.00924   3.10000  7
   0.01993  -0.02638  -0.45535   0.15073   3.10000  8
  -0.12069  -0.05131   0.18822  -0.61080   3.10000  9
   0.05139   0.18223   0.19597   0.24627   3.10000 10
  -0.26807   1.18866   0.24524  -0.27006   3.10000 11
  -0.03248  -0.03368   0.34620  -0.37894   3.10000 12
  -0.26155   0.02862  -0.32749   0.71036   3.10000 13
  -0.24572   0.68592  -0.06698  -0.41811   3.10000 14
  -0.16480   0.07021  -0.51582  -0.83576   3.10000 15
   0.17603   0.52249  -0.72106  -0.34927   3.10000 16
   0.22659  -0.48719  -0.30224   0.47875   3.10000 17
   0.07420   0.16348   0.18376   0.20021   3.10000 18
  -0.34297   1.08002   0.25417  -0.38569   3.10000 19
  -0.51530  -0.91129   0.14099   0.26903   3.10000 20
   0.10187   0.61168   0.09706   0.16479   3.20000  1
  -0.44053   1.36439   0.04863  -0.16977   3.20000  2
   0.01661   0.17958   0.11204   0.01428   3.20000  3
  -0.16242  -0.01459  -0.36283  -0.23952   3.20000  4
   0.09247   0.31566   0.22116   0.52184   3.20000  5
  -0.06980  -0.02238   0.09102   0.78603   3.20000  6
  -0.48920   0.02554   0.69995   0.01663   3.20000  7
  -0.02929  -0.00869  -0.52200   0.19727   3.20000  8
  -0.10002  -0.10760   0.21993  -0.50950   3.20000  9
   0.06826   0.20491   0.14170   0.20882   3.20000 10
  -0.24425   1.16030   0.23136  -0.29766   3.20000 11
  -0.00055  -0.06793   0.28742  -0.30326   3.20000 12
  -0.28876   0.09914  -0.22133   0.69252   3.20000 13
  -0.25106   0.64263  -0.03881  -0.44842   3.20000 14
  -0.21227  -0.01403  -0.43168  -0.83768   3.20000 15
   0.10153   0.48514  -0.76551  -0.39988   3.20000 16
   0.19505  -0.43710  -0.32937   0.52421   3.20000 17
   0.08847   0.18255   0.10257   0.18237   3.20000 18
  -0.31674   1.04142   0.27050  -0.38706   3.20000 19
  -0.50084  -0.88365   0.14820   0.28397   3.20000 20
   0.11003   0.62473   0.06495   0.09657   3.30000  1
  -0.43487   1.34599   0.06451  -0.19808   3.30000  2
   0.02712   0.17967   0.09607  -0.00938   3.30000  3
  -0.19559  -0.03687  -0.30161  -0.20467   3.30000  4
   0.11192   0.36478   0.16568   0.46178   3.30000  5
  -0.06110   0.05726   0.08328   0.80045   3.30000  6
  -0.41451   0.02769   0.79560   0.02658   3.30000  7
  -0.08286   0.01238  -0.54191   0.22289   3.30000  8
  -0.07771  -0.15295   0.22263  -0.39943   3.30000  9
   0.07967   0.22426   0.08568   0.17934   3.30000 10
  -0.22174   1.12902   0.21907  -0.32854   3.30000 11
   0.02461  -0.09423   0.21604  -0.22456   3.30000 12
  -0.30667   0.16639  -0.13923   0.65145   3.30000 13
  -0.25327   0.59606  -0.00427  -0.48407   3.30000 14
  -0.25114  -0.09536  -0.34795  -0.78255   3.30000 15
   0.02385   0.44197  -0.78296  -0.46546   3.30000 16
   0.16051  -0.38206  -0.36258   0.57826   3.30000 17
   0.09481   0.20018   0.02440   0.17121   3.30000 18
  -0.28888   1.00248   0.28650  -0.39245   3.30000 19
  -0.48564  -0.85443   0.15609   0.30067   3.30000 20
   0.11475   0.63109   0.02923   0.03116   3.40000  1
  -0.42764   1.32481   0.08001  -0.22545   3.40000  2
   0.03531   0.17835   0.06496  -0.01366   3.40000  3
  -0.22306  -0.05531  -0.24890  -0.16284   3.40000  4
   0.12520   0.40794   0.09934   0.40084   3.40000  5
  -0.05285   0.13741   0.08380   0.80277   3.40000  6
  -0.32997   0.03081   0.89449   0.03538   3.40000  7
  -0.13655   0.03579  -0.52876   0.24474   3.40000  8
  -0.05587  -0.18814   0.21346  -0.30751   3.40000  9
   0.08510   0.24091   0.02117   0.15375   3.40000 10
  -0.20038   1.09448   0.20854  -0.36294   3.40000 11
   0.04292  -0.11344   0.15146  -0.16281   3.40000 12
  -0.31673   0.22948  -0.06143   0.61136   3.40000 13
  -0.25169   0.54553   0.03704  -0.52847   3.40000 14
  -0.28239  -0.16985  -0.27899  -0.70594   3.40000 15
  -0.05410   0.39199  -0.77274  -0.53361   3.40000 16
   0.12224  -0.32109  -0.40457   0.64296   3.40000 17
   0.09330   0.21689  -0.05504   0.16299   3.40000 18
  -0.25945   0.96278   0.30212  -0.40227   3.40000 19
  -0.46960  -0.82344   0.16480   0.31956   3.40000 20
   0.11586   0.63098  -0.00705  -0.03368   3.50000  1
  -0.41888   1.30092   0.09517  -0.25231   3.50000  2
   0.03958   0.17768   0.01853   0.00388   3.50000  3
  -0.24539  -0.06910  -0.19632  -0.11167   3.50000  4
   0.13185   0.44496   0.03417   0.34015   3.50000  5
  -0.04402   0.21776   0.09296   0.80213   3.50000  6
  -0.23604   0.03481   0.97925   0.04667   3.50000  7
  -0.18824   0.06119  -0.50232   0.26232   3.50000  8
  -0.03495  -0.21493   0.20576  -0.22960   3.50000  9
   0.08357   0.25499  -0.05309   0.12798   3.50000 10
  -0.17997   1.05630   0.20002  -0.40133   3.50000 11
   0.05512  -0.12736   0.09314  -0.11787   3.50000 12
  -0.31872   0.28900   0.02306   0.58066   3.50000 13
  -0.24565   0.48993   0.08448  -0.58593   3.50000 14
  -0.30720  -0.23665  -0.21852  -0.63173   3.50000 15
  -0.13024   0.33541  -0.74762  -0.59633   3.50000 16
   0.07923  -0.25310  -0.45707   0.71825   3.50000 17
   0.08373   0.23276  -0.13630   0.15430   3.50000 18
  -0.22847   0.92186   0.31729  -0.41707   3.50000 19
  -0.45264  -0.79043   0.17446   0.34119   3.50000 20
   0.11330   0.62429  -0.04446  -0.10054   3.60000  1
  -0.40862   1.27435   0.11006  -0.27907   3.60000  2
   0.03880   0.17960  -0.03486   0.03545   3.60000  3
  -0.26191  -0.07759  -0.13301  -0.05852   3.60000  4
   0.13210   0.47613  -0.02924   0.28410   3.60000  5
  -0.03455   0.29694   0.09472   0.77584   3.60000  6
  -0.13582   0.04085   1.01632   0.07703   3.60000  7
  -0.23590   0.08812  -0.44500   0.27712   3.60000  8
  -0.01467  -0.23396   0.19875  -0.14873   3.60000  9
   0.07433   0.26657  -0.13184   0.10424   3.60000 10
  -0.16029   1.01405   0.19391  -0.44450   3.60000 11
   0.06149  -0.13727   0.03311  -0.07977   3.60000 12
  -0.31184   0.34572   0.11521   0.55251   3.60000 13
  -0.23470   0.42786   0.13455  -0.65696   3.60000 14
  -0.32640  -0.29656  -0.16712  -0.56807   3.60000 15
  -0.20302   0.27353  -0.70441  -0.63499   3.60000 16
   0.03078  -0.17751  -0.50967   0.79082   3.60000 17
   0.06615   0.24775  -0.21419   0.14558   3.60000 18
  -0.19600   0.87917   0.33204  -0.43776   3.60000 19
  -0.43467  -0.75509   0.18514   0.36623   3.60000 20
   0.10688   0.61074  -0.08480  -0.17098   3.70000  1
  -0.39688   1.24509   0.12479  -0.30618   3.70000  2
   0.03257   0.18472  -0.08946   0.06583   3.70000  3
  -0.27200  -0.08090  -0.06939  -0.00778   3.70000  4
   0.12596   0.50191  -0.09384   0.23204   3.70000  5
  -0.02528   0.37199   0.08998   0.72234   3.70000  6
  -0.03393   0.05046   1.01640   0.11520   3.70000  7
  -0.27669   0.11697  -0.37021   0.30139   3.70000  8
   0.00434  -0.24428   0.17937  -0.05723   3.70000  9
   0.05732   0.27601  -0.20702   0.08527   3.70000 10
  -0.14109   0.96720   0.19080  -0.49370   3.70000 11
   0.06145  -0.14281  -0.03413  -0.02803   3.70000 12
  -0.29581   0.39883   0.20346   0.50591   3.70000 13
  -0.21880   0.35879   0.18345  -0.72015   3.70000 14
  -0.34098  -0.35059  -0.12622  -0.51423   3.70000 15
  -0.27035   0.20952  -0.63863  -0.64225   3.70000 16
  -0.02183  -0.09559  -0.53807   0.84623   3.70000 17
   0.04130   0.26188  -0.27988   0.13678   3.70000 18
  -0.16207   0.83406   0.34658  -0.46603   3.70000 19
  -0.41558  -0.71704   0.19683   0.39557   3.70000 20
   0.09615   0.59000  -0.13097  -0.24417   3.80000  1
  -0.38366   1.21308   0.13950  -0.33416   3.80000  2
   0.02106   0.19254  -0.13964   0.09007   3.80000  3
  -0.27596  -0.07900  -0.01086   0.04704   3.80000  4
   0.11322   0.52262  -0.16155   0.18242   3.80000  5
  -0.01664   0.44118   0.08290   0.66196   3.80000  6
   0.06588   0.06395   0.97049   0.15571   3.80000  7
  -0.30992   0.14838  -0.29397   0.32415   3.80000  8
   0.02100  -0.24559   0.15326   0.02971   3.80000  9
   0.03330   0.28367  -0.27133   0.06803   3.80000 10
  -0.12201   0.91505   0.19128  -0.55097   3.80000 11
   0.05495  -0.14252  -0.09361   0.03399   3.80000 12
  -0.27160   0.44647   0.27893   0.44700   3.80000 13
  -0.19789   0.28485   0.23511  -0.75469   3.80000 14
  -0.35197  -0.39972  -0.09514  -0.46991   3.80000 15
  -0.33019   0.14540  -0.55597  -0.63807   3.80000 16
  -0.07601  -0.00820  -0.54237   0.90157   3.80000 17
   0.01082   0.27499  -0.32650   0.12480   3.80000 18
  -0.12669   0.78561   0.36101  -0.50496   3.80000 19
  -0.39528  -0.67579   0.20943   0.43046   3.80000 20
   0.08035   0.56202  -0.18703  -0.31348   3.90000  1
  -0.36897   1.17821   0.15440  -0.36364   3.90000  2
   0.00473   0.20282  -0.18768   0.11653   3.90000  3
  -0.27446  -0.07120   0.03921   0.11029   3.90000  4
   0.09351   0.53843  -0.23340   0.13378   3.90000  5
  -0.00860   0.50474   0.07826   0.61115   3.90000  6
   0.15882   0.08165   0.88523   0.19693   3.90000  7
  -0.33529   0.18093  -0.21198   0.32287   3.90000  8
   0.03492  -0.23859   0.12486   0.10924   3.90000  9
   0.00348   0.28963  -0.32306   0.05138   3.90000 10
  -0.10269   0.85664   0.19592  -0.61945   3.90000 11
   0.04323  -0.13614  -0.13859   0.09252   3.90000 12
  -0.24018   0.48850   0.34955   0.39485   3.90000 13
  -0.17183   0.20848   0.28536  -0.76907   3.90000 14
  -0.36025  -0.44491  -0.07147  -0.43562   3.90000 15
  -0.38124   0.08250  -0.46443  -0.61747   3.90000 16
  -0.13002   0.08469  -0.53669   0.95648   3.90000 17
  -0.02341   0.28673  -0.35569   0.10951   3.90000 18
  -0.08989   0.73255   0.37479  -0.55933   3.90000 19
  -0.37368  -0.63071   0.22244   0.47252   3.90000 20
   0.05836   0.52802  -0.25390  -0.36134   4.00000  1
  -0.35277   1.14028   0.16972  -0.39539   4.00000  2
  -0.01672   0.21602  -0.24206   0.14805   4.00000  3
  -0.26847  -0.05681   0.07917   0.17725   4.00000  4
   0.06642   0.54943  -0.30887   0.08686   4.00000  5
  -0.00110   0.56357   0.06957   0.56456   4.00000  6
   0.24285   0.10293   0.79647   0.22674   4.00000  7
  -0.35202   0.21252  -0.12147   0.30857   4.00000  8
   0.04584  -0.22391   0.09255   0.18349   4.00000  9
  -0.03098   0.29404  -0.36454   0.03772   4.00000 10
  -0.08268   0.79062   0.20496  -0.70407   4.00000 11
   0.02752  -0.12422  -0.17482   0.14533   4.00000 12
  -0.20159   0.52565   0.42307   0.34876   4.00000 13
  -0.14138   0.13223   0.31806  -0.74664   4.00000 14
  -0.36638  -0.48714  -0.05124  -0.40993   4.00000 15
  -0.42316   0.02219  -0.37528  -0.58777   4.00000 16
  -0.18267   0.18272  -0.50981   0.99773   4.00000 17
  -0.05986   0.29680  -0.37109   0.09221   4.00000 18
  -0.05183   0.67305   0.38553  -0.63407   4.00000 19
  -0.35083  -0.58103   0.23398   0.52193   4.00000 20
   0.02951   0.49087  -0.32293  -0.37711   4.10000  1
  -0.33500   1.09902   0.18583  -0.43042   4.10000  2
  -0.04359   0.23259  -0.29392   0.18451   4.10000  3
  -0.25871  -0.03594   0.11644   0.23879   4.10000  4
   0.03176   0.55603  -0.38323   0.04622   4.10000  5
   0.00457   0.61708   0.03981   0.50050   4.10000  6
   0.31844   0.12669   0.71701   0.24723   4.10000  7
  -0.35941   0.24285  -0.02546   0.29988   4.10000  8
   0.05323  -0.20199   0.05404   0.25472   4.10000  9
  -0.06904   0.29757  -0.39438   0.03568   4.10000 10
  -0.06157   0.71508   0.21777  -0.81038   4.10000 11
   0.00836  -0.10712  -0.20817   0.19693   4.10000 12
  -0.15542   0.55820   0.50055   0.30107   4.10000 13
  -0.10927   0.06043   0.32087  -0.68916   4.10000 14
  -0.37040  -0.52681  -0.02834  -0.38103   4.10000 15
  -0.45664  -0.03498  -0.29627  -0.55556   4.10000 16
  -0.23075   0.28296  -0.44765   1.00348   4.10000 17
  -0.09719   0.30547  -0.37332   0.08372   4.10000 18
  -0.01322   0.60535   0.38194  -0.71807   4.10000 19
  -0.32710  -0.52639   0.23944   0.56900   4.10000 20
  -0.00604   0.45321  -0.38602  -0.37433   4.20000  1
  -0.31556   1.05404   0.20318  -0.47006   4.20000  2
  -0.07511   0.25323  -0.33432   0.22997   4.20000  3
  -0.24498  -0.00939   0.15942   0.29061   4.20000  4
  -0.00968   0.55862  -0.44088   0.00352   4.20000  5
   0.00628   0.66238  -0.00680   0.39941   4.20000  6
   0.38659   0.15218   0.64753   0.26195   4.20000  7
  -0.35700   0.27295   0.07412   0.30424   4.20000  8
   0.05637  -0.17300   0.00738   0.32489   4.20000  9
  -0.10927   0.30183  -0.40653   0.05268   4.20000 10
  -0.03923   0.62816   0.22622  -0.92580   4.20000 11
  -0.01413  -0.08472  -0.24179   0.25163   4.20000 12
  -0.10167   0.58541   0.57114   0.23945   4.20000 13
  -0.07763  -0.00602   0.31099  -0.64195   4.20000 14
  -0.37199  -0.56274  -0.00385  -0.33570   4.20000 15
  -0.48279  -0.08897  -0.22839  -0.52480   4.20000 16
  -0.27147   0.38272  -0.36340   0.98734   4.20000 17
  -0.13402   0.31416  -0.36002   0.09262   4.20000 18
   0.02295   0.53065   0.33117  -0.76852   4.20000 19
  -0.30309  -0.46773   0.24084   0.60285   4.20000 20
  -0.04710   0.41612  -0.43200  -0.36818   4.30000  1
  -0.29431   1.00480   0.22224  -0.51611   4.30000  2
  -0.10997   0.27884  -0.35997   0.28271   4.30000  3
  -0.22669   0.02196   0.20650   0.33597   4.30000  4
  -0.05518   0.55611  -0.46228  -0.05724   4.30000  5
   0.00328   0.69629  -0.05197   0.27889   4.30000  6
   0.44821   0.17895   0.58603   0.27285   4.30000  7
  -0.34445   0.30395   0.17793   0.31622   4.30000  8
   0.05436  -0.13702  -0.04938   0.39436   4.30000  9
  -0.14954   0.30852  -0.39468   0.08198   4.30000 10
  -0.01750   0.53128   0.20125  -1.00340   4.30000 11
  -0.03989  -0.05686  -0.27172   0.30373   4.30000 12
  -0.04268   0.60509   0.59742   0.15018   4.30000 13
  -0.04717  -0.06809   0.29730  -0.59785   4.30000 14
  -0.37136  -0.59387   0.01530  -0.28727   4.30000 15
  -0.50260  -0.14005  -0.16902  -0.49748   4.30000 16
  -0.30297   0.47953  -0.26583   0.94474   4.30000 17
  -0.16851   0.32429  -0.32646   0.11038   4.30000 18
   0.05142   0.45284   0.23363  -0.78326   4.30000 19
  -0.27880  -0.40572   0.24570   0.63879   4.30000 20
  -0.09190   0.37919  -0.46219  -0.37272   4.40000  1
  -0.27105   0.95052   0.24305  -0.57113   4.40000  2
  -0.14644   0.30962  -0.36569   0.33045   4.40000  3
  -0.20372   0.05788   0.25221   0.38357   4.40000  4
  -0.10112   0.54658  -0.45498  -0.13502   4.40000  5
  -0.00384   0.71860  -0.08918   0.17015   4.40000  6
   0.50399   0.20665   0.53052   0.28055   4.40000  7
  -0.32107   0.33608   0.29170   0.32490   4.40000  8
   0.04619  -0.09439  -0.11481   0.45579   4.40000  9
  -0.18741   0.31821  -0.35914   0.11088   4.40000 10
  -0.00025   0.42879   0.13880  -1.04230   4.40000 11
  -0.06797  -0.02442  -0.28771   0.34450   4.40000 12
   0.01549   0.61543   0.55771   0.06011   4.40000 13
  -0.01845  -0.12489   0.27562  -0.53453   4.40000 14
  -0.36910  -0.62036   0.02927  -0.24359   4.40000 15
  -0.51676  -0.18855  -0.11477  -0.47273   4.40000 16
  -0.32483   0.57099  -0.17389   0.88249   4.40000 17
  -0.19871   0.33606  -0.27504   0.12319   4.40000 18
   0.06930   0.37458   0.12378  -0.77994   4.40000 19
  -0.25382  -0.33961   0.25475   0.68537   4.40000 20
  -0.13942   0.34138  -0.48775  -0.38202   4.50000  1
  -0.24568   0.89016   0.26420  -0.63844   4.50000  2
  -0.18245   0.34394  -0.35247   0.34914   4.50000  3
  -0.17643   0.09894   0.29252   0.43889   4.50000  4
  -0.14634   0.52898  -0.45081  -0.21755   4.50000  5
  -0.01437   0.73088  -0.12124   0.07806   4.50000  6
   0.55448   0.23495   0.48014   0.28496   4.50000  7
  -0.28581   0.36842   0.41321   0.31794   4.50000  8
   0.03151  -0.04633  -0.17786   0.50494   4.50000  9
  -0.22075   0.33038  -0.30492   0.13084   4.50000 10
   0.00959   0.32365   0.05677  -1.05617   4.50000 11
  -0.09716   0.01237  -0.29479   0.39420   4.50000 12
   0.06798   0.61794   0.49011  -0.00625   4.50000 13
   0.00758  -0.17453   0.24313  -0.45762   4.50000 14
  -0.36563  -0.64274   0.03970  -0.20471   4.50000 15
  -0.52568  -0.23458  -0.06425  -0.44757   4.50000 16
  -0.33832   0.65590  -0.09857   0.81613   4.50000 17
  -0.22319   0.34851  -0.21357   0.12371   4.50000 18
   0.07630   0.29709   0.01737  -0.76977   4.50000 19
  -0.22768  -0.26834   0.26908   0.74128   4.50000 20
  -0.18902   0.30361  -0.49901  -0.36824   4.60000  1
  -0.21836   0.82238   0.28081  -0.71878   4.60000  2
  -0.21669   0.37814  -0.33047   0.32995   4.60000  3
  -0.14558   0.14585   0.32174   0.49894   4.60000  4
  -0.19142   0.50285  -0.45017  -0.30660   4.60000  5
  -0.02814   0.73466  -0.15466  -0.00074   4.60000  6
   0.60020   0.26354   0.43501   0.28643   4.60000  7
  -0.23927   0.39868   0.50774   0.28228   4.60000  8
   0.01075   0.00692  -0.23700   0.56297   4.60000  9
  -0.24788   0.34407  -0.23524   0.14157   4.60000 10
   0.01127   0.21818  -0.02184  -1.05158   4.60000 11
  -0.12652   0.05505  -0.28922   0.46220   4.60000 12
   0.11337   0.61471   0.41765  -0.05647   4.60000 13
   0.02994  -0.21653   0.20373  -0.38305   4.60000 14
  -0.36124  -0.66143   0.04769  -0.16943   4.60000 15
  -0.52979  -0.27800  -0.01901  -0.42040   4.60000 16
  -0.34495   0.73440  -0.03525   0.75423   4.60000 17
  -0.24130   0.36049  -0.14832   0.11499   4.60000 18
   0.07292   0.22051  -0.08482  -0.76279   4.60000 19
  -0.19975  -0.19112   0.29065   0.80451   4.60000 20
  -0.23762   0.26862  -0.46455  -0.32853   4.70000  1
  -0.18981   0.74639   0.28971  -0.80016   4.70000  2
  -0.24789   0.40927  -0.28946   0.29014   4.70000  3
  -0.11288   0.19808   0.32619   0.53931   4.70000  4
  -0.23585   0.46741  -0.43333  -0.40137   4.70000  5
  -0.04549   0.73094  -0.19318  -0.07355   4.70000  6
   0.64166   0.29218   0.39509   0.28612   4.70000  7
  -0.18710   0.42420   0.52123   0.22663   4.70000  8
  -0.01580   0.06695  -0.29259   0.63847   4.70000  9
  -0.26741   0.35844  -0.15451   0.14469   4.70000 10
   0.00534   0.11373  -0.09617  -1.03242   4.70000 11
  -0.15421   0.10508  -0.26099   0.53743   4.70000 12
   0.15155   0.60692   0.34639  -0.09841   4.70000 13
   0.04840  -0.25128   0.16631  -0.31258   4.70000 14
  -0.35615  -0.67671   0.05391  -0.13662   4.70000 15
  -0.52970  -0.31865   0.01968  -0.39278   4.70000 16
  -0.34555   0.80660   0.02167   0.68828   4.70000 17
  -0.25285   0.37141  -0.08335   0.10323   4.70000 18
   0.05926   0.14443  -0.18913  -0.75749   4.70000 19
  -0.16939  -0.10705   0.31706   0.87960   4.70000 20
  -0.28059   0.23825  -0.39016  -0.27769   4.80000  1
  -0.16044   0.66241   0.29672  -0.88013   4.80000  2
  -0.27394   0.43564  -0.22932   0.23401   4.80000  3
  -0.08188   0.25240   0.28649   0.54308   4.80000  4
  -0.27683   0.42328  -0.38034  -0.47553   4.80000  5
  -0.06685   0.71977  -0.23360  -0.15174   4.80000  6
   0.67936   0.32074   0.35964   0.28515   4.80000  7
  -0.13705   0.44386   0.47484   0.16659   4.80000  8
  -0.04743   0.13356  -0.34015   0.68659   4.80000  9
  -0.27884   0.37280  -0.07504   0.14107   4.80000 10
  -0.00759   0.01338  -0.15939  -0.96768   4.80000 11
  -0.17840   0.16205  -0.22354   0.59989   4.80000 12
   0.18269   0.59514   0.27628  -0.13687   4.80000 13
   0.06339  -0.27917   0.13431  -0.24592   4.80000 14
  -0.35050  -0.68880   0.05883  -0.10527   4.80000 15
  -0.52604  -0.35660   0.05274  -0.36670   4.80000 16
  -0.34115   0.87192   0.06361   0.61867   4.80000 17
  -0.25829   0.38108  -0.02745   0.08939   4.80000 18
   0.03515   0.06980  -0.29068  -0.72974   4.80000 19
  -0.13624  -0.01453   0.34618   0.97283   4.80000 20
  -0.31500   0.21343  -0.29614  -0.21611   4.90000  1
  -0.13097   0.57010   0.28880  -0.96747   4.90000  2
  -0.29336   0.45543  -0.15702   0.15921   4.90000  3
  -0.05673   0.30642   0.21240   0.53775   4.90000  4
  -0.31079   0.37371  -0.29343  -0.50874   4.90000  5
  -0.09190   0.70011  -0.26522  -0.24383   4.90000  6
   0.71370   0.34921   0.32762   0.28413   4.90000  7
  -0.09252   0.45768   0.41480   0.11075   4.90000  8
  -0.08414   0.20377  -0.39476   0.71932   4.90000  9
  -0.28264   0.38625  -0.00200   0.12522   4.90000 10
  -0.02573  -0.07916  -0.19806  -0.88279   4.90000 11
  -0.19929   0.22485  -0.19607   0.65595   4.90000 12
   0.20679   0.57957   0.20541  -0.17466   4.90000 13
   0.07534  -0.30061   0.10467  -0.18361   4.90000 14
  -0.34441  -0.69778   0.06282  -0.07445   4.90000 15
  -0.51928  -0.39207   0.08213  -0.34302   4.90000 16
  -0.33328   0.93057   0.09206   0.55575   4.90000 17
  -0.25870   0.38900   0.01825   0.06705   4.90000 18
   0.00198  -0.00069  -0.36713  -0.67745   4.90000 19
  -0.10054   0.08718   0.36089   1.05699   4.90000 20
  -0.33973   0.19563  -0.19936  -0.13722   5.00000  1
  -0.10347   0.46882   0.25755  -1.05596   5.00000  2
  -0.30487   0.46707  -0.07082   0.07198   5.00000  3
  -0.04001   0.36015   0.11965   0.53791   5.00000  4
  -0.33464   0.32282  -0.18072  -0.50311   5.00000  5
  -0.11944   0.67063  -0.28342  -0.34734   5.00000  6
   0.74497   0.37757   0.29811   0.28311   5.00000  7
  -0.05444   0.46594   0.34433   0.05220   5.00000  8
  -0.12618   0.27796  -0.44347   0.76712   5.00000  9
  -0.27923   0.39726   0.07135   0.09251   5.00000 10
  -0.04635  -0.16372  -0.21196  -0.81193   5.00000 11
  -0.21778   0.29329  -0.17342   0.71242   5.00000 12
   0.22367   0.56020   0.13153  -0.21282   5.00000 13
   0.08424  -0.31605   0.07239  -0.12625   5.00000 14
  -0.33796  -0.70368   0.06616  -0.04323   5.00000 15
  -0.50967  -0.42529   0.10975  -0.32167   5.00000 16
  -0.32302   0.98332   0.11196   0.50035   5.00000 17
  -0.25457   0.39412   0.06597   0.03395   5.00000 18
  -0.03697  -0.06562  -0.40608  -0.62378   5.00000 19
  -0.06602   0.19656   0.32050   1.13177   5.00000 20
  -0.35521   0.18630  -0.11225  -0.04884   5.10000  1
  -0.08029   0.36053   0.20131  -1.09261   5.10000  2
  -0.30712   0.46966   0.02788  -0.01996   5.10000  3
  -0.03308   0.41374   0.01941   0.52835   5.10000  4
  -0.34680   0.27430  -0.06466  -0.46161   5.10000  5
  -0.14825   0.63026  -0.29137  -0.46239   5.10000  6
   0.77339   0.40582   0.27065   0.28195   5.10000  7
  -0.02412   0.46753   0.26000  -0.02149   5.10000  8
  -0.17203   0.35733  -0.46803   0.81593   5.10000  9
  -0.26812   0.40450   0.15163   0.05299   5.10000 10
  -0.06783  -0.24212  -0.21666  -0.75800   5.10000 11
  -0.23357   0.36674  -0.13878   0.75004   5.10000 12
   0.23292   0.53703   0.05254  -0.25017   5.10000 13
   0.08962  -0.32610   0.03410  -0.07614   5.10000 14
  -0.33119  -0.70639   0.06911  -0.01067   5.10000 15
  -0.49733  -0.45647   0.13725  -0.30220   5.10000 16
  -0.31107   1.03085   0.12627   0.45116   5.10000 17
  -0.24516   0.39573   0.12298   0.00028   5.10000 18
  -0.07847  -0.12606  -0.42129  -0.58762   5.10000 19
  -0.03776   0.31376   0.23991   1.21101   5.10000 20
  -0.36250   0.18571  -0.03473   0.03531   5.20000  1
  -0.06347   0.25448   0.13646  -1.01827   5.20000  2
  -0.29888   0.46347   0.13837  -0.09915   5.20000  3
  -0.03560   0.46481  -0.06680   0.49103   5.20000  4
  -0.34842   0.23121   0.02741  -0.39881   5.20000  5
  -0.17742   0.57762  -0.29044  -0.59260   5.20000  6
   0.79916   0.43395   0.24514   0.28049   5.20000  7
  -0.00277   0.46217   0.16561  -0.07934   5.20000  8
  -0.21882   0.43928  -0.46253   0.81326   5.20000  9
  -0.24914   0.40863   0.22411   0.03672   5.20000 10
  -0.08960  -0.31556  -0.21872  -0.71158   5.20000 11
  -0.24498   0.44154  -0.08773   0.73747   5.20000 12
   0.23394   0.51033  -0.03344  -0.28223   5.20000 13
   0.09087  -0.33162  -0.00977  -0.03606   5.20000 14
  -0.32414  -0.70573   0.07193   0.02428   5.20000 15
  -0.48218  -0.48577   0.16607  -0.28406   5.20000 16
  -0.29788   1.07371   0.13703   0.40676   5.20000 17
  -0.23027   0.39531   0.17080  -0.00018   5.20000 18
  -0.12081  -0.18355  -0.42397  -0.56354   5.20000 19
  -0.01855   0.43697   0.14522   1.24051   5.20000 20
  -0.36233   0.19289   0.03772   0.10555   5.30000  1
  -0.05258   0.15673   0.08369  -0.94072   5.30000  2
  -0.27955   0.45138   0.24481  -0.13347   5.30000  3
  -0.04598   0.51180  -0.13919   0.44795   5.30000  4
  -0.34216   0.19460   0.09440  -0.33346   5.30000  5
  -0.20613   0.51214  -0.28338  -0.70728   5.30000  6
   0.82249   0.46191   0.22170   0.27870   5.30000  7
   0.00891   0.45346   0.06867  -0.08720   5.30000  8
  -0.26297   0.51814  -0.41179   0.75505   5.30000  9
  -0.22442   0.41331   0.26441   0.06171   5.30000 10
  -0.11164  -0.38454  -0.22283  -0.66847   5.30000 11
  -0.25081   0.51278  -0.02810   0.68025   5.30000 12
   0.22604   0.48102  -0.12490  -0.30145   5.30000 13
   0.08760  -0.33365  -0.05564  -0.00597   5.30000 14
  -0.31680  -0.70141   0.07493   0.06277   5.30000 15
  -0.46403  -0.51330   0.19756  -0.26660   5.30000 16
  -0.28373   1.11231   0.14568   0.36566   5.30000 17
  -0.21198   0.39716   0.19090   0.04132   5.30000 18
  -0.16299  -0.23898  -0.41850  -0.54596   5.30000 19
  -0.00840   0.55922   0.05987   1.19161   5.30000 20
  -0.35503   0.20629   0.10786   0.16018   5.40000  1
  -0.04635   0.06563   0.04249  -0.88435   5.40000  2
  -0.25091   0.43799   0.32273  -0.13234   5.40000  3
  -0.06315   0.55404  -0.20246   0.39479   5.40000  4
  -0.33004   0.16453   0.14615  -0.26765   5.40000  5
  -0.23357   0.43915  -0.26003  -0.73929   5.40000  6
   0.84358   0.48968   0.20042   0.27662   5.40000  7
   0.01120   0.44535  -0.02171  -0.07484   5.40000  8
  -0.30014   0.58910  -0.33024   0.66315   5.40000  9
  -0.19724   0.42117   0.27503   0.09324   5.40000 10
  -0.13435  -0.44938  -0.23234  -0.62891   5.40000 11
  -0.25082   0.57638   0.02565   0.58950   5.40000 12
   0.20903   0.45052  -0.21462  -0.30668   5.40000 13
   0.07978  -0.33303  -0.10029   0.01752   5.40000 14
  -0.30914  -0.69302   0.07847   0.10608   5.40000 15
  -0.44254  -0.53909   0.23300  -0.24900   5.40000 16
  -0.26878   1.14691   0.15314   0.32647   5.40000 17
  -0.19273   0.40374   0.19133   0.08839   5.40000 18
  -0.20434  -0.29290  -0.40776  -0.53326   5.40000 19
  -0.00592   0.67389  -0.00680   1.10039   5.40000 20
  -0.34078   0.22463   0.17717   0.20594   5.50000  1
  -0.04380  -0.02069   0.00975  -0.84435   5.50000  2
  -0.21604   0.42480   0.37010  -0.13213   5.50000  3
  -0.08609   0.59041  -0.25441   0.33120   5.50000  4
  -0.31321   0.14109   0.18928  -0.20115   5.50000  5
  -0.25700   0.36609  -0.20545  -0.71676   5.50000  6
   0.86264   0.51723   0.18123   0.27435   5.50000  7
   0.00475   0.43835  -0.10652  -0.06596   5.50000  8
  -0.32909   0.65127  -0.24977   0.58365   5.50000  9
  -0.17009   0.43116   0.26618   0.10291   5.50000 10
  -0.15835  -0.51048  -0.24900  -0.59402   5.50000 11
  -0.24610   0.63095   0.06710   0.50452   5.50000 12
   0.18322   0.41992  -0.30129  -0.30437   5.50000 13
   0.06762  -0.33022  -0.14268   0.03853   5.50000 14
  -0.30107  -0.68000   0.08307   0.15541   5.50000 15
  -0.41726  -0.56306   0.27350  -0.23014   5.50000 16
  -0.25312   1.17763   0.16001   0.28801   5.50000 17
  -0.17410   0.41410   0.18066   0.11482   5.50000 18
  -0.24444  -0.34583  -0.39383  -0.52644   5.50000 19
  -0.00914   0.77959  -0.05511   1.01600   5.50000 20
  -0.31956   0.24739   0.24729   0.24833   5.60000  1
  -0.04418  -0.10371  -0.01627  -0.81833   5.60000  2
  -0.17762   0.41165   0.39536  -0.12941   5.60000  3
  -0.11357   0.62016  -0.29259   0.26388   5.60000  4
  -0.29238   0.12430   0.22655  -0.13474   5.60000  5
  -0.27469   0.29608  -0.14986  -0.68382   5.60000  6
   0.87989   0.54455   0.16397   0.27201   5.60000  7
  -0.01003   0.43196  -0.18886  -0.06282   5.60000  8
  -0.35031   0.70640  -0.17564   0.52131   5.60000  9
  -0.14408   0.44123   0.25427   0.09660   5.60000 10
  -0.18443  -0.56832  -0.27402  -0.56317   5.60000 11
  -0.23765   0.67776   0.10096   0.43349   5.60000 12
   0.14875   0.38981  -0.38865  -0.29696   5.60000 13
   0.05130  -0.32530  -0.18344   0.06035   5.60000 14
  -0.29247  -0.66173   0.08936   0.21070   5.60000 15
  -0.38765  -0.58502   0.31951  -0.20832   5.60000 16
  -0.23679   1.20450   0.16671   0.24940   5.60000 17
  -0.15643   0.42604   0.17446   0.12131   5.60000 18
  -0.28302  -0.39846  -0.37734  -0.52778   5.60000 19
  -0.01656   0.87765  -0.09175   0.94794   5.60000 20
  -0.29141   0.27385   0.31463   0.27756   5.70000  1
  -0.04686  -0.18478  -0.03637  -0.80517   5.70000  2
  -0.13745   0.39929   0.40575  -0.11622   5.70000  3
  -0.14407   0.64331  -0.31464   0.20047   5.70000  4
  -0.26810   0.11413   0.25769  -0.06878   5.70000  5
  -0.28718   0.22933  -0.09966  -0.64993   5.70000  6
   0.89549   0.57163   0.14837   0.26968   5.70000  7
  -0.03296   0.42564  -0.26881  -0.06426   5.70000  8
  -0.36444   0.75590  -0.10790   0.47004   5.70000  9
  -0.11918   0.45014   0.24359   0.07960   5.70000 10
  -0.21342  -0.62305  -0.30664  -0.52986   5.70000 11
  -0.22615   0.71791   0.12771   0.37042   5.70000 12
   0.10536   0.36075  -0.47999  -0.28287   5.70000 13
   0.03093  -0.31806  -0.22415   0.08484   5.70000 14
  -0.28315  -0.63783   0.09668   0.26597   5.70000 15
  -0.35325  -0.60455   0.36844  -0.18123   5.70000 16
  -0.21977   1.22748   0.17371   0.20994   5.70000 17
  -0.13885   0.43793   0.17863   0.11443   5.70000 18
  -0.31975  -0.45173  -0.35586  -0.53926   5.70000 19
  -0.02725   0.96967  -0.12118   0.89463   5.70000 20
  -0.25684   0.30243   0.37682   0.29354   5.80000  1
  -0.05128  -0.26505  -0.05146  -0.80081   5.80000  2
  -0.09698   0.38869   0.40036  -0.09486   5.80000  3
  -0.17591   0.66059  -0.31907   0.14688   5.80000  4
  -0.24112   0.11045   0.28037  -0.00581   5.80000  5
  -0.29442   0.16633  -0.04428  -0.60998   5.80000  6
   0.90961   0.59848   0.13415   0.26738   5.80000  7
  -0.06338   0.41901  -0.33570  -0.06859   5.80000  8
  -0.37209   0.80063  -0.04610   0.42524   5.80000  9
  -0.09547   0.45672   0.22923   0.04971   5.80000 10
  -0.24565  -0.67367  -0.33585  -0.47867   5.80000 11
  -0.21242   0.75195   0.14486   0.31059   5.80000 12
   0.05259   0.33360  -0.57579  -0.25772   5.80000 13
   0.00642  -0.30832  -0.26640   0.10917   5.80000 14
  -0.27333  -0.60913   0.09798   0.30383   5.80000 15
  -0.31423  -0.62106   0.40891  -0.14826   5.80000 16
  -0.20201   1.24644   0.18166   0.16908   5.80000 17
  -0.12050   0.44846   0.18838   0.09360   5.80000 18
  -0.35377  -0.50657  -0.32165  -0.55787   5.80000 19
  -0.04065   1.05698  -0.14641   0.85356   5.80000 20
  -0.21590   0.33272   0.44299   0.31342   5.90000  1
  -0.05718  -0.34476  -0.06778  -0.79133   5.90000  2
  -0.05828   0.38031   0.36786  -0.07376   5.90000  3
  -0.20731   0.67306  -0.30624   0.10420   5.90000  4
  -0.21233   0.11269   0.29442   0.04897   5.90000  5
  -0.29595   0.10732   0.01360  -0.57011   5.90000  6
   0.92236   0.62511   0.12104   0.26515   5.90000  7
  -0.09882   0.41186  -0.36527  -0.07470   5.90000  8
  -0.37385   0.84107   0.00995   0.38401   5.90000  9
  -0.07381   0.45962   0.20101   0.00630   5.90000 10
  -0.27988  -0.71816  -0.34483  -0.40956   5.90000 11
  -0.19758   0.78010   0.15008   0.25295   5.90000 12
  -0.00968   0.30980  -0.66674  -0.21493   5.90000 13
  -0.02230  -0.29670  -0.30672   0.11988   5.90000 14
  -0.26389  -0.57795   0.09034   0.31606   5.90000 15
  -0.27242  -0.63416   0.42182  -0.11383   5.90000 16
  -0.18338   1.26124   0.19147   0.12674   5.90000 17
  -0.10140   0.45611   0.19142   0.05679   5.90000 18
  -0.38341  -0.56304  -0.26851  -0.56875   5.90000 19
  -0.05648   1.14071  -0.16989   0.82249   5.90000 20
  -0.16813   0.36518   0.51069   0.33469   6.00000  1
  -0.06525  -0.42305  -0.09585  -0.77463   6.00000  2
  -0.02468   0.37371   0.29861  -0.05856   6.00000  3
  -0.23669   0.68170  -0.27960   0.06964   6.00000  4
  -0.18236   0.12003   0.30468   0.09769   6.00000  5
  -0.29184   0.05232   0.06729  -0.52999   6.00000  6
   0.93384   0.65152   0.10880   0.26295   6.00000  7
  -0.13497   0.40397  -0.35154  -0.08383   6.00000  8
  -0.37029   0.87749   0.06016   0.34472   6.00000  9
  -0.05589   0.45775   0.15474  -0.04393   6.00000 10
  -0.31400  -0.75561  -0.33556  -0.34061   6.00000 11
  -0.18277   0.80266   0.14471   0.19910   6.00000 12
  -0.07964   0.29119  -0.72444  -0.15569   6.00000 13
  -0.05460  -0.28486  -0.33773   0.11597   6.00000 14
  -0.25506  -0.54642   0.08849   0.31338   6.00000 15
  -0.23078  -0.64380   0.40809  -0.07870   6.00000 16
  -0.16363   1.27180   0.20375   0.08491   6.00000 17
  -0.08285   0.45938   0.17634   0.00731   6.00000 18
  -0.40724  -0.61971  -0.20830  -0.56226   6.00000 19
  -0.07463   1.22170  -0.19331   0.79783   6.00000 20
  -0.11484   0.39909   0.54714   0.34001   6.10000  1
  -0.07676  -0.49984  -0.13600  -0.76188   6.10000  2
   0.00078   0.36872   0.20948  -0.04011   6.10000  3
  -0.26293   0.68716  -0.24399   0.04028   6.10000  4
  -0.15153   0.13233   0.31047   0.14904   6.10000  5
  -0.28279   0.00119   0.11208  -0.49363   6.10000  6
   0.94414   0.67770   0.09722   0.26076   6.10000  7
  -0.16800   0.39510  -0.30429  -0.09277   6.10000  8
  -0.36201   0.91005   0.10450   0.30671   6.10000  9
  -0.04320   0.45093   0.09856  -0.09130   6.10000 10
  -0.34682  -0.78657  -0.32077  -0.27999   6.10000 11
  -0.16886   0.82009   0.13274   0.15028   6.10000 12
  -0.15266   0.27862  -0.72623  -0.09799   6.10000 13
  -0.08960  -0.27346  -0.36143   0.11277   6.10000 14
  -0.24571  -0.51533   0.10062   0.30830   6.10000 15
  -0.19103  -0.64977   0.38685  -0.04000   6.10000 16
  -0.14264   1.27850   0.21522   0.05160   6.10000 17
  -0.06665   0.45748   0.14615  -0.04493   6.10000 18
  -0.42529  -0.67522  -0.15404  -0.54750   6.10000 19
  -0.09507   1.30019  -0.21426   0.77038   6.10000 20
  -0.06016   0.43258   0.54113   0.32669   6.20000  1
  -0.09264  -0.57544  -0.18162  -0.74943   6.20000  2
   0.01726   0.36592   0.12126  -0.01498   6.20000  3
  -0.28533   0.68987  -0.20349   0.01457   6.20000  4
  -0.12068   0.14995   0.30442   0.20340   6.20000  5
  -0.26975  -0.04668   0.14726  -0.46554   6.20000  6
   0.95330   0.70367   0.08613   0.25853   6.20000  7
  -0.19531   0.38555  -0.24163  -0.09813   6.20000  8
  -0.34958   0.93887   0.14320   0.26989   6.20000  9
  -0.03605   0.43983   0.04616  -0.12851   6.20000 10
  -0.37817  -0.81187  -0.30630  -0.22732   6.20000 11
  -0.15632   0.83289   0.11777   0.10648   6.20000 12
  -0.22329   0.27097  -0.68131  -0.05771   6.20000 13
  -0.12673  -0.26213  -0.38045   0.11461   6.20000 14
  -0.23467  -0.48479   0.12030   0.30253   6.20000 15
  -0.15332  -0.65169   0.36785   0.00180   6.20000 16
  -0.12093   1.28267   0.21686   0.03380   6.20000 17
  -0.05366   0.45062   0.11452  -0.09059   6.20000 18
  -0.43832  -0.72920  -0.10767  -0.53227   6.20000 19
  -0.11711   1.37539  -0.22439   0.73217   6.20000 20
  -0.00762   0.46367   0.50487   0.29136   6.30000  1
  -0.11281  -0.64949  -0.21901  -0.72945   6.30000  2
   0.02531   0.36586   0.04138   0.01421   6.30000  3
  -0.30356   0.69016  -0.16104  -0.00859   6.30000  4
  -0.09093   0.17296   0.28977   0.25679   6.30000  5
  -0.25360  -0.09231   0.17447  -0.44916   6.30000  6
   0.96138   0.72941   0.07542   0.25626   6.30000  7
  -0.21648   0.37548  -0.18287  -0.10318   6.30000  8
  -0.33354   0.96407   0.17688   0.23432   6.30000  9
  -0.03339   0.42577   0.01036  -0.15010   6.30000 10
  -0.40810  -0.83228  -0.29218  -0.18221   6.30000 11
  -0.14532   0.84153   0.10213   0.06712   6.30000 12
  -0.28833   0.26670  -0.61808  -0.02894   6.30000 13
  -0.16554  -0.25038  -0.39475   0.12126   6.30000 14
  -0.22179  -0.45474   0.13616   0.29968   6.30000 15
  -0.11749  -0.64958   0.34754   0.03810   6.30000 16
  -0.09959   1.28544   0.20901   0.02150   6.30000 17
  -0.04340   0.43980   0.09266  -0.12373   6.30000 18
  -0.44706  -0.78170  -0.06823  -0.51773   6.30000 19
  -0.13961   1.44659  -0.22449   0.69249   6.30000 20
   0.04006   0.49031   0.44650   0.24015   6.40000  1
  -0.13580  -0.72082  -0.23854  -0.69567   6.40000  2
   0.02588   0.36871  -0.02838   0.04182   6.40000  3
  -0.31753   0.68820  -0.11841  -0.03037   6.40000  4
  -0.06278   0.20137   0.27312   0.31207   6.40000  5
  -0.23508  -0.13696   0.19454  -0.44590   6.40000  6
   0.96840   0.75492   0.06500   0.25393   6.40000  7
  -0.23208   0.36496  -0.12983  -0.10681   6.40000  8
  -0.31435   0.98578   0.20629   0.19996   6.40000  9
  -0.03342   0.41019  -0.00879  -0.16044   6.40000 10
  -0.43653  -0.84864  -0.27578  -0.14687   6.40000 11
  -0.13587   0.84644   0.08709   0.03150   6.40000 12
  -0.34683   0.26497  -0.55214  -0.00658   6.40000 13
  -0.20543  -0.23773  -0.40146   0.13223   6.40000 14
  -0.20770  -0.42450   0.14427   0.30706   6.40000 15
  -0.08421  -0.64473   0.31644   0.05640   6.40000 16
  -0.07924   1.28687   0.19779   0.00666   6.40000 17
  -0.03484   0.42621   0.07936  -0.14699   6.40000 18
  -0.45220  -0.83267  -0.03607  -0.50092   6.40000 19
  -0.16189   1.51409  -0.22099   0.65876   6.40000 20
   0.08144   0.51168   0.38074   0.18794   6.50000  1
  -0.16031  -0.78862  -0.25155  -0.66106   6.50000  2
   0.01995   0.37395  -0.08872   0.06128   6.50000  3
  -0.32727   0.68409  -0.07639  -0.05177   6.50000  4
  -0.03635   0.23556   0.25511   0.37280   6.50000  5
  -0.21508  -0.18179   0.20289  -0.45119   6.50000  6
   0.97439   0.78019   0.05479   0.25152   6.50000  7
  -0.24254   0.35423  -0.07975  -0.10708   6.50000  8
  -0.29240   1.00410   0.23220   0.16659   6.50000  9
  -0.03485   0.39379  -0.01885  -0.16708   6.50000 10
  -0.46307  -0.86209  -0.25399  -0.12455   6.50000 11
  -0.12786   0.84794   0.07333  -0.00106   6.50000 12
  -0.39885   0.26521  -0.48875   0.01049   6.50000 13
  -0.24531  -0.22391  -0.39272   0.14351   6.50000 14
  -0.19319  -0.39293   0.14483   0.32600   6.50000 15
  -0.05429  -0.63850   0.28235   0.06822   6.50000 16
  -0.06005   1.28665   0.18587  -0.01166   6.50000 17
  -0.02747   0.41052   0.06784  -0.16645   6.50000 18
  -0.45456  -0.88167  -0.01245  -0.47781   6.50000 19
  -0.18378   1.57855  -0.21676   0.63136   6.50000 20
   0.11622   0.52808   0.31506   0.14085   6.60000  1
  -0.18619  -0.85326  -0.26649  -0.63282   6.60000  2
   0.00847   0.38052  -0.13891   0.06760   6.60000  3
  -0.33283   0.67784  -0.03505  -0.07349   6.60000  4
  -0.01192   0.27611   0.23209   0.43845   6.60000  5
  -0.19504  -0.22708   0.19609  -0.45384   6.60000  6
   0.97936   0.80522   0.04473   0.24904   6.60000  7
  -0.24805   0.34369  -0.03041  -0.10304   6.60000  8
  -0.26800   1.01912   0.25518   0.13392   6.60000  9
  -0.03700   0.37686  -0.02318  -0.17091   6.60000 10
  -0.48713  -0.87397  -0.22652  -0.11487   6.60000 11
  -0.12115   0.84630   0.06121  -0.03129   6.60000 12
  -0.44472   0.26692  -0.42932   0.02317   6.60000 13
  -0.28327  -0.20934  -0.36381   0.14632   6.60000 14
  -0.17896  -0.35900   0.13866   0.35383   6.60000 15
  -0.02763  -0.63100   0.25152   0.08218   6.60000 16
  -0.04207   1.28445   0.17390  -0.03285   6.60000 17
  -0.02134   0.39300   0.05430  -0.18321   6.60000 18
  -0.45495  -0.92801   0.00358  -0.44820   6.60000 19
  -0.20525   1.64054  -0.21263   0.60914   6.60000 20
   0.14453   0.54004   0.25135   0.09936   6.70000  1
  -0.21371  -0.91535  -0.28456  -0.60982   6.70000  2
  -0.00735   0.38699  -0.17462   0.05980   6.70000  3
  -0.33429   0.66937   0.00590  -0.09598   6.70000  4
   0.00965   0.32307   0.19656   0.49768   6.70000  5
  -0.17600  -0.27240   0.18497  -0.45148   6.70000  6
   0.98334   0.83000   0.03480   0.24648   6.70000  7
  -0.24861   0.33377   0.01926  -0.09453   6.70000  8
  -0.24144   1.03090   0.27566   0.10166   6.70000  9
  -0.03930   0.35989  -0.02207  -0.16622   6.70000 10
  -0.50828  -0.88535  -0.19611  -0.11361   6.70000 11
  -0.11555   0.84173   0.05102  -0.06001   6.70000 12
  -0.48485   0.26973  -0.37395   0.03241   6.70000 13
  -0.31780  -0.19481  -0.32632   0.14429   6.70000 14
  -0.16562  -0.32207   0.12767   0.38416   6.70000 15
  -0.00387  -0.62197   0.22409   0.09899   6.70000 16
  -0.02527   1.28000   0.16195  -0.05633   6.70000 17
  -0.01672   0.37413   0.03771  -0.19205   6.70000 18
  -0.45398  -0.97122   0.01553  -0.41583   6.70000 19
  -0.22632   1.70052  -0.20884   0.59103   6.70000 20
   0.16654   0.54810   0.18918   0.06250   6.80000  1
  -0.24319  -0.97533  -0.30543  -0.58999   6.80000  2
  -0.02581   0.39221  -0.19141   0.04411   6.80000  3
  -0.33165   0.65860   0.04698  -0.11953   6.80000  4
   0.02682   0.37455   0.14464   0.52505   6.80000  5
  -0.15796  -0.31696   0.17607  -0.43685   6.80000  6
   0.98632   0.85451   0.02496   0.24384   6.80000  7
  -0.24418   0.32492   0.06961  -0.08185   6.80000  8
  -0.21295   1.03946   0.29389   0.06961   6.80000  9
  -0.04131   0.34420  -0.01811  -0.14440   6.80000 10
  -0.52635  -0.89685  -0.16543  -0.11695   6.80000 11
  -0.11087   0.83432   0.04308  -0.08817   6.80000 12
  -0.51963   0.27332  -0.32220   0.03902   6.80000 13
  -0.34856  -0.18037  -0.28906   0.14530   6.80000 14
  -0.15349  -0.28261   0.11495   0.40180   6.80000 15
   0.01727  -0.61113   0.19896   0.11816   6.80000 16
  -0.00968   1.27311   0.14995  -0.08184   6.80000 17
  -0.01389   0.35524   0.01821  -0.18185   6.80000 18
  -0.45187  -1.01120   0.02660  -0.38415   6.80000 19
  -0.24703   1.75885  -0.20544   0.57619   6.80000 20
   0.18236   0.55267   0.12711   0.02966   6.90000  1
  -0.27488  -1.03340  -0.32855  -0.57153   6.90000  2
  -0.04510   0.39583  -0.19254   0.02869   6.90000  3
  -0.32487   0.64542   0.08889  -0.14430   6.90000  4
   0.03844   0.42676   0.08853   0.51433   6.90000  5
  -0.14071  -0.35931   0.16935  -0.40925   6.90000  6
   0.98833   0.87876   0.01519   0.24112   6.90000  7
  -0.23466   0.31753   0.12076  -0.06537   6.90000  8
  -0.18274   1.04482   0.31001   0.03772   6.90000  9
  -0.04308   0.33149  -0.01848  -0.10833   6.90000 10
  -0.54140  -0.90882  -0.13597  -0.12293   6.90000 11
  -0.10685   0.82408   0.03770  -0.11692   6.90000 12
  -0.54939   0.27747  -0.27346   0.04362   6.90000 13
  -0.37569  -0.16557  -0.25389   0.15149   6.90000 14
  -0.14259  -0.24225   0.10331   0.40427   6.90000 15
   0.03596  -0.59827   0.17494   0.13921   6.90000 16
   0.00471   1.26357   0.13781  -0.10931   6.90000 17
  -0.01326   0.33847  -0.00678  -0.15111   6.90000 18
  -0.44863  -1.04813   0.03850  -0.35504   6.90000 19
  -0.26742   1.81584  -0.20243   0.56398   6.90000 20
   0.19192   0.55418   0.06363   0.00121   7.00000  1
  -0.30895  -1.08962  -0.35306  -0.55267   7.00000  2
  -0.06409   0.39800  -0.18642   0.01467   7.00000  3
  -0.31382   0.62970   0.13243  -0.17043   7.00000  4
   0.04482   0.47687   0.04076   0.48668   7.00000  5
  -0.12400  -0.39889   0.16552  -0.38325   7.00000  6
   0.98936   0.90273   0.00546   0.23832   7.00000  7
  -0.21999   0.31197   0.17283  -0.04517   7.00000  8
  -0.15101   1.04701   0.32412   0.00605   7.00000  9
  -0.04527   0.32266  -0.02668  -0.06818   7.00000 10
  -0.55361  -0.92149  -0.10842  -0.13066   7.00000 11
  -0.10323   0.81087   0.03526  -0.14758   7.00000 12
  -0.57440   0.28199  -0.22707   0.04668   7.00000 13
  -0.39940  -0.14991  -0.22077   0.16241   7.00000 14
  -0.13278  -0.20171   0.09291   0.40732   7.00000 15
   0.05225  -0.58324   0.15089   0.16164   7.00000 16
   0.01788   1.25118   0.12543  -0.13886   7.00000 17
  -0.01548   0.32527  -0.03867  -0.11232   7.00000 18
  -0.44413  -1.08234   0.05165  -0.32978   7.00000 19
  -0.28753   1.87172  -0.19979   0.55391   7.00000 20
   0.19502   0.55310  -0.00206  -0.02176   7.10000  1
  -0.34547  -1.14385  -0.37695  -0.53135   7.10000  2
  -0.08232   0.39875  -0.17799   0.00015   7.10000  3
  -0.29830   0.61129   0.17847  -0.19812   7.10000  4
   0.04692   0.52399   0.00262   0.45549   7.10000  5
  -0.10749  -0.43617   0.16535  -0.36318   7.10000  6
   0.98942   0.92642  -0.00424   0.23545   7.10000  7
  -0.20007   0.30863   0.22562  -0.02084   7.10000  8
  -0.11798   1.04605   0.33630  -0.02522   7.10000  9
  -0.04866   0.31781  -0.04212  -0.02924   7.10000 10
  -0.56316  -0.93500  -0.08310  -0.13970   7.10000 11
  -0.09969   0.79445   0.03612  -0.18160   7.10000 12
  -0.59486   0.28676  -0.18241   0.04849   7.10000 13
  -0.41989  -0.13296  -0.18926   0.17714   7.10000 14
  -0.12397  -0.16054   0.08339   0.41746   7.10000 15
   0.06610  -0.56592   0.12577   0.18467   7.10000 16
   0.02979   1.23572   0.11278  -0.17076   7.10000 17
  -0.02116   0.31602  -0.07561  -0.07276   7.10000 18
  -0.43829  -1.11427   0.06481  -0.30991   7.10000 19
  -0.30739   1.92668  -0.19751   0.54559   7.10000 20
   0.19144   0.55004  -0.06975  -0.03846   7.20000  1
  -0.38418  -1.19573  -0.39598  -0.50543   7.20000  2
  -0.09963   0.39798  -0.16776  -0.01589   7.20000  3
  -0.27801   0.59002   0.22786  -0.22761   7.20000  4
   0.04554   0.56796  -0.02963   0.42378   7.20000  5
  -0.09079  -0.47167   0.16915  -0.34727   7.20000  6
   0.98852   0.94982  -0.01391   0.23252   7.20000  7
  -0.17489   0.30796   0.27771   0.00828   7.20000  8
  -0.08381   1.04199   0.34662  -0.05590   7.20000  9
  -0.05389   0.31672  -0.06348   0.00701   7.20000 10
  -0.57031  -0.94947  -0.06015  -0.14974   7.20000 11
  -0.09588   0.77439   0.04074  -0.22047   7.20000 12
  -0.61092   0.29166  -0.13889   0.04922   7.20000 13
  -0.43729  -0.11438  -0.15889   0.19498   7.20000 14
  -0.11608  -0.11795   0.07461   0.43580   7.20000 15
   0.07735  -0.54633   0.09883   0.20692   7.20000 16
   0.04042   1.21694   0.09990  -0.20541   7.20000 17
  -0.03070   0.31070  -0.11557  -0.03389   7.20000 18
  -0.43129  -1.14456   0.07415  -0.29716   7.20000 19
  -0.32704   1.98088  -0.19554   0.53871   7.20000 20
   0.18102   0.54560  -0.13875  -0.04940   7.30000  1
  -0.42432  -1.24477  -0.40475  -0.47478   7.30000  2
  -0.11573   0.39553  -0.15315  -0.03302   7.30000  3
  -0.25259   0.56569   0.28118  -0.25936   7.30000  4
   0.04104   0.60872  -0.06045   0.39125   7.30000  5
  -0.07354  -0.50565   0.17646  -0.33225   7.30000  6
   0.98664   0.97292  -0.02359   0.22950   7.30000  7
  -0.14470   0.31046   0.32440   0.04246   7.30000  8
  -0.04872   1.03489   0.35496  -0.08589   7.30000  9
  -0.06149   0.31913  -0.08897   0.04059   7.30000 10
  -0.57528  -0.96497  -0.03965  -0.16047   7.30000 11
  -0.09140   0.75015   0.04975  -0.26537   7.30000 12
  -0.62266   0.29657  -0.09593   0.04895   7.30000 13
  -0.45169  -0.09388  -0.12922   0.21548   7.30000 14
  -0.10903  -0.07309   0.06642   0.46282   7.30000 15
   0.08580  -0.52463   0.07006   0.22630   7.30000 16
   0.04976   1.19453   0.08695  -0.24332   7.30000 17
  -0.04431   0.30924  -0.15643   0.00490   7.30000 18
  -0.42377  -1.17394   0.07456  -0.29140   7.30000 19
  -0.34651   2.03446  -0.19386   0.53301   7.30000 20
   0.16365   0.54028  -0.20891  -0.05660   7.40000  1
  -0.46474  -1.29064  -0.40210  -0.44275   7.40000  2
  -0.12996   0.39142  -0.12960  -0.04856   7.40000  3
  -0.22165   0.53804   0.33808  -0.29425   7.40000  4
   0.03339   0.64613  -0.09286   0.35642   7.40000  5
  -0.05544  -0.53804   0.18553  -0.31493   7.40000  6
   0.98380   0.99572  -0.03327   0.22639   7.40000  7
  -0.11055   0.31657   0.35461   0.08018   7.40000  8
  -0.01290   1.02483   0.36083  -0.11527   7.40000  9
  -0.07170   0.32478  -0.11462   0.07222   7.40000 10
  -0.57831  -0.98157  -0.02154  -0.17163   7.40000 11
  -0.08576   0.72111   0.06391  -0.31633   7.40000 12
  -0.63011   0.30141  -0.05300   0.04770   7.40000 13
  -0.46315  -0.07120  -0.09983   0.23844   7.40000 14
  -0.10278  -0.02507   0.05866   0.49940   7.40000 15
   0.09135  -0.50124   0.04091   0.24063   7.40000 16
   0.05782   1.16815   0.07432  -0.28507   7.40000 17
  -0.06188   0.31171  -0.19366   0.04488   7.40000 18
  -0.41672  -1.20296   0.06497  -0.28917   7.40000 19
  -0.36582   2.08752  -0.19244   0.52828   7.40000 20
   0.13917   0.53431  -0.28118  -0.06309   7.50000  1
  -0.50449  -1.33340  -0.39204  -0.41290   7.50000  2
  -0.14124   0.38603  -0.09387  -0.05796   7.50000  3
  -0.18493   0.50669   0.39604  -0.33372   7.50000  4
   0.02242   0.67980  -0.12641   0.31548   7.50000  5
  -0.03647  -0.56851   0.19351  -0.29388   7.50000  6
   0.97998   1.01820  -0.04300   0.22316   7.50000  7
  -0.07489   0.32650   0.35192   0.11807   7.50000  8
   0.02333   1.01185   0.36296  -0.14438   7.50000  9
  -0.08418   0.33355  -0.13334   0.10330   7.50000 10
  -0.57966  -0.99930  -0.00568  -0.18299   7.50000 11
  -0.07845   0.68677   0.08285  -0.37076   7.50000 12
  -0.63324   0.30608  -0.00952   0.04550   7.50000 13
  -0.47166  -0.04611  -0.07032   0.26390   7.50000 14
  -0.09730   0.02716   0.05104   0.54704   7.50000 15
   0.09406  -0.47670   0.01401   0.24932   7.50000 16
   0.06466   1.13737   0.06274  -0.33117   7.50000 17
  -0.08260   0.31831  -0.21783   0.08753   7.50000 18
  -0.41097  -1.23177   0.04936  -0.28679   7.50000 19
  -0.38501   2.14014  -0.19124   0.52436   7.50000 20
   0.10729   0.52756  -0.35723  -0.07277   7.60000  1
  -0.54304  -1.37334  -0.37872  -0.38656   7.60000  2
  -0.14833   0.38014  -0.04604  -0.05841   7.60000  3
  -0.14264   0.47111   0.44774  -0.37852   7.60000  4
   0.00828   0.70885  -0.15478   0.26359   7.60000  5
  -0.01685  -0.59673   0.19814  -0.27031   7.60000  6
   0.97520   1.04034  -0.05277   0.21975   7.60000  7
  -0.04147   0.34014   0.31089   0.15469   7.60000  8
   0.05949   0.99594   0.35903  -0.17386   7.60000  9
  -0.09795   0.34548  -0.13981   0.13545   7.60000 10
  -0.57952  -1.01817   0.00815  -0.19441   7.60000 11
  -0.06917   0.64698   0.10216  -0.42483   7.60000 12
  -0.63197   0.31048   0.03509   0.04239   7.60000 13
  -0.47719  -0.01833  -0.04024   0.29200   7.60000 14
  -0.09258   0.08478   0.04313   0.60791   7.60000 15
   0.09429  -0.45150  -0.00856   0.25424   7.60000 16
   0.07044   1.10176   0.05332  -0.38174   7.60000 17
  -0.10473   0.32932  -0.22103   0.13313   7.60000 18
  -0.40691  -1.26026   0.03174  -0.28284   7.60000 19
  -0.40408   2.19241  -0.19023   0.52110   7.60000 20
   0.06757   0.51946  -0.43759  -0.09123   7.70000  1
  -0.58020  -1.41082  -0.36441  -0.36362   7.70000  2
  -0.15008   0.37460   0.01241  -0.05136   7.70000  3
  -0.09612   0.43103   0.47710  -0.42073   7.70000  4
  -0.00809   0.73223  -0.17006   0.20329   7.70000  5
   0.00303  -0.62256   0.19899  -0.24657   7.70000  6
   0.96943   1.06214  -0.06260   0.21612   7.70000  7
  -0.01354   0.35744   0.24479   0.19144   7.70000  8
   0.09483   0.97703   0.34596  -0.20457   7.70000  9
  -0.11166   0.36063  -0.13129   0.16692   7.70000 10
  -0.57809  -1.03819   0.02020  -0.20582   7.70000 11
  -0.05823   0.60170   0.11543  -0.48208   7.70000 12
  -0.62616   0.31453   0.08149   0.03853   7.70000 13
  -0.47967   0.01239  -0.00913   0.32298   7.70000 14
  -0.08870   0.14928   0.03437   0.68508   7.70000 15
   0.09251  -0.42588  -0.02646   0.25830   7.70000 16
   0.07544   1.06090   0.04725  -0.43605   7.70000 17
  -0.12606   0.34493  -0.20127   0.17827   7.70000 18
  -0.40462  -1.28828   0.01421  -0.27728   7.70000 19
  -0.42306   2.24438  -0.18939   0.51838   7.70000 20
   0.01983   0.50874  -0.51528  -0.12692   7.80000  1
  -0.61592  -1.44616  -0.35008  -0.34358   7.80000  2
  -0.14566   0.37007   0.07635  -0.03792   7.80000  3
  -0.04869   0.38802   0.46356  -0.43158   7.80000  4
  -0.02528   0.74950  -0.17182   0.14233   7.80000  5
   0.02285  -0.64609   0.19684  -0.22435   7.80000  6
   0.96268   1.08356  -0.07247   0.21219   7.80000  7
   0.00701   0.37838   0.16425   0.22613   7.80000  8
   0.12830   0.95495   0.32151  -0.23750   7.80000  9
  -0.12347   0.37849  -0.10098   0.18746   7.80000 10
  -0.57553  -1.05933   0.03071  -0.21718   7.80000 11
  -0.04640   0.55018   0.11905  -0.55043   7.80000 12
  -0.61559   0.31817   0.13040   0.03419   7.80000 13
  -0.47897   0.04636   0.02349   0.35701   7.80000 14
  -0.08574   0.22245   0.02499   0.78152   7.80000 15
   0.08913  -0.39980  -0.04055   0.26372   7.80000 16
   0.08001   1.01448   0.04472  -0.49245   7.80000 17
  -0.14403   0.36458  -0.15353   0.21170   7.80000 18
  -0.40404  -1.31568  -0.00247  -0.27046   7.80000 19
  -0.44196   2.29610  -0.18869   0.51611   7.80000 20
  -0.03465   0.49327  -0.56793  -0.18631   7.90000  1
  -0.65023  -1.47962  -0.33610  -0.32596   7.90000  2
  -0.13490   0.36740   0.13788  -0.01240   7.90000  3
  -0.00492   0.34647   0.40516  -0.39122   7.90000  4
  -0.04214   0.76077  -0.16412   0.08332   7.90000  5
   0.04234  -0.66751   0.19276  -0.20435   7.90000  6
   0.95494   1.10457  -0.08233   0.20792   7.90000  7
   0.01893   0.40224   0.07227   0.24810   7.90000  8
   0.15876   0.92943   0.28620  -0.27352   7.90000  9
  -0.13118   0.39758  -0.05066   0.19237   7.90000 10
  -0.57199  -1.08162   0.03992  -0.22851   7.90000 11
  -0.03505   0.49138   0.10312  -0.62485   7.90000 12
  -0.59997   0.32137   0.18262   0.02978   7.90000 13
  -0.47490   0.08390   0.05809   0.39427   7.90000 14
  -0.08358   0.30603   0.01920   0.88919   7.90000 15
   0.08449  -0.37305  -0.05197   0.27179   7.90000 16
   0.08443   0.96240   0.04360  -0.54909   7.90000 17
  -0.15595   0.38668  -0.08151   0.22794   7.90000 18
  -0.40508  -1.34234  -0.01810  -0.26267   7.90000 19
  -0.46080   2.34762  -0.18811   0.51420   7.90000 20
  -0.09227   0.47089  -0.57684  -0.26148   8.00000  1
  -0.68316  -1.51142  -0.32260  -0.31035   8.00000  2
  -0.11839   0.36843   0.18971   0.03793   8.00000  3
   0.03143   0.31117   0.32019  -0.31044   8.00000  4
  -0.05789   0.76615  -0.15004   0.02377   8.00000  5
   0.06136  -0.68704   0.18758  -0.18660   8.00000  6
   0.94621   1.12513  -0.09213   0.20324   8.00000  7
   0.02113   0.42727  -0.02941   0.24845   8.00000  8
   0.18527   0.90013   0.24285  -0.31319   8.00000  9
  -0.13318   0.41673   0.01183   0.19006   8.00000 10
  -0.56758  -1.10504   0.04804  -0.23987   8.00000 11
  -0.02693   0.42603   0.05402  -0.67269   8.00000 12
  -0.57893   0.32414   0.23902   0.02580   8.00000 13
  -0.46726   0.12533   0.09523   0.43488   8.00000 14
  -0.08168   0.39905   0.01893   0.95861   8.00000 15
   0.07879  -0.34533  -0.06163   0.28320   8.00000 16
   0.08863   0.90469   0.03943  -0.60496   8.00000 17
  -0.15980   0.40988   0.00616   0.23516   8.00000 18
  -0.40763  -1.36818  -0.03271  -0.25411   8.00000 19
  -0.47959   2.39895  -0.18762   0.51258   8.00000 20
  -0.14830   0.44193  -0.53459  -0.30786   8.10000  1
  -0.71477  -1.54175  -0.30961  -0.29643   8.10000  2
  -0.09776   0.37566   0.21764   0.10643   8.10000  3
   0.05916   0.28455   0.23513  -0.22326   8.10000  4
  -0.07198   0.76533  -0.13102  -0.04161   8.10000  5
   0.07983  -0.70490   0.18184  -0.17086   8.10000  6
   0.93651   1.14520  -0.10180   0.19817   8.10000  7
   0.01309   0.45122  -0.12956   0.22877   8.10000  8
   0.20715   0.86667   0.19408  -0.35658   8.10000  9
  -0.12900   0.43552   0.06852   0.18520   8.10000 10
  -0.56241  -1.12960   0.05524  -0.25130   8.10000 11
  -0.02476   0.35969  -0.00924  -0.64061   8.10000 12
  -0.55199   0.32656   0.30062   0.02273   8.10000 13
  -0.45574   0.17099   0.13588   0.47878   8.10000 14
  -0.08005   0.49419   0.01195   0.92759   8.10000 15
   0.07220  -0.31628  -0.07021   0.29848   8.10000 16
   0.09205   0.84143   0.02710  -0.66026   8.10000 17
  -0.15477   0.43353   0.09164   0.23632   8.10000 18
  -0.41159  -1.39314  -0.04639  -0.24489   8.10000 19
  -0.49833   2.45014  -0.18722   0.51121   8.10000 20
