  -0.47372  -0.69916  -0.00450   0.03012   0.10000  1
  -0.52330   1.22509  -0.00576  -0.03894   0.10000  2
  -1.17015  -1.13322   0.01257   0.01727   0.10000  3
  -0.06948   0.88808  -0.01951   0.00151   0.10000  4
  -1.15523   0.69368   0.05717  -0.01386   0.10000  5
   1.29924  -0.81746   0.00466   0.03606   0.10000  6
   0.13161  -0.61879  -0.06620  -0.03074   0.10000  7
  -2.12620   1.25225   0.00627  -0.00555   0.10000  8
   0.57139   1.73721  -0.00444  -0.01017   0.10000  9
  -0.81604   0.85346  -0.01007  -0.02667   0.10000 10
  -2.46324   0.03102   0.00764   0.00034   0.10000 11
   0.75089   0.69989   0.00882  -0.01618   0.10000 12
   1.06350   0.43635  -0.02482   0.01148   0.10000 13
  -0.91686  -1.65861  -0.00385   0.02552   0.10000 14
  -1.54527  -0.65479   0.03148   0.00091   0.10000 15
  -0.99064  -0.33970   0.04389  -0.01673   0.10000 16
  -0.00887  -0.72590   0.01057   0.04330   0.10000 17
  -0.70560  -0.40379  -0.01770  -0.01593   0.10000 18
   1.40748  -0.50029  -0.01786  -0.02703   0.10000 19
  -0.91105   0.43982  -0.00837   0.03526   0.10000 20
  -0.47442  -0.69464  -0.00949   0.06043   0.20000  1
  -0.52416   1.21924  -0.01157  -0.07816   0.20000  2
  -1.16826  -1.13062   0.02521   0.03473   0.20000  3
  -0.07242   0.88831  -0.03939   0.00299   0.20000  4
  -1.14661   0.69159   0.11568  -0.02800   0.20000  5
   1.29995  -0.81203   0.00959   0.07290   0.20000  6
   0.12161  -0.62342  -0.13437  -0.06188   0.20000  7
  -2.12526   1.25142   0.01252  -0.01108   0.20000  8
   0.57072   1.73569  -0.00888  -0.02035   0.20000  9
  -0.81758   0.84942  -0.02082  -0.05428   0.20000 10
  -2.46209   0.03107   0.01526   0.00070   0.20000 11
   0.75223   0.69745   0.01801  -0.03264   0.20000 12
   1.05977   0.43808  -0.04998   0.02328   0.20000 13
  -0.91743  -1.65477  -0.00769   0.05120   0.20000 14
  -1.54054  -0.65466   0.06321   0.00169   0.20000 15
  -0.98402  -0.34223   0.08882  -0.03410   0.20000 16
  -0.00723  -0.71939   0.02254   0.08702   0.20000 17
  -0.70827  -0.40617  -0.03575  -0.03167   0.20000 18
   1.40480  -0.50437  -0.03594  -0.05487   0.20000 19
  -0.91231   0.44517  -0.01696   0.07208   0.20000 20
  -0.47566  -0.68707  -0.01551   0.09105   0.30000  1
  -0.52562   1.20944  -0.01751  -0.11795   0.30000  2
  -1.16510  -1.12626   0.03799   0.05256   0.30000  3
  -0.07738   0.88868  -0.06001   0.00443   0.30000  4
  -1.13201   0.68805   0.17696  -0.04275   0.30000  5
   1.30118  -0.80283   0.01510   0.11136   0.30000  6
   0.10461  -0.63118  -0.20617  -0.09328   0.30000  7
  -2.12369   1.25004   0.01874  -0.01659   0.30000  8
   0.56961   1.73314  -0.01331  -0.03053   0.30000  9
  -0.82025   0.84254  -0.03298  -0.08388   0.30000 10
  -2.46019   0.03116   0.02285   0.00108   0.30000 11
   0.75452   0.69334   0.02794  -0.04970   0.30000 12
   1.05348   0.44102  -0.07584   0.03572   0.30000 13
  -0.91839  -1.64836  -0.01154   0.07719   0.30000 14
  -1.53261  -0.65446   0.09543   0.00223   0.30000 15
  -0.97280  -0.34657   0.13592  -0.05282   0.30000 16
  -0.00427  -0.70848   0.03700   0.13109   0.30000 17
  -0.71277  -0.41011  -0.05456  -0.04698   0.30000 18
   1.40028  -0.51132  -0.05450  -0.08440   0.30000 19
  -0.91446   0.45435  -0.02600   0.11217   0.30000 20
  -0.47757  -0.67642  -0.02312   0.12202   0.40000  1
  -0.52767   1.19562  -0.02363  -0.15863   0.40000  2
  -1.16066  -1.12009   0.05097   0.07098   0.40000  3
  -0.08446   0.88919  -0.08178   0.00578   0.40000  4
  -1.11107   0.68300   0.24267  -0.05848   0.40000  5
   1.30300  -0.78966   0.02154   0.15248   0.40000  6
   0.08025  -0.64202  -0.28153  -0.12284   0.40000  7
  -2.12151   1.24810   0.02492  -0.02207   0.40000  8
   0.56806   1.72958  -0.01771  -0.04071   0.40000  9
  -0.82425   0.83254  -0.04751  -0.11682   0.40000 10
  -2.45752   0.03129   0.03039   0.00148   0.40000 11
   0.75785   0.68748   0.03905  -0.06771   0.40000 12
   1.04456   0.44526  -0.10280   0.04919   0.40000 13
  -0.91974  -1.63932  -0.01538   0.10369   0.40000 14
  -1.52142  -0.65423   0.12841   0.00237   0.40000 15
  -0.95672  -0.35287   0.18648  -0.07377   0.40000 16
   0.00024  -0.69322   0.05323   0.17349   0.40000 17
  -0.71922  -0.41554  -0.07463  -0.06143   0.40000 18
   1.39387  -0.52134  -0.07384  -0.11669   0.40000 19
  -0.91754   0.46778  -0.03573   0.15766   0.40000 20
  -0.48036  -0.66266  -0.03304   0.15321   0.50000  1
  -0.53035   1.17767  -0.03001  -0.20054   0.50000  2
  -1.15490  -1.11204   0.06427   0.09021   0.50000  3
  -0.09379   0.88983  -0.10516   0.00697   0.50000  4
  -1.08326   0.67631   0.31470  -0.07567   0.50000  5
   1.30553  -0.77220   0.02932   0.19753   0.50000  6
   0.04839  -0.65543  -0.35374  -0.14253   0.50000  7
  -2.11871   1.24562   0.03104  -0.02751   0.50000  8
   0.56607   1.72500  -0.02208  -0.05090   0.50000  9
  -0.82988   0.81900  -0.06563  -0.15502   0.50000 10
  -2.45411   0.03146   0.03787   0.00194   0.50000 11
   0.76238   0.67976   0.05184  -0.08710   0.50000 12
   1.03287   0.45091  -0.13136   0.06411   0.50000 13
  -0.92147  -1.62760  -0.01918   0.13088   0.50000 14
  -1.50689  -0.65401   0.16246   0.00196   0.50000 15
  -0.93534  -0.36143   0.24206  -0.09809   0.50000 16
   0.00621  -0.67409   0.06382   0.20647   0.50000 17
  -0.72776  -0.42234  -0.09656  -0.07425   0.50000 18
   1.38548  -0.53479  -0.09434  -0.15302   0.50000 19
  -0.92163   0.48615  -0.04628   0.21134   0.50000 20
  -0.48428  -0.64578  -0.04610   0.18416   0.60000  1
  -0.53368   1.15545  -0.03671  -0.24406   0.60000  2
  -1.14779  -1.10201   0.07802   0.11054   0.60000  3
  -0.10556   0.89058  -0.13068   0.00789   0.60000  4
  -1.04785   0.66780   0.39489  -0.09477   0.60000  5
   1.30893  -0.74997   0.03894   0.24811   0.60000  6
   0.01026  -0.66964  -0.40338  -0.13613   0.60000  7
  -2.11530   1.24260   0.03711  -0.03291   0.60000  8
   0.56364   1.71940  -0.02642  -0.06110   0.60000  9
  -0.83756   0.80127  -0.08901  -0.20135   0.60000 10
  -2.44995   0.03168   0.04526   0.00244   0.60000 11
   0.76830   0.67000   0.06695  -0.10843   0.60000 12
   1.01822   0.45815  -0.16214   0.08104   0.60000 13
  -0.92358  -1.61311  -0.02293   0.15900   0.60000 14
  -1.48889  -0.65386   0.19793   0.00083   0.60000 15
  -0.90808  -0.37266   0.30431  -0.12741   0.60000 16
   0.01213  -0.65278   0.04852   0.21427   0.60000 17
  -0.73861  -0.43029  -0.12086  -0.08421   0.60000 18
   1.37495  -0.55213  -0.11647  -0.19500   0.60000 19
  -0.92681   0.51045  -0.05724   0.27708   0.60000 20
  -0.48972  -0.62586  -0.06340   0.21413   0.70000  1
  -0.53771   1.12879  -0.04383  -0.28965   0.70000  2
  -1.13927  -1.08988   0.09236   0.13231   0.70000  3
  -0.12002   0.89139  -0.15897   0.00836   0.70000  4
  -1.00401   0.65730   0.48280  -0.11523   0.70000  5
   1.31339  -0.72235   0.05074   0.30562   0.70000  6
  -0.03110  -0.68159  -0.41920  -0.09893   0.70000  7
  -2.11129   1.23904   0.04312  -0.03828   0.70000  8
   0.56079   1.71278  -0.03071  -0.07130   0.70000  9
  -0.84792   0.77831  -0.11960  -0.26036   0.70000 10
  -2.44506   0.03195   0.05256   0.00302   0.70000 11
   0.77588   0.65798   0.08521  -0.13243   0.70000 12
   1.00034   0.46721  -0.19596   0.10068   0.70000 13
  -0.92605  -1.59576  -0.02655   0.18831   0.70000 14
  -1.46724  -0.65387   0.23525  -0.00125   0.70000 15
  -0.87422  -0.38715   0.37402  -0.16399   0.70000 16
   0.01459  -0.63224  -0.00487   0.19296   0.70000 17
  -0.75200  -0.43902  -0.14685  -0.08941   0.70000 18
   1.36211  -0.57403  -0.14056  -0.24401   0.70000 19
  -0.93300   0.54213  -0.06554   0.35947   0.70000 20
  -0.49716  -0.60302  -0.08650   0.24218   0.80000  1
  -0.54247   1.09744  -0.05151  -0.33785   0.80000  2
  -1.12929  -1.07549   0.10750   0.15590   0.80000  3
  -0.13747   0.89222  -0.19081   0.00808   0.80000  4
  -0.95143   0.64495   0.56489  -0.12851   0.80000  5
   1.31912  -0.68868   0.06359   0.36759   0.80000  6
  -0.07304  -0.68897  -0.41857  -0.04742   0.80000  7
  -2.10668   1.23495   0.04910  -0.04363   0.80000  8
   0.55750   1.70514  -0.03494  -0.08150   0.80000  9
  -0.86174   0.74856  -0.15774  -0.33841   0.80000 10
  -2.43944   0.03228   0.05976   0.00367   0.80000 11
   0.78548   0.64339   0.10768  -0.16007   0.80000 12
   0.97889   0.47841  -0.23390   0.12398   0.80000 13
  -0.92888  -1.57540  -0.02997   0.21912   0.80000 14
  -1.44176  -0.65415   0.27492  -0.00449   0.80000 15
  -0.83316  -0.40577   0.44649  -0.20993   0.80000 16
   0.01044  -0.61457  -0.08013   0.15996   0.80000 17
  -0.76784  -0.44795  -0.16790  -0.08815   0.80000 18
   1.34680  -0.60111  -0.16550  -0.29756   0.80000 19
  -0.93939   0.58290  -0.05646   0.45706   0.80000 20
  -0.50729  -0.57751  -0.11792   0.26751   0.90000  1
  -0.54803   1.06111  -0.05998  -0.38930   0.90000  2
  -1.11774  -1.05863   0.12364   0.18182   0.90000  3
  -0.15833   0.89297  -0.22716   0.00651   0.90000  4
  -0.89279   0.63298   0.59449  -0.10075   0.90000  5
   1.32590  -0.64936   0.06968   0.41198   0.90000  6
  -0.11483  -0.69099  -0.41777   0.00705   0.90000  7
  -2.10147   1.23032   0.05507  -0.04897   0.90000  8
   0.55380   1.69648  -0.03911  -0.09171   0.90000  9
  -0.87941   0.70998  -0.19290  -0.43397   0.90000 10
  -2.43311   0.03269   0.06685   0.00442   0.90000 11
   0.79760   0.62580   0.13571  -0.19258   0.90000 12
   0.95338   0.49217  -0.27730   0.15214   0.90000 13
  -0.93204  -1.55187  -0.03309   0.25181   0.90000 14
  -1.41216  -0.65482   0.31763  -0.00915   0.90000 15
  -0.78552  -0.42936   0.50051  -0.26180   0.90000 16
  -0.00166  -0.60022  -0.16237   0.12758   0.90000 17
  -0.78463  -0.45655  -0.15981  -0.08441   0.90000 18
   1.32923  -0.63300  -0.18345  -0.33357   0.90000 19
  -0.94243   0.63294   0.00728   0.53541   0.90000 20
  -0.52116  -0.54964  -0.16188   0.28908   1.00000  1
  -0.55451   1.01945  -0.06989  -0.44469   1.00000  2
  -1.10452  -1.03903   0.14103   0.21064   1.00000  3
  -0.18310   0.89346  -0.26926   0.00285   1.00000  4
  -0.83525   0.62628   0.54558  -0.03199   1.00000  5
   1.33235  -0.60833   0.05587   0.39847   1.00000  6
  -0.15679  -0.68754  -0.42265   0.06214   1.00000  7
  -2.09567   1.22515   0.06107  -0.05432   1.00000  8
   0.54968   1.68680  -0.04321  -0.10193   1.00000  9
  -0.89901   0.66303  -0.18876  -0.48898   1.00000 10
  -2.42608   0.03317   0.07383   0.00527   1.00000 11
   0.81284   0.60468   0.17022  -0.23095   1.00000 12
   0.92321   0.50903  -0.32706   0.18609   1.00000 13
  -0.93548  -1.52496  -0.03576   0.28678   1.00000 14
  -1.37810  -0.65603   0.36421  -0.01544   1.00000 15
  -0.73447  -0.45784   0.51473  -0.30521   1.00000 16
  -0.02213  -0.58892  -0.24771   0.09908   1.00000 17
  -0.79787  -0.46526  -0.09627  -0.09283   1.00000 18
   1.31082  -0.66578  -0.18130  -0.31168   1.00000 19
  -0.93629   0.68741   0.11720   0.53763   1.00000 20
  -0.54028  -0.51997  -0.22387   0.30199   1.10000  1
  -0.56211   0.97202  -0.08288  -0.50457   1.10000  2
  -1.08949  -1.01638   0.15994   0.24309   1.10000  3
  -0.21242   0.89342  -0.31864  -0.00424   1.10000  4
  -0.78475   0.62604   0.46423   0.02384   1.10000  5
   1.33669  -0.57089   0.03035   0.34826   1.10000  6
  -0.19961  -0.67853  -0.43506   0.11831   1.10000  7
  -2.08926   1.21945   0.06709  -0.05968   1.10000  8
   0.54516   1.67609  -0.04724  -0.11217   1.10000  9
  -0.91500   0.61580  -0.12353  -0.44387   1.10000 10
  -2.41835   0.03374   0.08073   0.00623   1.10000 11
   0.83174   0.57951   0.20698  -0.27195   1.10000 12
   0.88787   0.52949  -0.37899   0.22260   1.10000 13
  -0.93916  -1.49442  -0.03774   0.32456   1.10000 14
  -1.33915  -0.65797   0.41570  -0.02365   1.10000 15
  -0.68295  -0.48987   0.51729  -0.33265   1.10000 16
  -0.05134  -0.58026  -0.33732   0.07475   1.10000 17
  -0.80275  -0.47566   0.00144  -0.11720   1.10000 18
   1.29336  -0.69412  -0.16726  -0.25301   1.10000 19
  -0.91973   0.73762   0.20880   0.45938   1.10000 20
  -0.56638  -0.49020  -0.29749   0.28546   1.20000  1
  -0.57129   0.91839  -0.10210  -0.56874   1.20000  2
  -1.07247  -0.99026   0.18077   0.28015   1.20000  3
  -0.24713   0.89242  -0.37706  -0.01690   1.20000  4
  -0.74192   0.63066   0.39601   0.06801   1.20000  5
   1.33844  -0.53868   0.00500   0.29685   1.20000  6
  -0.24411  -0.66382  -0.45682   0.17619   1.20000  7
  -2.08225   1.21322   0.07310  -0.06504   1.20000  8
   0.54024   1.66436  -0.05120  -0.12245   1.20000  9
  -0.92309   0.57514  -0.03787  -0.36927   1.20000 10
  -2.40994   0.03442   0.08754   0.00730   1.20000 11
   0.85348   0.55089   0.22023  -0.29400   1.20000 12
   0.84817   0.55294  -0.40735   0.24004   1.20000 13
  -0.94300  -1.45994  -0.03873   0.36576   1.20000 14
  -1.29476  -0.66084   0.47334  -0.03422   1.20000 15
  -0.63055  -0.52354   0.53113  -0.33416   1.20000 16
  -0.08984  -0.57384  -0.43433   0.05428   1.20000 17
  -0.79736  -0.48890   0.10681  -0.14763   1.20000 18
   1.27736  -0.71637  -0.15322  -0.19302   1.20000 19
  -0.89513   0.77907   0.28223   0.37137   1.20000 20
  -0.59855  -0.46487  -0.33701   0.21288   1.30000  1
  -0.58290   0.85820  -0.13237  -0.63489   1.30000  2
  -1.05325  -0.96015   0.20405   0.32316   1.30000  3
  -0.28819   0.88974  -0.44608  -0.03858   1.30000  4
  -0.70479   0.63979   0.35036   0.11631   1.30000  5
   1.33778  -0.51128  -0.01780   0.25228   1.30000  6
  -0.29141  -0.64324  -0.49199   0.23553   1.30000  7
  -2.07464   1.20644   0.07909  -0.07039   1.30000  8
   0.53492   1.65160  -0.05509  -0.13281   1.30000  9
  -0.92269   0.54175   0.04493  -0.29984   1.30000 10
  -2.40084   0.03521   0.09428   0.00849   1.30000 11
   0.87403   0.52220   0.18437  -0.27430   1.30000 12
   0.80816   0.57600  -0.38659   0.21560   1.30000 13
  -0.94686  -1.42113  -0.03826   0.41114   1.30000 14
  -1.24423  -0.66492   0.53877  -0.04788   1.30000 15
  -0.57755  -0.55515   0.52270  -0.29289   1.30000 16
  -0.13861  -0.56928  -0.54357   0.03749   1.30000 17
  -0.78134  -0.50508   0.21387  -0.17462   1.30000 18
   1.26264  -0.73295  -0.14157  -0.13965   1.30000 19
  -0.86319   0.81224   0.35792   0.29297   1.30000 20
  -0.63234  -0.44852  -0.33449   0.11181   1.40000  1
  -0.59831   0.79155  -0.17851  -0.69649   1.40000  2
  -1.03155  -0.92536   0.23054   0.37419   1.40000  3
  -0.33672   0.88425  -0.52653  -0.07395   1.40000  4
  -0.67113   0.65441   0.32624   0.17893   1.40000  5
   1.33495  -0.48801  -0.03840   0.21408   1.40000  6
  -0.34321  -0.61675  -0.54835   0.29333   1.40000  7
  -2.06643   1.19914   0.08500  -0.07572   1.40000  8
   0.52922   1.63780  -0.05894  -0.14330   1.40000  9
  -0.91425   0.51493   0.12349  -0.23740   1.40000 10
  -2.39108   0.03612   0.10097   0.00980   1.40000 11
   0.88981   0.49652   0.13099  -0.23892   1.40000 12
   0.77140   0.59557  -0.34837   0.17530   1.40000 13
  -0.95058  -1.37754  -0.03567   0.46160   1.40000 14
  -1.18667  -0.67055   0.61419  -0.06562   1.40000 15
  -0.52666  -0.58192   0.49650  -0.24374   1.40000 16
  -0.19921  -0.56622  -0.67239   0.02447   1.40000 17
  -0.75455  -0.52341   0.32173  -0.18929   1.40000 18
   1.24897  -0.74451  -0.13200  -0.09235   1.40000 19
  -0.82319   0.83763   0.44400   0.21327   1.40000 20
  -0.66479  -0.44295  -0.31026  -0.00311   1.50000  1
  -0.61892   0.71963  -0.23215  -0.73414   1.50000  2
  -1.00699  -0.88494   0.26171   0.43638   1.50000  3
  -0.39389   0.87434  -0.61897  -0.12758   1.50000  4
  -0.63902   0.67606   0.31618   0.25324   1.50000  5
   1.33015  -0.46830  -0.05742   0.18070   1.50000  6
  -0.40201  -0.58508  -0.63006   0.33415   1.50000  7
  -2.05764   1.19130   0.09084  -0.08105   1.50000  8
   0.52314   1.62294  -0.06274  -0.15396   1.50000  9
  -0.89803   0.49414   0.20106  -0.17865   1.50000 10
  -2.38065   0.03717   0.10761   0.01121   1.50000 11
   0.90039   0.47429   0.08172  -0.20660   1.50000 12
   0.73832   0.61118  -0.31431   0.13785   1.50000 13
  -0.95389  -1.32860  -0.03003   0.51831   1.50000 14
  -1.12096  -0.67822   0.70252  -0.08871   1.50000 15
  -0.47747  -0.60402   0.48981  -0.19540   1.50000 16
  -0.27409  -0.56426  -0.83143   0.01499   1.50000 17
  -0.71720  -0.54226   0.42298  -0.18424   1.50000 18
   1.23619  -0.75157  -0.12394  -0.04953   1.50000 19
  -0.77415   0.85430   0.53687   0.11614   1.50000 20
  -0.69319  -0.44963  -0.25018  -0.13201   1.60000  1
  -0.64342   0.64753  -0.24919  -0.69238   1.60000  2
  -0.97894  -0.83757   0.30121   0.51413   1.60000  3
  -0.46102   0.85801  -0.72662  -0.20314   1.60000  4
  -0.60863   0.70357   0.28625   0.28716   1.60000  5
   1.32350  -0.45175  -0.07538   0.15076   1.60000  6
  -0.46853  -0.55186  -0.69278   0.32025   1.60000  7
  -2.04827   1.18293   0.09658  -0.08640   1.60000  8
   0.51668   1.60700  -0.06652  -0.16487   1.60000  9
  -0.87392   0.47921   0.28212  -0.11965   1.60000 10
  -2.36956   0.03837   0.11425   0.01273   1.60000 11
   0.90638   0.45501   0.03913  -0.17985   1.60000 12
   0.70831   0.62332  -0.28703   0.10577   1.60000 13
  -0.95644  -1.27362  -0.01990   0.58280   1.60000 14
  -1.04563  -0.68850   0.80675  -0.11768   1.60000 15
  -0.42969  -0.61949   0.45076  -0.10538   1.60000 16
  -0.36675  -0.56331  -1.02472   0.00215   1.60000 17
  -0.67055  -0.55967   0.50717  -0.16179   1.60000 18
   1.22415  -0.75451  -0.11692  -0.00977   1.60000 19
  -0.71600   0.86010   0.62503  -0.00281   1.60000 20
  -0.71332  -0.46944  -0.14561  -0.26403   1.70000  1
  -0.66778   0.58279  -0.23786  -0.60268   1.70000  2
  -0.94608  -0.78152   0.36177   0.60874   1.70000  3
  -0.53977   0.83289  -0.84840  -0.30270   1.70000  4
  -0.58236   0.73275   0.23800   0.30013   1.70000  5
   1.31510  -0.43807  -0.09271   0.12314   1.70000  6
  -0.53989  -0.52261  -0.73742   0.25658   1.70000  7
  -2.03833   1.17402   0.10225  -0.09181   1.70000  8
   0.50983   1.58995  -0.07033  -0.17609   1.70000  9
  -0.84132   0.47037   0.37176  -0.05595   1.70000 10
  -2.35780   0.03972   0.12094   0.01435   1.70000 11
   0.90840   0.43816   0.00197  -0.15780   1.70000 12
   0.68073   0.63248  -0.26537   0.07819   1.70000 13
  -0.95765  -1.21172  -0.00298   0.65715   1.70000 14
  -0.95913  -0.70174   0.92463  -0.14472   1.70000 15
  -0.39154  -0.62433   0.29179   0.00423   1.70000 16
  -0.47802  -0.56408  -1.18988  -0.01398   1.70000 17
  -0.61612  -0.57423   0.57922  -0.12617   1.70000 18
   1.21278  -0.75359  -0.11064   0.02807   1.70000 19
  -0.64927   0.85333   0.70886  -0.13465   1.70000 20
  -0.72123  -0.50239  -0.00962  -0.39469   1.80000  1
  -0.69143   0.52635  -0.23822  -0.52987   1.80000  2
  -0.90459  -0.71613   0.48204   0.69306   1.80000  3
  -0.62799   0.79761  -0.88345  -0.39691   1.80000  4
  -0.56193   0.76416   0.16308   0.32416   1.80000  5
   1.30497  -0.42708  -0.10974   0.09694   1.80000  6
  -0.61605  -0.50271  -0.78157   0.13126   1.80000  7
  -2.02782   1.16456   0.10791  -0.09732   1.80000  8
   0.50261   1.57176  -0.07423  -0.18777   1.80000  9
  -0.79918   0.46833   0.47239   0.01677   1.80000 10
  -2.34537   0.04124   0.12776   0.01605   1.80000 11
   0.90691   0.42333  -0.03118  -0.13933   1.80000 12
   0.65509   0.63907  -0.24808   0.05404   1.80000 13
  -0.95667  -1.14177   0.02483   0.74397   1.80000 14
  -0.86102  -0.71576   1.03345  -0.11905   1.80000 15
  -0.37309  -0.62024   0.07718   0.07089   1.80000 16
  -0.60316  -0.56500  -1.29719  -0.00154   1.80000 17
  -0.55760  -0.58389   0.55634  -0.06499   1.80000 18
   1.20201  -0.74893  -0.10489   0.06491   1.80000 19
  -0.57599   0.83262   0.73320  -0.28059   1.80000 20
  -0.71626  -0.54793   0.08844  -0.50859   1.90000  1
  -0.71575   0.47638  -0.24595  -0.46866   1.90000  2
  -0.84685  -0.64400   0.68472   0.74928   1.90000  3
  -0.71160   0.75446  -0.78373  -0.46523   1.90000  4
  -0.54990   0.79542   0.08605   0.28772   1.90000  5
   1.29315  -0.41867  -0.12678   0.07133   1.90000  6
  -0.69585  -0.49794  -0.81255  -0.04470   1.90000  7
  -2.01674   1.15455   0.11365  -0.10302   1.90000  8
   0.49498   1.55238  -0.07829  -0.20005   1.90000  9
  -0.74701   0.47386   0.56521   0.09231   1.90000 10
  -2.33224   0.04293   0.13483   0.01783   1.90000 11
   0.90226   0.41021  -0.06151  -0.12357   1.90000 12
   0.63099   0.64338  -0.23432   0.03248   1.90000 13
  -0.95212  -1.06244   0.06965   0.84522   1.90000 14
  -0.75342  -0.72111   1.10910   0.03483   1.90000 15
  -0.37593  -0.61110  -0.13401   0.10843   1.90000 16
  -0.73401  -0.56474  -1.30323  -0.00405   1.90000 17
  -0.51017  -0.58843   0.38860  -0.03460   1.90000 18
   1.19179  -0.74061  -0.09950   0.10160   1.90000 19
  -0.50684   0.79854   0.63964  -0.38857   1.90000 20
  -0.70867  -0.60127   0.05474  -0.53956   2.00000  1
  -0.73905   0.43347  -0.21058  -0.38504   2.00000  2
  -0.76774  -0.56639   0.86964   0.78625   2.00000  3
  -0.78488   0.70433  -0.68249  -0.53829   2.00000  4
  -0.54280   0.81957   0.06230   0.18902   2.00000  5
   1.27961  -0.41282  -0.14409   0.04552   2.00000  6
  -0.77680  -0.51298  -0.78981  -0.25376   2.00000  7
  -2.00509   1.14395   0.11956  -0.10898   2.00000  8
   0.48694   1.53173  -0.08255  -0.21305   2.00000  9
  -0.68866   0.48583   0.58654   0.14135   2.00000 10
  -2.31839   0.04481   0.14228   0.01964   2.00000 11
   0.89467   0.39855  -0.08992  -0.10988   2.00000 12
   0.60812   0.64563  -0.22358   0.01282   2.00000 13
  -0.94202  -0.97222   0.13574   0.96201   2.00000 14
  -0.64298  -0.70646   1.08157   0.25459   2.00000 15
  -0.40014  -0.59924  -0.35234   0.12457   2.00000 16
  -0.85748  -0.56785  -1.13134  -0.05239   2.00000 17
  -0.47936  -0.59212   0.22941  -0.04346   2.00000 18
   1.18210  -0.72859  -0.09434   0.13894   2.00000 19
  -0.44890   0.75722   0.51928  -0.43029   2.00000 20
  -0.70310  -0.65190   0.06916  -0.46058   2.10000  1
  -0.75696   0.39951  -0.14772  -0.29613   2.10000  2
  -0.67942  -0.49297   0.88405   0.66119   2.10000  3
  -0.84799   0.64693  -0.57922  -0.60762   2.10000  4
  -0.53678   0.83276   0.05965   0.07469   2.10000  5
   1.26431  -0.40960  -0.16192   0.01867   2.10000  6
  -0.84988  -0.54516  -0.66509  -0.37082   2.10000  7
  -1.99283   1.13274   0.12564  -0.11529   2.10000  8
   0.47846   1.50974  -0.08704  -0.22689   2.10000  9
  -0.63172   0.50144   0.54823   0.16888   2.10000 10
  -2.30377   0.04686   0.15027   0.02145   2.10000 11
   0.88431   0.38818  -0.11718  -0.09776   2.10000 12
   0.58619   0.64599  -0.21556  -0.00551   2.10000 13
  -0.92430  -0.86929   0.22180   1.10120   2.10000 14
  -0.53866  -0.67207   1.00354   0.42493   2.10000 15
  -0.44661  -0.58724  -0.57427   0.10878   2.10000 16
  -0.95854  -0.57375  -0.89704  -0.06553   2.10000 17
  -0.46454  -0.59748   0.06335  -0.06287   2.10000 18
   1.17292  -0.71277  -0.08928   0.17780   2.10000 19
  -0.40261   0.71322   0.40864  -0.44859   2.10000 20
  -0.69418  -0.69250   0.10626  -0.34825   2.20000  1
  -0.76905   0.37368  -0.09690  -0.22340   2.20000  2
  -0.59045  -0.43550   0.89607   0.48456   2.20000  3
  -0.90079   0.58334  -0.47769  -0.66180   2.20000  4
  -0.53069   0.83461   0.06278  -0.03704   2.20000  5
   1.24720  -0.40915  -0.18051  -0.01018   2.20000  6
  -0.91101  -0.58534  -0.56285  -0.42991   2.20000  7
  -1.97995   1.12088   0.13189  -0.12199   2.20000  8
   0.46952   1.48632  -0.09178  -0.24166   2.20000  9
  -0.57894   0.51934   0.51024   0.18831   2.20000 10
  -2.28831   0.04910   0.15891   0.02321   2.20000 11
   0.87126   0.37896  -0.14391  -0.08686   2.20000 12
   0.56492   0.64455  -0.21010  -0.02303   2.20000 13
  -0.89719  -0.75106   0.32077   1.26492   2.20000 14
  -0.44356  -0.62264   0.87846   0.55243   2.20000 15
  -0.51240  -0.57853  -0.71619   0.06789   2.20000 16
  -1.03817  -0.58161  -0.69795  -0.09403   2.20000 17
  -0.46716  -0.60388  -0.11135  -0.05658   2.20000 18
   1.16424  -0.69295  -0.08419   0.21919   2.20000 19
  -0.36683   0.66751   0.30804  -0.46577   2.20000 20
  -0.68268  -0.72037   0.12174  -0.20135   2.30000  1
  -0.77694   0.35426  -0.06387  -0.16777   2.30000  2
  -0.50155  -0.39647   0.87168   0.29880   2.30000  3
  -0.94375   0.51492  -0.38226  -0.70530   2.30000  4
  -0.52410   0.82544   0.06985  -0.14620   2.30000  5
   1.22818  -0.41174  -0.20014  -0.04223   2.30000  6
  -0.96223  -0.63016  -0.45635  -0.45094   2.30000  7
  -1.96645   1.10833   0.13826  -0.12915   2.30000  8
   0.46010   1.46137  -0.09678  -0.25746   2.30000  9
  -0.52891   0.53905   0.49451   0.20576   2.30000 10
  -2.27196   0.05150   0.16827   0.02491   2.30000 11
   0.85553   0.37078  -0.17070  -0.07688   2.30000 12
   0.54409   0.64139  -0.20707  -0.04023   2.30000 13
  -0.86112  -0.61813   0.39325   1.36775   2.30000 14
  -0.36661  -0.56491   0.65763   0.59081   2.30000 15
  -0.58512  -0.57231  -0.72682   0.05812   2.30000 16
  -1.09818  -0.59238  -0.50373  -0.11771   2.30000 17
  -0.48494  -0.60665  -0.23741   0.00848   2.30000 18
   1.15608  -0.66881  -0.07895   0.26434   2.30000 19
  -0.34096   0.62002   0.20888  -0.48374   2.30000 20
  -0.66989  -0.73158   0.13330  -0.02051   2.40000  1
  -0.78234   0.33953  -0.04638  -0.13018   2.40000  2
  -0.41756  -0.37430   0.80511   0.15272   2.40000  3
  -0.97734   0.44252  -0.28989  -0.74158   2.40000  4
  -0.51654   0.80534   0.08239  -0.25629   2.40000  5
   1.20713  -0.41776  -0.22103  -0.07900   2.40000  6
  -1.00241  -0.67205  -0.35367  -0.37949   2.40000  7
  -1.95230   1.09504   0.14468  -0.13675   2.40000  8
   0.45016   1.43479  -0.10207  -0.27442   2.40000  9
  -0.47927   0.56038   0.50131   0.21931   2.40000 10
  -2.25463   0.05408   0.17842   0.02653   2.40000 11
   0.83710   0.36356  -0.19809  -0.06761   2.40000 12
   0.52343   0.63650  -0.20639  -0.05759   2.40000 13
  -0.81847  -0.48314   0.46579   1.31554   2.40000 14
  -0.31084  -0.50514   0.46493   0.60546   2.40000 15
  -0.65720  -0.56736  -0.71423   0.04111   2.40000 16
  -1.13970  -0.60448  -0.33161  -0.12279   2.40000 17
  -0.51408  -0.60186  -0.34395   0.08560   2.40000 18
   1.14846  -0.63990  -0.07347   0.31483   2.40000 19
  -0.32523   0.57098   0.10485  -0.49490   2.40000 20
  -0.65646  -0.72456   0.13192   0.15894   2.50000  1
  -0.78657   0.32751  -0.03935  -0.11399   2.50000  2
  -0.34053  -0.36441   0.73691   0.05197   2.50000  3
  -1.00174   0.36685  -0.19796  -0.77038   2.50000  4
  -0.50730   0.77406   0.10449  -0.36986   2.50000  5
   1.18393  -0.42775  -0.24319  -0.12219   2.50000  6
  -1.03407  -0.70574  -0.28303  -0.29371   2.50000  7
  -1.93751   1.08096   0.15110  -0.14481   2.50000  8
   0.43967   1.40644  -0.10770  -0.29268   2.50000  9
  -0.42838   0.58230   0.51524   0.21437   2.50000 10
  -2.23625   0.05681   0.18938   0.02809   2.50000 11
   0.81587   0.35724  -0.22660  -0.05885   2.50000 12
   0.50273   0.62985  -0.20796  -0.07551   2.50000 13
  -0.76776  -0.35678   0.54270   1.20849   2.50000 14
  -0.27245  -0.44339   0.30750   0.63151   2.50000 15
  -0.72720  -0.56334  -0.67806   0.04272   2.50000 16
  -1.16540  -0.61693  -0.18571  -0.12697   2.50000 17
  -0.55347  -0.59019  -0.44219   0.14358   2.50000 18
   1.14139  -0.60561  -0.06788   0.37246   2.50000 19
  -0.32003   0.52181   0.00040  -0.48316   2.50000 20
  -0.64425  -0.70028   0.10844   0.32397   2.60000  1
  -0.79029   0.31593  -0.03455  -0.12171   2.60000  2
  -0.26998  -0.36239   0.67331  -0.00167   2.60000  3
  -1.01695   0.28869  -0.10643  -0.79193   2.60000  4
  -0.49512   0.73131   0.14217  -0.48473   2.60000  5
   1.15848  -0.44243  -0.26568  -0.17231   2.60000  6
  -1.05948  -0.73061  -0.22679  -0.20221   2.60000  7
  -1.92208   1.06606   0.15747  -0.15331   2.60000  8
   0.42860   1.37620  -0.11378  -0.31246   2.60000  9
  -0.37710   0.60217   0.50347   0.17790   2.60000 10
  -2.21673   0.05969   0.20116   0.02958   2.60000 11
   0.79172   0.35178  -0.25677  -0.05040   2.60000 12
   0.48177   0.62137  -0.21176  -0.09436   2.60000 13
  -0.71124  -0.24092   0.58262   1.11467   2.60000 14
  -0.24837  -0.37881   0.18030   0.65698   2.60000 15
  -0.79161  -0.55882  -0.60747   0.04593   2.60000 16
  -1.17729  -0.63001  -0.05341  -0.13511   2.60000 17
  -0.60202  -0.57406  -0.52546   0.17427   2.60000 18
   1.13486  -0.56515  -0.06327   0.43777   2.60000 19
  -0.32445   0.47541  -0.08360  -0.44089   2.60000 20
  -0.63569  -0.66038   0.05742   0.47037   2.70000  1
  -0.79323   0.30240  -0.02219  -0.15235   2.70000  2
  -0.20660  -0.36230   0.58953   0.01542   2.70000  3
  -1.02304   0.20863  -0.01529  -0.80865   2.70000  4
  -0.47826   0.67736   0.19774  -0.59234   2.70000  5
   1.13093  -0.46218  -0.28381  -0.22007   2.70000  6
  -1.07966  -0.74586  -0.17778  -0.10101   2.70000  7
  -1.90602   1.05029   0.16376  -0.16221   2.70000  8
   0.41690   1.34389  -0.12042  -0.33402   2.70000  9
  -0.32910   0.61709   0.45050   0.11741   2.70000 10
  -2.19599   0.06272   0.21376   0.03096   2.70000 11
   0.76445   0.34716  -0.28916  -0.04204   2.70000 12
   0.46030   0.61094  -0.21787  -0.11442   2.70000 13
  -0.65198  -0.13249   0.59958   1.06083   2.70000 14
  -0.23471  -0.31333   0.10196   0.64529   2.70000 15
  -0.84865  -0.55441  -0.53453   0.04149   2.70000 16
  -1.17621  -0.64401   0.07474  -0.14474   2.70000 17
  -0.65776  -0.55627  -0.58465   0.17771   2.70000 18
   1.12856  -0.51806  -0.06452   0.50156   2.70000 19
  -0.33576   0.43394  -0.13878  -0.38921   2.70000 20
  -0.63390  -0.60723  -0.02702   0.58604   2.80000  1
  -0.79417   0.28484   0.00680  -0.20136   2.80000  2
  -0.15258  -0.35775   0.49092   0.07893   2.80000  3
  -1.01999   0.12706   0.07634  -0.82232   2.80000  4
  -0.45526   0.61331   0.26251  -0.68658   2.80000  5
   1.10224  -0.48510  -0.28669  -0.22761   2.80000  6
  -1.09512  -0.75039  -0.13122   0.01257   2.80000  7
  -1.88933   1.03360   0.16996  -0.17151   2.80000  8
   0.40450   1.30933  -0.12775  -0.35770   2.80000  9
  -0.28774   0.62507   0.37515   0.03933   2.80000 10
  -2.17395   0.06588   0.22719   0.03218   2.80000 11
   0.73379   0.34338  -0.32444  -0.03351   2.80000 12
   0.43811   0.59843  -0.22650  -0.13606   2.80000 13
  -0.59181  -0.02756   0.60174   1.04291   2.80000 14
  -0.22678  -0.25046   0.05946   0.61264   2.80000 15
  -0.89885  -0.55060  -0.47134   0.03453   2.80000 16
  -1.16231  -0.65885   0.20351  -0.15109   2.80000 17
  -0.71800  -0.53887  -0.61630   0.17060   2.80000 18
   1.12137  -0.46615  -0.08274   0.52605   2.80000 19
  -0.35173   0.39720  -0.17957  -0.34802   2.80000 20
  -0.64181  -0.54460  -0.13258   0.65973   2.90000  1
  -0.79107   0.26180   0.05940  -0.26017   2.90000  2
  -0.10813  -0.34629   0.40001   0.15043   2.90000  3
  -1.00784   0.04423   0.16567  -0.83440   2.90000  4
  -0.42598   0.54025   0.32049  -0.77506   2.90000  5
   1.07404  -0.50569  -0.27640  -0.17780   2.90000  6
  -1.10571  -0.74291  -0.07839   0.13887   2.90000  7
  -1.87203   1.01597   0.17609  -0.18121   2.90000  8
   0.39132   1.27227  -0.13592  -0.38389   2.90000  9
  -0.25404   0.62441   0.30026  -0.05487   2.90000 10
  -2.15052   0.06915   0.24144   0.03319   2.90000 11
   0.69943   0.34047  -0.36344  -0.02455   2.90000 12
   0.41491   0.58366  -0.23798  -0.15976   2.90000 13
  -0.53189   0.07696   0.59664   1.05143   2.90000 14
  -0.22262  -0.19029   0.02365   0.59421   2.90000 15
  -0.94329  -0.54757  -0.41904   0.02561   2.90000 16
  -1.13555  -0.67381   0.33043  -0.14440   2.90000 17
  -0.78063  -0.52185  -0.63650   0.17140   2.90000 18
   1.11149  -0.41483  -0.11610   0.49417   2.90000 19
  -0.37160   0.36380  -0.21773  -0.32292   2.90000 20
  -0.66040  -0.47643  -0.23815   0.69954   3.00000  1
  -0.78149   0.23293   0.13553  -0.31564   3.00000  2
  -0.07218  -0.32772   0.32089   0.22070   3.00000  3
  -0.98711  -0.04006   0.24737  -0.85369   3.00000  4
  -0.39200   0.45788   0.35284  -0.87611   3.00000  5
   1.04690  -0.52015  -0.26719  -0.11133   3.00000  6
  -1.11000  -0.72242  -0.00135   0.27060   3.00000  7
  -1.85411   0.99735   0.18217  -0.19132   3.00000  8
   0.37728   1.23245  -0.14508  -0.41304   3.00000  9
  -0.22729   0.61369   0.23687  -0.16110   3.00000 10
  -2.12563   0.07251   0.25654   0.03394   3.00000 11
   0.66094   0.33849  -0.40730  -0.01482   3.00000 12
   0.39040   0.56639  -0.25275  -0.18623   3.00000 13
  -0.47220   0.18360   0.60037   1.08690   3.00000 14
  -0.22212  -0.13084  -0.01427   0.59887   3.00000 15
  -0.98288  -0.54564  -0.37300   0.01192   3.00000 16
  -1.09685  -0.68656   0.43780  -0.10184   3.00000 17
  -0.84570  -0.50444  -0.66777   0.17616   3.00000 18
   1.09813  -0.36779  -0.15060   0.44668   3.00000 19
  -0.39520   0.33189  -0.25291  -0.32018   3.00000 20
  -0.68913  -0.40525  -0.33503   0.72241   3.10000  1
  -0.76356   0.19904   0.22390  -0.36049   3.10000  2
  -0.04363  -0.30219   0.25143   0.28982   3.10000  3
  -0.95866  -0.12726   0.32021  -0.89549   3.10000  4
  -0.35729   0.36428   0.32862  -0.99591   3.10000  5
   1.02044  -0.52809  -0.26279  -0.04839   3.10000  6
  -1.10460  -0.68909   0.11573   0.39458   3.10000  7
  -1.83559   0.97769   0.18824  -0.20190   3.10000  8
   0.36227   1.18954  -0.15542  -0.44569   3.10000  9
  -0.20628   0.59191   0.18480  -0.27598   3.10000 10
  -2.09919   0.07593   0.27254   0.03438   3.10000 11
   0.61776   0.33754  -0.45761  -0.00392   3.10000 12
   0.36423   0.54629  -0.27140  -0.21639   3.10000 13
  -0.41097   0.29525   0.62609   1.14081   3.10000 14
  -0.22561  -0.06970  -0.05643   0.62807   3.10000 15
  -1.01768  -0.54536  -0.32065  -0.00658   3.10000 16
  -1.04966  -0.69188   0.49568   0.00825   3.10000 17
  -0.91466  -0.48708  -0.71227   0.16720   3.10000 18
   1.08145  -0.32533  -0.18276   0.40382   3.10000 19
  -0.42113   0.29887  -0.25287  -0.33860   3.10000 20
  -0.72724  -0.33205  -0.42722   0.74133   3.20000  1
  -0.73663   0.16097   0.31496  -0.40100   3.20000  2
  -0.02168  -0.26973   0.18822   0.35968   3.20000  3
  -0.92339  -0.22037   0.38318  -0.97266   3.20000  4
  -0.32811   0.26230   0.25539  -1.02237   3.20000  5
   0.99421  -0.53003  -0.26252   0.00872   3.20000  6
  -1.08602  -0.64349   0.25691   0.51934   3.20000  7
  -1.81646   0.95695   0.19434  -0.21303   3.20000  8
   0.34615   1.14317  -0.16732  -0.48257   3.20000  9
  -0.19027   0.55820   0.13408  -0.39960   3.20000 10
  -2.07109   0.07937   0.28957   0.03447   3.20000 11
   0.56914   0.33776  -0.51654   0.00858   3.20000 12
   0.33597   0.52296  -0.29458  -0.25112   3.20000 13
  -0.34762   0.40594   0.63830   1.04866   3.20000 14
  -0.23366  -0.00431  -0.10649   0.68474   3.20000 15
  -1.04631  -0.54669  -0.24766  -0.01669   3.20000 16
  -0.99990  -0.68269   0.48853   0.18337   3.20000 17
  -0.98763  -0.47199  -0.73942   0.12893   3.20000 18
   1.06163  -0.28679  -0.21349   0.36787   3.20000 19
  -0.44259   0.26566  -0.16826  -0.32666   3.20000 20
  -0.77472  -0.25761  -0.51915   0.73756   3.30000  1
  -0.70051   0.11876   0.40764  -0.44350   3.30000  2
  -0.00592  -0.23015   0.12694   0.43279   3.30000  3
  -0.88276  -0.32214   0.42007  -1.05493   3.30000  4
  -0.30522   0.16065   0.20734  -1.01420   3.30000  5
   0.96783  -0.52650  -0.26551   0.06128   3.30000  6
  -1.05385  -0.58470   0.37784   0.65612   3.30000  7
  -1.79672   0.93506   0.20054  -0.22484   3.30000  8
   0.32873   1.09286  -0.18153  -0.52471   3.30000  9
  -0.18004   0.51196   0.06758  -0.52073   3.30000 10
  -2.04123   0.08281   0.30785   0.03415   3.30000 11
   0.51407   0.33933  -0.58693   0.02313   3.30000 12
   0.30514   0.49591  -0.32282  -0.29072   3.30000 13
  -0.28263   0.50486   0.66818   0.93309   3.30000 14
  -0.24751   0.06835  -0.17495   0.77216   3.30000 15
  -1.06628  -0.54752  -0.14607   0.00896   3.30000 16
  -0.95398  -0.65441   0.42201   0.38319   3.30000 17
  -1.05987  -0.46247  -0.68725   0.05601   3.30000 18
   1.03876  -0.25157  -0.24394   0.33749   3.30000 19
  -0.45479   0.23165  -0.07785  -0.36230   3.30000 20
  -0.82871  -0.18689  -0.54531   0.67279   3.40000  1
  -0.65517   0.07233   0.49812  -0.48365   3.40000  2
   0.00357  -0.18299   0.06142   0.51143   3.40000  3
  -0.84286  -0.42899   0.35793  -1.07638   3.40000  4
  -0.28595   0.06056   0.17567  -0.96804   3.40000  5
   0.94101  -0.51787  -0.27125   0.11083   3.40000  6
  -1.01295  -0.51372   0.42958   0.74815   3.40000  7
  -1.77635   0.91195   0.20691  -0.23751   3.40000  8
   0.30972   1.03801  -0.19948  -0.57359   3.40000  9
  -0.17644   0.45612   0.01250  -0.58674   3.40000 10
  -2.00947   0.08619   0.32766   0.03342   3.40000 11
   0.45125   0.34246  -0.67239   0.04002   3.40000 12
   0.27124   0.46468  -0.35592  -0.33420   3.40000 13
  -0.21352   0.59167   0.70903   0.79677   3.40000 14
  -0.26932   0.14873  -0.25815   0.81315   3.40000 15
  -1.07433  -0.54271  -0.01090   0.09734   3.40000 16
  -0.91642  -0.60616   0.32841   0.58095   3.40000 17
  -1.12118  -0.46114  -0.52293  -0.02419   3.40000 18
   1.01282  -0.21917  -0.27490   0.31105   3.40000 19
  -0.45846   0.19206   0.00401  -0.43161   3.40000 20
  -0.88167  -0.12319  -0.50731   0.59938   3.50000  1
  -0.60125   0.02278   0.57817  -0.50178   3.50000  2
   0.00593  -0.12770  -0.01693   0.59442   3.50000  3
  -0.81411  -0.53593   0.21070  -1.04384   3.50000  4
  -0.27080  -0.03121   0.12683  -0.86812   3.50000  5
   0.91350  -0.50439  -0.27948   0.15863   3.50000  6
  -0.96850  -0.43885   0.45904   0.73263   3.50000  7
  -1.75533   0.88752   0.21363  -0.25129   3.50000  8
   0.28862   0.97784  -0.22388  -0.63139   3.50000  9
  -0.17635   0.39458  -0.00947  -0.64879   3.50000 10
  -1.97564   0.08948   0.34928   0.03235   3.50000 11
   0.37895   0.34739  -0.77708   0.05860   3.50000 12
   0.23386   0.42904  -0.39173  -0.37843   3.50000 13
  -0.14171   0.66444   0.72584   0.66359   3.50000 14
  -0.29771   0.22829  -0.30061   0.77317   3.50000 15
  -1.06841  -0.52707   0.12659   0.21549   3.50000 16
  -0.88759  -0.53879   0.25406   0.75485   3.50000 17
  -1.16289  -0.46550  -0.31009  -0.05412   3.50000 18
   0.98374  -0.18927  -0.30694   0.28714   3.50000 19
  -0.45416   0.14566   0.07940  -0.49249   3.50000 20
  -0.92933  -0.06762  -0.44337   0.50901   3.60000  1
  -0.53986  -0.02682   0.64827  -0.48467   3.60000  2
  -0.00039  -0.06425  -0.11160   0.67290   3.60000  3
  -0.79960  -0.63309   0.09346  -0.88875   3.60000  4
  -0.26040  -0.11326   0.08117  -0.77129   3.60000  5
   0.88504  -0.48617  -0.29015   0.20567   3.60000  6
  -0.92153  -0.36896   0.47835   0.66426   3.60000  7
  -1.73361   0.86165   0.22091  -0.26646   3.60000  8
   0.26456   0.91134  -0.25987  -0.70084   3.60000  9
  -0.17884   0.32575  -0.04410  -0.72609   3.60000 10
  -1.93954   0.09265   0.37300   0.03111   3.60000 11
   0.29510   0.35409  -0.90336   0.07390   3.60000 12
   0.19294   0.38914  -0.42655  -0.41809   3.60000 13
  -0.06824   0.72533   0.74494   0.55772   3.60000 14
  -0.32707   0.30241  -0.27335   0.70231   3.60000 15
  -1.04982  -0.50017   0.24081   0.31913   3.60000 16
  -0.86519  -0.45897   0.19092   0.83009   3.60000 17
  -1.18367  -0.47050  -0.10935  -0.04019   3.60000 18
   0.95139  -0.16169  -0.34040   0.26461   3.60000 19
  -0.44345   0.09427   0.13029  -0.53435   3.60000 20
  -0.96999  -0.02181  -0.36819   0.40620   3.70000  1
  -0.47193  -0.07327   0.70822  -0.44070   3.70000  2
  -0.01656   0.00663  -0.21176   0.74479   3.70000  3
  -0.79325  -0.71397   0.04072  -0.73426   3.70000  4
  -0.25495  -0.18479   0.02432  -0.65554   3.70000  5
   0.85538  -0.46325  -0.30340   0.25283   3.70000  6
  -0.87310  -0.30561   0.48901   0.60545   3.70000  7
  -1.71112   0.83417   0.22906  -0.28334   3.70000  8
   0.23593   0.83723  -0.31742  -0.78295   3.70000  9
  -0.18516   0.25034  -0.07785  -0.77839   3.70000 10
  -1.90096   0.09571   0.39910   0.03001   3.70000 11
   0.19790   0.36146  -1.03935   0.06724   3.70000 12
   0.14839   0.34591  -0.46774  -0.44284   3.70000 13
   0.00763   0.77651   0.77454   0.46743   3.70000 14
  -0.35069   0.36726  -0.19632   0.58988   3.70000 15
  -1.02107  -0.46378   0.33072   0.40703   3.70000 16
  -0.84941  -0.37318   0.12844   0.88568   3.70000 17
  -1.18556  -0.47263   0.06768   0.00134   3.70000 18
   0.91560  -0.13634  -0.37556   0.24247   3.70000 19
  -0.42863   0.03853   0.16575  -0.58233   3.70000 20
  -1.00269   0.01358  -0.28435   0.30187   3.80000  1
  -0.39887  -0.11427   0.74817  -0.37623   3.80000  2
  -0.04276   0.08493  -0.31294   0.82200   3.80000  3
  -0.79048  -0.78100   0.01799  -0.61087   3.80000  4
  -0.25631  -0.24363  -0.05472  -0.51733   3.80000  5
   0.82426  -0.43557  -0.31953   0.30090   3.80000  6
  -0.82407  -0.24727   0.48911   0.56493   3.80000  7
  -1.68775   0.80491   0.23844  -0.30228   3.80000  8
   0.19998   0.75483  -0.40541  -0.86036   3.80000  9
  -0.19313   0.17021  -0.07510  -0.82428   3.80000 10
  -1.85963   0.09867   0.42799   0.02939   3.80000 11
   0.08829   0.36576  -1.14448   0.00867   3.80000 12
   0.09797   0.30143  -0.55071  -0.44399   3.80000 13
   0.08705   0.81864   0.81330   0.37019   3.80000 14
  -0.36633   0.42017  -0.11667   0.46946   3.80000 15
  -0.98421  -0.41885   0.40437   0.49198   3.80000 16
  -0.83816  -0.28217   0.10530   0.93012   3.80000 17
  -1.17092  -0.46964   0.22134   0.06096   3.80000 18
   0.87621  -0.11321  -0.41264   0.21980   3.80000 19
  -0.40996  -0.02238   0.21054  -0.63495   3.80000 20
  -1.02655   0.03872  -0.19117   0.20210   3.90000  1
  -0.32361  -0.14812   0.74839  -0.29994   3.90000  2
  -0.07891   0.17025  -0.40262   0.87562   3.90000  3
  -0.78915  -0.83692   0.01066  -0.51067   3.90000  4
  -0.26619  -0.28733  -0.14191  -0.35137   3.90000  5
   0.79136  -0.40301  -0.33914   0.35070   3.90000  6
  -0.77583  -0.19175   0.47357   0.54982   3.90000  7
  -1.66337   0.77364   0.24947  -0.32368   3.90000  8
   0.15547   0.66652  -0.47882  -0.90404   3.90000  9
  -0.19934   0.08640  -0.05147  -0.84304   3.90000 10
  -1.81525   0.10162   0.46014   0.02963   3.90000 11
  -0.02935   0.36144  -1.20146  -0.10260   3.90000 12
   0.03630   0.25699  -0.69113  -0.44690   3.90000 13
   0.16871   0.84924   0.80889   0.24063   3.90000 14
  -0.37396   0.46140  -0.03478   0.35550   3.90000 15
  -0.94047  -0.36523   0.46976   0.58144   3.90000 16
  -0.82651  -0.18850   0.13605   0.93514   3.90000 17
  -1.14199  -0.46005   0.35407   0.13236   3.90000 18
   0.83300  -0.09243  -0.45191   0.19564   3.90000 19
  -0.38589  -0.08775   0.27342  -0.66633   3.90000 20
  -1.04052   0.05429  -0.08595   0.11125   4.00000  1
  -0.25125  -0.17419   0.68775  -0.22027   4.00000  2
  -0.12096   0.25816  -0.43271   0.87322   4.00000  3
  -0.78806  -0.88367   0.01223  -0.42661   4.00000  4
  -0.28398  -0.31283  -0.20822  -0.15394   4.00000  5
   0.75629  -0.36535  -0.36315   0.40310   4.00000  6
  -0.72946  -0.13666   0.45471   0.55350   4.00000  7
  -1.63779   0.74008   0.26272  -0.34799   4.00000  8
   0.10462   0.57314  -0.54149  -0.96985   4.00000  9
  -0.20528   0.00272  -0.07802  -0.83285   4.00000 10
  -1.76748   0.10464   0.49610   0.03121   4.00000 11
  -0.15070   0.34409  -1.21698  -0.24642   4.00000 12
  -0.04143   0.21214  -0.86427  -0.44425   4.00000 13
   0.24744   0.86783   0.76393   0.13815   4.00000 14
  -0.37295   0.49106   0.05652   0.23471   4.00000 15
  -0.89028  -0.30238   0.53466   0.67636   4.00000 16
  -0.80977  -0.09673   0.20199   0.89353   4.00000 17
  -1.10069  -0.44291   0.46940   0.21139   4.00000 18
   0.78575  -0.07417  -0.49367   0.16880   4.00000 19
  -0.35500  -0.15413   0.34445  -0.65305   4.00000 20
  -1.04326   0.06146   0.03369   0.03518   4.10000  1
  -0.18828  -0.19169   0.56072  -0.12739   4.10000  2
  -0.16665   0.34237  -0.48916   0.79868   4.10000  3
  -0.78651  -0.92261   0.01942  -0.35383   4.10000  4
  -0.30649  -0.31745  -0.23461   0.06348   4.10000  5
   0.71854  -0.32227  -0.39292   0.45912   4.10000  6
  -0.68455  -0.08104   0.44566   0.55820   4.10000  7
  -1.61073   0.70393   0.27889  -0.37566   4.10000  8
   0.04594   0.47158  -0.64035  -1.06409   4.10000  9
  -0.21637  -0.08127  -0.14699  -0.85221   4.10000 10
  -1.71589   0.10792   0.53643   0.03466   4.10000 11
  -0.27037   0.31352  -1.16578  -0.35119   4.10000 12
  -0.13526   0.16920  -1.00223  -0.41563   4.10000 13
   0.32156   0.87803   0.71969   0.07034   4.10000 14
  -0.36251   0.50735   0.15108   0.08469   4.10000 15
  -0.83329  -0.22982   0.60697   0.77541   4.10000 16
  -0.78572  -0.01091   0.28044   0.81838   4.10000 17
  -1.04854  -0.41758   0.57184   0.29616   4.10000 18
   0.73418  -0.05881  -0.53819   0.13774   4.10000 19
  -0.31732  -0.21677   0.40537  -0.59205   4.10000 20
  -1.03330   0.06200   0.16767  -0.02092   4.20000  1
  -0.14130  -0.19988   0.36960  -0.04226   4.20000  2
  -0.21890   0.41658  -0.55441   0.68167   4.20000  3
  -0.78405  -0.95471   0.03043  -0.28914   4.20000  4
  -0.32908  -0.30022  -0.20613   0.27657   4.20000  5
   0.67745  -0.27337  -0.43031   0.51979   4.20000  6
  -0.63986  -0.02518   0.45082   0.55865   4.20000  7
  -1.58188   0.66482   0.29889  -0.40715   4.20000  8
  -0.02521   0.36057  -0.78907  -1.15067   4.20000  9
  -0.23469  -0.16803  -0.21801  -0.87936   4.20000 10
  -1.66002   0.11166   0.58171   0.04059   4.20000 11
  -0.38301   0.27545  -1.08734  -0.41096   4.20000 12
  -0.24019   0.12800  -1.09022  -0.41370   4.20000 13
   0.39164   0.88257   0.68308   0.02289   4.20000 14
  -0.34343   0.50678   0.22589  -0.10042   4.20000 15
  -0.76839  -0.14720   0.69422   0.87722   4.20000 16
  -0.75325   0.06624   0.37255   0.72197   4.20000 17
  -0.98656  -0.38348   0.66702   0.38716   4.20000 18
   0.67801  -0.04683  -0.58553   0.10048   4.20000 19
  -0.27550  -0.27062   0.41913  -0.47241   4.20000 20
  -1.00926   0.05802   0.31556  -0.05500   4.30000  1
  -0.11538  -0.20176   0.14831  -0.00210   4.30000  2
  -0.27781   0.47797  -0.62508   0.54173   4.30000  3
  -0.78034  -0.98064   0.04412  -0.23044   4.30000  4
  -0.34577  -0.26384  -0.12314   0.43974   4.30000  5
   0.63213  -0.21813  -0.47801   0.58574   4.30000  6
  -0.59372   0.03088   0.47615   0.56515   4.30000  7
  -1.55079   0.62235   0.32379  -0.44295   4.30000  8
  -0.11231   0.24260  -0.95247  -1.20676   4.30000  9
  -0.25972  -0.25521  -0.28075  -0.84767   4.30000 10
  -1.59936   0.11614   0.63251   0.04965   4.30000 11
  -0.48861   0.22981  -1.03170  -0.51399   4.30000 12
  -0.35270   0.08574  -1.16118  -0.43318   4.30000 13
   0.45840   0.88299   0.65319  -0.01293   4.30000 14
  -0.31841   0.48699   0.26615  -0.29207   4.30000 15
  -0.69362  -0.05428   0.80657   0.98202   4.30000 16
  -0.71006   0.13302   0.49990   0.61115   4.30000 17
  -0.91513  -0.33984   0.76231   0.48745   4.30000 18
   0.61700  -0.03899  -0.63493   0.05485   4.30000 19
  -0.23605  -0.30867   0.35870  -0.28041   4.30000 20
  -0.96963   0.05169   0.48055  -0.06841   4.40000  1
  -0.11129  -0.20097  -0.06455   0.01766   4.40000  2
  -0.34269   0.52331  -0.66238   0.35667   4.40000  3
  -0.77516  -1.00093   0.05974  -0.17596   4.40000  4
  -0.35438  -0.21461  -0.05938   0.53807   4.40000  5
   0.58136  -0.15609  -0.54032   0.65509   4.40000  6
  -0.54405   0.08839   0.51221   0.58138   4.40000  7
  -1.51691   0.57607   0.35495  -0.48359   4.40000  8
  -0.21584   0.11888  -1.12118  -1.27074   4.40000  9
  -0.28955  -0.33307  -0.30584  -0.68914   4.40000 10
  -1.53332   0.12172   0.68955   0.06250   4.40000 11
  -0.59056   0.16982  -1.00192  -0.69460   4.40000 12
  -0.47355   0.04179  -1.26108  -0.43396   4.40000 13
   0.52244   0.88020   0.62820  -0.04220   4.40000 14
  -0.29329   0.45016   0.21790  -0.43553   4.40000 15
  -0.60572   0.04949   0.95682   1.09324   4.40000 16
  -0.65110   0.18755   0.68799   0.46807   4.40000 17
  -0.83375  -0.28545   0.86831   0.60404   4.40000 18
   0.55105  -0.03615  -0.68356   0.00097   4.40000 19
  -0.20560  -0.32664   0.24397  -0.08356   4.40000 20
  -0.91209   0.04478   0.67839  -0.06911   4.50000  1
  -0.12812  -0.19806  -0.27203   0.04138   4.50000  2
  -0.40930   0.54863  -0.66888   0.14869   4.50000  3
  -0.76835  -1.01591   0.07663  -0.12383   4.50000  4
  -0.35987  -0.15601  -0.06007   0.63971   4.50000  5
   0.52335  -0.08742  -0.62416   0.71406   4.50000  6
  -0.49510   0.14373   0.45458   0.51294   4.50000  7
  -1.47954   0.52545   0.39402  -0.52993   4.50000  8
  -0.33734  -0.01130  -1.30622  -1.32216   4.50000  9
  -0.31954  -0.39095  -0.29194  -0.46526   4.50000 10
  -1.46120   0.12878   0.75405   0.07947   4.50000 11
  -0.68225   0.09444  -0.80506  -0.78526   4.50000 12
  -0.60096   0.00411  -1.24785  -0.30665   4.50000 13
   0.58414   0.87467   0.60620  -0.06783   4.50000 14
  -0.27731   0.40030   0.09409  -0.56497   4.50000 15
  -0.50591   0.15983   1.00107   1.07168   4.50000 16
  -0.57419   0.22279   0.83327   0.22785   4.50000 17
  -0.74063  -0.21791   0.99919   0.75540   4.50000 18
   0.48050  -0.03868  -0.72603  -0.04814   4.50000 19
  -0.18782  -0.32613   0.11076   0.09196   4.50000 20
  -0.83174   0.03743   0.93916  -0.08606   4.60000  1
  -0.16554  -0.19264  -0.47340   0.06747   4.60000  2
  -0.47611   0.55267  -0.66305  -0.07028   4.60000  3
  -0.75982  -1.02571   0.09401  -0.07202   4.60000  4
  -0.36910  -0.08683  -0.14175   0.72637   4.60000  5
   0.45574  -0.01491  -0.73070   0.72544   4.60000  6
  -0.45256   0.19132   0.40482   0.44614   4.60000  7
  -1.43777   0.46985   0.44337  -0.58334   4.60000  8
  -0.47249  -0.14190  -1.36804  -1.26345   4.60000  9
  -0.34813  -0.42600  -0.28250  -0.23591   4.60000 10
  -1.38219   0.13772   0.82791   0.09963   4.60000 11
  -0.75265   0.01364  -0.61158  -0.83015   4.60000 12
  -0.72025  -0.02214  -1.13308  -0.23252   4.60000 13
   0.64372   0.86670   0.58547  -0.09134   4.60000 14
  -0.27598   0.33609  -0.07729  -0.72487   4.60000 15
  -0.40935   0.25995   0.92312   0.92527   4.60000 16
  -0.48600   0.23480   0.92561   0.02910   4.60000 17
  -0.63358  -0.13218   1.13378   0.96306   4.60000 18
   0.40601  -0.04429  -0.76469  -0.05360   4.60000 19
  -0.18374  -0.30843  -0.03116   0.26105   4.60000 20
  -0.72627   0.02452   1.13811  -0.17878   4.70000  1
  -0.22171  -0.18403  -0.64269   0.11059   4.70000  2
  -0.54049   0.53441  -0.61628  -0.29315   4.70000  3
  -0.74956  -1.03025   0.11094  -0.01829   4.70000  4
  -0.38888  -0.01253  -0.24947   0.76406   4.70000  5
   0.37700   0.05581  -0.84436   0.68328   4.70000  6
  -0.41183   0.23316   0.42239   0.38156   4.70000  7
  -1.39038   0.40849   0.50733  -0.64526   4.70000  8
  -0.60813  -0.25891  -1.32844  -1.06607   4.70000  9
  -0.37663  -0.43830  -0.29014  -0.01210   4.70000 10
  -1.29526   0.14868   0.91238   0.11885   4.70000 11
  -0.80400  -0.06825  -0.41179  -0.78692   4.70000 12
  -0.82484  -0.04251  -0.94068  -0.17856   4.70000 13
   0.70123   0.85646   0.56469  -0.11315   4.70000 14
  -0.29484   0.25548  -0.30266  -0.87454   4.70000 15
  -0.32164   0.34293   0.82483   0.71508   4.70000 16
  -0.39069   0.23177   0.96818  -0.08011   4.70000 17
  -0.51705  -0.03007   1.18515   1.05554   4.70000 18
   0.32686  -0.04755  -0.82356  -0.00574   4.70000 19
  -0.19441  -0.27417  -0.18394   0.42371   4.70000 20
  -0.60636   0.00412   1.26655  -0.21051   4.80000  1
  -0.29223  -0.16862  -0.75624   0.20940   4.80000  2
  -0.59807   0.49477  -0.53082  -0.49562   4.80000  3
  -0.73769  -1.02924   0.12595   0.03945   4.80000  4
  -0.41688   0.06725  -0.28502   0.83349   4.80000  5
   0.28664   0.12127  -0.96573   0.62538   4.80000  6
  -0.36680   0.26378   0.47421   0.20861   4.80000  7
  -1.33556   0.34053   0.59365  -0.71495   4.80000  8
  -0.73693  -0.35584  -1.24699  -0.87802   4.80000  9
  -0.40645  -0.42894  -0.30666   0.19723   4.80000 10
  -1.19944   0.16109   1.00470   0.12582   4.80000 11
  -0.83664  -0.14230  -0.25280  -0.69487   4.80000 12
  -0.90792  -0.06009  -0.72981  -0.17995   4.80000 13
   0.75663   0.84414   0.54315  -0.13298   4.80000 14
  -0.33442   0.16389  -0.46952  -0.94895   4.80000 15
  -0.24609   0.40082   0.68429   0.44302   4.80000 16
  -0.29658   0.21847   0.88438  -0.19387   4.80000 17
  -0.39593   0.07842   1.23271   1.11507   4.80000 18
   0.24008  -0.04482  -0.91876   0.06214   4.80000 19
  -0.22089  -0.22356  -0.34723   0.59012   4.80000 20
  -0.47121  -0.01394   1.43764  -0.13866   4.90000  1
  -0.37048  -0.13984  -0.79713   0.37669   4.90000  2
  -0.64600   0.43596  -0.42550  -0.67760   4.90000  3
  -0.72450  -1.02219   0.13700   0.10217   4.90000  4
  -0.43944   0.15133  -0.14752   0.81922   4.90000  5
   0.18287   0.18092  -1.11743   0.56778   4.90000  6
  -0.31870   0.27201   0.48444  -0.04610   4.90000  7
  -1.27059   0.26548   0.71143  -0.78523   4.90000  8
  -0.85762  -0.43542  -1.16710  -0.71751   4.90000  9
  -0.43788  -0.39899  -0.32095   0.40274   4.90000 10
  -1.09440   0.17274   1.09466   0.10004   4.90000 11
  -0.85650  -0.20777  -0.15149  -0.61637   4.90000 12
  -0.97277  -0.07856  -0.57422  -0.18589   4.90000 13
   0.80984   0.82995   0.52090  -0.15031   4.90000 14
  -0.38380   0.06865  -0.49712  -0.93962   4.90000 15
  -0.18418   0.43208   0.55753   0.18316   4.90000 16
  -0.21861   0.19270   0.66725  -0.30981   4.90000 17
  -0.27512   0.19039   1.16216   1.10063   4.90000 18
   0.14165  -0.03477  -1.05828   0.14167   4.90000 19
  -0.26404  -0.15560  -0.51626   0.77300   4.90000 20
  -0.32275  -0.02361   1.48446  -0.06018   5.00000  1
  -0.44830  -0.09170  -0.73280   0.58214   5.00000  2
  -0.68287   0.35976  -0.31124  -0.84453   5.00000  3
  -0.71049  -1.00867   0.14215   0.16890   5.00000  4
  -0.44581   0.22679   0.01513   0.68324   5.00000  5
   0.06088   0.23478  -1.33740   0.50846   5.00000  6
  -0.26934   0.25633   0.50659  -0.25172   5.00000  7
  -1.19222   0.18378   0.86023  -0.84749   5.00000  8
  -0.97027  -0.50012  -1.08502  -0.58067   5.00000  9
  -0.47032  -0.34794  -0.32577   0.62087   5.00000 10
  -0.98087   0.17968   1.17556   0.03345   5.00000 11
  -0.86788  -0.26562  -0.07868  -0.53899   5.00000 12
  -1.02343  -0.09636  -0.43934  -0.16630   5.00000 13
   0.86081   0.81417   0.49857  -0.16491   5.00000 14
  -0.43039  -0.02432  -0.41224  -0.92144   5.00000 15
  -0.13392   0.43712   0.45078  -0.08677   5.00000 16
  -0.16198   0.16027   0.47758  -0.32494   5.00000 17
  -0.16488   0.29435   1.04170   0.96185   5.00000 18
   0.02651  -0.01552  -1.25513   0.25068   5.00000 19
  -0.32401  -0.06802  -0.67512   0.97833   5.00000 20
  -0.18045  -0.02307   1.36217   0.09455   5.10000  1
  -0.51416  -0.02745  -0.58399   0.67987   5.10000  2
  -0.70837   0.26734  -0.20046  -1.00347   5.10000  3
  -0.69628  -0.98835   0.14108   0.23772   5.10000  4
  -0.43778   0.28679   0.13922   0.50887   5.10000  5
  -0.08694   0.28224  -1.60827   0.43662   5.10000  6
  -0.21719   0.22401   0.53513  -0.38705   5.10000  7
  -1.09789   0.09597   1.02857  -0.90998   5.10000  8
  -1.07453  -0.55239  -1.00020  -0.46888   5.10000  9
  -0.50263  -0.27423  -0.31838   0.85696   5.10000 10
  -0.85846   0.17899   1.28218  -0.04714   5.10000 11
  -0.87251  -0.31491  -0.01462  -0.44259   5.10000 12
  -1.06051  -0.11122  -0.30076  -0.12807   5.10000 13
   0.90957   0.79705   0.47683  -0.17708   5.10000 14
  -0.46624  -0.11172  -0.32377  -0.80011   5.10000 15
  -0.09351   0.41371   0.35757  -0.38272   5.10000 16
  -0.12189   0.12881   0.31822  -0.30103   5.10000 17
  -0.06652   0.38090   0.91477   0.76070   5.10000 18
  -0.11144   0.01719  -1.50771   0.41095   5.10000 19
  -0.39379   0.03546  -0.69757   1.06187   5.10000 20
  -0.05331  -0.00189   1.15850   0.32441   5.20000  1
  -0.56643   0.04271  -0.47141   0.72608   5.20000  2
  -0.72274   0.15920  -0.07410  -1.15190   5.20000  3
  -0.68243  -0.96107   0.13526   0.30811   5.20000  4
  -0.41877   0.32681   0.23811   0.28280   5.20000  5
  -0.25280   0.31830  -1.67831   0.26225   5.20000  6
  -0.16499   0.18112   0.47985  -0.45932   5.20000  7
  -0.98650   0.00163   1.19745  -0.97350   5.20000  8
  -1.17038  -0.59464  -0.91752  -0.37948   5.20000  9
  -0.53347  -0.17615  -0.29560   1.09847   5.20000 10
  -0.72192   0.16990   1.45679  -0.14361   5.20000 11
  -0.87086  -0.35323   0.04740  -0.31904   5.20000 12
  -1.08276  -0.12153  -0.13673  -0.07875   5.20000 13
   0.95621   0.77881   0.45602  -0.18747   5.20000 14
  -0.49843  -0.18263  -0.33212  -0.61148   5.20000 15
  -0.06409   0.36311   0.21930  -0.60700   5.20000 16
  -0.10147   0.10094   0.08412  -0.24795   5.20000 17
   0.01449   0.44588   0.70475   0.54276   5.20000 18
  -0.26923   0.06641  -1.61393   0.56772   5.20000 19
  -0.46162   0.14144  -0.65784   1.04689   5.20000 20
   0.05011   0.03938   0.90885   0.48735   5.30000  1
  -0.60954   0.11765  -0.37671   0.75835   5.30000  2
  -0.71865   0.04060   0.16472  -1.19947   5.30000  3
  -0.66933  -0.92661   0.12654   0.38214   5.30000  4
  -0.39202   0.34183   0.26935   0.01320   5.30000  5
  -0.42269   0.33293  -1.72075   0.02161   5.30000  6
  -0.12400   0.13422   0.34350  -0.46840   5.30000  7
  -0.85831  -0.09644   1.37023  -0.96981   5.30000  8
  -1.25822  -0.62893  -0.84039  -0.30939   5.30000  9
  -0.56227  -0.05672  -0.28770   1.29069   5.30000 10
  -0.56720   0.14820   1.62833  -0.27918   5.30000 11
  -0.86300  -0.37783   0.11116  -0.16892   5.30000 12
  -1.08653  -0.12795   0.06341  -0.05573   5.30000 13
   1.00081   0.75959   0.43619  -0.19664   5.30000 14
  -0.53397  -0.23128  -0.38137  -0.35738   5.30000 15
  -0.05062   0.29487   0.04955  -0.75400   5.30000 16
  -0.10287   0.08107  -0.09757  -0.14170   5.30000 17
   0.07617   0.49084   0.53844   0.36434   5.30000 18
  -0.43414   0.12845  -1.69997   0.66135   5.30000 19
  -0.52526   0.24125  -0.60581   0.92161   5.30000 20
   0.12860   0.09313   0.66259   0.57651   5.40000  1
  -0.63635   0.19032  -0.15380   0.69152   5.40000  2
  -0.69175  -0.07690   0.35154  -1.13793   5.40000  3
  -0.65717  -0.88439   0.11653   0.46400   5.40000  4
  -0.37106   0.33006   0.14219  -0.24022   5.40000  5
  -0.59372   0.31990  -1.67855  -0.28494   5.40000  6
  -0.09563   0.08946   0.22209  -0.41600   5.40000  7
  -0.71272  -0.18828   1.52741  -0.85043   5.40000  8
  -1.33875  -0.65709  -0.77201  -0.25634   5.40000  9
  -0.59098   0.08145  -0.27393   1.45452   5.40000 10
  -0.40540   0.12067   1.55884  -0.25028   5.40000 11
  -0.84799  -0.38637   0.19412  -0.00060   5.40000 12
  -1.07033  -0.13332   0.25834  -0.05189   5.40000 13
   1.04347   0.73951   0.41718  -0.20497   5.40000 14
  -0.57552  -0.25494  -0.45564  -0.12132   5.40000 15
  -0.05393   0.21254  -0.11407  -0.89099   5.40000 16
  -0.11890   0.07332  -0.21576  -0.01453   5.40000 17
   0.12372   0.52008   0.41833   0.22563   5.40000 18
  -0.60742   0.19491  -1.71710   0.64553   5.40000 19
  -0.57968   0.32107  -0.48830   0.66272   5.40000 20
   0.18324   0.15244   0.43571   0.59980   5.50000  1
  -0.64503   0.25691  -0.05278   0.64043   5.50000  2
  -0.65178  -0.18803   0.44030  -1.09521   5.50000  3
  -0.64599  -0.83337   0.10751   0.55905   5.50000  4
  -0.36249   0.29556   0.03812  -0.43990   5.50000  5
  -0.75352   0.27873  -1.49410  -0.50869   5.50000  6
  -0.08078   0.05304   0.06656  -0.30521   5.50000  7
  -0.55817  -0.26552   1.52468  -0.69395   5.50000  8
  -1.41299  -0.68064  -0.71452  -0.21654   5.50000  9
  -0.61708   0.23152  -0.26272   1.53045   5.50000 10
  -0.25368   0.09840   1.50312  -0.20118   5.50000 11
  -0.82308  -0.37813   0.30837   0.16355   5.50000 12
  -1.03526  -0.13809   0.44125  -0.04158   5.50000 13
   1.08427   0.71862   0.39884  -0.21263   5.50000 14
  -0.62511  -0.25673  -0.51688   0.07257   5.50000 15
  -0.07363   0.11791  -0.28494  -0.98902   5.50000 16
  -0.14494   0.07714  -0.30099   0.08149   5.50000 17
   0.16074   0.53668   0.32551   0.10878   5.50000 18
  -0.76931   0.25669  -1.49564   0.59283   5.50000 19
  -0.62691   0.37200  -0.46739   0.35496   5.50000 20
   0.21716   0.21180   0.24978   0.58388   5.60000  1
  -0.64980   0.31877  -0.04659   0.60369   5.60000  2
  -0.60617  -0.29541   0.45435  -1.03703   5.60000  3
  -0.63550  -0.77195   0.10352   0.67279   5.60000  4
  -0.36161   0.24440  -0.01088  -0.57264   5.60000  5
  -0.89187   0.22573  -1.28546  -0.52783   5.60000  6
  -0.08372   0.02871  -0.12549  -0.18578   5.60000  7
  -0.41206  -0.32730   1.40012  -0.54650   5.60000  8
  -1.48201  -0.70070  -0.66749  -0.18590   5.60000  9
  -0.64483   0.38177  -0.28998   1.44455   5.60000 10
  -0.10269   0.07840   1.48917  -0.21246   5.60000 11
  -0.78570  -0.35401   0.44116   0.31677   5.60000 12
  -0.98241  -0.14120   0.61408  -0.01874   5.60000 13
   1.12326   0.69700   0.38100  -0.21967   5.60000 14
  -0.67502  -0.24463  -0.47409   0.14669   5.60000 15
  -0.11131   0.01929  -0.45442  -0.95114   5.60000 16
  -0.17710   0.08655  -0.32143   0.08728   5.60000 17
   0.18937   0.54213   0.24939   0.00092   5.60000 18
  -0.90646   0.31227  -1.25838   0.50911   5.60000 19
  -0.67304   0.39351  -0.44835   0.09201   5.60000 20
   0.23440   0.26881   0.10081   0.55498   5.70000  1
  -0.65523   0.37811  -0.06700   0.57892   5.70000  2
  -0.56272  -0.39330   0.41379  -0.91706   5.70000  3
  -0.62494  -0.69799   0.10994   0.81131   5.70000  4
  -0.36278   0.18228  -0.00414  -0.66753   5.70000  5
  -1.01266   0.17433  -1.13577  -0.50234   5.70000  6
  -0.10350   0.01385  -0.25914  -0.12448   5.70000  7
  -0.27699  -0.37539   1.30530  -0.41520   5.70000  8
  -1.54678  -0.71803  -0.62934  -0.16144   5.70000  9
  -0.67456   0.51586  -0.30149   1.22848   5.70000 10
   0.03683   0.05515   1.29176  -0.24263   5.70000 11
  -0.73515  -0.31545   0.56232   0.44951   5.70000 12
  -0.91283  -0.14176   0.77574   0.00551   5.70000 13
   1.16048   0.67471   0.36363  -0.22612   5.70000 14
  -0.72009  -0.22992  -0.42943   0.14462   5.70000 15
  -0.15996  -0.06834  -0.51000  -0.80051   5.70000 16
  -0.20777   0.09202  -0.29909   0.01733   5.70000 17
   0.21101   0.53687   0.18520  -0.10659   5.70000 18
  -1.02315   0.35783  -1.08423   0.40376   5.70000 19
  -0.71513   0.39548  -0.38888  -0.03052   5.70000 20
   0.23855   0.32268  -0.01159   0.52324   5.80000  1
  -0.66393   0.43321  -0.10833   0.51685   5.80000  2
  -0.52312  -0.47888   0.37856  -0.79709   5.80000  3
  -0.61286  -0.60859   0.13688   0.98204   5.80000  4
  -0.36106   0.11104   0.04368  -0.75692   5.80000  5
  -1.11959   0.12491  -1.00512  -0.48633   5.80000  6
  -0.13531   0.00206  -0.38002  -0.11562   5.80000  7
  -0.15084  -0.41007   1.21553  -0.27771   5.80000  8
  -1.60811  -0.73313  -0.59835  -0.14109   5.80000  9
  -0.70453   0.62809  -0.29603   1.02406   5.80000 10
   0.15705   0.03168   1.12232  -0.22205   5.80000 11
  -0.67601  -0.26529   0.60542   0.54710   5.80000 12
  -0.82743  -0.14114   0.93154  -0.00102   5.80000 13
   1.19600   0.65180   0.34676  -0.23204   5.80000 14
  -0.76019  -0.21509  -0.36384   0.16034   5.80000 15
  -0.21321  -0.14191  -0.55579  -0.67706   5.80000 16
  -0.23852   0.08953  -0.32245  -0.06992   5.80000 17
   0.22672   0.52063   0.13018  -0.21949   5.80000 18
  -1.12474   0.39370  -0.95330   0.31736   5.80000 19
  -0.75040   0.38990  -0.31603  -0.07463   5.80000 20
   0.23329   0.37390  -0.08816   0.50384   5.90000  1
  -0.67680   0.48064  -0.14744   0.42953   5.90000  2
  -0.48759  -0.55226   0.33017  -0.65920   5.90000  3
  -0.59610  -0.50154   0.20376   1.15099   5.90000  4
  -0.35361   0.03124   0.10353  -0.83566   5.90000  5
  -1.21431   0.07715  -0.89297  -0.46828   5.90000  6
  -0.18028  -0.00970  -0.52404  -0.12120   5.90000  7
  -0.03448  -0.43134   1.10996  -0.15222   5.90000  8
  -1.66664  -0.74633  -0.57291  -0.12339   5.90000  9
  -0.73355   0.72221  -0.28386   0.86491   5.90000 10
   0.26275   0.01110   0.99695  -0.18961   5.90000 11
  -0.61574  -0.20722   0.59923   0.60983   5.90000 12
  -0.72749  -0.14336   1.05850  -0.04534   5.90000 13
   1.22985   0.62831   0.33047  -0.23755   5.90000 14
  -0.79029  -0.19625  -0.22217   0.21877   5.90000 15
  -0.27141  -0.20438  -0.61154  -0.57205   5.90000 16
  -0.27318   0.07707  -0.37302  -0.18633   5.90000 17
   0.23721   0.49271   0.07986  -0.33979   5.90000 18
  -1.21477   0.42198  -0.85147   0.25121   5.90000 19
  -0.77841   0.38119  -0.24485  -0.09845   5.90000 20
   0.22195   0.42359  -0.13329   0.48606   6.00000  1
  -0.69301   0.51894  -0.17484   0.33633   6.00000  2
  -0.45614  -0.60890   0.30513  -0.47304   6.00000  3
  -0.57228  -0.37911   0.27171   1.30460   6.00000  4
  -0.34189  -0.05512   0.11636  -0.88471   6.00000  5
  -1.29888   0.03130  -0.80153  -0.44856   6.00000  6
  -0.24121  -0.02280  -0.70030  -0.14699   6.00000  7
   0.07125  -0.44152   1.00679  -0.05580   6.00000  8
  -1.72284  -0.75786  -0.55172  -0.10744   6.00000  9
  -0.76126   0.80218  -0.27016   0.73900   6.00000 10
   0.35728  -0.00644   0.89689  -0.16252   6.00000 11
  -0.55520  -0.14442   0.62100   0.63635   6.00000 12
  -0.61627  -0.14946   1.17109  -0.07040   6.00000 13
   1.26211   0.60429   0.31482  -0.24280   6.00000 14
  -0.80262  -0.17203  -0.02233   0.26107   6.00000 15
  -0.33665  -0.25572  -0.70007  -0.44901   6.00000 16
  -0.31318   0.05059  -0.42680  -0.35152   6.00000 17
   0.24252   0.45297   0.02444  -0.44894   6.00000 18
  -1.29571   0.44443  -0.77023   0.19996   6.00000 19
  -0.79948   0.37022  -0.17698  -0.12162   6.00000 20
   0.20753   0.46917  -0.15284   0.41452   6.10000  1
  -0.71137   0.54794  -0.19056   0.24393   6.10000  2
  -0.42582  -0.64740   0.30262  -0.29985   6.10000  3
  -0.54031  -0.23875   0.38466   1.50392   6.10000  4
  -0.33483  -0.14359  -0.00325  -0.86920   6.10000  5
  -1.37521  -0.01256  -0.72789  -0.42877   6.10000  6
  -0.32099  -0.04121  -0.89597  -0.23432   6.10000  7
   0.16742  -0.44323   0.91932   0.01862   6.10000  8
  -1.77709  -0.76786  -0.53371  -0.09267   6.10000  9
  -0.78759   0.87077  -0.25669   0.63615   6.10000 10
   0.44267  -0.02166   0.81300  -0.14320   6.10000 11
  -0.48904  -0.08311   0.71370   0.57098   6.10000 12
  -0.49234  -0.15620   1.30421  -0.05803   6.10000 13
   1.29284   0.57976   0.29981  -0.24797   6.10000 14
  -0.79479  -0.14456   0.17906   0.28734   6.10000 15
  -0.41215  -0.29196  -0.80461  -0.25727   6.10000 16
  -0.35901   0.00532  -0.49623  -0.56075   6.10000 17
   0.24169   0.40526  -0.04170  -0.49237   6.10000 18
  -1.36931   0.46232  -0.70378   0.15926   6.10000 19
  -0.81380   0.35668  -0.10915  -0.15032   6.10000 20
   0.19144   0.50533  -0.16986   0.30779   6.20000  1
  -0.73079   0.56778  -0.19611   0.15320   6.20000  2
  -0.39562  -0.66938   0.30054  -0.14198   6.20000  3
  -0.49171  -0.08255   0.59387   1.58203   6.20000  4
  -0.34639  -0.22449  -0.22420  -0.72152   6.20000  5
  -1.44495  -0.05449  -0.66913  -0.41004   6.20000  6
  -0.41937  -0.07180  -1.04430  -0.37555   6.20000  7
   0.25566  -0.43823   0.84807   0.07987   6.20000  8
  -1.82965  -0.77642  -0.51794  -0.07864   6.20000  9
  -0.81262   0.92996  -0.24399   0.54999   6.20000 10
   0.52022  -0.03532   0.73932  -0.13102   6.20000 11
  -0.41275  -0.03365   0.78297   0.39976   6.20000 12
  -0.36037  -0.15818   1.28484   0.03356   6.20000 13
   1.32209   0.55470   0.28534  -0.25321   6.20000 14
  -0.76661  -0.11455   0.38633   0.31321   6.20000 15
  -0.49272  -0.30372  -0.77438   0.02254   6.20000 16
  -0.41369  -0.06223  -0.59130  -0.77686   6.20000 17
   0.23436   0.35594  -0.10361  -0.49228   6.20000 18
  -1.43683   0.47654  -0.64828   0.12621   6.20000 19
  -0.82121   0.33989  -0.03817  -0.18704   6.20000 20
   0.17334   0.53096  -0.19314   0.20668   6.30000  1
  -0.75027   0.57863  -0.19196   0.06396   6.30000  2
  -0.36594  -0.67616   0.29183   0.00487   6.30000  3
  -0.42648   0.06745   0.67210   1.39094   6.30000  4
  -0.37570  -0.28524  -0.34820  -0.49725   6.30000  5
  -1.50944  -0.09465  -0.62232  -0.39380   6.30000  6
  -0.52071  -0.11155  -0.95976  -0.40762   6.30000  7
   0.33749  -0.42748   0.79062   0.13426   6.30000  8
  -1.88072  -0.78360  -0.50358  -0.06497   6.30000  9
  -0.83642   0.98120  -0.23201   0.47656   6.30000 10
   0.59074  -0.04809   0.67211  -0.12542   6.30000 11
  -0.34072  -0.00423   0.64459   0.20707   6.30000 12
  -0.24369  -0.15094   1.04438   0.10029   6.30000 13
   1.34992   0.52911   0.27123  -0.25870   6.30000 14
  -0.71705  -0.08236   0.60724   0.32412   6.30000 15
  -0.56370  -0.28945  -0.64050   0.25430   6.30000 16
  -0.47280  -0.14187  -0.57872  -0.78775   6.30000 17
   0.22113   0.30668  -0.16093  -0.49445   6.30000 18
  -1.49925   0.48775  -0.60139   0.09886   6.30000 19
  -0.82125   0.31899   0.03839  -0.23196   6.30000 20
   0.15259   0.54698  -0.22296   0.11485   6.40000  1
  -0.76883   0.58066  -0.17740  -0.02281   6.40000  2
  -0.33759  -0.66865   0.27327   0.14447   6.40000  3
  -0.36022   0.19680   0.65026   1.20803   6.40000  4
  -0.41517  -0.32536  -0.44076  -0.31110   6.40000  5
  -1.56971  -0.13336  -0.58448  -0.38092   6.40000  6
  -0.61141  -0.15363  -0.85365  -0.43182   6.40000  7
   0.41415  -0.41146   0.74408   0.18614   6.40000  8
  -1.93040  -0.78942  -0.48999  -0.05134   6.40000  9
  -0.85904   1.02562  -0.22049   0.41340   6.40000 10
   0.65479  -0.06060   0.60940  -0.12587   6.40000 11
  -0.28263   0.01145   0.52718   0.11817   6.40000 12
  -0.14926  -0.13873   0.85690   0.14457   6.40000 13
   1.37634   0.50295   0.25726  -0.26455   6.40000 14
  -0.64556  -0.05235   0.80900   0.25717   6.40000 15
  -0.62029  -0.25397  -0.48840   0.44855   6.40000 16
  -0.53060  -0.21830  -0.58475  -0.73406   6.40000 17
   0.20202   0.25669  -0.22277  -0.50721   6.40000 18
  -1.55735   0.49646  -0.56160   0.07582   6.40000 19
  -0.81336   0.29334   0.11991  -0.28148   6.40000 20
   0.12849   0.55409  -0.26050   0.02776   6.50000  1
  -0.78541   0.57422  -0.15267  -0.10498   6.50000  2
  -0.31172  -0.64748   0.24164   0.27752   6.50000  3
  -0.29640   0.31088   0.62790   1.08004   6.50000  4
  -0.46376  -0.34836  -0.52987  -0.15261   6.50000  5
  -1.62655  -0.17095  -0.55322  -0.37145   6.50000  6
  -0.68933  -0.19715  -0.69442  -0.43369   6.50000  7
   0.48658  -0.39026   0.70575   0.23786   6.50000  8
  -1.97873  -0.79386  -0.47673  -0.03752   6.50000  9
  -0.88052   1.06416  -0.20925   0.35888   6.50000 10
   0.71273  -0.07345   0.54997  -0.13192   6.50000 11
  -0.23369   0.02073   0.45777   0.07150   6.50000 12
  -0.07037  -0.12180   0.72805   0.19540   6.50000 13
   1.40137   0.47618   0.24322  -0.27087   6.50000 14
  -0.56039  -0.03319   0.87137   0.12748   6.50000 15
  -0.66137  -0.20285  -0.33877   0.54967   6.50000 16
  -0.58959  -0.28639  -0.58740  -0.61692   6.50000 17
   0.17617   0.20494  -0.29666  -0.52901   6.50000 18
  -1.61177   0.50302  -0.52774   0.05596   6.50000 19
  -0.79726   0.26264   0.20156  -0.33308   6.50000 20
   0.10013   0.55254  -0.30901  -0.05892   6.60000  1
  -0.79910   0.55987  -0.12015  -0.18104   6.60000  2
  -0.28969  -0.61347   0.19728   0.40074   6.60000  3
  -0.23410   0.41370   0.62118   0.97958   6.60000  4
  -0.52078  -0.35657  -0.60839  -0.01547   6.60000  5
  -1.68052  -0.20775  -0.52697  -0.36509   6.60000  6
  -0.74951  -0.23893  -0.51004  -0.39676   6.60000  7
   0.55551  -0.36386   0.67400   0.29039   6.60000  8
  -2.02574  -0.79691  -0.46347  -0.02333   6.60000  9
  -0.90090   1.09764  -0.19825   0.31181   6.60000 10
   0.76485  -0.08716   0.49248  -0.14322   6.60000 11
  -0.19014   0.02632   0.41704   0.04231   6.60000 12
  -0.00260  -0.09931   0.63120   0.25640   6.60000 13
   1.42498   0.44875   0.22895  -0.27773   6.60000 14
  -0.47374  -0.02516   0.85724   0.04216   6.60000 15
  -0.68979  -0.14884  -0.23655   0.51570   6.60000 16
  -0.64626  -0.34065  -0.53965  -0.46760   6.60000 17
   0.14216   0.15062  -0.38633  -0.55922   6.60000 18
  -1.66306   0.50773  -0.49875   0.03847   6.60000 19
  -0.77322   0.22658   0.27818  -0.38917   6.60000 20
   0.06614   0.54227  -0.37418  -0.14608   6.70000  1
  -0.80928   0.53819  -0.08289  -0.25169   6.70000  2
  -0.27249  -0.56772   0.14635   0.51267   6.70000  3
  -0.17153   0.50725   0.63378   0.89285   6.70000  4
  -0.58503  -0.35232  -0.67526   0.09583   6.70000  5
  -1.73208  -0.24406  -0.50489  -0.36147   6.70000  6
  -0.79189  -0.27638  -0.34000  -0.35406   6.70000  7
   0.62160  -0.33215   0.64891   0.34390   6.70000  8
  -2.07142  -0.79851  -0.44994  -0.00863   6.70000  9
  -0.92018   1.12674  -0.18759   0.27118   6.70000 10
   0.81123  -0.10226   0.43508  -0.15957   6.70000 11
  -0.14958   0.02952   0.39777   0.02297   6.70000 12
   0.05633  -0.07000   0.54754   0.33285   6.70000 13
   1.44714   0.42061   0.21423  -0.28519   6.70000 14
  -0.38892  -0.02317   0.84194   0.00401   6.70000 15
  -0.70955  -0.10068  -0.16161   0.44837   6.70000 16
  -0.69687  -0.38001  -0.47151  -0.31947   6.70000 17
   0.09839   0.09259  -0.49105  -0.60476   6.70000 18
  -1.71165   0.51078  -0.47370   0.02280   6.70000 19
  -0.74188   0.18443   0.34701  -0.45651   6.70000 20
   0.02465   0.52372  -0.45686  -0.22025   6.80000  1
  -0.81560   0.50963  -0.04303  -0.31927   6.80000  2
  -0.26037  -0.51117   0.09688   0.61775   6.80000  3
  -0.10669   0.59219   0.66460   0.80264   6.80000  4
  -0.65561  -0.33843  -0.73517   0.17668   6.80000  5
  -1.78162  -0.28013  -0.48652  -0.36029   6.80000  6
  -0.81782  -0.31019  -0.17935  -0.32367   6.80000  7
   0.68559  -0.29504   0.63276   0.39833   6.80000  8
  -2.11571  -0.79861  -0.43592   0.00669   6.80000  9
  -0.93843   1.15206  -0.17743   0.23609   6.80000 10
   0.85178  -0.11924   0.37513  -0.18079   6.80000 11
  -0.10989   0.03099   0.39919   0.00530   6.80000 12
   0.10613  -0.03240   0.43849   0.41560   6.80000 13
   1.46781   0.39169   0.19887  -0.29331   6.80000 14
  -0.30441  -0.02334   0.85414  -0.00343   6.80000 15
  -0.72251  -0.05853  -0.09873   0.39872   6.80000 16
  -0.74070  -0.40427  -0.40690  -0.16362   6.80000 17
   0.04400   0.02922  -0.59243  -0.65905   6.80000 18
  -1.75790   0.51233  -0.45187   0.00859   6.80000 19
  -0.70419   0.13465   0.40413  -0.54272   6.80000 20
  -0.02440   0.49951  -0.51549  -0.26034   6.90000  1
  -0.81783   0.47434  -0.00146  -0.38682   6.90000  2
  -0.25283  -0.44410   0.05583   0.72484   6.90000  3
  -0.03932   0.66670   0.67514   0.68461   6.90000  4
  -0.73165  -0.31813  -0.78099   0.22232   6.90000  5
  -1.82950  -0.31619  -0.47163  -0.36131   6.90000  6
  -0.82787  -0.34109  -0.02359  -0.29181   6.90000  7
   0.74859  -0.25247   0.62984   0.45290   6.90000  8
  -2.15858  -0.79715  -0.42119   0.02278   6.90000  9
  -0.95569   1.17411  -0.16794   0.20569   6.90000 10
   0.88605  -0.13854   0.30886  -0.20558   6.90000 11
  -0.06954   0.02982   0.40351  -0.03542   6.90000 12
   0.14201   0.01091   0.27509   0.43924   6.90000 13
   1.48689   0.36193   0.18262  -0.30211   6.90000 14
  -0.21671  -0.02329   0.90740   0.00576   6.90000 15
  -0.72915  -0.02022  -0.03106   0.36894   6.90000 16
  -0.77873  -0.41229  -0.35640   0.00517   6.90000 17
  -0.01924  -0.03652  -0.67087  -0.63880   6.90000 18
  -1.80211   0.51253  -0.43264  -0.00445   6.90000 19
  -0.66192   0.07527   0.43495  -0.64560   6.90000 20
  -0.07683   0.47128  -0.52856  -0.30938   7.00000  1
  -0.81583   0.43215   0.04196  -0.45799   7.00000  2
  -0.24869  -0.36578   0.03040   0.84456   7.00000  3
   0.02702   0.72955   0.64886   0.57753   7.00000  4
  -0.81000  -0.29564  -0.77159   0.21873   7.00000  5
  -1.87606  -0.35246  -0.46015  -0.36435   7.00000  6
  -0.82376  -0.36736   0.09370  -0.22486   7.00000  7
   0.81215  -0.20465   0.64423   0.50124   7.00000  8
  -2.19992  -0.79403  -0.40547   0.03977   7.00000  9
  -0.97205   1.19333  -0.15922   0.17918   7.00000 10
   0.91321  -0.16026   0.23277  -0.22670   7.00000 11
  -0.03121   0.02273   0.35247  -0.10713   7.00000 12
   0.16129   0.05408   0.11196   0.42026   7.00000 13
   1.50429   0.33125   0.16517  -0.31162   7.00000 14
  -0.12187  -0.02251   0.98630   0.00416   7.00000 15
  -0.72793   0.01469   0.05803   0.32209   7.00000 16
  -0.81233  -0.40315  -0.31571   0.17572   7.00000 17
  -0.08975  -0.09588  -0.73124  -0.54013   7.00000 18
  -1.84450   0.51148  -0.41553  -0.01654   7.00000 19
  -0.61876   0.00631   0.42162  -0.72455   7.00000 20
  -0.12961   0.43669  -0.52572  -0.38600   7.10000  1
  -0.80934   0.38248   0.08864  -0.53706   7.10000  2
  -0.24595  -0.27450   0.02871   0.98424   7.10000  3
   0.09037   0.78317   0.61889   0.49866   7.10000  4
  -0.88282  -0.27557  -0.67232   0.18078   7.10000  5
  -1.92165  -0.38912  -0.45215  -0.36926   7.10000  6
  -0.81209  -0.38445   0.12667  -0.11070   7.10000  7
   0.87775  -0.15326   0.66652   0.51820   7.10000  8
  -2.23963  -0.78916  -0.38843   0.05782   7.10000  9
  -0.98756   1.21006  -0.15130   0.15583   7.10000 10
   0.93254  -0.18291   0.15625  -0.21816   7.10000 11
   0.00007   0.00910   0.27493  -0.15993   7.10000 12
   0.16456   0.09414  -0.04601   0.37567   7.10000 13
   1.51987   0.29958   0.14610  -0.32189   7.10000 14
  -0.02259  -0.02288   0.98292  -0.00475   7.10000 15
  -0.71778   0.04299   0.14115   0.24152   7.10000 16
  -0.84148  -0.37809  -0.26369   0.31840   7.10000 17
  -0.16293  -0.14458  -0.72740  -0.44415   7.10000 18
  -1.88527   0.50925  -0.40014  -0.02784   7.10000 19
  -0.57797  -0.06782   0.39638  -0.75139   7.10000 20
  -0.18179   0.39353  -0.51740  -0.47944   7.20000  1
  -0.79788   0.32432   0.14193  -0.62859   7.20000  2
  -0.24239  -0.16931   0.03966   1.10480   7.20000  3
   0.15099   0.82990   0.59453   0.43837   7.20000  4
  -0.94294  -0.25937  -0.52588   0.14518   7.20000  5
  -1.96662  -0.42637  -0.44797  -0.37598   7.20000  6
  -0.79997  -0.38866   0.11292   0.02886   7.20000  7
   0.94452  -0.10282   0.66274   0.48397   7.20000  8
  -2.27754  -0.78242  -0.36959   0.07709   7.20000  9
  -1.00233   1.22458  -0.14413   0.13504   7.20000 10
   0.94564  -0.20211   0.11307  -0.15953   7.20000 11
   0.02495  -0.00794   0.22959  -0.17327   7.20000 12
   0.15246   0.12796  -0.19199   0.29405   7.20000 13
   1.53344   0.26684   0.12478  -0.33297   7.20000 14
   0.07241  -0.02180   0.90654   0.03238   7.20000 15
  -0.70051   0.06315   0.20064   0.16429   7.20000 16
  -0.86449  -0.34103  -0.19507   0.41550   7.20000 17
  -0.23621  -0.18625  -0.74267  -0.38386   7.20000 18
  -1.92458   0.50593  -0.38616  -0.03850   7.20000 19
  -0.53867  -0.14300   0.39446  -0.74736   7.20000 20
  -0.23309   0.34042  -0.50887  -0.58483   7.30000  1
  -0.78053   0.25622   0.20788  -0.73618   7.30000  2
  -0.23947  -0.05802   0.01640   1.10876   7.30000  3
   0.20944   0.87122   0.57518   0.38960   7.30000  4
  -0.98753  -0.24600  -0.36450   0.12543   7.30000  5
  -2.01139  -0.46438  -0.44818  -0.38453   7.30000  6
  -0.78950  -0.37850   0.09833   0.17391   7.30000  7
   1.00941  -0.05691   0.63305   0.43493   7.30000  8
  -2.31346  -0.77370  -0.34833   0.09768   7.30000  9
  -1.01641   1.23713  -0.13763   0.11629   7.30000 10
   0.95628  -0.21438   0.10309  -0.08665   7.30000 11
   0.04672  -0.02399   0.20599  -0.14022   7.30000 12
   0.12740   0.15183  -0.30190   0.18015   7.30000 13
   1.54472   0.23296   0.10031  -0.34492   7.30000 14
   0.15688  -0.01575   0.77640   0.08917   7.30000 15
  -0.67821   0.07645   0.24302   0.10475   7.30000 16
  -0.88044  -0.29624  -0.12429   0.47482   7.30000 17
  -0.31150  -0.21883  -0.76749  -0.26494   7.30000 18
  -1.96255   0.50157  -0.37337  -0.04858   7.30000 19
  -0.49831  -0.21598   0.41490  -0.70463   7.30000 20
  -0.28369   0.27598  -0.50366  -0.70781   7.40000  1
  -0.75559   0.17660   0.29522  -0.85766   7.40000  2
  -0.23874   0.05192  -0.00038   1.09174   7.40000  3
   0.26614   0.90808   0.55922   0.34868   7.40000  4
  -1.01563  -0.23358  -0.19681   0.12663   7.40000  5
  -2.05643  -0.50334  -0.45367  -0.39493   7.40000  6
  -0.77980  -0.35406   0.09842   0.31380   7.40000  7
   1.07104  -0.01551   0.60015   0.39505   7.40000  8
  -2.34710  -0.76284  -0.32381   0.11964   7.40000  9
  -1.02987   1.24789  -0.13168   0.09920   7.40000 10
   0.96660  -0.21977   0.10402  -0.02311   7.40000 11
   0.06588  -0.03480   0.17542  -0.07203   7.40000 12
   0.09332   0.16393  -0.37588   0.06359   7.40000 13
   1.55335   0.19783   0.07155  -0.35762   7.40000 14
   0.22706  -0.00438   0.62706   0.13476   7.40000 15
  -0.65241   0.08454   0.27012   0.05762   7.40000 16
  -0.88943  -0.24699  -0.05545   0.50634   7.40000 17
  -0.39122  -0.24026  -0.83173  -0.17196   7.40000 18
  -1.99929   0.49623  -0.36162  -0.05811   7.40000 19
  -0.45571  -0.28234   0.43353  -0.61382   7.40000 20
  -0.33356   0.19828  -0.48973  -0.84303   7.50000  1
  -0.72070   0.08494   0.40460  -0.97069   7.50000  2
  -0.24005   0.16051  -0.03269   1.07418   7.50000  3
   0.32136   0.94115   0.54551   0.31361   7.50000  4
  -1.02671  -0.21996  -0.02352   0.14881   7.50000  5
  -2.10234  -0.54342  -0.46567  -0.40709   7.50000  6
  -0.76926  -0.31592   0.11526   0.44862   7.50000  7
   1.12968   0.02244   0.57408   0.36530   7.50000  8
  -2.37808  -0.74973  -0.29482   0.14277   7.50000  9
  -1.04276   1.25701  -0.12617   0.08340   7.50000 10
   0.97714  -0.21935   0.10682   0.03002   7.50000 11
   0.08148  -0.03794   0.13495   0.00980   7.50000 12
   0.05257   0.16507  -0.43869  -0.03762   7.50000 13
   1.55884   0.16142   0.03704  -0.37058   7.50000 14
   0.28268   0.01048   0.48835   0.15918   7.50000 15
  -0.62475   0.08752   0.28123  -0.00400   7.50000 16
  -0.89126  -0.19559   0.02183   0.51905   7.50000 17
  -0.47709  -0.25477  -0.87682  -0.12064   7.50000 18
  -2.03490   0.48997  -0.35081  -0.06709   7.50000 19
  -0.41382  -0.33698   0.38923  -0.47401   7.50000 20
  -0.38185   0.11000  -0.48753  -0.91209   7.60000  1
  -0.67524  -0.01619   0.49635  -1.04584   7.60000  2
  -0.24599   0.26343  -0.08121   0.97009   7.60000  3
   0.37529   0.97095   0.53337   0.28311   7.60000  4
  -1.02003  -0.20328   0.15903   0.18689   7.60000  5
  -2.14984  -0.58479  -0.48580  -0.42040   7.60000  6
  -0.75600  -0.26428   0.15506   0.58475   7.60000  7
   1.18620   0.05777   0.55828   0.34211   7.60000  8
  -2.40586  -0.73427  -0.25970   0.16643   7.60000  9
  -1.05512   1.26461  -0.12094   0.06857   7.60000 10
   0.98796  -0.21403   0.10957   0.07526   7.60000 11
   0.09253  -0.03299   0.08443   0.08745   7.60000 12
   0.00560   0.15713  -0.50011  -0.11735   7.60000 13
   1.56051   0.12375  -0.00491  -0.38252   7.60000 14
   0.32540   0.02693   0.36940   0.16757   7.60000 15
  -0.59602   0.08201   0.29654  -0.11446   7.60000 16
  -0.88408  -0.14379   0.12845   0.51243   7.60000 17
  -0.56613  -0.26343  -0.90798  -0.04321   7.60000 18
  -2.06948   0.48283  -0.34084  -0.07551   7.60000 19
  -0.37940  -0.37723   0.29855  -0.33327   7.60000 20
  -0.43377   0.01625  -0.56245  -0.96293   7.70000  1
  -0.62386  -0.12335   0.51511  -1.08941   7.70000  2
  -0.25516   0.35375  -0.09890   0.83713   7.70000  3
   0.42807   0.99790   0.52241   0.25632   7.70000  4
  -0.99439  -0.18234   0.35685   0.23219   7.70000  5
  -2.19984  -0.62749  -0.51607  -0.43308   7.70000  6
  -0.73692  -0.19927   0.23310   0.70733   7.70000  7
   1.24173   0.09092   0.55417   0.32080   7.70000  8
  -2.42974  -0.71648  -0.21634   0.18875   7.70000  9
  -1.06696   1.27075  -0.11584   0.05442   7.70000 10
   0.99906  -0.20449   0.11238   0.11463   7.70000 11
   0.09800  -0.02096   0.02327   0.15014   7.70000 12
  -0.04718   0.14228  -0.55389  -0.17693   7.70000 13
   1.55755   0.08504  -0.05590  -0.39064   7.70000 14
   0.35717   0.04367   0.26889   0.16618   7.70000 15
  -0.56488   0.06348   0.32611  -0.26069   7.70000 16
  -0.86415  -0.09459   0.27556   0.46195   7.70000 17
  -0.65931  -0.26095  -0.95057   0.10702   7.70000 18
  -2.10310   0.47488  -0.33169  -0.08336   7.70000 19
  -0.35385  -0.40388   0.21380  -0.19983   7.70000 20
  -0.49596  -0.08221  -0.68438  -1.00166   7.80000  1
  -0.57552  -0.22994   0.44595  -1.01456   7.80000  2
  -0.26547   0.43131  -0.10686   0.71670   7.80000  3
   0.47981   1.02232   0.51247   0.23260   7.80000  4
  -0.94789  -0.15695   0.57798   0.27406   7.80000  5
  -2.25345  -0.67124  -0.55815  -0.44050   7.80000  6
  -0.70922  -0.12630   0.31408   0.73350   7.80000  7
   1.29741   0.12178   0.56102   0.29502   7.80000  8
  -2.44879  -0.69671  -0.16286   0.20512   7.80000  9
  -1.07828   1.27550  -0.11070   0.04068   7.80000 10
   1.01046  -0.19126   0.11593   0.14934   7.80000 11
   0.09692  -0.00365  -0.04570   0.19242   7.80000 12
  -0.10488   0.12208  -0.59935  -0.22623   7.80000 13
   1.54903   0.04592  -0.11591  -0.38977   7.80000 14
   0.37967   0.05999   0.18312   0.15950   7.80000 15
  -0.53184   0.02904   0.32366  -0.43043   7.80000 16
  -0.82842  -0.05339   0.43944   0.35332   7.80000 17
  -0.75270  -0.24027  -0.89716   0.30456   7.80000 18
  -2.13584   0.46618  -0.32331  -0.09069   7.80000 19
  -0.33657  -0.41707   0.13074  -0.06298   7.80000 20
  -0.57003  -0.18221  -0.78554  -0.98252   7.90000  1
  -0.53358  -0.32265   0.39856  -0.83443   7.90000  2
  -0.27652   0.49766  -0.11428   0.61294   7.90000  3
   0.53060   1.04450   0.50345   0.21138   7.90000  4
  -0.87788  -0.12822   0.82235   0.29506   7.90000  5
  -2.31180  -0.71509  -0.60980  -0.43292   7.90000  6
  -0.67560  -0.05524   0.35169   0.67468   7.90000  7
   1.35411   0.14953   0.57296   0.25734   7.90000  8
  -2.46203  -0.67597  -0.10125   0.20589   7.90000  9
  -1.08909   1.27889  -0.10538   0.02715   7.90000 10
   1.02230  -0.17476   0.12115   0.18008   7.90000 11
   0.08877   0.01682  -0.11756   0.21379   7.90000 12
  -0.16714   0.09706  -0.64763  -0.27495   7.90000 13
   1.53422   0.00762  -0.18001  -0.37314   7.90000 14
   0.39417   0.07549   0.10856   0.15037   7.90000 15
  -0.50292  -0.02211   0.24278  -0.58356   7.90000 16
  -0.77672  -0.02535   0.58947   0.20295   7.90000 17
  -0.83639  -0.20129  -0.76696   0.46911   7.90000 18
  -2.16778   0.45676  -0.31569  -0.09756   7.90000 19
  -0.32819  -0.41631   0.03313   0.07834   7.90000 20
  -0.64944  -0.27526  -0.78438  -0.86509   8.00000  1
  -0.49519  -0.39704   0.37202  -0.65568   8.00000  2
  -0.28837   0.55436  -0.12292   0.52313   8.00000  3
   0.58053   1.06466   0.49523   0.19222   8.00000  4
  -0.78532  -0.09877   1.01556   0.29403   8.00000  5
  -2.37529  -0.75691  -0.65732  -0.39853   8.00000  6
  -0.64045   0.00609   0.34592   0.54226   8.00000  7
   1.41176   0.17276   0.57775   0.20541   8.00000  8
  -2.46920  -0.65646  -0.04490   0.17939   8.00000  9
  -1.09935   1.28094  -0.09975   0.01374   8.00000 10
   1.03478  -0.15537   0.12906   0.20714   8.00000 11
   0.07343   0.03851  -0.18897   0.21724   8.00000 12
  -0.23501   0.06682  -0.71408  -0.33175   8.00000 13
   1.51326  -0.02810  -0.23704  -0.33872   8.00000 14
   0.40165   0.09003   0.04231   0.14040   8.00000 15
  -0.48460  -0.08485   0.12289  -0.65559   8.00000 16
  -0.71193  -0.01291   0.69909   0.04971   8.00000 17
  -0.90300  -0.14844  -0.55265   0.57193   8.00000 18
  -2.19900   0.44668  -0.30881  -0.10410   8.00000 19
  -0.33079  -0.40162  -0.08902   0.21285   8.00000 20
  -0.72383  -0.35386  -0.69291  -0.70768   8.10000  1
  -0.45859  -0.45385   0.36119  -0.47827   8.10000  2
  -0.30114   0.60260  -0.13242   0.44278   8.10000  3
   0.62967   1.08300   0.48773   0.17476   8.10000  4
  -0.67639  -0.06899   1.15873   0.30342   8.10000  5
  -2.44242  -0.79399  -0.68026  -0.34091   8.10000  6
  -0.60646   0.05162   0.33890   0.36117   8.10000  7
   1.46909   0.19042   0.56606   0.14796   8.10000  8
  -2.47189  -0.64091  -0.01400   0.12934   8.10000  9
  -1.10903   1.28164  -0.09373   0.00041   8.10000 10
   1.04824  -0.13345   0.14076   0.23047   8.10000 11
   0.05101   0.05981  -0.25951   0.20677   8.10000 12
  -0.31108   0.03017  -0.81427  -0.40433   8.10000 13
   1.48734  -0.05982  -0.27891  -0.29521   8.10000 14
   0.40283   0.10357  -0.01793   0.13034   8.10000 15
  -0.47771  -0.15040   0.02040  -0.64326   8.10000 16
  -0.63810  -0.01394   0.77372  -0.06222   8.10000 17
  -0.94699  -0.09000  -0.33538   0.58703   8.10000 18
  -2.22957   0.43595  -0.30257  -0.11044   8.10000 19
  -0.34650  -0.37442  -0.22561   0.32786   8.10000 20
