  -0.47175  -0.69952   0.03505   0.02301   0.10000  1
  -0.52259   1.22636   0.00845  -0.01349   0.10000  2
  -0.66956  -0.55293   0.07261  -0.01255   0.10000  3
  -0.40323   0.10065   0.05360  -0.08269   0.10000  4
   0.23783   0.06703  -0.03970  -0.01895   0.10000  5
   1.43988   0.60418  -0.05213  -0.02030   0.10000  6
   1.18067   0.65630   0.03296  -0.03780   0.10000  7
   0.85220  -1.02205  -0.02607   0.05575   0.10000  8
  -0.45944  -1.33270   0.02737   0.04690   0.10000  9
  -1.44042   0.48354   0.00883  -0.00876   0.10000 10
  -0.18281  -0.75661   0.00224   0.01239   0.10000 11
   1.79729  -0.32203  -0.01199   0.00684   0.10000 12
  -0.10156  -1.12044  -0.02253   0.05749   0.10000 13
   1.24772   0.31457   0.00418   0.03926   0.10000 14
   0.82956  -0.92714  -0.00572  -0.03779   0.10000 15
   0.02900  -0.72033  -0.07010  -0.00520   0.10000 16
  -0.18591  -0.11898  -0.05088   0.01522   0.10000 17
   0.07336   0.90610  -0.00734  -0.01490   0.10000 18
  -1.65778  -0.32677   0.01268   0.00422   0.10000 19
  -0.33111  -0.03550   0.02851  -0.00866   0.10000 20
  -0.46647  -0.69606   0.07059   0.04615   0.20000  1
  -0.52132   1.22433   0.01694  -0.02700   0.20000  2
  -0.65861  -0.55483   0.14687  -0.02540   0.20000  3
  -0.39512   0.08817   0.10916  -0.16757   0.20000  4
   0.23185   0.06418  -0.08025  -0.03814   0.20000  5
   1.43201   0.60111  -0.10564  -0.04112   0.20000  6
   1.18566   0.65059   0.06706  -0.07658   0.20000  7
   0.84829  -1.01374  -0.05202   0.11012   0.20000  8
  -0.45532  -1.32563   0.05507   0.09470   0.20000  9
  -1.43910   0.48222   0.01762  -0.01753   0.20000 10
  -0.18247  -0.75475   0.00471   0.02492   0.20000 11
   1.79549  -0.32100  -0.02398   0.01372   0.20000 12
  -0.10496  -1.11177  -0.04545   0.11623   0.20000 13
   1.24836   0.32051   0.00868   0.08000   0.20000 14
   0.82870  -0.93276  -0.01163  -0.07418   0.20000 15
   0.01841  -0.72112  -0.14225  -0.01063   0.20000 16
  -0.19360  -0.11665  -0.10315   0.03189   0.20000 17
   0.07226   0.90386  -0.01471  -0.02982   0.20000 18
  -1.65588  -0.32614   0.02534   0.00847   0.20000 19
  -0.32684  -0.03683   0.05706  -0.01825   0.20000 20
  -0.45760  -0.69028   0.10715   0.06946   0.30000  1
  -0.51920   1.22096   0.02549  -0.04054   0.30000  2
  -0.64007  -0.55803   0.22454  -0.03887   0.30000  3
  -0.38126   0.06700   0.16873  -0.25667   0.30000  4
   0.22172   0.05939  -0.12257  -0.05785   0.30000  5
   1.41866   0.59592  -0.16203  -0.06304   0.30000  6
   1.19416   0.64091   0.10351  -0.11742   0.30000  7
   0.84181  -1.00018  -0.07733   0.15996   0.30000  8
  -0.44841  -1.31370   0.08341   0.14439   0.30000  9
  -1.43690   0.48003   0.02637  -0.02633   0.30000 10
  -0.18186  -0.75162   0.00758   0.03772   0.30000 11
   1.79249  -0.31929  -0.03598   0.02067   0.30000 12
  -0.11068  -1.09711  -0.06918   0.17762   0.30000 13
   1.24948   0.33067   0.01385   0.12391   0.30000 14
   0.82721  -0.94183  -0.01829  -0.10600   0.30000 15
   0.00041  -0.72247  -0.21858  -0.01648   0.30000 16
  -0.20663  -0.11250  -0.15791   0.05163   0.30000 17
   0.07042   0.90013  -0.02214  -0.04480   0.30000 18
  -1.65271  -0.32508   0.03796   0.01276   0.30000 19
  -0.31971  -0.03922   0.08542  -0.03013   0.30000 20
  -0.44499  -0.68217   0.14540   0.09285   0.40000  1
  -0.51622   1.21622   0.03413  -0.05413   0.40000  2
  -0.61352  -0.56264   0.30762  -0.05337   0.40000  3
  -0.36117   0.03665   0.23415  -0.35120   0.40000  4
   0.20724   0.05258  -0.16769  -0.07849   0.40000  5
   1.39945   0.58844  -0.22291  -0.08686   0.40000  6
   1.20648   0.62699   0.14357  -0.16165   0.40000  7
   0.83289  -0.98212  -0.10061   0.19850   0.40000  8
  -0.43861  -1.29665   0.11274   0.19715   0.40000  9
  -1.43382   0.47695   0.03504  -0.03518   0.40000 10
  -0.18094  -0.74720   0.01074   0.05081   0.40000 11
   1.78830  -0.31687  -0.04800   0.02772   0.40000 12
  -0.11884  -1.07610  -0.09422   0.24335   0.40000 13
   1.25117   0.34547   0.02012   0.17309   0.40000 14
   0.82497  -0.95359  -0.02718  -0.12644   0.40000 15
  -0.02552  -0.72443  -0.30127  -0.02275   0.40000 16
  -0.22526  -0.10616  -0.21508   0.07616   0.40000 17
   0.06783   0.89490  -0.02965  -0.05984   0.40000 18
  -1.64829  -0.32358   0.05054   0.01713   0.40000 19
  -0.30979  -0.04302   0.11255  -0.04685   0.40000 20
  -0.42843  -0.67173   0.18625   0.11577   0.50000  1
  -0.51237   1.21013   0.04290  -0.06780   0.50000  2
  -0.57829  -0.56876   0.39848  -0.06949   0.50000  3
  -0.33425  -0.00336   0.30477  -0.44867   0.50000  4
   0.18805   0.04364  -0.21686  -0.10070   0.50000  5
   1.37388   0.57844  -0.28960  -0.11384   0.50000  6
   1.22303   0.60842   0.18806  -0.21091   0.50000  7
   0.82183  -0.96117  -0.11974   0.21633   0.50000  8
  -0.42582  -1.27412   0.14335   0.25444   0.50000  9
  -1.42989   0.47299   0.04364  -0.04408   0.50000 10
  -0.17973  -0.74146   0.01296   0.06392   0.50000 11
   1.78289  -0.31374  -0.06004   0.03491   0.50000 12
  -0.12959  -1.04822  -0.12122   0.31574   0.50000 13
   1.25356   0.36556   0.02806   0.23039   0.50000 14
   0.82163  -0.96641  -0.04052  -0.12601   0.50000 15
  -0.06011  -0.72702  -0.39184  -0.02895   0.50000 16
  -0.24959  -0.09710  -0.26997   0.10543   0.50000 17
   0.06449   0.88816  -0.03727  -0.07494   0.50000 18
  -1.64261  -0.32165   0.06308   0.02160   0.50000 19
  -0.29733  -0.04891   0.13552  -0.07314   0.50000 20
  -0.40760  -0.65908   0.23124   0.13653   0.60000  1
  -0.50763   1.20266   0.05182  -0.08161   0.60000  2
  -0.53347  -0.57662   0.49990  -0.08821   0.60000  3
  -0.30046  -0.05268   0.36646  -0.53231   0.60000  4
   0.16368   0.03235  -0.27155  -0.12562   0.60000  5
   1.34137   0.56550  -0.36063  -0.14625   0.60000  6
   1.24418   0.58459   0.23483  -0.26668   0.60000  7
   0.80912  -0.93969  -0.13372   0.20961   0.60000  8
  -0.40989  -1.24555   0.17546   0.31828   0.60000  9
  -1.42510   0.46814   0.05217  -0.05306   0.60000 10
  -0.17854  -0.73445   0.00893   0.07595   0.60000 11
   1.77629  -0.30988  -0.07214   0.04229   0.60000 12
  -0.14318  -1.01263  -0.15116   0.39805   0.60000 13
   1.25686   0.39194   0.03836   0.29953   0.60000 14
   0.81667  -0.97794  -0.05949  -0.10076   0.60000 15
  -0.10410  -0.73015  -0.48831  -0.03291   0.60000 16
  -0.27853  -0.08529  -0.30132   0.12651   0.60000 17
   0.06037   0.87991  -0.04504  -0.09007   0.60000 18
  -1.63567  -0.31926   0.07558   0.02618   0.60000 19
  -0.28302  -0.05819   0.14860  -0.11547   0.60000 20
  -0.38196  -0.64464   0.28310   0.15051   0.70000  1
  -0.50200   1.19380   0.06091  -0.09561   0.70000  2
  -0.47786  -0.58655   0.61479  -0.11149   0.70000  3
  -0.26268  -0.10788   0.37910  -0.56075   0.70000  4
   0.13350   0.01836  -0.33340  -0.15532   0.70000  5
   1.30205   0.54887  -0.42117  -0.18842   0.70000  6
   1.26960   0.55490   0.26863  -0.32719   0.70000  7
   0.79521  -0.91985  -0.14397   0.18509   0.70000  8
  -0.39067  -1.21015   0.20905   0.39143   0.70000  9
  -1.41946   0.46238   0.06066  -0.06217   0.70000 10
  -0.17868  -0.72639  -0.01757   0.08443   0.70000 11
   1.76846  -0.30527  -0.08430   0.04992   0.70000 12
  -0.15998  -0.96812  -0.18587   0.49501   0.70000 13
   1.26133   0.42596   0.05144   0.38297   0.70000 14
   0.80958  -0.98595  -0.08292  -0.05722   0.70000 15
  -0.15756  -0.73333  -0.57767  -0.02851   0.70000 16
  -0.30745  -0.07358  -0.26408   0.09648   0.70000 17
   0.05547   0.87015  -0.05298  -0.10516   0.70000 18
  -1.62749  -0.31640   0.08809   0.03091   0.70000 19
  -0.26808  -0.07259   0.14816  -0.17491   0.70000 20
  -0.35062  -0.62958   0.34551   0.14589   0.80000  1
  -0.49544   1.18353   0.07019  -0.10988   0.80000  2
  -0.41003  -0.59920   0.74360  -0.14352   0.80000  3
  -0.22607  -0.16331   0.34967  -0.54483   0.80000  4
   0.09671   0.00102  -0.40393  -0.19327   0.80000  5
   1.25886   0.52743  -0.43108  -0.24039   0.80000  6
   1.29619   0.51947   0.25245  -0.37711   0.80000  7
   0.78037  -0.90294  -0.15271   0.15215   0.80000  8
  -0.36805  -1.16682   0.24345   0.47783   0.80000  9
  -1.41296   0.45570   0.06916  -0.07146   0.80000 10
  -0.18362  -0.71770  -0.08980   0.08922   0.80000 11
   1.75942  -0.29989  -0.09659   0.05784   0.80000 12
  -0.18063  -0.91293  -0.22901   0.61276   0.80000 13
   1.26715   0.46860   0.06418   0.46531   0.80000 14
   0.80000  -0.98909  -0.10902  -0.00449   0.80000 15
  -0.21856  -0.73519  -0.63507  -0.00396   0.80000 16
  -0.32951  -0.06773  -0.17270   0.01573   0.80000 17
   0.04977   0.85888  -0.06114  -0.12013   0.80000 18
  -1.61805  -0.31307   0.10067   0.03581   0.80000 19
  -0.25357  -0.09347   0.14218  -0.24350   0.80000 20
  -0.31256  -0.61680   0.41568   0.10159   0.90000  1
  -0.48795   1.17181   0.07967  -0.12448   0.90000  2
  -0.32916  -0.61589   0.86885  -0.19456   0.90000  3
  -0.19302  -0.21689   0.31054  -0.52849   0.90000  4
   0.05239  -0.02074  -0.48415  -0.24456   0.90000  5
   1.21817   0.50155  -0.37421  -0.27011   0.90000  6
   1.31824   0.48108   0.18341  -0.38088   0.90000  7
   0.76467  -0.88950  -0.16146   0.11659   0.90000  8
  -0.34202  -1.11398   0.27667   0.58259   0.90000  9
  -1.40562   0.44808   0.07770  -0.08098   0.90000 10
  -0.19808  -0.70832  -0.20387   0.10127   0.90000 11
   1.74914  -0.29369  -0.10908   0.06616   0.90000 12
  -0.20625  -0.84468  -0.28597   0.75679   0.90000 13
   1.27369   0.51665   0.06328   0.47875   0.90000 14
   0.78772  -0.98673  -0.13682   0.05202   0.90000 15
  -0.28274  -0.73286  -0.63475   0.05783   0.90000 16
  -0.34168  -0.07090  -0.07045  -0.08027   0.90000 17
   0.04324   0.84613  -0.06956  -0.13488   0.90000 18
  -1.60735  -0.30924   0.11342   0.04089   0.90000 19
  -0.23947  -0.12139   0.14109  -0.31524   0.90000 20
  -0.26794  -0.61084   0.47184   0.01218   1.00000  1
  -0.47950   1.15862   0.08939  -0.13947   1.00000  2
  -0.23908  -0.63882   0.90866  -0.26247   1.00000  3
  -0.16412  -0.26947   0.26619  -0.52593   1.00000  4
  -0.00043  -0.04857  -0.57349  -0.31624   1.00000  5
   1.18478   0.47475  -0.29334  -0.26199   1.00000  6
   1.33268   0.44481   0.10670  -0.34090   1.00000  7
   0.74805  -0.87962  -0.17115   0.08109   1.00000  8
  -0.31288  -1.04951   0.30492   0.71105   1.00000  9
  -1.39742   0.43949   0.08630  -0.09082   1.00000 10
  -0.22452  -0.69651  -0.31799   0.14072   1.00000 11
   1.73759  -0.28664  -0.12189   0.07497   1.00000 12
  -0.23811  -0.76076  -0.34808   0.92310   1.00000 13
   1.27924   0.56146   0.04633   0.40986   1.00000 14
   0.77258  -0.97863  -0.16625   0.11012   1.00000 15
  -0.34142  -0.72257  -0.51742   0.14788   1.00000 16
  -0.34360  -0.08394   0.03202  -0.18126   1.00000 17
   0.03585   0.83192  -0.07827  -0.14927   1.00000 18
  -1.59536  -0.30489   0.12649   0.04613   1.00000 19
  -0.22505  -0.15658   0.14904  -0.38876   1.00000 20
  -0.22002  -0.61455   0.47245  -0.07938   1.10000  1
  -0.47007   1.14390   0.09935  -0.15491   1.10000  2
  -0.15334  -0.66610   0.78326  -0.26413   1.10000  3
  -0.14018  -0.32264   0.20963  -0.54045   1.10000  4
  -0.06248  -0.08494  -0.66788  -0.41665   1.10000  5
   1.15919   0.44944  -0.22046  -0.24410   1.10000  6
   1.33998   0.41302   0.04119  -0.29555   1.10000  7
   0.73038  -0.87323  -0.18255   0.04716   1.10000  8
  -0.28132  -0.97085   0.32491   0.86697   1.10000  9
  -1.38836   0.42990   0.09500  -0.10111   1.10000 10
  -0.25849  -0.67919  -0.34349   0.20895   1.10000 11
   1.72474  -0.27868  -0.13520   0.08438   1.10000 12
  -0.27340  -0.66171  -0.33931   1.03498   1.10000 13
   1.28288   0.59818   0.02651   0.32490   1.10000 14
   0.75440  -0.96469  -0.19785   0.16887   1.10000 15
  -0.38346  -0.70391  -0.31846   0.22363   1.10000 16
  -0.33524  -0.10735   0.13572  -0.28831   1.10000 17
   0.02757   0.81630  -0.08731  -0.16312   1.10000 18
  -1.58204  -0.30000   0.14009   0.05155   1.10000 19
  -0.20941  -0.19919   0.16438  -0.46367   1.10000 20
  -0.17621  -0.62374   0.39677  -0.08946   1.20000  1
  -0.45962   1.12762   0.10958  -0.17088   1.20000  2
  -0.08389  -0.68861   0.60699  -0.17953   1.20000  3
  -0.12306  -0.37819   0.12703  -0.57349   1.20000  4
  -0.13383  -0.13312  -0.75638  -0.55331   1.20000  5
   1.14034   0.42585  -0.15811  -0.22839   1.20000  6
   1.34122   0.38547  -0.01514  -0.25671   1.20000  7
   0.71145  -0.87008  -0.19656   0.01678   1.20000  8
  -0.24814  -0.87512   0.33784   1.05261   1.20000  9
  -1.37842   0.41925   0.10387  -0.11199   1.20000 10
  -0.29066  -0.65433  -0.29228   0.28840   1.20000 11
   1.71053  -0.26974  -0.14913   0.09447   1.20000 12
  -0.30326  -0.55900  -0.25188   1.00394   1.20000 13
   1.28461   0.62671   0.00841   0.24746   1.20000 14
   0.73292  -0.94488  -0.23236   0.22688   1.20000 15
  -0.40504  -0.67774  -0.11405   0.30102   1.20000 16
  -0.31631  -0.14202   0.24395  -0.40829   1.20000 17
   0.01837   0.79932  -0.09672  -0.17626   1.20000 18
  -1.56732  -0.29457   0.15445   0.05717   1.20000 19
  -0.19233  -0.24936   0.17372  -0.54043   1.20000 20
  -0.14088  -0.63053   0.30995  -0.04066   1.30000  1
  -0.44814   1.10971   0.12010  -0.18747   1.30000  2
  -0.03162  -0.70145   0.43848  -0.07429   1.30000  3
  -0.11606  -0.43770   0.00709  -0.61667   1.30000  4
  -0.21273  -0.19678  -0.81303  -0.72413   1.30000  5
   1.12733   0.40364  -0.10289  -0.21640   1.30000  6
   1.33714   0.36146  -0.06588  -0.22442   1.30000  7
   0.69094  -0.86962  -0.21451  -0.00569   1.30000  8
  -0.21384  -0.75948   0.34811   1.26233   1.30000  9
  -1.36758   0.40748   0.11301  -0.12361   1.30000 10
  -0.31586  -0.62170  -0.20631   0.36374   1.30000 11
   1.69489  -0.25975  -0.16385   0.10537   1.30000 12
  -0.32300  -0.46166  -0.13778   0.94458   1.30000 13
   1.28463   0.64797  -0.00771   0.17896   1.30000 14
   0.70782  -0.91945  -0.27019   0.28047   1.30000 15
  -0.40638  -0.64340   0.08772   0.38802   1.30000 16
  -0.28636  -0.18992   0.35295  -0.55645   1.30000 17
   0.00822   0.78107  -0.10651  -0.18857   1.30000 18
  -1.55112  -0.28856   0.16972   0.06308   1.30000 19
  -0.17604  -0.30762   0.14154  -0.62817   1.30000 20
  -0.11457  -0.63049   0.21309   0.05356   1.40000  1
  -0.43559   1.09010   0.13095  -0.20485   1.40000  2
   0.00368  -0.70254   0.26745   0.05794   1.40000  3
  -0.12235  -0.50132  -0.13370  -0.65402   1.40000  4
  -0.29358  -0.27850  -0.78429  -0.91267   1.40000  5
   1.11962   0.38245  -0.05176  -0.20779   1.40000  6
   1.32815   0.34042  -0.11367  -0.19711   1.40000  7
   0.66835  -0.87068  -0.23845  -0.01194   1.40000  8
  -0.17862  -0.62320   0.35384   1.45326   1.40000  9
  -1.35580   0.39450   0.12252  -0.13610   1.40000 10
  -0.33059  -0.58121  -0.08044   0.45032   1.40000 11
   1.67773  -0.24864  -0.17949   0.11717   1.40000 12
  -0.32956  -0.36993   0.01258   0.88704   1.40000 13
   1.28312   0.66273  -0.02234   0.11728   1.40000 14
   0.67879  -0.88918  -0.31072   0.32211   1.40000 15
  -0.38725  -0.59952   0.29669   0.49361   1.40000 16
  -0.24764  -0.25517   0.40297  -0.75862   1.40000 17
  -0.00294   0.76163  -0.11671  -0.20006   1.40000 18
  -1.53334  -0.28194   0.18602   0.06938   1.40000 19
  -0.16626  -0.37581   0.04547  -0.73852   1.40000 20
  -0.09860  -0.61690   0.10449   0.22570   1.50000  1
  -0.42194   1.06870   0.14224  -0.22329   1.50000  2
   0.02196  -0.68908   0.09771   0.21255   1.50000  3
  -0.14222  -0.56628  -0.25283  -0.61510   1.50000  4
  -0.36540  -0.37848  -0.63014  -1.07172   1.50000  5
   1.11692   0.36198  -0.00238  -0.20205   1.50000  6
   1.31444   0.32192  -0.16044  -0.17333   1.50000  7
   0.64297  -0.87115  -0.27082   0.00723   1.50000  8
  -0.14505  -0.47277   0.29540   1.52118   1.50000  9
  -1.34306   0.38022   0.13243  -0.14955   1.50000 10
  -0.33041  -0.53071   0.09062   0.56216   1.50000 11
   1.65896  -0.23629  -0.19623   0.13002   1.50000 12
  -0.32064  -0.28770   0.15553   0.72563   1.50000 13
   1.28019   0.67158  -0.03595   0.06027   1.50000 14
   0.64564  -0.85572  -0.35232   0.34325   1.50000 15
  -0.34676  -0.54377   0.51302   0.62469   1.50000 16
  -0.20918  -0.34270   0.35848  -0.99110   1.50000 17
  -0.01514   0.74108  -0.12738  -0.21104   1.50000 18
  -1.51388  -0.27467   0.20336   0.07616   1.50000 19
  -0.16745  -0.45557  -0.06479  -0.85167   1.50000 20
  -0.09478  -0.58607  -0.03549   0.38038   1.60000  1
  -0.40713   1.04539   0.15413  -0.24325   1.60000  2
   0.02279  -0.66022  -0.08484   0.36210   1.60000  3
  -0.17008  -0.61915  -0.29131  -0.42579   1.60000  4
  -0.41584  -0.48971  -0.36744  -1.12875   1.60000  5
   1.11915   0.34196   0.04700  -0.19878   1.60000  6
   1.29604   0.30568  -0.20776  -0.15187   1.60000  7
   0.61387  -0.86835  -0.31257   0.05258   1.60000  8
  -0.12334  -0.32730   0.13863   1.36014   1.60000  9
  -1.32930   0.36456   0.14276  -0.16390   1.60000 10
  -0.31188  -0.47034   0.27925   0.62201   1.60000 11
   1.63845  -0.22259  -0.21426   0.14409   1.60000 12
  -0.30030  -0.22751   0.24636   0.48081   1.60000 13
   1.27595   0.67489  -0.04893   0.00621   1.60000 14
   0.60832  -0.82125  -0.39424   0.34317   1.60000 15
  -0.28582  -0.47598   0.69397   0.70530   1.60000 16
  -0.17586  -0.45165   0.30425  -1.16724   1.60000 17
  -0.02844   0.71942  -0.13866  -0.22220   1.60000 18
  -1.49264  -0.26669   0.22158   0.08344   1.60000 19
  -0.17780  -0.54138  -0.13243  -0.83844   1.60000 20
  -0.10666  -0.54399  -0.19844   0.43959   1.70000  1
  -0.39109   1.01998   0.16680  -0.26536   1.70000  2
   0.00396  -0.61746  -0.29729   0.48646   1.70000  3
  -0.19807  -0.64967  -0.25719  -0.18623   1.70000  4
  -0.43948  -0.59978  -0.11587  -1.06456   1.70000  5
   1.12637   0.32215   0.09759  -0.19768   1.70000  6
   1.27283   0.29151  -0.25663  -0.13176   1.70000  7
   0.58018  -0.86005  -0.36259   0.11550   1.70000  8
  -0.11534  -0.20142   0.02849   1.16402   1.70000  9
  -1.31450   0.34742   0.15344  -0.17906   1.70000 10
  -0.27518  -0.41159   0.44925   0.54003   1.70000 11
   1.61606  -0.20742  -0.23380   0.15960   1.70000 12
  -0.27160  -0.19017   0.32842   0.27313   1.70000 13
   1.27042   0.67287  -0.06163  -0.04632   1.70000 14
   0.56673  -0.78752  -0.43794   0.33004   1.70000 15
  -0.21122  -0.40933   0.77843   0.60932   1.70000 16
  -0.14886  -0.57119   0.24126  -1.19724   1.70000 17
  -0.04290   0.69660  -0.15067  -0.23461   1.70000 18
  -1.46954  -0.25796   0.24037   0.09127   1.70000 19
  -0.19076  -0.61928  -0.11201  -0.70614   1.70000 20
  -0.13176  -0.50172  -0.28594   0.40296   1.80000  1
  -0.37373   0.99222   0.18044  -0.29034   1.80000  2
  -0.03708  -0.56512  -0.51740   0.54750   1.80000  3
  -0.21959  -0.65886  -0.16711  -0.01672   1.80000  4
  -0.44073  -0.70228   0.08498  -0.98393   1.80000  5
   1.13870   0.30236   0.14891  -0.19831   1.80000  6
   1.24468   0.27930  -0.30639  -0.11241   1.80000  7
   0.54112  -0.84496  -0.41989   0.18710   1.80000  8
  -0.11653  -0.09368  -0.04611   0.99214   1.80000  9
  -1.29860   0.32872   0.16450  -0.19499   1.80000 10
  -0.22339  -0.36255   0.58003   0.44313   1.80000 11
   1.59163  -0.19061  -0.25513   0.17682   1.80000 12
  -0.23440  -0.17154   0.41558   0.10568   1.80000 13
   1.26362   0.66563  -0.07431  -0.09846   1.80000 14
   0.52060  -0.75541  -0.48551   0.31194   1.80000 15
  -0.13372  -0.35460   0.75746   0.48784   1.80000 16
  -0.12743  -0.68561   0.18014  -1.06987   1.80000 17
  -0.05859   0.67242  -0.16335  -0.24938   1.80000 18
  -1.44455  -0.24841   0.25947   0.09980   1.80000 19
  -0.19887  -0.68160  -0.05037  -0.54051   1.80000 20
  -0.16069  -0.46262  -0.27919   0.38325   1.90000  1
  -0.35496   0.96179   0.19517  -0.31900   1.90000  2
  -0.09692  -0.50907  -0.66302   0.57487   1.90000  3
  -0.23119  -0.65631  -0.06658   0.05749   1.90000  4
  -0.42356  -0.79607   0.25289  -0.88902   1.90000  5
   1.15598   0.28248   0.19455  -0.19930   1.90000  6
   1.21173   0.26898  -0.35035  -0.09441   1.90000  7
   0.49595  -0.82251  -0.48484   0.26233   1.90000  8
  -0.12320  -0.00274  -0.08035   0.82927   1.90000  9
  -1.28158   0.30839   0.17597  -0.21183   1.90000 10
  -0.16063  -0.32266   0.66572   0.35525   1.90000 11
   1.56496  -0.17199  -0.27862   0.19609   1.90000 12
  -0.18884  -0.16814   0.49275  -0.03583   1.90000 13
   1.25555   0.65316  -0.08716  -0.15119   1.90000 14
   0.46945  -0.72516  -0.53846   0.29307   1.90000 15
  -0.06226  -0.31119   0.66076   0.38405   1.90000 16
  -0.11379  -0.78337   0.09274  -0.88608   1.90000 17
  -0.07558   0.64661  -0.17648  -0.26751   1.90000 18
  -1.41764  -0.23797   0.27888   0.10932   1.90000 19
  -0.20141  -0.72793  -0.00439  -0.39079   1.90000 20
  -0.18552  -0.42462  -0.21112   0.37780   2.00000  1
  -0.33466   0.92827   0.21100  -0.35229   2.00000  2
  -0.16588  -0.44975  -0.69534   0.61086   2.00000  3
  -0.23344  -0.64841   0.01853   0.09817   2.00000  4
  -0.39122  -0.87966   0.38905  -0.78165   2.00000  5
   1.17677   0.26262   0.21518  -0.19689   2.00000  6
   1.17545   0.26026  -0.36888  -0.08124   2.00000  7
   0.44384  -0.79245  -0.55886   0.33901   2.00000  8
  -0.13146   0.07302  -0.08098   0.69107   2.00000  9
  -1.26339   0.28631   0.18797  -0.22989   2.00000 10
  -0.09270  -0.29126   0.67981   0.27646   2.00000 11
   1.53581  -0.15131  -0.30476   0.21794   2.00000 12
  -0.13650  -0.17884   0.55061  -0.18010   2.00000 13
   1.24618   0.63535  -0.10034  -0.20534   2.00000 14
   0.41270  -0.69673  -0.59748   0.27596   2.00000 15
  -0.00321  -0.27688   0.51539   0.30677   2.00000 16
  -0.10835  -0.86358   0.01951  -0.72234   2.00000 17
  -0.09389   0.61878  -0.18959  -0.28979   2.00000 18
  -1.38876  -0.22651   0.29882   0.12016   2.00000 19
  -0.20044  -0.76090   0.02148  -0.27465   2.00000 20
  -0.20251  -0.38690  -0.12941   0.37743   2.10000  1
  -0.31273   0.89114   0.22774  -0.39133   2.10000  2
  -0.23202  -0.38773  -0.61157   0.62341   2.10000  3
  -0.22807  -0.63689   0.08674   0.13159   2.10000  4
  -0.34662  -0.95229   0.49949  -0.67077   2.10000  5
   1.19760   0.24334   0.19532  -0.18770   2.10000  6
   1.13939   0.25244  -0.34616  -0.07644   2.10000  7
   0.38381  -0.75468  -0.64373   0.41639   2.10000  8
  -0.13892   0.13659  -0.06696   0.58578   2.10000  9
  -1.24396   0.26235   0.20070  -0.24961   2.10000 10
  -0.02681  -0.26620   0.63131   0.22987   2.10000 11
   1.50390  -0.12829  -0.33418   0.24319   2.10000 12
  -0.07944  -0.20431   0.58674  -0.32647   2.10000 13
   1.23547   0.61202  -0.11391  -0.26161   2.10000 14
   0.34974  -0.66980  -0.66277   0.26401   2.10000 15
   0.04045  -0.24912   0.35812   0.24989   2.10000 16
  -0.10930  -0.92858  -0.03623  -0.58097   2.10000 17
  -0.11348   0.58849  -0.20200  -0.31693   2.10000 18
  -1.35784  -0.21388   0.31972   0.13270   2.10000 19
  -0.19732  -0.78401   0.04105  -0.19245   2.10000 20
  -0.21165  -0.34907  -0.05396   0.37843   2.20000  1
  -0.28910   0.84976   0.24491  -0.43757   2.20000  2
  -0.28615  -0.32637  -0.46638   0.59847   2.20000  3
  -0.21637  -0.62221   0.14686   0.16145   2.20000  4
  -0.29187  -1.01381   0.59334  -0.55957   2.20000  5
   1.21506   0.22519   0.15195  -0.17500   2.20000  6
   1.10704   0.24479  -0.29870  -0.07725   2.20000  7
   0.31468  -0.70916  -0.74103   0.49419   2.20000  8
  -0.14478   0.19116  -0.05042   0.51015   2.20000  9
  -1.22322   0.23632   0.21441  -0.27152   2.20000 10
   0.03287  -0.24488   0.56026   0.19461   2.20000 11
   1.46884  -0.10252  -0.36769   0.27303   2.20000 12
  -0.01982  -0.24259   0.60299  -0.42674   2.20000 13
   1.22338   0.58293  -0.12797  -0.32081   2.20000 14
   0.27994  -0.64357  -0.73419   0.26310   2.20000 15
   0.06879  -0.22708   0.21226   0.18757   2.20000 16
  -0.11530  -0.98032  -0.08301  -0.45623   2.20000 17
  -0.13423   0.55520  -0.21273  -0.34992   2.20000 18
  -1.32477  -0.19989   0.34207   0.14745   2.20000 19
  -0.19201  -0.80018   0.06703  -0.13381   2.20000 20
  -0.21336  -0.31159   0.01944   0.36885   2.30000  1
  -0.26376   0.80333   0.26162  -0.49281   2.30000  2
  -0.32518  -0.26871  -0.31576   0.55309   2.30000  3
  -0.19858  -0.60464   0.21027   0.19013   2.30000  4
  -0.22835  -1.06409   0.67438  -0.44470   2.30000  5
   1.22788   0.20830   0.10462  -0.16339   2.30000  6
   1.07983   0.23694  -0.24522  -0.07974   2.30000  7
   0.23518  -0.65583  -0.85084   0.57236   2.30000  8
  -0.14910   0.23946  -0.03669   0.45979   2.30000  9
  -1.20104   0.20795   0.22942  -0.29633   2.30000 10
   0.08491  -0.22823   0.47871   0.13279   2.30000 11
   1.43019  -0.07347  -0.40636   0.30916   2.30000 12
   0.04057  -0.28682   0.60054  -0.44595   2.30000 13
   1.20986   0.54772  -0.14258  -0.38411   2.30000 14
   0.20274  -0.61650  -0.81053   0.28278   2.30000 15
   0.08412  -0.21261   0.10277   0.09672   2.30000 16
  -0.12578  -1.02035  -0.12558  -0.34737   2.30000 17
  -0.15591   0.51825  -0.22000  -0.39059   2.30000 18
  -1.28936  -0.18430   0.36637   0.16506   2.30000 19
  -0.18349  -0.81112   0.10542  -0.08573   2.30000 20
  -0.20781  -0.27576   0.09148   0.34565   2.40000  1
  -0.23684   0.75083   0.27645  -0.55923   2.40000  2
  -0.34976  -0.21584  -0.17827   0.50440   2.40000  3
  -0.17384  -0.58412   0.28802   0.22090   2.40000  4
  -0.15791  -1.10240   0.72646  -0.31978   2.40000  5
   1.23607   0.19240   0.05979  -0.15538   2.40000  6
   1.05801   0.22884  -0.19102  -0.08228   2.40000  7
   0.14429  -0.59462  -0.96641   0.65246   2.40000  8
  -0.15232   0.28389  -0.02927   0.43267   2.40000  9
  -1.17728   0.17693   0.24606  -0.32489   2.40000 10
   0.12817  -0.21930   0.38374   0.04218   2.40000 11
   1.38735  -0.04040  -0.45160   0.35406   2.40000 12
   0.09915  -0.33049   0.56416  -0.42700   2.40000 13
   1.19484   0.50591  -0.15780  -0.45323   2.40000 14
   0.11784  -0.58591  -0.88622   0.33534   2.40000 15
   0.09114  -0.20851   0.04531  -0.01659   2.40000 16
  -0.13983  -1.05048  -0.14911  -0.25869   2.40000 17
  -0.17801   0.47674  -0.22025  -0.44165   2.40000 18
  -1.25141  -0.16676   0.39320   0.18643   2.40000 19
  -0.17053  -0.81725   0.15528  -0.03535   2.40000 20
  -0.19504  -0.24292   0.16420   0.30845   2.50000  1
  -0.20860   0.69102   0.28744  -0.63953   2.50000  2
  -0.36123  -0.16777  -0.05271   0.45719   2.50000  3
  -0.14006  -0.56017   0.39284   0.26118   2.50000  4
  -0.08522  -1.12798   0.71708  -0.19367   2.50000  5
   1.23993   0.17704   0.01759  -0.15270   2.50000  6
   1.04169   0.22050  -0.13488  -0.08450   2.50000  7
   0.04266  -0.52530  -1.05800   0.73107   2.50000  8
  -0.15536   0.32669  -0.03421   0.42554   2.50000  9
  -1.15176   0.14281   0.26469  -0.35840   2.50000 10
   0.16099  -0.22021   0.26893  -0.06088   2.50000 11
   1.33959  -0.00225  -0.50499   0.41129   2.50000 12
   0.15146  -0.37270   0.46955  -0.41720   2.50000 13
   1.17828   0.45680  -0.17357  -0.53058   2.50000 14
   0.02609  -0.54828  -0.94402   0.42047   2.50000 15
   0.09417  -0.21600   0.01706  -0.13271   2.50000 16
  -0.15382  -1.07255  -0.12231  -0.18333   2.50000 17
  -0.19949   0.42954  -0.20598  -0.50324   2.50000 18
  -1.21062  -0.14684   0.42322   0.21277   2.50000 19
  -0.15233  -0.81772   0.20806   0.02876   2.50000 20
  -0.17491  -0.21476   0.23792   0.25022   2.60000  1
  -0.17955   0.62233   0.29224  -0.73761   2.60000  2
  -0.36055  -0.12441   0.06544   0.40971   2.60000  3
  -0.09468  -0.53063   0.50595   0.33980   2.60000  4
  -0.01580  -1.14181   0.66834  -0.08656   2.60000  5
   1.23955   0.16164  -0.02618  -0.15616   2.60000  6
   1.03124   0.21195  -0.07268  -0.08649   2.60000  7
  -0.06507  -0.45009  -1.08235   0.76181   2.60000  8
  -0.15989   0.36896  -0.05966   0.41579   2.60000  9
  -1.12426   0.10503   0.28585  -0.39847   2.60000 10
   0.18123  -0.23129   0.13297  -0.15848   2.60000 11
   1.28606   0.04241  -0.56691   0.48486   2.60000 12
   0.19089  -0.41282   0.31454  -0.37726   2.60000 13
   1.16012   0.39941  -0.18950  -0.61950   2.60000 14
  -0.06977  -0.50186  -0.96262   0.50526   2.60000 15
   0.09433  -0.23479  -0.01723  -0.24053   2.60000 16
  -0.16331  -1.08704  -0.06585  -0.10594   2.60000 17
  -0.21834   0.37636  -0.16688  -0.55532   2.60000 18
  -1.16663  -0.12398   0.45725   0.24571   2.60000 19
  -0.12932  -0.81093   0.24935   0.10917   2.60000 20
  -0.14788  -0.19390   0.29777   0.16234   2.70000  1
  -0.15051   0.54272   0.28565  -0.85838   2.70000  2
  -0.34828  -0.08599   0.17910   0.35731   2.70000  3
  -0.04339  -0.49067   0.50238   0.45938   2.70000  4
   0.04829  -1.14594   0.61389   0.00135   2.70000  5
   1.23417   0.14585  -0.08657  -0.15690   2.70000  6
   1.02757   0.20318   0.00226  -0.08907   2.70000  7
  -0.17033  -0.37430  -1.00895   0.75458   2.70000  8
  -0.16747   0.40858  -0.08962   0.37177   2.70000  9
  -1.09447   0.06284   0.31059  -0.44675   2.70000 10
   0.18716  -0.25135  -0.01565  -0.24017   2.70000 11
   1.22615   0.09518  -0.63010   0.57063   2.70000 12
   0.21449  -0.44702   0.15918  -0.30374   2.70000 13
   1.14041   0.33238  -0.20448  -0.72416   2.70000 14
  -0.16302  -0.44754  -0.88834   0.58303   2.70000 15
   0.08994  -0.26331  -0.07366  -0.32493   2.70000 16
  -0.16701  -1.09373  -0.00900  -0.02817   2.70000 17
  -0.23238   0.31988  -0.11402  -0.56956   2.70000 18
  -1.11900  -0.09743   0.49611   0.28668   2.70000 19
  -0.10306  -0.79572   0.27347   0.19479   2.70000 20
  -0.11686  -0.18269   0.31516   0.06352   2.80000  1
  -0.12341   0.45040   0.24991  -0.98307   2.80000  2
  -0.32495  -0.05330   0.28565   0.29446   2.80000  3
   0.00545  -0.43933   0.47957   0.56582   2.80000  4
   0.10712  -1.14195   0.56356   0.07682   2.80000  5
   1.22075   0.13156  -0.18936  -0.12054   2.80000  6
   1.03240   0.19404   0.09809  -0.09464   2.80000  7
  -0.26540  -0.29860  -0.88897   0.76052   2.80000  8
  -0.17670   0.44256  -0.08813   0.30032   2.80000  9
  -1.06192   0.01547   0.34217  -0.50022   2.80000 10
   0.17795  -0.27892  -0.16920  -0.30993   2.80000 11
   1.16053   0.15583  -0.68025   0.63490   2.80000 12
   0.22299  -0.47317   0.01131  -0.21720   2.80000 13
   1.11936   0.25403  -0.21539  -0.84311   2.80000 14
  -0.24642  -0.38462  -0.77908   0.67745   2.80000 15
   0.07930  -0.29875  -0.13903  -0.37930   2.80000 16
  -0.16531  -1.09279   0.04205   0.04627   2.80000 17
  -0.24137   0.26246  -0.06662  -0.58236   2.80000 18
  -1.06726  -0.06646   0.53925   0.33212   2.80000 19
  -0.07490  -0.77206   0.28932   0.27816   2.80000 20
  -0.08576  -0.18043   0.30576  -0.01458   2.90000  1
  -0.10150   0.34786   0.18678  -1.06348   2.90000  2
  -0.29182  -0.02744   0.37191   0.22236   2.90000  3
   0.05348  -0.37774   0.48142   0.66076   2.90000  4
   0.16117  -1.13080   0.51808   0.14540   2.90000  5
   1.19524   0.12290  -0.32368  -0.05183   2.90000  6
   1.04759   0.18403   0.20160  -0.10669   2.90000  7
  -0.34789  -0.22220  -0.76049   0.76741   2.90000  8
  -0.18426   0.46655  -0.06307   0.17325   2.90000  9
  -1.02550  -0.03648   0.38999  -0.53062   2.90000 10
   0.15314  -0.31313  -0.32779  -0.37231   2.90000 11
   1.09049   0.21937  -0.71379   0.61303   2.90000 12
   0.21677  -0.48999  -0.13548  -0.11659   2.90000 13
   1.09743   0.16555  -0.22393  -0.90369   2.90000 14
  -0.31896  -0.31192  -0.67279   0.77633   2.90000 15
   0.06261  -0.33831  -0.18878  -0.40504   2.90000 16
  -0.15877  -1.08459   0.08803   0.11724   2.90000 17
  -0.24579   0.20229  -0.02170  -0.62800   2.90000 18
  -1.01119  -0.03179   0.58140   0.35300   2.90000 19
  -0.04514  -0.74002   0.30652   0.36406   2.90000 20
  -0.05552  -0.18503   0.30079  -0.07543   3.00000  1
  -0.08612   0.23727   0.11963  -1.15378   3.00000  2
  -0.25181  -0.00843   0.42218   0.16253   3.00000  3
   0.10022  -0.31011   0.43761   0.66923   3.00000  4
   0.21085  -1.11297   0.47577   0.21080   3.00000  5
   1.15586   0.12048  -0.46208  -0.00293   3.00000  6
   1.07044   0.17233   0.24126  -0.13076   3.00000  7
  -0.41739  -0.14520  -0.62873   0.77122   3.00000  8
  -0.18973   0.47713  -0.04827   0.04031   3.00000  9
  -0.98318  -0.08866   0.45916  -0.50588   3.00000 10
   0.11280  -0.35228  -0.47018  -0.39886   3.00000 11
   1.01988   0.27464  -0.69059   0.48832   3.00000 12
   0.19596  -0.49598  -0.28036  -0.00164   3.00000 13
   1.07472   0.07810  -0.22707  -0.83181   3.00000 14
  -0.38125  -0.22947  -0.57432   0.87186   3.00000 15
   0.04353  -0.37736  -0.18252  -0.36289   3.00000 16
  -0.14782  -1.06940   0.13039   0.18656   3.00000 17
  -0.24567   0.13538   0.02440  -0.71763   3.00000 18
  -0.95100   0.00208   0.62376   0.31668   3.00000 19
  -0.01340  -0.69879   0.32916   0.46408   3.00000 20
  -0.02532  -0.19518   0.30339  -0.12586   3.10000  1
  -0.07811   0.11591   0.03672  -1.27869   3.10000  2
  -0.20838   0.00603   0.44274   0.12846   3.10000  3
   0.13795  -0.24681   0.30795   0.59441   3.10000  4
   0.25636  -1.08867   0.43444   0.27509   3.10000  5
   1.10400   0.12114  -0.56518   0.01174   3.10000  6
   1.09369   0.15716   0.21509  -0.17465   3.10000  7
  -0.47358  -0.06846  -0.49536   0.75965   3.10000  8
  -0.19420   0.47506  -0.04217  -0.07980   3.10000  9
  -0.93322  -0.13699   0.54198  -0.45972   3.10000 10
   0.06185  -0.39069  -0.53621  -0.36488   3.10000 11
   0.95289   0.31761  -0.65031   0.37585   3.10000 12
   0.16067  -0.49028  -0.42637   0.11456   3.10000 13
   1.05224   0.00041  -0.22403  -0.72085   3.10000 14
  -0.43396  -0.13786  -0.48000   0.95729   3.10000 15
   0.02713  -0.40979  -0.14405  -0.28611   3.10000 16
  -0.13278  -1.04724   0.17008   0.25702   3.10000 17
  -0.24081   0.05769   0.07385  -0.83666   3.10000 18
  -0.88587   0.03086   0.68283   0.25811   3.10000 19
   0.02080  -0.64617   0.35461   0.59504   3.10000 20
   0.00480  -0.20981   0.29492  -0.16463   3.20000  1
  -0.07935  -0.01866  -0.05894  -1.40607   3.20000  2
  -0.16364   0.01591   0.45079   0.05384   3.20000  3
   0.16084  -0.19091   0.14655   0.52466   3.20000  4
   0.29770  -1.05796   0.39217   0.33905   3.20000  5
   1.04520   0.12211  -0.60022   0.00470   3.20000  6
   1.11167   0.13752   0.13698  -0.21586   3.20000  7
  -0.51683   0.00570  -0.37386   0.71825   3.20000  8
  -0.19834   0.46142  -0.04156  -0.19218   3.20000  9
  -0.87439  -0.18046   0.63639  -0.40849   3.20000 10
   0.00787  -0.42502  -0.53040  -0.32002   3.20000 11
   0.88940   0.35059  -0.62168   0.28662   3.20000 12
   0.11044  -0.47354  -0.57808   0.21710   3.20000 13
   1.02944  -0.06637  -0.23428  -0.61763   3.20000 14
  -0.47729  -0.03927  -0.38872   1.00443   3.20000 15
   0.01468  -0.43496  -0.10595  -0.21864   3.20000 16
  -0.11389  -1.01785   0.20722   0.33195   3.20000 17
  -0.23040  -0.03031   0.13849  -0.91019   3.20000 18
  -0.81352   0.05369   0.76952   0.19860   3.20000 19
   0.05695  -0.57811   0.36065   0.77451   3.20000 20
   0.03228  -0.22795   0.24542  -0.20075   3.30000  1
  -0.08744  -0.16312  -0.08502  -1.47464   3.30000  2
  -0.11874   0.01376   0.44486  -0.10366   3.30000  3
   0.16673  -0.14225  -0.02964   0.44337   3.30000  4
   0.33472  -1.02087   0.34763   0.40278   3.30000  5
   0.98522   0.12161  -0.59702  -0.01603   3.30000  6
   1.12029   0.11452   0.03470  -0.24208   3.30000  7
  -0.54957   0.07447  -0.28752   0.65584   3.30000  8
  -0.20268   0.43669  -0.04620  -0.30256   3.30000  9
  -0.80573  -0.21840   0.73713  -0.34908   3.30000 10
  -0.04134  -0.45356  -0.44153  -0.23950   3.30000 11
   0.82812   0.37535  -0.60580   0.21017   3.30000 12
   0.04596  -0.44741  -0.69993   0.30530   3.30000 13
   1.00500  -0.12375  -0.25610  -0.53281   3.30000 14
  -0.51293   0.06074  -0.33259   0.98600   3.30000 15
   0.00572  -0.45316  -0.07581  -0.13740   3.30000 16
  -0.09145  -0.98057   0.24087   0.41549   3.30000 17
  -0.21193  -0.12249   0.23793  -0.93231   3.30000 18
  -0.73071   0.07068   0.89359   0.14284   3.30000 19
   0.08983  -0.49058   0.27502   0.96903   3.30000 20
   0.05208  -0.25128   0.14414  -0.27366   3.40000  1
  -0.09305  -0.31265  -0.01356  -1.51250   3.40000  2
  -0.07466  -0.00486   0.43890  -0.26762   3.40000  3
   0.15527  -0.10349  -0.19578   0.32660   3.40000  4
   0.36712  -0.97741   0.29972   0.46662   3.40000  5
   0.92581   0.11879  -0.59235  -0.04076   3.40000  6
   1.11878   0.08936  -0.06338  -0.26035   3.40000  7
  -0.57539   0.13681  -0.23003   0.59016   3.40000  8
  -0.20781   0.40086  -0.05772  -0.41424   3.40000  9
  -0.72697  -0.25017   0.83824  -0.28682   3.40000 10
  -0.07926  -0.47002  -0.31791  -0.07588   3.40000 11
   0.76791   0.39283  -0.60000   0.13994   3.40000 12
  -0.02638  -0.41198  -0.73295   0.40555   3.40000 13
   0.97797  -0.17344  -0.28541  -0.46332   3.40000 14
  -0.54526   0.15626  -0.31674   0.91518   3.40000 15
  -0.00185  -0.45974  -0.08796   0.01997   3.40000 16
  -0.06590  -0.93429   0.26893   0.51297   3.40000 17
  -0.18145  -0.21772   0.37761  -0.97956   3.40000 18
  -0.63366   0.08317   1.04719   0.11659   3.40000 19
   0.10807  -0.38733   0.07906   1.08116   3.40000 20
   0.06040  -0.28311   0.01990  -0.35474   3.50000  1
  -0.08881  -0.46248   0.09009  -1.44558   3.50000  2
  -0.03039  -0.03980   0.44932  -0.43253   3.50000  3
   0.12829  -0.07768  -0.34133   0.18658   3.50000  4
   0.39449  -0.92750   0.24675   0.53190   3.50000  5
   0.86644   0.11345  -0.59677  -0.06596   3.50000  6
   1.10792   0.06253  -0.15249  -0.27593   3.50000  7
  -0.59437   0.19231  -0.14066   0.52217   3.50000  8
  -0.21451   0.35377  -0.07769  -0.52795   3.50000  9
  -0.63791  -0.27608   0.94499  -0.23359   3.50000 10
  -0.10554  -0.46688  -0.20910   0.13806   3.50000 11
   0.70785   0.40342  -0.60237   0.07208   3.50000 12
  -0.09827  -0.36757  -0.68903   0.46264   3.50000 13
   0.94773  -0.21677  -0.32034  -0.40459   3.50000 14
  -0.57520   0.24200  -0.27214   0.79535   3.50000 15
  -0.01458  -0.44786  -0.17706   0.21294   3.50000 16
  -0.03796  -0.87727   0.28809   0.63191   3.50000 17
  -0.13531  -0.31975   0.54801  -1.06329   3.50000 18
  -0.52383   0.09610   1.13108   0.14475   3.50000 19
   0.10488  -0.27714  -0.13927   1.10580   3.50000 20
   0.05511  -0.31938  -0.13105  -0.36213   3.60000  1
  -0.07765  -0.59552   0.12668  -1.21101   3.60000  2
   0.01552  -0.09161   0.46736  -0.60225   3.60000  3
   0.08741  -0.06687  -0.47335   0.02507   3.60000  4
   0.41620  -0.87091   0.18578   0.60052   3.60000  5
   0.80609   0.10558  -0.61211  -0.09154   3.60000  6
   1.08851   0.03419  -0.23479  -0.29092   3.60000  7
  -0.60285   0.24228  -0.03032   0.48209   3.60000  8
  -0.22357   0.29513  -0.10401  -0.64622   3.60000  9
  -0.53731  -0.29740   1.07193  -0.19526   3.60000 10
  -0.12073  -0.44470  -0.09045   0.29314   3.60000 11
   0.64720   0.40723  -0.61186   0.00395   3.60000 12
  -0.16040  -0.32306  -0.53934   0.41711   3.60000 13
   0.91374  -0.25461  -0.36029  -0.35339   3.60000 14
  -0.59850   0.31544  -0.19213   0.67549   3.60000 15
  -0.03756  -0.41962  -0.27496   0.33883   3.60000 16
  -0.00879  -0.80675   0.29168   0.78586   3.60000 17
  -0.07420  -0.42755   0.64852  -1.06346   3.60000 18
  -0.40900   0.11099   1.16751   0.14512   3.60000 19
   0.08212  -0.16915  -0.30480   1.04902   3.60000 20
   0.03388  -0.35504  -0.29145  -0.34875   3.70000  1
  -0.06307  -0.70658   0.17140  -1.01521   3.70000  2
   0.06077  -0.15770   0.41581  -0.70030   3.70000  3
   0.03510  -0.07326  -0.56266  -0.14855   3.70000  4
   0.43126  -0.80725   0.11306   0.67359   3.70000  5
   0.74364   0.09510  -0.63873  -0.11843   3.70000  6
   1.06110   0.00434  -0.31308  -0.30638   3.70000  7
  -0.60100   0.28937   0.06410   0.46147   3.70000  8
  -0.23520   0.22399  -0.12495  -0.78055   3.70000  9
  -0.42214  -0.31548   1.24055  -0.16676   3.70000 10
  -0.12308  -0.41038   0.04113   0.38862   3.70000 11
   0.58526   0.40413  -0.62815  -0.06656   3.70000 12
  -0.20565  -0.28401  -0.36778   0.36733   3.70000 13
   0.87549  -0.28764  -0.40571  -0.30802   3.70000 14
  -0.61365   0.37743  -0.11159   0.56557   3.70000 15
  -0.06666  -0.38277  -0.29355   0.39106   3.70000 16
   0.01914  -0.71852   0.25832   0.98110   3.70000 17
  -0.01028  -0.52722   0.61677  -0.92107   3.70000 18
  -0.28934   0.12381   1.22961   0.10558   3.70000 19
   0.04578  -0.06861  -0.41312   0.94624   3.70000 20
  -0.00220  -0.38801  -0.42277  -0.30145   3.80000  1
  -0.04280  -0.79771   0.23002  -0.80613   3.80000  2
   0.09472  -0.22975   0.25263  -0.74138   3.80000  3
  -0.02373  -0.09443  -0.61238  -0.26603   3.80000  4
   0.43832  -0.73606   0.02573   0.75083   3.80000  5
   0.67795   0.08181  -0.67731  -0.14803   3.80000  6
   1.02594  -0.02713  -0.39011  -0.32315   3.80000  7
  -0.59070   0.33467   0.13832   0.44441   3.80000  8
  -0.24632   0.13859  -0.07763  -0.92344   3.80000  9
  -0.28706  -0.33029   1.47022  -0.12303   3.80000 10
  -0.11361  -0.36691   0.14143   0.48083   3.80000 11
   0.52132   0.39377  -0.65180  -0.14152   3.80000 12
  -0.23422  -0.24939  -0.20036   0.32235   3.80000 13
   0.83236  -0.31639  -0.45842  -0.26775   3.80000 14
  -0.62102   0.42877  -0.03669   0.46243   3.80000 15
  -0.09481  -0.34161  -0.26598   0.43106   3.80000 16
   0.04190  -0.61146   0.19883   1.15374   3.80000 17
   0.04845  -0.61284   0.55670  -0.79223   3.80000 18
  -0.16353   0.13033   1.27621   0.00809   3.80000 19
   0.00039   0.01772  -0.49663   0.78040   3.80000 20
  -0.04843  -0.41284  -0.48474  -0.17836   3.90000  1
  -0.01772  -0.86882   0.26998  -0.62217   3.90000  2
   0.10999  -0.30592   0.04836  -0.77934   3.90000  3
  -0.08706  -0.12626  -0.64871  -0.37645   3.90000  4
   0.43589  -0.65700  -0.07690   0.83039   3.90000  5
   0.60772   0.06534  -0.72999  -0.18238   3.90000  6
   0.98301  -0.06036  -0.46897  -0.34200   3.90000  7
  -0.57402   0.37819   0.19209   0.42557   3.90000  8
  -0.24771   0.04010   0.05795  -1.04690   3.90000  9
  -0.12819  -0.33846   1.69047  -0.03429   3.90000 10
  -0.09645  -0.31504   0.19504   0.54743   3.90000 11
   0.45459   0.37558  -0.68474  -0.22403   3.90000 12
  -0.24337  -0.21989   0.03037   0.27183   3.90000 13
   0.78345  -0.34134  -0.52197  -0.23198   3.90000 14
  -0.62112   0.47015   0.03439   0.36634   3.90000 15
  -0.11923  -0.29714  -0.21353   0.45346   3.90000 16
   0.05869  -0.48923   0.12768   1.29444   3.90000 17
   0.10088  -0.68370   0.49397  -0.62296   3.90000 18
  -0.03581   0.12209   1.26683  -0.17972   3.90000 19
  -0.05375   0.08825  -0.57757   0.63112   3.90000 20
  -0.09401  -0.42005  -0.40277   0.04322   4.00000  1
   0.01102  -0.92314   0.30434  -0.46834   4.00000  2
   0.10392  -0.38391  -0.16587  -0.75635   4.00000  3
  -0.15097  -0.17090  -0.61125  -0.51266   4.00000  4
   0.42254  -0.56996  -0.19150   0.91074   4.00000  5
   0.53129   0.04506  -0.80283  -0.22490   4.00000  6
   0.93195  -0.09561  -0.55377  -0.36348   4.00000  7
  -0.55286   0.41972   0.22871   0.40461   4.00000  8
  -0.23359  -0.07155   0.22988  -1.19286   4.00000  9
   0.04271  -0.33746   1.68752   0.04391   4.00000 10
  -0.07479  -0.25943   0.23321   0.55883   4.00000 11
   0.38397   0.34850  -0.72974  -0.32087   4.00000 12
  -0.22706  -0.19380   0.29582   0.25350   4.00000 13
   0.72741  -0.36287  -0.60210  -0.19892   4.00000 14
  -0.61414   0.50228   0.10553   0.27754   4.00000 15
  -0.13438  -0.25112  -0.08507   0.47243   4.00000 16
   0.06520  -0.35191  -0.00290   1.43821   4.00000 17
   0.14784  -0.73827   0.44740  -0.47244   4.00000 18
   0.08665   0.09565   1.17873  -0.34081   4.00000 19
  -0.11137   0.14249  -0.56333   0.44864   4.00000 20
  -0.12782  -0.40402  -0.27702   0.27685   4.10000  1
   0.04304  -0.96311   0.33552  -0.33343   4.10000  2
   0.08125  -0.45133  -0.26251  -0.58391   4.10000  3
  -0.20487  -0.22488  -0.44161  -0.53920   4.10000  4
   0.39734  -0.47468  -0.31377   0.99648   4.10000  5
   0.44603   0.01987  -0.90960  -0.28198   4.10000  6
   0.87186  -0.13315  -0.65064  -0.38758   4.10000  7
  -0.52867   0.45898   0.25345   0.37965   4.10000  8
  -0.20013  -0.19863   0.44680  -1.32663   4.10000  9
   0.20404  -0.33061   1.53202   0.09235   4.10000 10
  -0.05238  -0.20421   0.20315   0.53942   4.10000 11
   0.30827   0.31047  -0.78505  -0.44564   4.10000 12
  -0.18546  -0.17034   0.52266   0.19743   4.10000 13
   0.66219  -0.38104  -0.70730  -0.16297   4.10000 14
  -0.59989   0.52588   0.18016   0.19557   4.10000 15
  -0.13775  -0.20246   0.00815   0.49017   4.10000 16
   0.05857  -0.20746  -0.13009   1.43318   4.10000 17
   0.19052  -0.77878   0.40599  -0.34047   4.10000 18
   0.20071   0.05479   1.10629  -0.47373   4.10000 19
  -0.16550   0.17840  -0.51660   0.27444   4.10000 20
  -0.15018  -0.36467  -0.17107   0.50634   4.20000  1
   0.07800  -0.99019   0.36294  -0.20927   4.20000  2
   0.05363  -0.50093  -0.28641  -0.40908   4.20000  3
  -0.23579  -0.27590  -0.17177  -0.48022   4.20000  4
   0.35970  -0.37011  -0.43480   1.09721   4.20000  5
   0.34777  -0.01208  -1.05954  -0.36105   4.20000  6
   0.80111  -0.17318  -0.76916  -0.41312   4.20000  7
  -0.50242   0.49537   0.27075   0.34619   4.20000  8
  -0.14590  -0.32837   0.61556  -1.23896   4.20000  9
   0.35142  -0.31950   1.42578   0.12745   4.20000 10
  -0.03493  -0.15276   0.14894   0.48704   4.20000 11
   0.22714   0.25807  -0.83583  -0.60817   4.20000 12
  -0.12509  -0.15684   0.67446   0.07805   4.20000 13
   0.58477  -0.39488  -0.84752  -0.10854   4.20000 14
  -0.57791   0.54160   0.26050   0.11975   4.20000 15
  -0.13239  -0.15678   0.11032   0.41362   4.20000 16
   0.03961  -0.06806  -0.23729   1.33813   4.20000 17
   0.22889  -0.80689   0.36045  -0.22432   4.20000 18
   0.30803   0.00146   1.03578  -0.59019   4.20000 19
  -0.21411   0.19836  -0.45212   0.12915   4.20000 20
  -0.16101  -0.30626  -0.04065   0.64241   4.30000  1
   0.11549  -1.00510   0.38601  -0.08927   4.30000  2
   0.02424  -0.53307  -0.30085  -0.23277   4.30000  3
  -0.23970  -0.32069   0.08814  -0.41036   4.30000  4
   0.31298  -0.25629  -0.49391   1.17140   4.30000  5
   0.23637  -0.05298  -1.15868  -0.45737   4.30000  6
   0.71678  -0.21572  -0.92555  -0.43708   4.30000  7
  -0.47467   0.52774   0.28368   0.29839   4.30000  8
  -0.08055  -0.44356   0.68573  -1.06205   4.30000  9
   0.48825  -0.30469   1.30327   0.16897   4.30000 10
  -0.02161  -0.10679   0.12425   0.43157   4.30000 11
   0.14109   0.18781  -0.88863  -0.80276   4.30000 12
  -0.05297  -0.15178   0.75451   0.03912   4.30000 13
   0.49186  -0.40095  -1.00610  -0.00057   4.30000 14
  -0.54759   0.55002   0.34690   0.04940   4.30000 15
  -0.11389  -0.11958   0.26485   0.33441   4.30000 16
   0.01410   0.05764  -0.25918   1.16972   4.30000 17
   0.26243  -0.82409   0.30948  -0.12134   4.30000 18
   0.40488  -0.06297   0.89049  -0.69977   4.30000 19
  -0.25513   0.20503  -0.36378   0.00796   4.30000 20
  -0.15739  -0.23813   0.12040   0.71676   4.40000  1
   0.15503  -1.00799   0.40399   0.03233   4.40000  2
  -0.00605  -0.54751  -0.29717  -0.06005   4.40000  3
  -0.21952  -0.35656   0.30840  -0.30192   4.40000  4
   0.25959  -0.13726  -0.58845   1.19482   4.40000  5
   0.11537  -0.10271  -1.26658  -0.52722   4.40000  6
   0.61423  -0.26034  -1.12748  -0.45127   4.40000  7
  -0.44573   0.55440   0.29522   0.23135   4.40000  8
  -0.00881  -0.54197   0.74514  -0.90994   4.40000  9
   0.61105  -0.28565   1.14961   0.21561   4.40000 10
  -0.00818  -0.06690   0.15401   0.36322   4.40000 11
   0.04838   0.09664  -0.96558  -1.01886   4.40000 12
   0.02377  -0.14642   0.77412   0.07839   4.40000 13
   0.38634  -0.39398  -1.09653   0.13607   4.40000 14
  -0.50841   0.55164   0.43686  -0.01606   4.40000 15
  -0.07888  -0.08904   0.43682   0.28033   4.40000 16
  -0.01040   0.16497  -0.22998   0.96685   4.40000 17
   0.29056  -0.83140   0.25169  -0.02575   4.40000 18
   0.48632  -0.13873   0.74342  -0.81228   4.40000 19
  -0.28593   0.20065  -0.24793  -0.09239   4.40000 20
  -0.13510  -0.16282   0.33537   0.79136   4.50000  1
   0.19607  -0.99840   0.41553   0.16102   4.50000  2
  -0.03279  -0.54647  -0.22930   0.07752   4.50000  3
  -0.17909  -0.38061   0.49681  -0.17790   4.50000  4
   0.19187  -0.02111  -0.77773   1.10925   4.50000  5
  -0.01528  -0.15440  -1.31628  -0.48056   4.50000  6
   0.49418  -0.30373  -1.26113  -0.40810   4.50000  7
  -0.41550   0.57329   0.31054   0.14299   4.50000  8
   0.06667  -0.62519   0.75814  -0.75346   4.50000  9
   0.71599  -0.26255   0.94883   0.23829   4.50000 10
   0.00924  -0.03536   0.17985   0.25643   4.50000 11
  -0.04889  -0.01584  -0.94995  -1.22697   4.50000 12
   0.09889  -0.13505   0.70020   0.14521   4.50000 13
   0.27272  -0.37469  -1.17756   0.24533   4.50000 14
  -0.46028   0.54694   0.52467  -0.07747   4.50000 15
  -0.02700  -0.06322   0.58443   0.23125   4.50000 16
  -0.03337   0.24979  -0.23521   0.73481   4.50000 17
   0.31242  -0.82933   0.18333   0.06684   4.50000 18
   0.55456  -0.22458   0.61930  -0.89755   4.50000 19
  -0.30396   0.18703  -0.10983  -0.17829   4.50000 20
  -0.09044  -0.08156   0.53935   0.81095   4.60000  1
   0.23785  -0.97537   0.41831   0.30224   4.60000  2
  -0.05154  -0.53147  -0.14640   0.22833   4.60000  3
  -0.12086  -0.39173   0.66126  -0.04221   4.60000  4
   0.10416   0.08111  -0.96474   0.92244   4.60000  5
  -0.14213  -0.19630  -1.19665  -0.36012   4.60000  6
   0.36242  -0.34225  -1.37965  -0.36414   4.60000  7
  -0.38322   0.58233   0.33797   0.03458   4.60000  8
   0.14258  -0.69337   0.76084  -0.61634   4.60000  9
   0.80245  -0.23914   0.78929   0.22578   4.60000 10
   0.02550  -0.01729   0.14345   0.10713   4.60000 11
  -0.13611  -0.14350  -0.78155  -1.29366   4.60000 12
   0.16055  -0.11902   0.52577   0.16544   4.60000 13
   0.15065  -0.34531  -1.26262   0.34280   4.60000 14
  -0.40377   0.53621   0.60373  -0.13715   4.60000 15
   0.03207  -0.04457   0.57576   0.14103   4.60000 16
  -0.05775   0.31338  -0.25246   0.54280   4.60000 17
   0.32676  -0.81809   0.10101   0.15768   4.60000 18
   0.60971  -0.31555   0.48704  -0.91021   4.60000 19
  -0.30751   0.16520   0.04029  -0.25737   4.60000 20
  -0.03060  -0.00382   0.65025   0.74202   4.70000  1
   0.27932  -0.93735   0.40852   0.46145   4.70000  2
  -0.06217  -0.49943  -0.06613   0.41895   4.70000  3
  -0.04893  -0.38900   0.76411   0.09467   4.70000  4
   0.00248   0.16245  -1.05120   0.70952   4.70000  5
  -0.25138  -0.22905  -0.98249  -0.30909   4.70000  6
   0.21709  -0.37601  -1.52825  -0.30576   4.70000  7
  -0.34721   0.57963   0.38618  -0.09133   4.70000  8
   0.21913  -0.74990   0.77204  -0.52134   4.70000  9
   0.87544  -0.21785   0.67694   0.19947   4.70000 10
   0.03789  -0.01225   0.10307   0.00156   4.70000 11
  -0.20510  -0.27095  -0.60105  -1.24979   4.70000 12
   0.20308  -0.10353   0.32069   0.14158   4.70000 13
   0.02088  -0.30628  -1.32594   0.43052   4.70000 14
  -0.33988   0.51935   0.67272  -0.20197   4.70000 15
   0.08566  -0.03394   0.48453   0.07361   4.70000 16
  -0.08385   0.35918  -0.27011   0.37631   4.70000 17
   0.33211  -0.79794   0.00386   0.24365   4.70000 18
   0.65299  -0.40550   0.38214  -0.88736   4.70000 19
  -0.29559   0.13588   0.20013  -0.32666   4.70000 20
   0.03649   0.06553   0.67208   0.63489   4.80000  1
   0.31896  -0.88245   0.38141   0.63773   4.80000  2
  -0.06485  -0.44714   0.01087   0.62304   4.80000  3
   0.02835  -0.37362   0.76143   0.20323   4.80000  4
  -0.10346   0.22533  -1.05856   0.56228   4.80000  5
  -0.33855  -0.25960  -0.76301  -0.30348   4.80000  6
   0.05700  -0.40236  -1.66596  -0.21470   4.80000  7
  -0.30514   0.56348   0.45934  -0.23491   4.80000  8
   0.29708  -0.79861   0.78324  -0.45284   4.80000  9
   0.93883  -0.19919   0.59458   0.17423   4.80000 10
   0.04646  -0.01552   0.07281  -0.06051   4.80000 11
  -0.25607  -0.39172  -0.41819  -1.15518   4.80000 12
   0.22423  -0.09041   0.10242   0.12434   4.80000 13
  -0.11099  -0.26191  -1.29135   0.44593   4.80000 14
  -0.26937   0.49517   0.73742  -0.28658   4.80000 15
   0.12749  -0.02966   0.34922   0.01401   4.80000 16
  -0.11212   0.38920  -0.29811   0.22743   4.80000 17
   0.32761  -0.77023  -0.08798   0.30260   4.80000 18
   0.68657  -0.49311   0.29041  -0.86594   4.80000 19
  -0.26718   0.10055   0.36791  -0.37557   4.80000 20
   0.10078   0.12158   0.60480   0.48316   4.90000  1
   0.35527  -0.81074   0.34517   0.78315   4.90000  2
  -0.06115  -0.37724   0.04859   0.75675   4.90000  3
   0.09936  -0.35006   0.65180   0.26952   4.90000  4
  -0.20763   0.27770  -1.01369   0.49766   4.90000  5
  -0.40444  -0.28936  -0.55693  -0.28825   4.90000  6
  -0.11167  -0.41758  -1.68239  -0.08589   4.90000  7
  -0.25463   0.53181   0.55298  -0.40391   4.90000  8
   0.37406  -0.83915   0.74656  -0.34667   4.90000  9
   0.99492  -0.18285   0.52945   0.15339   4.90000 10
   0.05338  -0.02343   0.06876  -0.09525   4.90000 11
  -0.28961  -0.50020  -0.26024  -1.00935   4.90000 12
   0.22391  -0.07798  -0.10598   0.12668   4.90000 13
  -0.23514  -0.21804  -1.18741   0.43066   4.90000 14
  -0.19268   0.46066   0.79031  -0.41125   4.90000 15
   0.15559  -0.03058   0.21490  -0.03000   4.90000 16
  -0.14418   0.40562  -0.34506   0.10728   4.90000 17
   0.31684  -0.73909  -0.11464   0.31684   4.90000 18
   0.71109  -0.57892   0.19928  -0.85125   4.90000 19
  -0.22272   0.06155   0.51375  -0.40329   4.90000 20
   0.15636   0.16211   0.50312   0.32863   5.00000  1
   0.38791  -0.72868   0.30544   0.84861   5.00000  2
  -0.05673  -0.29773   0.04421   0.83399   5.00000  3
   0.15951  -0.31894   0.55508   0.35645   5.00000  4
  -0.30317   0.32652  -0.88281   0.47880   5.00000  5
  -0.45049  -0.31657  -0.36765  -0.25343   5.00000  6
  -0.27730  -0.42011  -1.62863   0.02807   5.00000  7
  -0.19488   0.48160   0.63457  -0.60325   5.00000  8
   0.44552  -0.86649   0.68398  -0.20024   5.00000  9
   1.04505  -0.16838   0.47447   0.13656   5.00000 10
   0.06067  -0.03434   0.07872  -0.12226   5.00000 11
  -0.30994  -0.59310  -0.15746  -0.84843   5.00000 12
   0.20373  -0.06485  -0.29352   0.13581   5.00000 13
  -0.34796  -0.17588  -1.06686   0.41040   5.00000 14
  -0.11435   0.41260   0.75716  -0.54284   5.00000 15
   0.17081  -0.03540   0.08959  -0.06565   5.00000 16
  -0.18000   0.41159  -0.35744   0.01272   5.00000 17
   0.30642  -0.70638  -0.08864   0.34298   5.00000 18
   0.72620  -0.66341   0.10173  -0.83802   5.00000 19
  -0.16602   0.01953   0.61492  -0.43887   5.00000 20
   0.20069   0.18762   0.37967   0.18318   5.10000  1
   0.41588  -0.64216   0.25162   0.87820   5.10000  2
  -0.05083  -0.20958   0.08200   0.93503   5.10000  3
   0.21058  -0.27819   0.46441   0.46097   5.10000  4
  -0.38295   0.37228  -0.71454   0.42948   5.10000  5
  -0.47898  -0.33998  -0.21018  -0.21669   5.10000  6
  -0.43713  -0.41258  -1.56585   0.12324   5.10000  7
  -0.13006   0.41202   0.65232  -0.77859   5.10000  8
   0.51155  -0.87991   0.64083  -0.07262   5.10000  9
   1.09002  -0.15543   0.42566   0.12285   5.10000 10
   0.06928  -0.04773   0.09302  -0.14422   5.10000 11
  -0.32309  -0.67063  -0.11149  -0.70843   5.10000 12
   0.16627  -0.05115  -0.44923   0.13521   5.10000 13
  -0.44832  -0.13659  -0.94107   0.37305   5.10000 14
  -0.04283   0.35340   0.67563  -0.64012   5.10000 15
   0.17315  -0.04352  -0.04634  -0.09537   5.10000 16
  -0.21292   0.40764  -0.29154  -0.09616   5.10000 17
   0.29960  -0.66934  -0.04749   0.40265   5.10000 18
   0.73123  -0.74624  -0.00148  -0.81659   5.10000 19
  -0.09980  -0.02621   0.71403  -0.47507   5.10000 20
   0.23149   0.19899   0.23211   0.04469   5.20000  1
   0.43772  -0.55337   0.18240   0.89781   5.20000  2
  -0.03825  -0.10971   0.18423   1.05921   5.20000  3
   0.25147  -0.22646   0.34673   0.57369   5.20000  4
  -0.44717   0.41154  -0.57624   0.35372   5.20000  5
  -0.49535  -0.36005  -0.13215  -0.18205   5.20000  6
  -0.58900  -0.39564  -1.46310   0.21052   5.20000  7
  -0.06454   0.32716   0.66349  -0.91794   5.20000  8
   0.57455  -0.88181   0.62353   0.03079   5.20000  9
   1.13031  -0.14373   0.38060   0.11153   5.20000 10
   0.07877  -0.06258   0.09203  -0.14677   5.20000 11
  -0.33282  -0.73597  -0.08429  -0.60321   5.20000 12
   0.11527  -0.03859  -0.56261   0.11144   5.20000 13
  -0.53659  -0.10138  -0.82723   0.33167   5.20000 14
   0.02177   0.28390   0.62128  -0.75604   5.20000 15
   0.16066  -0.05400  -0.20724  -0.11087   5.20000 16
  -0.23778   0.39187  -0.20733  -0.21903   5.20000 17
   0.29670  -0.62510  -0.01252   0.48521   5.20000 18
   0.72601  -0.82638  -0.10194  -0.78466   5.20000 19
  -0.02188  -0.07499   0.84826  -0.48973   5.20000 20
   0.24619   0.19635   0.05711  -0.10099   5.30000  1
   0.45173  -0.46223   0.09437   0.92775   5.30000  2
  -0.01081  -0.00139   0.37081   1.08402   5.30000  3
   0.27826  -0.16378   0.17993   0.67622   5.30000  4
  -0.49935   0.44293  -0.47216   0.27444   5.30000  5
  -0.50701  -0.37569  -0.10234  -0.12912   5.30000  6
  -0.72926  -0.37176  -1.34528   0.26261   5.30000  7
   0.00410   0.22752   0.71587  -1.08357   5.30000  8
   0.63696  -0.87478   0.62528   0.10211   5.30000  9
   1.16621  -0.13307   0.33776   0.10206   5.30000 10
   0.08684  -0.07520   0.07027  -0.09504   5.30000 11
  -0.34006  -0.79200  -0.06096  -0.52012   5.30000 12
   0.05638  -0.02953  -0.59134   0.07296   5.30000 13
  -0.61437  -0.07002  -0.73129   0.29680   5.30000 14
   0.08213   0.20058   0.58645  -0.91925   5.30000 15
   0.13158  -0.06468  -0.36737  -0.09551   5.30000 16
  -0.25484   0.36415  -0.13525  -0.33352   5.30000 17
   0.29661  -0.57176   0.00782   0.58441   5.30000 18
   0.71110  -0.90273  -0.19300  -0.73768   5.30000 19
   0.06896  -0.11921   0.95332  -0.36858   5.30000 20
   0.24215   0.17743  -0.13900  -0.28786   5.40000  1
   0.45582  -0.36714  -0.01757   0.97789   5.40000  2
   0.03471   0.10359   0.53180   0.99219   5.40000  3
   0.28572  -0.09230  -0.03803   0.74674   5.40000  4
  -0.54242   0.46658  -0.39279   0.19946   5.40000  5
  -0.51560  -0.38587  -0.06811  -0.07510   5.40000  6
  -0.85896  -0.34365  -1.25283   0.29787   5.40000  7
   0.07920   0.10835   0.78099  -1.29975   5.40000  8
   0.69882  -0.86330   0.60538   0.12024   5.40000  9
   1.19790  -0.12327   0.29617   0.09406   5.40000 10
   0.09421  -0.07975   0.08547   0.01159   5.40000 11
  -0.34508  -0.84044  -0.03970  -0.45065   5.40000 12
   0.00324  -0.02153  -0.44353   0.09696   5.40000 13
  -0.68341  -0.04179  -0.65201   0.26888   5.40000 14
   0.13803   0.09872   0.52159  -1.11445   5.40000 15
   0.09107  -0.07113  -0.41421  -0.02121   5.40000 16
  -0.26487   0.32547  -0.06441  -0.43878   5.40000 17
   0.29766  -0.50753   0.01010   0.70459   5.40000 18
   0.68888  -0.97260  -0.24196  -0.65534   5.40000 19
   0.16429  -0.14611   0.93266  -0.16732   5.40000 20
   0.21914   0.13660  -0.31117  -0.53507   5.50000  1
   0.44691  -0.26582  -0.16990   1.05301   5.50000  2
   0.09351   0.19111   0.62846   0.74543   5.50000  3
   0.26952  -0.01622  -0.28892   0.75820   5.50000  4
  -0.57849   0.48304  -0.33098   0.13099   5.50000  5
  -0.52037  -0.39084  -0.02608  -0.02499   5.50000  6
  -0.98052  -0.31246  -1.18107   0.32491   5.50000  7
   0.15829  -0.02877   0.79125  -1.41523   5.50000  8
   0.75705  -0.85121   0.55752   0.12238   5.50000  9
   1.22547  -0.11422   0.25537   0.08716   5.50000 10
   0.10551  -0.07184   0.15085   0.14404   5.50000 11
  -0.34806  -0.88243  -0.02031  -0.39047   5.50000 12
  -0.02872  -0.01078  -0.18987   0.10578   5.50000 13
  -0.74521  -0.01606  -0.58596   0.24669   5.50000 14
   0.18526  -0.01942   0.42576  -1.22900   5.50000 15
   0.05454  -0.06716  -0.29124   0.09716   5.50000 16
  -0.26738   0.27670   0.01629  -0.53497   5.50000 17
   0.29795  -0.42971  -0.00792   0.85930   5.50000 18
   0.66414  -1.03381  -0.24950  -0.57174   5.50000 19
   0.25281  -0.15300   0.82740   0.02641   5.50000 20
   0.18307   0.07080  -0.39211  -0.77181   5.60000  1
   0.41910  -0.15613  -0.40355   1.13467   5.60000  2
   0.15776   0.25235   0.64516   0.48084   5.60000  3
   0.23024   0.05356  -0.47471   0.61795   5.60000  4
  -0.60904   0.49299  -0.28180   0.06914   5.60000  5
  -0.52063  -0.39098   0.02160   0.02175   5.60000  6
  -1.09565  -0.27886  -1.12370   0.34602   5.60000  7
   0.23590  -0.16721   0.76099  -1.32553   5.60000  8
   0.81033  -0.83854   0.50883   0.13243   5.60000  9
   1.24900  -0.10582   0.21536   0.08091   5.60000 10
   0.12605  -0.05428   0.25787   0.18968   5.60000 11
  -0.34918  -0.91877  -0.00229  -0.33719   5.60000 12
  -0.03523  -0.00204   0.05494   0.06647   5.60000 13
  -0.80093   0.00771  -0.52997   0.22939   5.60000 14
   0.22433  -0.14138   0.36740  -1.18487   5.60000 15
   0.03544  -0.05418  -0.09040   0.15361   5.60000 16
  -0.26112   0.21874   0.11194  -0.62333   5.60000 17
   0.29524  -0.33360  -0.05161   1.07654   5.60000 18
   0.63925  -1.08759  -0.24796  -0.50658   5.60000 19
   0.32741  -0.14308   0.65401   0.14990   5.60000 20
   0.14331  -0.01433  -0.39361  -0.90597   5.70000  1
   0.36497  -0.04346  -0.66630   1.09233   5.70000  2
   0.22082   0.28802   0.60978   0.23675   5.70000  3
   0.17788   0.10536  -0.55710   0.41090   5.70000  4
  -0.63515   0.49707  -0.24174   0.01325   5.70000  5
  -0.51591  -0.38656   0.07346   0.06632   5.70000  6
  -1.20561  -0.24341  -1.07694   0.36232   5.70000  7
   0.31016  -0.29057   0.70976  -1.12312   5.70000  8
   0.85898  -0.82450   0.46481   0.14926   5.70000  9
   1.26858  -0.09803   0.17652   0.07489   5.70000 10
   0.15524  -0.03502   0.31375   0.19328   5.70000 11
  -0.34854  -0.95005   0.01509  -0.28933   5.70000 12
  -0.01833   0.00246   0.28182   0.02387   5.70000 13
  -0.85146   0.02996  -0.48173   0.21625   5.70000 14
   0.26141  -0.25318   0.37778  -1.03419   5.70000 15
   0.03596  -0.03694   0.09932   0.19028   5.70000 16
  -0.24421   0.15220   0.23119  -0.70626   5.70000 17
   0.28653  -0.21289  -0.12267   1.31490   5.70000 18
   0.61452  -1.13557  -0.24702  -0.45486   5.70000 19
   0.38219  -0.12685   0.43384   0.16912   5.70000 20
   0.10679  -0.10359  -0.32578  -0.84151   5.80000  1
   0.28807   0.05988  -0.86552   0.96805   5.80000  2
   0.27870   0.30037   0.54346   0.01241   5.80000  3
   0.12183   0.13512  -0.54988   0.18261   5.80000  4
  -0.65760   0.49582  -0.20815  -0.03745   5.80000  5
  -0.50581  -0.37774   0.12927   0.11003   5.80000  6
  -1.31132  -0.20653  -1.03849   0.37469   5.80000  7
   0.37590  -0.39151   0.60467  -0.91024   5.80000  8
   0.90339  -0.80855   0.42373   0.17026   5.80000  9
   1.28436  -0.09085   0.13918   0.06869   5.80000 10
   0.18633  -0.01683   0.29933   0.16854   5.80000 11
  -0.34617  -0.97678   0.03247  -0.24584   5.80000 12
   0.02086   0.00275   0.49860  -0.01716   5.80000 13
  -0.89749   0.05108  -0.43968   0.20682   5.80000 14
   0.29883  -0.34617   0.36731  -0.83490   5.80000 15
   0.05492  -0.01687   0.27516   0.20585   5.80000 16
  -0.21368   0.07790   0.38616  -0.77609   5.80000 17
   0.27047  -0.07601  -0.21153   1.41398   5.80000 18
   0.58978  -1.17882  -0.24816  -0.41093   5.80000 19
   0.41320  -0.10898   0.18784   0.19218   5.80000 20
   0.07875  -0.17792  -0.23772  -0.63994   5.90000  1
   0.19424   0.14839  -0.99038   0.79043   5.90000  2
   0.32836   0.29070   0.44154  -0.20433   5.90000  3
   0.07083   0.14180  -0.45415  -0.04522   5.90000  4
  -0.67693   0.48973  -0.17893  -0.08370   5.90000  5
  -0.48989  -0.36456   0.19012   0.15350   5.90000  6
  -1.41353  -0.16858  -1.00680   0.38390   5.90000  7
   0.43144  -0.47510   0.50826  -0.77041   5.90000  8
   0.94374  -0.79037   0.38332   0.19363   5.90000  9
   1.29647  -0.08430   0.10340   0.06205   5.90000 10
   0.21331   0.00049   0.22664   0.19199   5.90000 11
  -0.34203  -0.99933   0.05033  -0.20578   5.90000 12
   0.07996   0.00024   0.67119  -0.02030   5.90000 13
  -0.93956   0.07144  -0.40252   0.20093   5.90000 14
   0.33488  -0.42253   0.35503  -0.70176   5.90000 15
   0.08969   0.00416   0.41253   0.22030   5.90000 16
  -0.16568  -0.00180   0.57902  -0.80915   5.90000 17
   0.24165   0.06688  -0.37005   1.42042   5.90000 18
   0.56482  -1.21790  -0.25114  -0.37114   5.90000 19
   0.42082  -0.08773  -0.02969   0.23459   5.90000 20
   0.05851  -0.23225  -0.17107  -0.45224   6.00000  1
   0.09508   0.21601  -0.96807   0.55978   6.00000  2
   0.36528   0.26041   0.28970  -0.39408   6.00000  3
   0.03381   0.12838  -0.27857  -0.20524   6.00000  4
  -0.69347   0.47920  -0.15231  -0.12620   6.00000  5
  -0.46757  -0.34707   0.25735   0.19606   6.00000  6
  -1.51286  -0.12983  -0.98066   0.39070   6.00000  7
   0.47798  -0.54688   0.42459  -0.66967   6.00000  8
   0.98002  -0.76979   0.34196   0.21791   6.00000  9
   1.30508  -0.07846   0.06891   0.05478   6.00000 10
   0.22934   0.02262   0.08971   0.24588   6.00000 11
  -0.33607  -1.01802   0.06901  -0.16842   6.00000 12
   0.15136   0.00142   0.73536   0.05133   6.00000 13
  -0.97811   0.09139  -0.36881   0.19853   6.00000 14
   0.37009  -0.48797   0.35027  -0.61262   6.00000 15
   0.13525   0.02826   0.48599   0.26164   6.00000 16
  -0.09756  -0.08179   0.78031  -0.77983   6.00000 17
   0.19773   0.20298  -0.49217   1.27944   6.00000 18
   0.53951  -1.25311  -0.25533  -0.33331   6.00000 19
   0.40797  -0.06180  -0.22617   0.28558   6.00000 20
   0.04387  -0.26917  -0.12359  -0.28816   6.10000  1
   0.00398   0.26167  -0.84605   0.36506   6.10000  2
   0.38560   0.21332   0.11610  -0.54417   6.10000  3
   0.01516   0.10400  -0.09790  -0.27165   6.10000  4
  -0.70743   0.46459  -0.12680  -0.16555   6.10000  5
  -0.43820  -0.32543   0.33109   0.23624   6.10000  6
  -1.60982  -0.09050  -0.95909   0.39567   6.10000  7
   0.51671  -0.60970   0.35143  -0.58909   6.10000  8
   1.01207  -0.74680   0.29874   0.24185   6.10000  9
   1.31028  -0.07338   0.03530   0.04668   6.10000 10
   0.23202   0.04804  -0.02484   0.25375   6.10000 11
  -0.32820  -1.03309   0.08872  -0.13328   6.10000 12
   0.22394   0.01053   0.70676   0.12779   6.10000 13
  -1.01339   0.11125  -0.33699   0.19931   6.10000 14
   0.40515  -0.54593   0.35200  -0.54999   6.10000 15
   0.18517   0.05515   0.50901   0.26609   6.10000 16
  -0.01105  -0.15627   0.93987  -0.70636   6.10000 17
   0.14632   0.32016  -0.52625   1.06187   6.10000 18
   0.51374  -1.28458  -0.26003  -0.29614   6.10000 19
   0.37540  -0.03017  -0.42749   0.35009   6.10000 20
   0.03419  -0.29023  -0.06396  -0.13658   6.20000  1
  -0.07383   0.29129  -0.71222   0.23676   6.20000  2
   0.38808   0.15151  -0.07189  -0.69280   6.20000  3
   0.01357   0.07529   0.06398  -0.29892   6.20000  4
  -0.71884   0.44619  -0.10134  -0.20201   6.20000  5
  -0.40117  -0.29991   0.41035   0.27395   6.20000  6
  -1.70481  -0.05074  -0.94126   0.39926   6.20000  7
   0.54852  -0.66502   0.28584  -0.51828   6.20000  8
   1.03970  -0.72147   0.25345   0.26438   6.20000  9
   1.31215  -0.06915   0.00208   0.03756   6.20000 10
   0.22760   0.07188  -0.04620   0.21686   6.20000 11
  -0.31829  -1.04475   0.10959  -0.10015   6.20000 12
   0.29127   0.02637   0.63145   0.18667   6.20000 13
  -1.04552   0.13133  -0.30576   0.20262   6.20000 14
   0.44065  -0.59854   0.35866  -0.50464   6.20000 15
   0.23690   0.07961   0.52438   0.21498   6.20000 16
   0.08782  -0.22274   1.02193  -0.62021   6.20000 17
   0.09350   0.41623  -0.52768   0.86662   6.20000 18
   0.48751  -1.31233  -0.26463  -0.25891   6.20000 19
   0.32233   0.00888  -0.62677   0.43285   6.20000 20
   0.03218  -0.29765   0.02495  -0.01717   6.30000  1
  -0.13916   0.31047  -0.59820   0.15221   6.30000  2
   0.36972   0.07563  -0.29816  -0.80805   6.30000  3
   0.02777   0.04470   0.21991  -0.31057   6.30000  4
  -0.72767   0.42429  -0.07513  -0.23547   6.30000  5
  -0.35595  -0.27066   0.49511   0.31129   6.30000  6
  -1.79817  -0.01068  -0.92654   0.40180   6.30000  7
   0.57404  -0.71346   0.22514  -0.45058   6.30000  8
   1.06270  -0.69399   0.20631   0.28486   6.30000  9
   1.31070  -0.06591  -0.03123   0.02718   6.30000 10
   0.22559   0.09035   0.01296   0.14767   6.30000 11
  -0.30624  -1.05319   0.13162  -0.06899   6.30000 12
   0.34766   0.04759   0.48316   0.23366   6.30000 13
  -1.07452   0.15183  -0.27414   0.20760   6.30000 14
   0.47700  -0.64723   0.36884  -0.47053   6.30000 15
   0.28902   0.09669   0.50615   0.12076   6.30000 16
   0.19044  -0.27937   1.02073  -0.50898   6.30000 17
   0.04102   0.49489  -0.52137   0.71261   6.30000 18
   0.46084  -1.33634  -0.26858  -0.22120   6.30000 19
   0.25439   0.05573  -0.70153   0.49190   6.30000 20
   0.03879  -0.29422   0.10452   0.08523   6.40000  1
  -0.19417   0.32250  -0.50524   0.09111   6.40000  2
   0.33046  -0.00444  -0.46658  -0.76733   6.40000  3
   0.05759   0.01380   0.37565  -0.30313   6.40000  4
  -0.73382   0.39921  -0.04751  -0.26545   6.40000  5
  -0.30189  -0.23758   0.58755   0.35075   6.40000  6
  -1.89020   0.02959  -0.91441   0.40356   6.40000  7
   0.59366  -0.75509   0.16787  -0.38162   6.40000  8
   1.08091  -0.66457   0.15767   0.30317   6.40000  9
   1.30589  -0.06377  -0.06505   0.01530   6.40000 10
   0.22991   0.10066   0.06552   0.05667   6.40000 11
  -0.29193  -1.05861   0.15477  -0.03982   6.40000 12
   0.38606   0.07096   0.28017   0.22071   6.40000 13
  -1.10032   0.17288  -0.24157   0.21330   6.40000 14
   0.51448  -0.69287   0.38088  -0.44319   6.40000 15
   0.33507   0.10299   0.40316   0.00422   6.40000 16
   0.29097  -0.32451   0.98756  -0.39611   6.40000 17
  -0.01075   0.55978  -0.51411   0.58927   6.40000 18
   0.43383  -1.35655  -0.27142  -0.18287   6.40000 19
   0.18680   0.10355  -0.63945   0.44623   6.40000 20
   0.05264  -0.28041   0.17108   0.19299   6.50000  1
  -0.24073   0.32910  -0.42805   0.04222   6.50000  2
   0.27953  -0.07587  -0.54339  -0.66152   6.50000  3
   0.10222  -0.01505   0.51111  -0.27125   6.50000  4
  -0.73710   0.37134  -0.01785  -0.29108   6.50000  5
  -0.23805  -0.20039   0.69168   0.39357   6.50000  6
  -1.98113   0.07001  -0.90445   0.40473   6.50000  7
   0.60776  -0.78967   0.11532  -0.30949   6.50000  8
   1.09419  -0.63342   0.10774   0.31960   6.50000  9
   1.29766  -0.06291  -0.09981   0.00162   6.50000 10
   0.23710   0.10154   0.07315  -0.03945   6.50000 11
  -0.27525  -1.06121   0.17902  -0.01254   6.50000 12
   0.40393   0.09031   0.08168   0.16300   6.50000 13
  -1.12280   0.19449  -0.20781   0.21878   6.50000 14
   0.55315  -0.73598   0.39180  -0.41939   6.50000 15
   0.36857   0.09807   0.26565  -0.09784   6.50000 16
   0.38755  -0.35924   0.94192  -0.30261   6.50000 17
  -0.06182   0.61342  -0.50751   0.48642   6.50000 18
   0.40660  -1.37290  -0.27285  -0.14397   6.50000 19
   0.12733   0.14248  -0.54844   0.32619   6.50000 20
   0.07301  -0.25506   0.23766   0.31739   6.60000  1
  -0.28013   0.33116  -0.36133  -0.00011   6.60000  2
   0.22270  -0.13695  -0.59008  -0.55972   6.60000  3
   0.15836  -0.04066   0.60293  -0.24466   6.60000  4
  -0.73730   0.34117   0.01449  -0.31134   6.60000  5
  -0.16297  -0.15878   0.81355   0.43879   6.60000  6
  -2.07115   0.11052  -0.89630   0.40548   6.60000  7
   0.61706  -0.81693   0.07323  -0.23569   6.60000  8
   1.10242  -0.60069   0.05644   0.33474   6.60000  9
   1.28588  -0.06352  -0.13602  -0.01423   6.60000 10
   0.24408   0.09267   0.06629  -0.13839   6.60000 11
  -0.25609  -1.06118   0.20438   0.01301   6.60000 12
   0.40333   0.10291  -0.08943   0.08490   6.60000 13
  -1.14185   0.21659  -0.17300   0.22312   6.60000 14
   0.59261  -0.77675   0.39567  -0.39566   6.60000 15
   0.38815   0.08443   0.12536  -0.17036   6.60000 16
   0.47902  -0.38598   0.88673  -0.23708   6.60000 17
  -0.11228   0.65752  -0.50158   0.39738   6.60000 18
   0.37931  -1.38534  -0.27275  -0.10479   6.60000 19
   0.07716   0.16856  -0.45625   0.19719   6.60000 20
   0.10061  -0.21629   0.31593   0.45917   6.70000  1
  -0.31321   0.32922  -0.30119  -0.03817   6.70000  2
   0.16244  -0.18754  -0.60894  -0.44973   6.70000  3
   0.22039  -0.06448   0.62382  -0.22995   6.70000  4
  -0.73410   0.30928   0.05012  -0.32533   6.70000  5
  -0.07447  -0.11275   0.96118   0.48001   6.70000  6
  -2.16044   0.15110  -0.88969   0.40593   6.70000  7
   0.62308  -0.83695   0.05106  -0.16621   6.70000  8
   1.10542  -0.56648   0.00327   0.34942   6.70000  9
   1.27038  -0.06584  -0.17434  -0.03283   6.70000 10
   0.25056   0.07376   0.06487  -0.24014   6.70000 11
  -0.23433  -1.05866   0.23089   0.03707   6.70000 12
   0.38682   0.10637  -0.23734  -0.02082   6.70000 13
  -1.15738   0.23905  -0.13758   0.22565   6.70000 14
   0.63174  -0.81491   0.38352  -0.36593   6.70000 15
   0.39334   0.06468  -0.02381  -0.22246   6.70000 16
   0.56490  -0.40755   0.83157  -0.19800   6.70000 17
  -0.16214   0.69322  -0.49577   0.31812   6.70000 18
   0.35210  -1.39386  -0.27123  -0.06563   6.70000 19
   0.03564   0.18234  -0.37637   0.07983   6.70000 20
   0.13566  -0.16397   0.37930   0.58124   6.80000  1
  -0.34053   0.32366  -0.24583  -0.07235   6.80000  2
   0.10281  -0.22561  -0.56975  -0.30244   6.80000  3
   0.28074  -0.08533   0.57365  -0.17806   6.80000  4
  -0.72714   0.27633   0.08958  -0.33257   6.80000  5
   0.03001  -0.06362   1.12844   0.49612   6.80000  6
  -2.24913   0.19170  -0.88434   0.40616   6.80000  7
   0.62814  -0.85057   0.05406  -0.10840   6.80000  8
   1.10297  -0.53079  -0.05287   0.36455   6.80000  9
   1.25091  -0.07020  -0.21557  -0.05500   6.80000 10
   0.25733   0.04468   0.07081  -0.34071   6.80000 11
  -0.20987  -1.05380   0.25858   0.05989   6.80000 12
   0.35647   0.09763  -0.36686  -0.15969   6.80000 13
  -1.16936   0.26165  -0.10220   0.22599   6.80000 14
   0.66860  -0.84950   0.35031  -0.32347   6.80000 15
   0.38285   0.04005  -0.18903  -0.27119   6.80000 16
   0.64554  -0.42615   0.78231  -0.17619   6.80000 17
  -0.21141   0.72139  -0.48950   0.24628   6.80000 18
   0.32510  -1.39847  -0.26858  -0.02677   6.80000 19
   0.00166   0.18464  -0.30250  -0.03340   6.80000 20
   0.17623  -0.10039   0.43888   0.69236   6.90000  1
  -0.36255   0.31486  -0.19566  -0.10324   6.90000  2
   0.05101  -0.24732  -0.46010  -0.13609   6.90000  3
   0.33329  -0.09819   0.46717  -0.07052   6.90000  4
  -0.71604   0.24299   0.13335  -0.33323   6.90000  5
   0.15051  -0.01475   1.27822   0.47559   6.90000  6
  -2.33734   0.23232  -0.88005   0.40626   6.90000  7
   0.63453  -0.85908   0.07621  -0.06391   6.90000  8
   1.09469  -0.49353  -0.11391   0.38087   6.90000  9
   1.22714  -0.07700  -0.26074  -0.08182   6.90000 10
   0.26437   0.00602   0.06586  -0.42765   6.90000 11
  -0.18258  -1.04671   0.28743   0.08176   6.90000 12
   0.31405   0.07321  -0.47825  -0.33495   6.90000 13
  -1.17784   0.28418  -0.06751   0.22417   6.90000 14
   0.70129  -0.87915   0.30173  -0.26747   6.90000 15
   0.35496   0.01004  -0.37105  -0.33078   6.90000 16
   0.72164  -0.44310   0.74141  -0.16394   6.90000 17
  -0.26002   0.74269  -0.48240   0.18065   6.90000 18
   0.29841  -1.39922  -0.26523   0.01170   6.90000 19
  -0.02438   0.17586  -0.21537  -0.13976   6.90000 20
   0.22576  -0.02587   0.55870   0.78186   7.00000  1
  -0.37987   0.30305  -0.15169  -0.13285   7.00000  2
   0.01097  -0.25417  -0.34178  -0.00638   7.00000  3
   0.37201  -0.09831   0.29787   0.06910   7.00000  4
  -0.70031   0.20988   0.18196  -0.32806   7.00000  5
   0.28413   0.02942   1.36147   0.38714   7.00000  6
  -2.42517   0.27295  -0.87662   0.40628   7.00000  7
   0.64367  -0.86367   0.10744  -0.02917   7.00000  8
   1.07994  -0.45459  -0.18255   0.39809   7.00000  9
   1.19859  -0.08676  -0.31107  -0.11465   7.00000 10
   0.26998  -0.03842   0.05073  -0.44003   7.00000 11
  -0.15235  -1.03748   0.31737   0.10287   7.00000 12
   0.26201   0.02980  -0.54289  -0.52743   7.00000 13
  -1.18290   0.30642  -0.03400   0.22055   7.00000 14
   0.72875  -0.90269   0.24709  -0.20228   7.00000 15
   0.30871  -0.02576  -0.54181  -0.37364   7.00000 16
   0.79419  -0.45905   0.71177  -0.15497   7.00000 17
  -0.30787   0.75770  -0.47455   0.12057   7.00000 18
   0.27206  -1.39614  -0.26160   0.04995   7.00000 19
  -0.04098   0.15737  -0.11584  -0.22694   7.00000 20
   0.28550   0.04885   0.61234   0.67858   7.10000  1
  -0.39311   0.28825  -0.11426  -0.16371   7.10000  2
  -0.01760  -0.24932  -0.23031   0.10143   7.10000  3
   0.39199  -0.08517   0.10407   0.18589   7.10000  4
  -0.67946   0.17754   0.23599  -0.31807   7.10000  5
   0.41374   0.05941   1.20918   0.21508   7.10000  6
  -2.51269   0.31358  -0.87389   0.40624   7.10000  7
   0.65610  -0.86512   0.14112  -0.00073   7.10000  8
   1.05785  -0.41400  -0.26064   0.41258   7.10000  9
   1.16470  -0.10018  -0.36807  -0.15498   7.10000 10
   0.27563  -0.07813   0.06050  -0.34635   7.10000 11
  -0.11907  -1.02616   0.34834   0.12345   7.10000 12
   0.21148  -0.02816  -0.44891  -0.60900   7.10000 13
  -1.18469   0.32824  -0.00189   0.21561   7.10000 14
   0.75069  -0.91944   0.19195  -0.13212   7.10000 15
   0.25223  -0.06121  -0.56046  -0.32606   7.10000 16
   0.86447  -0.47392   0.69577  -0.14048   7.10000 17
  -0.35491   0.76697  -0.46626   0.06548   7.10000 18
   0.24608  -1.38923  -0.25804   0.08843   7.10000 19
  -0.04757   0.13091  -0.01653  -0.30126   7.10000 20
   0.34552   0.10755   0.58488   0.49720   7.20000  1
  -0.40293   0.27020  -0.08303  -0.19798   7.20000  2
  -0.03501  -0.23409  -0.11663   0.20257   7.20000  3
   0.39424  -0.06309  -0.05082   0.24537   7.20000  4
  -0.65291   0.14640   0.29607  -0.30417   7.20000  5
   0.52602   0.07461   1.04161   0.09829   7.20000  6
  -2.59997   0.35420  -0.87173   0.40617   7.20000  7
   0.67187  -0.86397   0.17404   0.02310   7.20000  8
   1.02772  -0.37248  -0.34026   0.41493   7.20000  9
   1.12471  -0.11806  -0.43327  -0.20424   7.20000 10
   0.28068  -0.10790   0.03351  -0.25269   7.20000 11
  -0.08265  -1.01280   0.38018   0.14371   7.20000 12
   0.17266  -0.08934  -0.33257  -0.60657   7.20000 13
  -1.18333   0.34952   0.02882   0.20988   7.20000 14
   0.76719  -0.92903   0.13839  -0.05922   7.20000 15
   0.19908  -0.09119  -0.50009  -0.27831   7.20000 16
   0.93357  -0.48645   0.68510  -0.10543   7.20000 17
  -0.40111   0.77094  -0.45777   0.01475   7.20000 18
   0.22045  -1.37842  -0.25470   0.12787   7.20000 19
  -0.04445   0.09713   0.07827  -0.37524   7.20000 20
   0.40236   0.14912   0.55155   0.33824   7.30000  1
  -0.40989   0.24848  -0.05698  -0.23735   7.30000  2
  -0.04048  -0.20888   0.01027   0.30090   7.30000  3
   0.38333  -0.03800  -0.16099   0.24852   7.30000  4
  -0.62002   0.11682   0.36288  -0.28684   7.30000  5
   0.62334   0.08050   0.91145   0.02423   7.30000  6
  -2.68705   0.39481  -0.87003   0.40610   7.30000  7
   0.69082  -0.86063   0.20436   0.04305   7.30000  8
   0.99067  -0.33145  -0.39498   0.40582   7.30000  9
   1.07774  -0.14134  -0.50763  -0.26289   7.30000 10
   0.28127  -0.12939  -0.02545  -0.18022   7.30000 11
  -0.04302  -0.99742   0.41254   0.16380   7.30000 12
   0.14353  -0.14794  -0.25783  -0.55764   7.30000 13
  -1.17896   0.37021   0.05831   0.20383   7.30000 14
   0.77844  -0.93122   0.08694   0.01568   7.30000 15
   0.15194  -0.11780  -0.44556  -0.25742   7.30000 16
   1.00067  -0.49410   0.65127  -0.04493   7.30000 17
  -0.44646   0.77004  -0.44915  -0.03223   7.30000 18
   0.19514  -1.36359  -0.25139   0.16913   7.30000 19
  -0.03201   0.05550   0.17042  -0.45979   7.30000 20
   0.45571   0.17593   0.51490   0.20140   7.40000  1
  -0.41444   0.22250  -0.03433  -0.28339   7.40000  2
  -0.03226  -0.17431   0.15757   0.38672   7.40000  3
   0.36308  -0.01470  -0.24027   0.21210   7.40000  4
  -0.58009   0.08914   0.43709  -0.26606   7.40000  5
   0.70957   0.07995   0.81880  -0.03445   7.40000  6
  -2.77398   0.43542  -0.86869   0.40602   7.40000  7
   0.71259  -0.85547   0.23019   0.05969   7.40000  8
   0.94973  -0.29078  -0.42069   0.41154   7.40000  9
   1.02289  -0.17083  -0.59046  -0.32680   7.40000 10
   0.27504  -0.14445  -0.10154  -0.12322   7.40000 11
  -0.00015  -0.98003   0.44473   0.18402   7.40000 12
   0.11963  -0.19928  -0.22603  -0.46125   7.40000 13
  -1.17170   0.39029   0.08684   0.19784   7.40000 14
   0.78466  -0.92583   0.03794   0.09258   7.40000 15
   0.10936  -0.14305  -0.40897  -0.24725   7.40000 16
   1.06278  -0.49541   0.58726   0.01723   7.40000 17
  -0.49094   0.76461  -0.44047  -0.07599   7.40000 18
   0.17019  -1.34450  -0.24749   0.21316   7.40000 19
  -0.01032   0.00451   0.26363  -0.56389   7.40000 20
   0.50528   0.19003   0.47660   0.08344   7.50000  1
  -0.41677   0.19153  -0.01192  -0.33766   7.50000  2
  -0.00857  -0.13286   0.31558   0.43126   7.50000  3
   0.33578   0.00347  -0.30454   0.14673   7.50000  4
  -0.53236   0.06374   0.51872  -0.24118   7.50000  5
   0.78799   0.07344   0.75240  -0.09788   7.50000  6
  -2.86080   0.47602  -0.86764   0.40595   7.50000  7
   0.73661  -0.84877   0.24860   0.07414   7.50000  8
   0.90686  -0.24847  -0.43618   0.43573   7.50000  9
   0.95949  -0.20631  -0.67737  -0.37769   7.50000 10
   0.26051  -0.15437  -0.19150  -0.07646   7.50000 11
   0.04588  -0.96059   0.47550   0.20509   7.50000 12
   0.09759  -0.23865  -0.21593  -0.31913   7.50000 13
  -1.16162   0.40979   0.11478   0.19222   7.50000 14
   0.78616  -0.91264  -0.00719   0.17154   7.50000 15
   0.06978  -0.16663  -0.38136  -0.21838   7.50000 16
   1.11768  -0.49108   0.50949   0.06720   7.50000 17
  -0.53456   0.75494  -0.43186  -0.11691   7.50000 18
   0.14570  -1.32084  -0.24180   0.26069   7.50000 19
   0.02070  -0.05804   0.35564  -0.68869   7.50000 20
   0.55111   0.19308   0.44066  -0.02068   7.60000  1
  -0.41663   0.15466   0.01642  -0.40124   7.60000  2
   0.02997  -0.09141   0.44717   0.37783   7.60000  3
   0.30217   0.01376  -0.36840   0.05459   7.60000  4
  -0.47617   0.04106   0.60525  -0.21178   7.60000  5
   0.86026   0.05986   0.69212  -0.17588   7.60000  6
  -2.94752   0.51661  -0.86683   0.40589   7.60000  7
   0.76189  -0.84062   0.25426   0.08946   7.60000  8
   0.86231  -0.20416  -0.45729   0.44497   7.60000  9
   0.88783  -0.24454  -0.75144  -0.37554   7.60000 10
   0.23616  -0.15995  -0.29867  -0.03622   7.60000 11
   0.09485  -0.93894   0.50309   0.22846   7.60000 12
   0.07669  -0.26203  -0.19892  -0.14506   7.60000 13
  -1.14875   0.42875   0.14256   0.18722   7.60000 14
   0.78348  -0.89149  -0.04461   0.25119   7.60000 15
   0.03443  -0.18535  -0.31355  -0.15255   7.60000 16
   1.16455  -0.48247   0.42797   0.10261   7.60000 17
  -0.57732   0.74131  -0.42359  -0.15523   7.60000 18
   0.12194  -1.29224  -0.23271   0.31191   7.60000 19
   0.06010  -0.13219   0.42650  -0.77995   7.60000 20
   0.59357   0.18613   0.40923  -0.11786   7.70000  1
  -0.41286   0.11104   0.06377  -0.47156   7.70000  2
   0.07910  -0.06021   0.52846   0.24061   7.70000  3
   0.26185   0.01346  -0.43959  -0.06520   7.70000  4
  -0.41142   0.02143   0.68798  -0.18171   7.70000  5
   0.92587   0.03805   0.61652  -0.25939   7.70000  6
  -3.03417   0.55719  -0.86619   0.40584   7.70000  7
   0.78677  -0.83064   0.23922   0.11214   7.70000  8
   0.81484  -0.16047  -0.49364   0.42631   7.70000  9
   0.81027  -0.27958  -0.79582  -0.32102   7.70000 10
   0.20022  -0.16199  -0.42057  -0.00802   7.70000 11
   0.14634  -0.91474   0.52596   0.25655   7.70000 12
   0.05879  -0.26746  -0.15213   0.03390   7.70000 13
  -1.13309   0.44726   0.17069   0.18311   7.70000 14
   0.77769  -0.86252  -0.06841   0.32694   7.70000 15
   0.00969  -0.19766  -0.17225  -0.09944   7.70000 16
   1.20339  -0.47097   0.34958   0.12558   7.70000 17
  -0.61930   0.72397  -0.41619  -0.19111   7.70000 18
   0.09933  -1.25836  -0.21865   0.36614   7.70000 19
   0.10449  -0.21023   0.45205  -0.76181   7.70000 20
   0.63308   0.16950   0.38138  -0.21531   7.80000  1
  -0.40263   0.06055   0.14800  -0.53546   7.80000  2
   0.13454  -0.04341   0.57333   0.09632   7.80000  3
   0.21395  -0.00014  -0.51913  -0.21074   7.80000  4
  -0.33910   0.00421   0.75597  -0.16741   7.80000  5
   0.98296   0.00855   0.52378  -0.32661   7.80000  6
  -3.12076   0.59778  -0.86570   0.40579   7.80000  7
   0.80885  -0.81767   0.19807   0.15009   7.80000  8
   0.76346  -0.11909  -0.53467   0.40073   7.80000  9
   0.72907  -0.30868  -0.82796  -0.26258   7.80000 10
   0.15302  -0.16243  -0.51267  -0.00399   7.80000 11
   0.19987  -0.88736   0.54381   0.29285   7.80000 12
   0.04769  -0.25651  -0.06538   0.17709   7.80000 13
  -1.11458   0.46541   0.19990   0.18017   7.80000 14
   0.77034  -0.82646  -0.07626   0.39228   7.80000 15
   0.00070  -0.20613  -0.00741  -0.07100   7.80000 16
   1.23467  -0.45759   0.27701   0.14137   7.80000 17
  -0.66062   0.70316  -0.41056  -0.22474   7.80000 18
   0.07840  -1.21896  -0.19890   0.42206   7.80000 19
   0.14843  -0.28103   0.41741  -0.64090   7.80000 20
   0.66981   0.14283   0.35215  -0.31983   7.90000  1
  -0.38201   0.00468   0.26904  -0.57824   7.90000  2
   0.19127  -0.04060   0.54349  -0.03868   7.90000  3
   0.15872  -0.02924  -0.57595  -0.37191   7.90000  4
  -0.26035  -0.01328   0.82133  -0.18928   7.90000  5
   1.03068  -0.02651   0.43218  -0.37173   7.90000  6
  -3.20731   0.63835  -0.86531   0.40575   7.90000  7
   0.82563  -0.80003   0.13451   0.20556   7.90000  8
   0.70763  -0.08034  -0.58378   0.37488   7.90000  9
   0.64447  -0.33250  -0.86600  -0.21569   7.90000 10
   0.10006  -0.16314  -0.53642  -0.01194   7.90000 11
   0.25498  -0.85577   0.55795   0.34139   7.90000 12
   0.04590  -0.23319   0.02803   0.28583   7.90000 13
  -1.09304   0.48335   0.23119   0.17876   7.90000 14
   0.76273  -0.78449  -0.07552   0.44514   7.90000 15
   0.00798  -0.21149   0.15093  -0.03179   7.90000 16
   1.25894  -0.44278   0.20907   0.15461   7.90000 17
  -0.70152   0.67909  -0.40800  -0.25648   7.90000 18
   0.05972  -1.17393  -0.17400   0.47860   7.90000 19
   0.18705  -0.33730   0.35510  -0.48495   7.90000 20
   0.70301   0.10522   0.30757  -0.43294   8.00000  1
  -0.34807  -0.05452   0.41308  -0.60367   8.00000  2
   0.24052  -0.05100   0.43681  -0.16816   8.00000  3
   0.10035  -0.07442  -0.58978  -0.53174   8.00000  4
  -0.17378  -0.03503   0.91808  -0.25295   8.00000  5
   1.06980  -0.06543   0.35229  -0.40573   8.00000  6
  -3.29383   0.67893  -0.86501   0.40572   8.00000  7
   0.83530  -0.77612   0.05711   0.27419   8.00000  8
   0.64650  -0.04398  -0.63833   0.35194   8.00000  9
   0.55535  -0.35209  -0.91950  -0.17668   8.00000 10
   0.04746  -0.16509  -0.50584  -0.02639   8.00000 11
   0.31140  -0.81854   0.57026   0.40621   8.00000 12
   0.05257  -0.19998   0.09938   0.37401   8.00000 13
  -1.06822   0.50123   0.26614   0.17929   8.00000 14
   0.75511  -0.73773  -0.07836   0.48879   8.00000 15
   0.03000  -0.21123   0.28142   0.04418   8.00000 16
   1.27655  -0.42665   0.14316   0.16834   8.00000 17
  -0.74239   0.65191  -0.41036  -0.28684   8.00000 18
   0.04373  -1.12321  -0.14531   0.53595   8.00000 19
   0.21998  -0.37856   0.30720  -0.34351   8.00000 20
   0.73018   0.05662   0.23059  -0.53455   8.10000  1
  -0.29864  -0.11577   0.58042  -0.62034   8.10000  2
   0.27873  -0.07388   0.32959  -0.28733   8.10000  3
   0.04094  -0.13507  -0.59117  -0.66861   8.10000  4
  -0.07481  -0.06565   1.06992  -0.37092   8.10000  5
   1.10151  -0.10762   0.28353  -0.43836   8.10000  6
  -3.38032   0.71950  -0.86478   0.40569   8.10000  7
   0.83680  -0.74492  -0.02820   0.35107   8.10000  8
   0.58025  -0.01057  -0.68583   0.30993   8.10000  9
   0.45979  -0.36784  -0.99608  -0.13753   8.10000 10
   0.00131  -0.16757  -0.40524  -0.01673   8.10000 11
   0.36898  -0.77384   0.58094   0.49133   8.10000 12
   0.06406  -0.16003   0.11924   0.41088   8.10000 13
  -1.03961   0.51928   0.30717   0.18199   8.10000 14
   0.74664  -0.68694  -0.09351   0.52616   8.10000 15
   0.06174  -0.20155   0.33704   0.15056   8.10000 16
   1.28754  -0.40903   0.07622   0.18464   8.10000 17
  -0.78384   0.62175  -0.42027  -0.31632   8.10000 18
   0.03074  -1.06665  -0.11403   0.59596   8.10000 19
   0.24934  -0.40652   0.28444  -0.21751   8.10000 20
