  -0.47317  -0.69897   0.00667   0.03416   0.10000  1
  -0.52300   1.22682   0.00016  -0.00422   0.10000  2
  -0.34331  -0.17341  -0.06538  -0.01429   0.10000  3
  -0.64377  -0.15645   0.08455  -0.01633   0.10000  4
  -0.05563  -1.49829   0.01493   0.01840   0.10000  5
  -0.55803  -0.15678   0.00189  -0.01935   0.10000  6
  -1.09422  -2.75767   0.00054   0.00130   0.10000  7
   0.23688  -0.42640  -0.02566  -0.00224   0.10000  8
   0.31995  -1.31154  -0.02377   0.00024   0.10000  9
  -1.62191  -0.99353   0.00607   0.00233   0.10000 10
  -0.47217  -0.69381   0.01332   0.06918   0.20000  1
  -0.52298   1.22619   0.00032  -0.00844   0.20000  2
  -0.35321  -0.17555  -0.13325  -0.02859   0.20000  3
  -0.63109  -0.15892   0.16899  -0.03337   0.20000  4
  -0.05338  -1.49552   0.03012   0.03697   0.20000  5
  -0.55764  -0.15969   0.00662  -0.03885   0.20000  6
  -1.09413  -2.75748   0.00108   0.00260   0.20000  7
   0.23302  -0.42674  -0.05151  -0.00454   0.20000  8
   0.31638  -1.31151  -0.04783   0.00038   0.20000  9
  -1.62100  -0.99318   0.01214   0.00466   0.20000 10
  -0.47050  -0.68507   0.01991   0.10602   0.30000  1
  -0.52294   1.22513   0.00049  -0.01266   0.30000  2
  -0.37013  -0.17913  -0.20636  -0.04286   0.30000  3
  -0.61002  -0.16317   0.25198  -0.05196   0.30000  4
  -0.04958  -1.49088   0.04585   0.05588   0.30000  5
  -0.55647  -0.16456   0.01851  -0.05866   0.30000  6
  -1.09400  -2.75715   0.00162   0.00390   0.30000  7
   0.22656  -0.42731  -0.07776  -0.00694   0.30000  8
   0.31037  -1.31148  -0.07247   0.00030   0.30000  9
  -1.61948  -0.99260   0.01822   0.00699   0.30000 10
  -0.46819  -0.67251   0.02639   0.14575   0.40000  1
  -0.52288   1.22366   0.00067  -0.01687   0.40000  2
  -0.39475  -0.18412  -0.28759  -0.05695   0.40000  3
  -0.58087  -0.16940   0.32975  -0.07310   0.40000  4
  -0.04418  -1.48432   0.06245   0.07535   0.40000  5
  -0.55347  -0.17144   0.04454  -0.07906   0.40000  6
  -1.09381  -2.75670   0.00216   0.00519   0.40000  7
   0.21745  -0.42813  -0.10468  -0.00948   0.40000  8
   0.30185  -1.31146  -0.09802  -0.00013   0.40000  9
  -1.61735  -0.99178   0.02433   0.00931   0.40000 10
  -0.46523  -0.65578   0.03268   0.18960   0.50000  1
  -0.52280   1.22176   0.00085  -0.02107   0.50000  2
  -0.42795  -0.19050  -0.37732  -0.07048   0.50000  3
  -0.54446  -0.17792   0.39543  -0.09800   0.50000  4
  -0.03705  -1.47579   0.08029   0.09560   0.50000  5
  -0.54682  -0.18041   0.09239  -0.10057   0.50000  6
  -1.09357  -2.75612   0.00268   0.00647   0.50000  7
   0.20559  -0.42921  -0.13258  -0.01213   0.50000  8
   0.29072  -1.31152  -0.12488  -0.00107   0.50000  9
  -1.61461  -0.99074   0.03045   0.01164   0.50000 10
  -0.46166  -0.63440   0.03862   0.23907   0.60000  1
  -0.52271   1.21944   0.00105  -0.02524   0.60000  2
  -0.46996  -0.19819  -0.45666  -0.08351   0.60000  3
  -0.50268  -0.18916   0.43237  -0.12741   0.60000  4
  -0.02806  -1.46517   0.09984   0.11693   0.60000  5
  -0.53428  -0.19162   0.16042  -0.12405   0.60000  6
  -1.09327  -2.75541   0.00320   0.00774   0.60000  7
   0.19088  -0.43056  -0.16194  -0.01480   0.60000  8
   0.27682  -1.31170  -0.15352  -0.00272   0.60000  9
  -1.61126  -0.98946   0.03661   0.01399   0.60000 10
  -0.45753  -0.60773   0.04407   0.29573   0.70000  1
  -0.52259   1.21671   0.00126  -0.02938   0.70000  2
  -0.51668  -0.20733  -0.46070  -0.10070   0.70000  3
  -0.46030  -0.20346   0.40318  -0.15856   0.70000  4
  -0.01701  -1.45235   0.12170   0.13972   0.70000  5
  -0.51493  -0.20529   0.22194  -0.14955   0.70000  6
  -1.09293  -2.75457   0.00371   0.00899   0.70000  7
   0.17313  -0.43217  -0.19343  -0.01726   0.70000  8
   0.25994  -1.31210  -0.18456  -0.00537   0.70000  9
  -1.60729  -0.98794   0.04282   0.01638   0.70000 10
  -0.45286  -0.57496   0.04909   0.36136   0.80000  1
  -0.52245   1.21357   0.00149  -0.03346   0.80000  2
  -0.55911  -0.21865  -0.37854  -0.12706   0.80000  3
  -0.42363  -0.22084   0.32713  -0.18922   0.80000  4
  -0.00362  -1.43716   0.14665   0.16447   0.80000  5
  -0.49118  -0.22158   0.24762  -0.17655   0.80000  6
  -1.09253  -2.75361   0.00421   0.01023   0.80000  7
   0.15209  -0.43400  -0.22797  -0.01919   0.80000  8
   0.23980  -1.31282  -0.21879  -0.00941   0.80000  9
  -1.60269  -0.98618   0.04910   0.01882   0.80000 10
  -0.44771  -0.53508   0.05416   0.43842   0.90000  1
  -0.52229   1.21002   0.00172  -0.03748   0.90000  2
  -0.59153  -0.23295  -0.26852  -0.15944   0.90000  3
  -0.39497  -0.24140   0.24659  -0.22274   0.90000  4
   0.01246  -1.41937   0.17569   0.19186   0.90000  5
  -0.46604  -0.24074   0.25413  -0.20788   0.90000  6
  -1.09209  -2.75252   0.00469   0.01146   0.90000  7
   0.12740  -0.43597  -0.26672  -0.02015   0.90000  8
   0.21604  -1.31404  -0.25721  -0.01539   0.90000  9
  -1.59747  -0.98417   0.05547   0.02135   0.90000 10
  -0.44199  -0.48678   0.06067   0.53014   1.00000  1
  -0.52211   1.20608   0.00197  -0.04143   1.00000  2
  -0.61280  -0.25064  -0.15715  -0.19484   1.00000  3
  -0.37417  -0.26558   0.17002  -0.26193   1.00000  4
   0.03169  -1.39867   0.20976   0.22265   1.00000  5
  -0.44036  -0.26344   0.25955  -0.24769   1.00000  6
  -1.09159  -2.75132   0.00517   0.01268   1.00000  7
   0.09856  -0.43798  -0.31107  -0.01959   1.00000  8
   0.18818  -1.31599  -0.30083  -0.02395   1.00000  9
  -1.59160  -0.98191   0.06193   0.02396   1.00000 10
  -0.43538  -0.42853   0.07318   0.63667   1.10000  1
  -0.52190   1.20174   0.00223  -0.04533   1.10000  2
  -0.62295  -0.27195  -0.04509  -0.23123   1.10000  3
  -0.36090  -0.29401   0.09530  -0.30736   1.10000  4
   0.05456  -1.37471   0.24812   0.25704   1.10000  5
  -0.41414  -0.29066   0.26399  -0.29845   1.10000  6
  -1.09105  -2.74999   0.00563   0.01388   1.10000  7
   0.06494  -0.43982  -0.36281  -0.01677   1.10000  8
   0.15571  -1.31892  -0.34904  -0.03511   1.10000  9
  -1.58508  -0.97937   0.06850   0.02666   1.10000 10
  -0.42674  -0.35983   0.10386   0.72682   1.20000  1
  -0.52166   1.19701   0.00250  -0.04919   1.20000  2
  -0.62160  -0.29676   0.07356  -0.26337   1.20000  3
  -0.35519  -0.32691   0.01880  -0.34667   1.20000  4
   0.08115  -1.34727   0.28063   0.29076   1.20000  5
  -0.38800  -0.32316   0.25539  -0.34772   1.20000  6
  -1.09047  -2.74854   0.00608   0.01508   1.20000  7
   0.02568  -0.44122  -0.42416  -0.01067   1.20000  8
   0.11852  -1.32297  -0.39188  -0.04444   1.20000  9
  -1.57789  -0.97657   0.07521   0.02941   1.20000 10
  -0.41412  -0.28738   0.14656   0.69856   1.30000  1
  -0.52140   1.19190   0.00280  -0.05306   1.30000  2
  -0.60796  -0.32413   0.19999  -0.28097   1.30000  3
  -0.35674  -0.36167  -0.04437  -0.33892   1.30000  4
   0.10946  -1.31710   0.27732   0.30873   1.30000  5
  -0.36380  -0.35835   0.22654  -0.34587   1.30000  6
  -1.08984  -2.74697   0.00653   0.01627   1.30000  7
  -0.02030  -0.44181  -0.49772  -0.00028   1.30000  8
   0.07854  -1.32723  -0.39971  -0.03665   1.30000  9
  -1.57003  -0.97349   0.08206   0.03218   1.30000 10
  -0.39832  -0.22317   0.16596   0.58000   1.40000  1
  -0.52110   1.18640   0.00312  -0.05697   1.40000  2
  -0.58160  -0.35239   0.32675  -0.28239   1.40000  3
  -0.36258  -0.39354  -0.06542  -0.29697   1.40000  4
   0.13523  -1.28622   0.23430   0.30695   1.40000  5
  -0.34274  -0.39122   0.19489  -0.31042   1.40000  6
  -1.08916  -2.74528   0.00697   0.01748   1.40000  7
  -0.07437  -0.44111  -0.58666   0.01495   1.40000  8
   0.03992  -1.32955  -0.36901  -0.00756   1.40000  9
  -1.56148  -0.97014   0.08909   0.03493   1.40000 10
  -0.38131  -0.17152   0.17331   0.45402   1.50000  1
  -0.52077   1.18050   0.00348  -0.06097   1.50000  2
  -0.54263  -0.38044   0.45310  -0.27879   1.50000  3
  -0.36871  -0.42115  -0.05274  -0.25600   1.50000  4
   0.15606  -1.25585   0.18232   0.30044   1.50000  5
  -0.32483  -0.42056   0.16327  -0.27709   1.50000  6
  -1.08844  -2.74348   0.00742   0.01869   1.50000  7
  -0.13830  -0.43868  -0.69560   0.03417   1.50000  8
   0.00494  -1.32854  -0.33089   0.02792   1.50000  9
  -1.55221  -0.96651   0.09634   0.03761   1.50000 10
  -0.36373  -0.13207   0.17808   0.33628   1.60000  1
  -0.52040   1.17420   0.00388  -0.06507   1.60000  2
  -0.49074  -0.40830   0.58654  -0.27953   1.60000  3
  -0.37244  -0.44485  -0.01892  -0.21786   1.60000  4
   0.17182  -1.22605   0.13361   0.29604   1.60000  5
  -0.31010  -0.44667   0.13014  -0.24409   1.60000  6
  -1.08768  -2.74155   0.00786   0.01992   1.60000  7
  -0.21428  -0.43433  -0.82719   0.05102   1.60000  8
  -0.02644  -1.32399  -0.29782   0.06308   1.60000  9
  -1.54220  -0.96262   0.10382   0.04021   1.60000 10
  -0.34580  -0.10401   0.17962   0.22618   1.70000  1
  -0.51999   1.16749   0.00433  -0.06927   1.70000  2
  -0.42494  -0.43660   0.72946  -0.28702   1.70000  3
  -0.37198  -0.46449   0.02961  -0.17290   1.70000  4
   0.18292  -1.19654   0.08904   0.29467   1.70000  5
  -0.29968  -0.46885   0.06911  -0.19605   1.70000  6
  -1.08687  -2.73949   0.00830   0.02117   1.70000  7
  -0.30359  -0.42928  -0.95022   0.04324   1.70000  8
  -0.05482  -1.31596  -0.27080   0.09725   1.70000  9
  -1.53143  -0.95847   0.11157   0.04275   1.70000 10
  -0.32800  -0.08655   0.17543   0.12467   1.80000  1
  -0.51954   1.16034   0.00480  -0.07356   1.80000  2
  -0.34673  -0.46531   0.80796  -0.28278   1.80000  3
  -0.36659  -0.47899   0.07600  -0.11697   1.80000  4
   0.18972  -1.16702   0.04741   0.29614   1.80000  5
  -0.29825  -0.48549  -0.04420  -0.13761   1.80000  6
  -1.08602  -2.73731   0.00873   0.02244   1.80000  7
  -0.40015  -0.42727  -0.94711  -0.00867   1.80000  8
  -0.08076  -1.30455  -0.24867   0.13107   1.80000  9
  -1.51988  -0.95407   0.11966   0.04528   1.80000 10
  -0.31087  -0.07870   0.16665   0.03422   1.90000  1
  -0.51903   1.15277   0.00530  -0.07789   1.90000  2
  -0.26867  -0.49278   0.73722  -0.26574   1.90000  3
  -0.35703  -0.48855   0.11531  -0.07906   1.90000  4
   0.19246  -1.13722   0.00749   0.30034   1.90000  5
  -0.30737  -0.49687  -0.12605  -0.09327   1.90000  6
  -1.08513  -2.73500   0.00916   0.02371   1.90000  7
  -0.48839  -0.43073  -0.81318  -0.05551   1.90000  8
  -0.10468  -1.28974  -0.23010   0.16529   1.90000  9
  -1.50749  -0.94941   0.12819   0.04791   1.90000 10
  -0.29473  -0.07938   0.15614  -0.04630   2.00000  1
  -0.51848   1.14477   0.00581  -0.08223   2.00000  2
  -0.20089  -0.51826   0.61645  -0.24340   2.00000  3
  -0.34357  -0.49563   0.15269  -0.06547   2.00000  4
   0.19124  -1.10686  -0.03177   0.30741   2.00000  5
  -0.32123  -0.50478  -0.14328  -0.06728   2.00000  6
  -1.08419  -2.73257   0.00959   0.02500   2.00000  7
  -0.56328  -0.43759  -0.68901  -0.07904   2.00000  8
  -0.12686  -1.27145  -0.21394   0.20056   2.00000  9
  -1.49422  -0.94448   0.13732   0.05076   2.00000 10
  -0.27965  -0.08774   0.14533  -0.12020   2.10000  1
  -0.51787   1.13633   0.00633  -0.08655   2.10000  2
  -0.14505  -0.54149   0.50329  -0.22192   2.10000  3
  -0.32696  -0.50203   0.17644  -0.06385   2.10000  4
   0.18609  -1.07563  -0.07133   0.31767   2.10000  5
  -0.33501  -0.51061  -0.12841  -0.05035   2.10000  6
  -1.08321  -2.73000   0.01000   0.02629   2.10000  7
  -0.62703  -0.44622  -0.58954  -0.09251   2.10000  8
  -0.14751  -1.24957  -0.19928   0.23749   2.10000  9
  -1.48000  -0.93925   0.14716   0.05392   2.10000 10
  -0.26565  -0.10330   0.13463  -0.19068   2.20000  1
  -0.51721   1.12746   0.00684  -0.09083   2.20000  2
  -0.09966  -0.56280   0.40712  -0.20502   2.20000  3
  -0.30890  -0.50854   0.18189  -0.06663   2.20000  4
   0.17694  -1.04320  -0.11212   0.33165   2.20000  5
  -0.34621  -0.51501  -0.09247  -0.03836   2.20000  6
  -1.08219  -2.72731   0.01040   0.02759   2.20000  7
  -0.68181  -0.45596  -0.50878  -0.10192   2.20000  8
  -0.16674  -1.22388  -0.18538   0.27669   2.20000  9
  -1.46476  -0.93368   0.15786   0.05751   2.20000 10
  -0.25272  -0.12586   0.12405  -0.26049   2.30000  1
  -0.51650   1.11816   0.00735  -0.09505   2.30000  2
  -0.06319  -0.58267   0.32394  -0.19327   2.30000  3
  -0.29104  -0.51538   0.17362  -0.07022   2.30000  4
   0.16360  -1.00915  -0.15513   0.35018   2.30000  5
  -0.35299  -0.51843  -0.04105  -0.03083   2.30000  6
  -1.08113  -2.72449   0.01079   0.02888   2.30000  7
  -0.72923  -0.46655  -0.44154  -0.10968   2.30000  8
  -0.18459  -1.19413  -0.17158   0.31886   2.30000  9
  -1.44839  -0.92773   0.16955   0.06162   2.30000 10
  -0.24084  -0.15546   0.11347  -0.33220   2.40000  1
  -0.51574   1.10845   0.00784  -0.09920   2.40000  2
  -0.03458  -0.60162   0.24936  -0.18672   2.40000  3
  -0.27440  -0.52257   0.15872  -0.07336   2.40000  4
   0.14580  -0.97297  -0.20148   0.37449   2.40000  5
  -0.35410  -0.52132   0.02011  -0.02749   2.40000  6
  -1.08003  -2.72153   0.01117   0.03017   2.40000  7
  -0.77045  -0.47788  -0.38429  -0.11693   2.40000  8
  -0.20104  -1.15998  -0.15725   0.36488   2.40000  9
  -1.43081  -0.92133   0.18237   0.06636   2.40000 10
  -0.23003  -0.19245   0.10268  -0.40856   2.50000  1
  -0.51494   1.09833   0.00831  -0.10325   2.50000  2
  -0.01315  -0.62020   0.17991  -0.18568   2.50000  3
  -0.25935  -0.53003   0.14228  -0.07584   2.50000  4
   0.12314  -0.93400  -0.25257   0.40639   2.50000  5
  -0.34875  -0.52406   0.08777  -0.02800   2.50000  6
  -1.07890  -2.71845   0.01152   0.03146   2.50000  7
  -0.80634  -0.48994  -0.33473  -0.12431   2.50000  8
  -0.21600  -1.12099  -0.14166   0.41594   2.50000  9
  -1.41188  -0.91443   0.19648   0.07184   2.50000 10
  -0.22032  -0.23744   0.09146  -0.49300   2.60000  1
  -0.51408   1.08780   0.00877  -0.10723   2.60000  2
   0.00147  -0.63897   0.11262  -0.19088   2.60000  3
  -0.24589  -0.53772   0.12734  -0.07773   2.60000  4
   0.09507  -0.89135  -0.31010   0.44864   2.60000  5
  -0.33636  -0.52704   0.16107  -0.03222   2.60000  6
  -1.07773  -2.71524   0.01186   0.03274   2.60000  7
  -0.83760  -0.50276  -0.29125  -0.13227   2.60000  8
  -0.22930  -1.07657  -0.12386   0.47374   2.60000  9
  -1.39146  -0.90694   0.21209   0.07821   2.60000 10
  -0.21177  -0.29147   0.07955  -0.59022   2.70000  1
  -0.51318   1.07688   0.00920  -0.11111   2.70000  2
   0.00933  -0.65861   0.04397  -0.20330   2.70000  3
  -0.23375  -0.54556   0.11639  -0.07919   2.70000  4
   0.06084  -0.84380  -0.37594   0.50519   2.70000  5
  -0.31634  -0.53064   0.24033  -0.04054   2.70000  6
  -1.07652  -2.71190   0.01219   0.03400   2.70000  7
  -0.86476  -0.51642  -0.25269  -0.14120   2.70000  8
  -0.24065  -1.02594  -0.10243   0.54073   2.70000  9
  -1.36940  -0.89875   0.22943   0.08564   2.70000 10
  -0.20444  -0.35614   0.06696  -0.70696   2.80000  1
  -0.51224   1.06558   0.00962  -0.11491   2.80000  2
   0.01000  -0.67983  -0.03299  -0.22122   2.80000  3
  -0.22236  -0.55356   0.11305  -0.08080   2.80000  4
   0.01958  -0.78971  -0.45047   0.57934   2.80000  5
  -0.28809  -0.53532   0.32569  -0.05424   2.80000  6
  -1.07529  -2.70844   0.01250   0.03526   2.80000  7
  -0.88827  -0.53104  -0.21816  -0.15140   2.80000  8
  -0.24959  -0.96800  -0.07500   0.62061   2.80000  9
  -1.34551  -0.88977   0.24880   0.09433   2.80000 10
  -0.19834  -0.43378   0.05566  -0.85074   2.90000  1
  -0.51126   1.05390   0.01002  -0.11865   2.90000  2
   0.00188  -0.70239  -0.13569  -0.22297   2.90000  3
  -0.21067  -0.56181   0.12402  -0.08555   2.90000  4
  -0.02934  -0.72770  -0.52787   0.65865   2.90000  5
  -0.25107  -0.54180   0.41469  -0.07775   2.90000  6
  -1.07402  -2.70485   0.01280   0.03650   2.90000  7
  -0.90850  -0.54675  -0.18698  -0.16313   2.90000  8
  -0.25531  -0.90120  -0.03722   0.71906   2.90000  9
  -1.31956  -0.87983   0.27057   0.10459   2.90000 10
  -0.19284  -0.52692   0.05993  -1.00929   3.00000  1
  -0.51024   1.04185   0.01042  -0.12237   3.00000  2
  -0.01850  -0.72216  -0.27704  -0.16065   3.00000  3
  -0.19677  -0.57123   0.15807  -0.10899   3.00000  4
  -0.08622  -0.65901  -0.61421   0.71055   3.00000  5
  -0.20543  -0.55182   0.49363  -0.13174   3.00000  6
  -1.07273  -2.70114   0.01308   0.03773   3.00000  7
  -0.92576  -0.56372  -0.15876  -0.17653   3.00000  8
  -0.25641  -0.82329   0.01964   0.84452   3.00000  9
  -1.29130  -0.86878   0.29524   0.11677   3.00000 10
  -0.18466  -0.63279   0.10678  -1.07966   3.10000  1
  -0.50918   1.02943   0.01081  -0.12610   3.10000  2
  -0.05416  -0.73267  -0.43819  -0.04214   3.10000  3
  -0.17853  -0.58562   0.20402  -0.18750   3.10000  4
  -0.15317  -0.58689  -0.71554   0.70924   3.10000  5
  -0.15425  -0.57073   0.51247  -0.25470   3.10000  6
  -1.07141  -2.69731   0.01337   0.03895   3.10000  7
  -0.94035  -0.58212  -0.13349  -0.19160   3.10000  8
  -0.25010  -0.73112   0.11637   1.00213   3.10000  9
  -1.26040  -0.85640   0.32340   0.13137   3.10000 10
  -0.17262  -0.73615   0.13113  -0.96191   3.20000  1
  -0.50807   1.01663   0.01122  -0.12995   3.20000  2
  -0.10607  -0.72933  -0.59289   0.11165   3.20000  3
  -0.15791  -0.60888   0.19763  -0.27129   3.20000  4
  -0.22397  -0.52350  -0.67801   0.54279   3.20000  5
  -0.10753  -0.60212   0.40387  -0.36354   3.20000  6
  -1.07006  -2.69335   0.01366   0.04018   3.20000  7
  -0.95258  -0.60209  -0.11182  -0.20823   3.20000  8
  -0.23092  -0.62503   0.26935   1.09126   3.20000  9
  -1.22648  -0.84241   0.35585   0.14904   3.20000 10
  -0.15861  -0.82275   0.14426  -0.76903   3.30000  1
  -0.50693   1.00343   0.01165  -0.13400   3.30000  2
  -0.16907  -0.71123  -0.64178   0.24070   3.30000  3
  -0.13998  -0.63803   0.16000  -0.30388   3.30000  4
  -0.28690  -0.47784  -0.57630   0.38034   3.30000  5
  -0.07519  -0.64125   0.24062  -0.40813   3.30000  6
  -1.06867  -2.68927   0.01396   0.04143   3.30000  7
  -0.96287  -0.62382  -0.09491  -0.22673   3.30000  8
  -0.19892  -0.51900   0.34885   1.00861   3.30000  9
  -1.18905  -0.82646   0.39365   0.17069   3.30000 10
  -0.14460  -0.89091   0.13430  -0.60075   3.40000  1
  -0.50574   0.98982   0.01211  -0.13833   3.40000  2
  -0.23024  -0.68338  -0.57090   0.30599   3.40000  3
  -0.12615  -0.66875   0.11547  -0.30758   3.40000  4
  -0.33913  -0.44532  -0.47133   0.27748   3.40000  5
  -0.05906  -0.68204   0.08604  -0.40251   3.40000  6
  -1.06726  -2.68507   0.01428   0.04270   3.40000  7
  -0.97176  -0.64754  -0.08394  -0.24827   3.40000  8
  -0.16474  -0.42493   0.32554   0.87369   3.40000  9
  -1.14751  -0.80810   0.43842   0.19757   3.40000 10
  -0.13179  -0.94402   0.12212  -0.46557   3.50000  1
  -0.50451   0.97576   0.01263  -0.14302   3.50000  2
  -0.28282  -0.65157  -0.48312   0.32551   3.50000  3
  -0.11680  -0.69923   0.07331  -0.30202   3.50000  4
  -0.38201  -0.42145  -0.39013   0.20238   3.50000  5
  -0.05701  -0.72125  -0.04035  -0.38059   3.50000  6
  -1.06582  -2.68073   0.01463   0.04400   3.50000  7
  -0.97989  -0.67362  -0.07978  -0.27414   3.50000  8
  -0.13450  -0.34338   0.27869   0.76235   3.50000  9
  -1.10107  -0.78672   0.49198   0.23108   3.50000 10
  -0.12016  -0.98463   0.11038  -0.34883   3.60000  1
  -0.50321   0.96120   0.01321  -0.14810   3.60000  2
  -0.32769  -0.61876  -0.41869   0.32968   3.60000  3
  -0.11110  -0.72937   0.04202  -0.30245   3.60000  4
  -0.41783  -0.40459  -0.32916   0.13529   3.60000  5
  -0.06623  -0.75811  -0.13988  -0.35663   3.60000  6
  -1.06434  -2.67626   0.01500   0.04534   3.60000  7
  -0.98789  -0.70248  -0.07994  -0.30257   3.60000  8
  -0.10890  -0.27153   0.23413   0.67854   3.60000  9
  -1.04885  -0.76169   0.55294   0.26974   3.60000 10
  -0.10977  -1.01407   0.09694  -0.24074   3.70000  1
  -0.50186   0.94612   0.01388  -0.15364   3.70000  2
  -0.36739  -0.58568  -0.37920   0.33220   3.70000  3
  -0.10826  -0.76011   0.01484  -0.31412   3.70000  4
  -0.44828  -0.39437  -0.28157   0.06899   3.70000  5
  -0.08414  -0.79264  -0.21394  -0.33445   3.70000  6
  -1.06282  -2.67166   0.01540   0.04672   3.70000  7
  -0.99537  -0.73364  -0.06383  -0.31496   3.70000  8
  -0.08747  -0.20701   0.19546   0.61462   3.70000  9
  -0.99085  -0.73318   0.60202   0.29539   3.70000 10
  -0.10092  -1.03287   0.07897  -0.13548   3.80000  1
  -0.50043   0.93046   0.01467  -0.15967   3.80000  2
  -0.40422  -0.55223  -0.36071   0.33736   3.80000  3
  -0.10829  -0.79254  -0.01685  -0.33600   3.80000  4
  -0.47444  -0.39089  -0.24291  -0.00009   3.80000  5
  -0.10812  -0.82513  -0.26082  -0.31617   3.80000  6
  -1.06125  -2.66692   0.01583   0.04813   3.80000  7
  -0.99919  -0.76405  -0.00727  -0.28792   3.80000  8
  -0.06962  -0.14814   0.16224   0.56460   3.80000  9
  -0.92970  -0.70391   0.61685   0.28525   3.80000 10
  -0.09423  -1.04114   0.05308  -0.02963   3.90000  1
  -0.49892   0.91417   0.01562  -0.16626   3.90000  2
  -0.44013  -0.51810  -0.36019   0.34556   3.90000  3
  -0.11194  -0.82753  -0.05773  -0.36460   3.90000  4
  -0.49708  -0.39456  -0.21075  -0.07409   3.90000  5
  -0.13535  -0.85608  -0.27931  -0.30413   3.90000  6
  -1.05965  -2.66203   0.01628   0.04959   3.90000  7
  -0.99644  -0.79076   0.06219  -0.24609   3.90000  8
  -0.05487  -0.09376   0.13348   0.52452   3.90000  9
  -0.86758  -0.67642   0.62732   0.26512   3.90000 10
  -0.09071  -1.03873   0.01491   0.07806   4.00000  1
  -0.49730   0.89719   0.01677  -0.17345   4.00000  2
  -0.47677  -0.48315  -0.37482   0.35249   4.00000  3
  -0.12010  -0.86556  -0.10628  -0.39621   4.00000  4
  -0.51679  -0.40586  -0.18480  -0.15227   4.00000  5
  -0.16310  -0.88620  -0.27145  -0.29936   4.00000  6
  -1.05800  -2.65700   0.01676   0.05109   4.00000  7
  -0.98693  -0.81336   0.12697  -0.20662   4.00000  8
  -0.04281  -0.04300   0.10827   0.49181   4.00000  9
  -0.80368  -0.65055   0.65369   0.25444   4.00000 10
  -0.09186  -1.02554  -0.04151   0.18484   4.10000  1
  -0.49556   0.87946   0.01816  -0.18129   4.10000  2
  -0.51539  -0.44816  -0.39781   0.34203   4.10000  3
  -0.13324  -0.90674  -0.15583  -0.42658   4.10000  4
  -0.53438  -0.42485  -0.16953  -0.22502   4.10000  5
  -0.18891  -0.91613  -0.24159  -0.29970   4.10000  6
  -1.05630  -2.65181   0.01726   0.05265   4.10000  7
  -0.97123  -0.83222   0.18619  -0.17110   4.10000  8
  -0.03312   0.00479   0.08589   0.46473   4.10000  9
  -0.73621  -0.62501   0.69876   0.25945   4.10000 10
  -0.09986  -1.00224  -0.12313   0.27624   4.20000  1
  -0.49366   0.86090   0.01986  -0.18986   4.20000  2
  -0.55607  -0.41631  -0.41283   0.28584   4.20000  3
  -0.15098  -0.95047  -0.19690  -0.44393   4.20000  4
  -0.55141  -0.45005  -0.17479  -0.27473   4.20000  5
  -0.21084  -0.94610  -0.19468  -0.29881   4.20000  6
  -1.05454  -2.64647   0.01779   0.05426   4.20000  7
  -0.94981  -0.84768   0.24164  -0.13835   4.20000  8
  -0.02556   0.05010   0.06576   0.44203   4.20000  9
  -0.66346  -0.59790   0.75727   0.28729   4.20000 10
  -0.11728  -0.97197  -0.22745   0.31806   4.30000  1
  -0.49157   0.84146   0.02195  -0.19921   4.30000  2
  -0.59706  -0.39260  -0.40144   0.18340   4.30000  3
  -0.17216  -0.99413  -0.22532  -0.42030   4.30000  4
  -0.56983  -0.47924  -0.19253  -0.30771   4.30000  5
  -0.22753  -0.97552  -0.13852  -0.28696   4.30000  6
  -1.05274  -2.64096   0.01836   0.05594   4.30000  7
  -0.92297  -0.85994   0.29508  -0.10705   4.30000  8
  -0.01991   0.09331   0.04741   0.42278   4.30000  9
  -0.58513  -0.56663   0.80245   0.34105   4.30000 10
  -0.14527  -0.94082  -0.32963   0.29669   4.40000  1
  -0.48925   0.82104   0.02453  -0.20940   4.40000  2
  -0.63521  -0.37987  -0.35704   0.07304   4.40000  3
  -0.19599  -1.03281  -0.25161  -0.34697   4.40000  4
  -0.58865  -0.51107  -0.17547  -0.32333   4.40000  5
  -0.23871  -1.00288  -0.08727  -0.25701   4.40000  6
  -1.05087  -2.63528   0.01896   0.05768   4.40000  7
  -0.89081  -0.86909   0.34816  -0.07583   4.40000  8
  -0.01603   0.13474   0.03040   0.40612   4.40000  9
  -0.50541  -0.53019   0.77896   0.37901   4.40000 10
  -0.18247  -0.91367  -0.41033   0.24369   4.50000  1
  -0.48665   0.79955   0.02774  -0.22049   4.50000  2
  -0.66799  -0.37733  -0.29785  -0.01890   4.50000  3
  -0.22253  -1.06282  -0.27879  -0.25153   4.50000  4
  -0.60403  -0.54281  -0.13239  -0.30921   4.50000  5
  -0.24570  -1.02643  -0.05713  -0.21225   4.50000  6
  -1.04894  -2.62942   0.01960   0.05951   4.50000  7
  -0.85329  -0.87506   0.40266  -0.04325   4.50000  8
  -0.01380   0.17460   0.01431   0.39141   4.50000  9
  -0.43080  -0.49284   0.71217   0.36102   4.50000 10
  -0.22657  -0.89221  -0.46827   0.18617   4.60000  1
  -0.48368   0.77691   0.03178  -0.23252   4.60000  2
  -0.69485  -0.38313  -0.24022  -0.09527   4.60000  3
  -0.25153  -1.08300  -0.29956  -0.15204   4.60000  4
  -0.61550  -0.57296  -0.09889  -0.29523   4.60000  5
  -0.25116  -1.04514  -0.05759  -0.16158   4.60000  6
  -1.04695  -2.62337   0.02028   0.06142   4.60000  7
  -0.81017  -0.87765   0.46039  -0.00801   4.60000  8
  -0.01315   0.21307  -0.00118   0.37818   4.60000  9
  -0.36263  -0.45875   0.65327   0.31888   4.60000 10
  -0.27556  -0.87620  -0.50951   0.13533   4.70000  1
  -0.48026   0.75301   0.03686  -0.24553   4.70000  2
  -0.71618  -0.39614  -0.18689  -0.16421   4.70000  3
  -0.28208  -1.09330  -0.30981  -0.05459   4.70000  4
  -0.62411  -0.60229  -0.07420  -0.29371   4.70000  5
  -0.25826  -1.05872  -0.08910  -0.11000   4.70000  6
  -1.04489  -2.61713   0.02100   0.06340   4.70000  7
  -0.76104  -0.87653   0.52313   0.03105   4.70000  8
  -0.01403   0.25028  -0.01635   0.36624   4.70000  9
  -0.29979  -0.42920   0.60487   0.27204   4.70000 10
  -0.32819  -0.86485  -0.54251   0.09308   4.80000  1
  -0.47626   0.72777   0.04326  -0.25954   4.80000  2
  -0.73231  -0.41590  -0.13588  -0.23097   4.80000  3
  -0.31321  -1.09405  -0.31176   0.03898   4.80000  4
  -0.63041  -0.63222  -0.05165  -0.30788   4.80000  5
  -0.26983  -1.06709  -0.14596  -0.05698   4.80000  6
  -1.04275  -2.61069   0.02174   0.06546   4.80000  7
  -0.70533  -0.87129   0.59232   0.07467   4.80000  8
  -0.01642   0.28636  -0.03142   0.35551   4.80000  9
  -0.24148  -0.40426   0.56186   0.22766   4.80000 10
  -0.38412  -0.85734  -0.57726   0.05840   4.90000  1
  -0.47155   0.70107   0.05129  -0.27451   4.90000  2
  -0.74334  -0.44236  -0.08435  -0.29861   4.90000  3
  -0.34436  -1.08560  -0.31149   0.12965   4.90000  4
  -0.63423  -0.66445  -0.02268  -0.33974   4.90000  5
  -0.28805  -1.06995  -0.22097   0.00092   4.90000  6
  -1.04054  -2.60404   0.02251   0.06760   4.90000  7
  -0.64236  -0.86148   0.66796   0.12154   4.90000  8
  -0.02032   0.32142  -0.04671   0.34599   4.90000  9
  -0.18733  -0.38349   0.52171   0.18875   4.90000 10
  -0.44404  -0.85289  -0.62306   0.03263   5.00000  1
  -0.46594   0.67284   0.06137  -0.29035   5.00000  2
  -0.74906  -0.47571  -0.02939  -0.36895   5.00000  3
  -0.37565  -1.06811  -0.31544   0.22078   5.00000  4
  -0.63430  -0.70073   0.02596  -0.38793   5.00000  5
  -0.31444  -1.06657  -0.30828   0.06894   5.00000  6
  -1.03825  -2.59717   0.02328   0.06981   5.00000  7
  -0.57168  -0.84717   0.74438   0.16164   5.00000  8
  -0.02578   0.35559  -0.06260   0.33768   5.00000  9
  -0.13707  -0.36631   0.48379   0.15576   5.00000 10
  -0.50846  -0.85016  -0.65506   0.02633   5.10000  1
  -0.45919   0.64298   0.07396  -0.30688   5.10000  2
  -0.74901  -0.51628   0.03161  -0.44308   5.10000  3
  -0.40772  -1.04127  -0.32719   0.31704   5.10000  4
  -0.62795  -0.74224   0.10609  -0.44234   5.10000  5
  -0.34993  -1.05558  -0.40204   0.15447   5.10000  6
  -1.03588  -2.59007   0.02406   0.07208   5.10000  7
  -0.49467  -0.83041   0.78024   0.16422   5.10000  8
  -0.03288   0.38899  -0.07961   0.33048   5.10000  9
  -0.09050  -0.35217   0.44795   0.12769   5.10000 10
  -0.57214  -0.84689  -0.60925   0.04037   5.20000  1
  -0.45104   0.61145   0.08961  -0.32374   5.20000  2
  -0.74248  -0.56451   0.10038  -0.52285   5.20000  3
  -0.44125  -1.00448  -0.34393   0.41931   5.20000  4
  -0.61240  -0.78913   0.20521  -0.49473   5.20000  5
  -0.39471  -1.03483  -0.49150   0.26512   5.20000  6
  -1.03344  -2.58275   0.02483   0.07441   5.20000  7
  -0.41955  -0.81615   0.70907   0.11488   5.20000  8
  -0.04176   0.42172  -0.09838   0.32408   5.20000  9
  -0.04742  -0.34065   0.41395   0.10315   5.20000 10
  -0.62899  -0.84235  -0.51945   0.04672   5.30000  1
  -0.44115   0.57824   0.10887  -0.34027   5.30000  2
  -0.72863  -0.62120   0.17836  -0.61344   5.30000  3
  -0.47665  -0.95755  -0.36591   0.51697   5.30000  4
  -0.58770  -0.84081   0.28221  -0.53471   5.30000  5
  -0.44764  -1.00175  -0.56413   0.39959   5.30000  6
  -1.03091  -2.57519   0.02558   0.07680   5.30000  7
  -0.35423  -0.80797   0.59252   0.04942   5.30000  8
  -0.05263   0.45382  -0.11957   0.31788   5.30000  9
  -0.00766  -0.33146   0.38153   0.08104   5.30000 10
  -0.67457  -0.83824  -0.38812   0.03520   5.40000  1
  -0.42914   0.54344   0.13216  -0.35542   5.40000  2
  -0.70643  -0.68787   0.26763  -0.72425   5.40000  3
  -0.51513  -0.90199  -0.40726   0.58534   5.40000  4
  -0.55703  -0.89494   0.32719  -0.53944   5.40000  5
  -0.50707  -0.95451  -0.62272   0.54529   5.40000  6
  -1.02832  -2.56739   0.02630   0.07925   5.40000  7
  -0.30166  -0.80561   0.45813   0.00241   5.40000  8
  -0.06577   0.48526  -0.14376   0.31077   5.40000  9
   0.02893  -0.32438   0.35047   0.06085   5.40000 10
  -0.70594  -0.83493  -0.23464   0.03256   5.50000  1
  -0.41459   0.50726   0.15942  -0.36761   5.50000  2
  -0.67470  -0.76688   0.36843  -0.85697   5.50000  3
  -0.55809  -0.84333  -0.45161   0.57551   5.50000  4
  -0.52468  -0.94505   0.30315  -0.44303   5.50000  5
  -0.57114  -0.89397  -0.65102   0.65382   5.50000  6
  -1.02566  -2.55934   0.02701   0.08176   5.50000  7
  -0.26239  -0.80663   0.32974  -0.01963   5.50000  8
  -0.08149   0.51589  -0.17112   0.30106   5.50000  9
   0.06248  -0.31923   0.32064   0.04251   5.50000 10
  -0.72036  -0.83189  -0.05075   0.02655   5.60000  1
  -0.39715   0.47008   0.18959  -0.37486   5.60000  2
  -0.63316  -0.85710   0.44965  -0.91566   5.60000  3
  -0.60578  -0.78881  -0.50023   0.50180   5.60000  4
  -0.49839  -0.98182   0.22143  -0.29438   5.60000  5
  -0.63632  -0.82605  -0.64689   0.68844   5.60000  6
  -1.02292  -2.55103   0.02771   0.08433   5.60000  7
  -0.23513  -0.80911   0.21827  -0.02893   5.60000  8
  -0.10008   0.54532  -0.20081   0.28659   5.60000  9
   0.09310  -0.31581   0.29204   0.02613   5.60000 10
  -0.71700  -0.82902   0.10650   0.03814   5.70000  1
  -0.37666   0.43250   0.22008  -0.37552   5.70000  2
  -0.58805  -0.94440   0.44861  -0.82495   5.70000  3
  -0.65679  -0.74465  -0.51492   0.38217   5.70000  4
  -0.48027  -1.00479   0.14147  -0.16985   5.70000  5
  -0.69838  -0.76008  -0.58690   0.62221   5.70000  6
  -1.02011  -2.54247   0.02843   0.08698   5.70000  7
  -0.21820  -0.81236   0.12255  -0.03636   5.70000  8
  -0.12166   0.57298  -0.23055   0.26542   5.70000  9
   0.12093  -0.31393   0.26472   0.01174   5.70000 10
  -0.70180  -0.82304   0.18516   0.08417   5.80000  1
  -0.35325   0.39521   0.24716  -0.36944   5.80000  2
  -0.54288  -1.02243   0.45790  -0.73640   5.80000  3
  -0.70808  -0.71159  -0.50747   0.28402   5.80000  4
  -0.46996  -1.01684   0.06643  -0.07767   5.80000  5
  -0.75278  -0.70217  -0.49861   0.53578   5.80000  6
  -1.01723  -2.53363   0.02920   0.08973   5.80000  7
  -0.21024  -0.81648   0.03842  -0.04665   5.80000  8
  -0.14607   0.59816  -0.25682   0.23723   5.80000  9
   0.14609  -0.31340   0.23863  -0.00078   5.80000 10
  -0.68182  -0.81229   0.20829   0.12832   5.90000  1
  -0.32745   0.35877   0.26754  -0.35881   5.90000  2
  -0.49638  -1.09128   0.46997  -0.63770   5.90000  3
  -0.75756  -0.68672  -0.47898   0.21926   5.90000  4
  -0.46630  -1.02182   0.01192  -0.02874   5.90000  5
  -0.79804  -0.65276  -0.40798   0.45333   5.90000  6
  -1.01427  -2.52452   0.03002   0.09257   5.90000  7
  -0.21026  -0.82182  -0.03785  -0.06067   5.90000  8
  -0.17280   0.62026  -0.27653   0.20406   5.90000  9
   0.16869  -0.31403   0.21360  -0.01161   5.90000 10
  -0.66085  -0.79798   0.20926   0.15477   6.00000  1
  -0.30001   0.32348   0.28008  -0.34720   6.00000  2
  -0.44957  -1.14965   0.46318  -0.52993   6.00000  3
  -0.80343  -0.66658  -0.43686   0.18871   6.00000  4
  -0.46642  -1.02352  -0.00945  -0.00714   6.00000  5
  -0.83477  -0.61138  -0.32891   0.37470   6.00000  6
  -1.01122  -2.51512   0.03091   0.09550   6.00000  7
  -0.21763  -0.82873  -0.10894  -0.07789   6.00000  8
  -0.20112   0.63893  -0.28866   0.16938   6.00000  9
   0.18883  -0.31567   0.18939  -0.02090   6.00000 10
  -0.64010  -0.78190   0.20599   0.16443   6.10000  1
  -0.27167   0.28926   0.28576  -0.33772   6.10000  2
  -0.40415  -1.19761   0.44397  -0.43157   6.10000  3
  -0.84475  -0.64812  -0.38910   0.18391   6.10000  4
  -0.46748  -1.02323  -0.00932   0.01403   6.10000  5
  -0.86430  -0.57774  -0.26377   0.29836   6.10000  6
  -1.00809  -2.50542   0.03188   0.09852   6.10000  7
  -0.23195  -0.83748  -0.17695  -0.09746   6.10000  8
  -0.23031   0.65419  -0.29424   0.13625   6.10000  9
   0.20659  -0.31816   0.16577  -0.02874   6.10000 10
  -0.61956  -0.76552   0.20534   0.16137   6.20000  1
  -0.24302   0.25580   0.28652  -0.33207   6.20000  2
  -0.36090  -1.23642   0.42083  -0.34686   6.20000  3
  -0.88118  -0.62928  -0.33932   0.19489   6.20000  4
  -0.46795  -1.02042   0.00123   0.04371   6.20000  5
  -0.88794  -0.55162  -0.21113   0.22474   6.20000  6
  -1.00485  -2.49541   0.03292   0.10161   6.20000  7
  -0.25298  -0.84827  -0.24371  -0.11850   6.20000  8
  -0.25982   0.66628  -0.29522   0.10631   6.20000  9
   0.22200  -0.32137   0.14254  -0.03520   6.20000 10
  -0.59887  -0.74996   0.20941   0.14820   6.30000  1
  -0.21446   0.22270   0.28420  -0.33079   6.30000  2
  -0.32002  -1.26736   0.39664  -0.27355   6.30000  3
  -0.91258  -0.60887  -0.28844   0.21401   6.30000  4
  -0.46703  -1.01418   0.01796   0.08269   6.30000  5
  -0.90687  -0.53267  -0.16906   0.15487   6.30000  6
  -1.00150  -2.48509   0.03404   0.10476   6.30000  7
  -0.28070  -0.86119  -0.31087  -0.13992   6.30000  8
  -0.28926   0.67557  -0.29340   0.08003   6.30000  9
   0.23510  -0.32516   0.11951  -0.04031   6.30000 10
  -0.57751  -0.73620   0.21848   0.12540   6.40000  1
  -0.18624   0.18950   0.28017  -0.33377   6.40000  2
  -0.28159  -1.29143   0.37185  -0.20917   6.40000  3
  -0.93882  -0.58640  -0.23607   0.23546   6.40000  4
  -0.46419  -1.00357   0.03968   0.13092   6.40000  5
  -0.92206  -0.52046  -0.13613   0.09035   6.40000  6
  -0.99804  -2.47446   0.03523   0.10796   6.40000  7
  -0.31521  -0.87621  -0.37959  -0.16021   6.40000  8
  -0.31845   0.68240  -0.29011   0.05720   6.40000  9
   0.24590  -0.32939   0.09650  -0.04414   6.40000 10
  -0.55504  -0.72525   0.23136   0.09161   6.50000  1
  -0.15846   0.15581   0.27536  -0.34067   6.50000  2
  -0.24567  -1.30944   0.34641  -0.15215   6.50000  3
  -0.95972  -0.56190  -0.18154   0.25347   6.50000  4
  -0.45896  -0.98767   0.06547   0.18872   6.50000  5
  -0.93437  -0.51433  -0.11138   0.03418   6.50000  6
  -0.99445  -2.46350   0.03647   0.11120   6.50000  7
  -0.35666  -0.89312  -0.44922  -0.17698   6.50000  8
  -0.34727   0.68711  -0.28622   0.03734   6.50000  9
   0.25440  -0.33395   0.07329  -0.04671   6.50000 10
  -0.53123  -0.71832   0.24456   0.04463   6.60000  1
  -0.13117   0.12125   0.27039  -0.35115   6.60000  2
  -0.21232  -1.32208   0.32046  -0.10171   6.60000  3
  -0.97505  -0.53605  -0.12485   0.26121   6.60000  4
  -0.45113  -0.96556   0.08937   0.25418   6.60000  5
  -0.94457  -0.51319  -0.09345  -0.00872   6.60000  6
  -0.99074  -2.45222   0.03776   0.11448   6.60000  7
  -0.40484  -0.91133  -0.51163  -0.18478   6.60000  8
  -0.37569   0.68995  -0.28222   0.01993   6.60000  9
   0.26055  -0.33869   0.04961  -0.04806   6.60000 10
  -0.50632  -0.71678   0.25210  -0.01582   6.70000  1
  -0.10437   0.08547   0.26567  -0.36496   6.70000  2
  -0.18158  -1.32999   0.29455  -0.05735   6.70000  3
  -0.98468  -0.51023  -0.06787   0.25189   6.70000  4
  -0.44190  -0.93706   0.08845   0.31244   6.70000  5
  -0.95320  -0.51544  -0.07947  -0.03298   6.70000  6
  -0.98690  -2.44060   0.03908   0.11780   6.70000  7
  -0.45783  -0.92924  -0.53924  -0.16731   6.70000  8
  -0.40372   0.69116  -0.27840   0.00450   6.70000  9
   0.26429  -0.34352   0.02513  -0.04821   6.70000 10
  -0.48116  -0.72179   0.24922  -0.08550   6.80000  1
  -0.07802   0.04815   0.26151  -0.38201   6.80000  2
  -0.15339  -1.33373   0.26948  -0.01841   6.80000  3
  -0.98874  -0.48633  -0.01421   0.22285   6.80000  4
  -0.43490  -0.90394   0.04668   0.34661   6.80000  5
  -0.96044  -0.51910  -0.06504  -0.03705   6.80000  6
  -0.98292  -2.42866   0.04044   0.12116   6.80000  7
  -0.51078  -0.94342  -0.51263  -0.11113   6.80000  8
  -0.43138   0.69091  -0.27490  -0.00937   6.80000  9
   0.26553  -0.34830  -0.00054  -0.04715   6.80000 10
  -0.45683  -0.73399   0.23577  -0.15836   6.90000  1
  -0.05204   0.00896   0.25818  -0.40234   6.90000  2
  -0.12763  -1.33381   0.24580   0.01610   6.90000  3
  -0.98773  -0.46621   0.03312   0.17746   6.90000  4
  -0.43296  -0.86797  -0.00763   0.37322   6.90000  5
  -0.96606  -0.52232  -0.04640  -0.02523   6.90000  6
  -0.97881  -2.41637   0.04180   0.12457   6.90000  7
  -0.55955  -0.95094  -0.46099  -0.03866   6.90000  8
  -0.45871   0.68933  -0.27179  -0.02202   6.90000  9
   0.26413  -0.35290  -0.02786  -0.04475   6.90000 10
  -0.43437  -0.75333   0.21117  -0.22656   7.00000  1
  -0.02634  -0.03244   0.25597  -0.42618   7.00000  2
  -0.10417  -1.33062   0.22363   0.04735   7.00000  3
  -0.98235  -0.45118   0.07335   0.12169   7.00000  4
  -0.43614  -0.82917  -0.05354   0.40240   7.00000  5
  -0.96953  -0.52385  -0.02187  -0.00429   7.00000  6
  -0.97456  -2.40374   0.04317   0.12804   7.00000  7
  -0.60287  -0.95123  -0.40547   0.03203   7.00000  8
  -0.48575   0.68653  -0.26906  -0.03372   7.00000  9
   0.25989  -0.35719  -0.05735  -0.04076   7.00000 10
  -0.41518  -0.77842   0.16933  -0.26801   7.10000  1
  -0.00080  -0.07641   0.25522  -0.45392   7.10000  2
  -0.08286  -1.32442   0.20275   0.07642   7.10000  3
  -0.97327  -0.44205   0.10731   0.06029   7.10000  4
  -0.44300  -0.78798  -0.07983   0.41615   7.10000  5
  -0.97023  -0.52306   0.00878   0.02026   7.10000  6
  -0.97018  -2.39076   0.04453   0.13155   7.10000  7
  -0.64071  -0.94475  -0.35175   0.09667   7.10000  8
  -0.51253   0.68261  -0.26671  -0.04473   7.10000  9
   0.25257  -0.36099  -0.08964  -0.03469   7.10000 10
  -0.40105  -0.80517   0.11198  -0.25930   7.20000  1
   0.02477  -0.12337   0.25644  -0.48615   7.20000  2
  -0.06360  -1.31538   0.18274   0.10421   7.20000  3
  -0.96106  -0.43921   0.13631  -0.00380   7.20000  4
  -0.45144  -0.74733  -0.08725   0.39075   7.20000  5
  -0.96757  -0.51980   0.04546   0.04476   7.20000  6
  -0.96566  -2.37743   0.04589   0.13512   7.20000  7
  -0.67333  -0.93209  -0.30129   0.15548   7.20000  8
  -0.53910   0.67760  -0.26468  -0.05525   7.20000  9
   0.24184  -0.36404  -0.12560  -0.02580   7.20000 10
  -0.39273  -0.82928   0.05546  -0.22029   7.30000  1
   0.05058  -0.17381   0.26047  -0.52373   7.30000  2
  -0.04630  -1.30360   0.16313   0.13137   7.30000  3
  -0.94614  -0.44283   0.16157  -0.06845   7.30000  4
  -0.46039  -0.71051  -0.09231   0.34456   7.30000  5
  -0.96094  -0.51421   0.08822   0.06619   7.30000  6
  -0.96100  -2.36374   0.04725   0.13873   7.30000  7
  -0.70109  -0.91379  -0.25438   0.21013   7.30000  8
  -0.56548   0.67157  -0.26294  -0.06546   7.30000  9
   0.22728  -0.36602  -0.16647  -0.01304   7.30000 10
  -0.38969  -0.84900   0.00666  -0.17372   7.40000  1
   0.07700  -0.22832   0.26854  -0.56751   7.40000  2
  -0.03097  -1.28911   0.14354   0.15835   7.40000  3
  -0.92883  -0.45284   0.18429  -0.13098   7.40000  4
  -0.47009  -0.67839  -0.10281   0.29863   7.40000  5
  -0.94972  -0.50679   0.13725   0.08067   7.40000  6
  -0.95621  -2.34968   0.04860   0.14239   7.40000  7
  -0.72432  -0.89013  -0.21074   0.26293   7.40000  8
  -0.59170   0.66452  -0.26141  -0.07551   7.40000  9
   0.20833  -0.36648  -0.21392   0.00476   7.40000 10
  -0.39116  -0.86400  -0.03501  -0.12610   7.50000  1
   0.10445  -0.28750   0.28097  -0.61635   7.50000  2
  -0.01761  -1.27192   0.12367   0.18547   7.50000  3
  -0.90930  -0.46881   0.20628  -0.18697   7.50000  4
  -0.48117  -0.65060  -0.11980   0.25803   7.50000  5
  -0.93328  -0.49851   0.19242   0.08212   7.50000  6
  -0.95128  -2.33526   0.04994   0.14609   7.50000  7
  -0.74333  -0.86118  -0.16983   0.31646   7.50000  8
  -0.61777   0.65646  -0.26001  -0.08553   7.50000  9
   0.18425  -0.36491  -0.26863   0.02679   7.50000 10
  -0.39651  -0.87421  -0.07127  -0.07788   7.60000  1
   0.13303  -0.35132   0.28713  -0.65549   7.60000  2
  -0.00625  -1.25200   0.10337   0.21299   7.60000  3
  -0.88748  -0.48983   0.23100  -0.23095   7.60000  4
  -0.49429  -0.62662  -0.14397   0.22221   7.60000  5
  -0.91107  -0.49106   0.25239   0.06267   7.60000  6
  -0.94622  -2.32046   0.05129   0.14985   7.60000  7
  -0.75836  -0.82672  -0.13106   0.37365   7.60000  8
  -0.64370   0.64741  -0.25868  -0.09564   7.60000  9
   0.15466  -0.36141  -0.32018   0.03857   7.60000 10
  -0.40529  -0.87952  -0.10373  -0.02812   7.70000  1
   0.16059  -0.41711   0.25710  -0.65287   7.70000  2
   0.00305  -1.22930   0.08258   0.24124   7.70000  3
  -0.86284  -0.51452   0.26376  -0.26074   7.70000  4
  -0.51026  -0.60605  -0.17723   0.18964   7.70000  5
  -0.88272  -0.48686   0.31469   0.01671   7.70000  6
  -0.94102  -2.30529   0.05264   0.15366   7.70000  7
  -0.76959  -0.78621  -0.09371   0.43819   7.70000  8
  -0.66950   0.63733  -0.25732  -0.10593   7.70000  9
   0.12139  -0.35870  -0.33877   0.00821   7.70000 10
  -0.41718  -0.87974  -0.13387   0.02447   7.80000  1
   0.18365  -0.48117   0.20268  -0.62777   7.80000  2
   0.01025  -1.20372   0.06139   0.27063   7.80000  3
  -0.83429  -0.54167   0.30960  -0.28149   7.80000  4
  -0.53015  -0.58863  -0.22292   0.15887   7.80000  5
  -0.84811  -0.48860   0.37771  -0.05553   7.80000  6
  -0.93569  -2.28973   0.05399   0.15754   7.80000  7
  -0.77710  -0.73867  -0.05640   0.51499   7.80000  8
  -0.69516   0.62621  -0.25585  -0.11649   7.80000  9
   0.08759  -0.36051  -0.33632  -0.04522   7.80000 10
  -0.43204  -0.87448  -0.16329   0.08149   7.90000  1
   0.20114  -0.54282   0.14776  -0.60645   7.90000  2
   0.01532  -1.17512   0.03996   0.30173   7.90000  3
  -0.80041  -0.57078   0.37009  -0.30029   7.90000  4
  -0.55543  -0.57426  -0.28627   0.12842   7.90000  5
  -0.80714  -0.49874   0.44193  -0.15097   7.90000  6
  -0.93022  -2.27377   0.05536   0.16149   7.90000  7
  -0.78072  -0.68265  -0.01412   0.60799   7.90000  8
  -0.72067   0.61402  -0.25420  -0.12739   7.90000  9
   0.05398  -0.36762  -0.33722  -0.09601   7.90000 10
  -0.44988  -0.86322  -0.19403   0.14501   8.00000  1
   0.21332  -0.60271   0.09640  -0.59251   8.00000  2
   0.01825  -1.14329   0.01855   0.33533   8.00000  3
  -0.76008  -0.60121   0.43553  -0.30051   8.00000  4
  -0.58821  -0.56302  -0.37374   0.09568   8.00000  5
  -0.75972  -0.51943   0.50557  -0.26446   8.00000  6
  -0.92462  -2.25742   0.05674   0.16553   8.00000  7
  -0.77912  -0.61711   0.05373   0.69599   8.00000  8
  -0.74599   0.60072  -0.25230  -0.13867   8.00000  9
   0.01987  -0.37953  -0.34644  -0.14138   8.00000 10
  -0.47099  -0.84516  -0.22907   0.21821   8.10000  1
   0.22050  -0.66154   0.04726  -0.58514   8.10000  2
   0.01905  -1.10793  -0.00244   0.37253   8.10000  3
  -0.71370  -0.62837   0.49049  -0.23147   8.10000  4
  -0.63088  -0.55542  -0.47903   0.05366   8.10000  5
  -0.70658  -0.55111   0.55257  -0.35992   8.10000  6
  -0.91888  -2.24067   0.05814   0.16967   8.10000  7
  -0.76800  -0.54651   0.17647   0.69618   8.10000  8
  -0.77112   0.58627  -0.25012  -0.15039   8.10000  9
  -0.01559  -0.39578  -0.36427  -0.18333   8.10000 10
