  -0.47904  -0.69626  -0.11134   0.08860   0.10000  1
  -0.52153   1.22359   0.02964  -0.06907   0.10000  2
   1.57012   0.43652  -0.00660  -0.00025   0.10000  3
  -1.80375  -0.12540   0.03383  -0.01084   0.10000  4
  -0.36297   0.56408   0.02516   0.08085   0.10000  5
  -0.30270   0.82779  -0.03224  -0.06129   0.10000  6
  -1.07669  -0.33308   0.05245  -0.06625   0.10000  7
  -1.03507  -0.73592   0.06194   0.08758   0.10000  8
  -0.64109  -0.51821  -0.01512  -0.06130   0.10000  9
   0.32542   0.34873  -0.03774   0.01196   0.10000 10
  -0.49603  -0.68282  -0.23053   0.18100   0.20000  1
  -0.51707   1.21316   0.05953  -0.14002   0.20000  2
   1.56913   0.43648  -0.01317  -0.00050   0.20000  3
  -1.79867  -0.12703   0.06776  -0.02178   0.20000  4
  -0.35918   0.57641   0.05053   0.16733   0.20000  5
  -0.30753   0.81844  -0.06433  -0.12668   0.20000  6
  -1.06872  -0.34317   0.10773  -0.13647   0.20000  7
  -1.02565  -0.72266   0.12743   0.17851   0.20000  8
  -0.64331  -0.52752  -0.02889  -0.12571   0.20000  9
   0.31973   0.35054  -0.07605   0.02432   0.20000 10
  -0.52572  -0.65982  -0.36723   0.28028   0.30000  1
  -0.50961   1.19545   0.08992  -0.21494   0.30000  2
   1.56749   0.43642  -0.01968  -0.00072   0.30000  3
  -1.79019  -0.12977   0.10186  -0.03292   0.30000  4
  -0.35286   0.59795   0.07575   0.26594   0.30000  5
  -0.31554   0.80216  -0.09561  -0.20101   0.30000  6
  -1.05493  -0.36067   0.16949  -0.21550   0.30000  7
  -1.00933  -0.69999   0.20071   0.27649   0.30000  8
  -0.64677  -0.54352  -0.03968  -0.19512   0.30000  9
   0.31017   0.35362  -0.11553   0.03750   0.30000 10
  -0.57044  -0.62662  -0.53229   0.38242   0.40000  1
  -0.49906   1.16995   0.12119  -0.29638   0.40000  2
   1.56520   0.43634  -0.02611  -0.00091   0.40000  3
  -1.77829  -0.13363   0.13626  -0.04431   0.40000  4
  -0.34412   0.63025   0.09823   0.38367   0.40000  5
  -0.32654   0.77777  -0.12334  -0.28929   0.40000  6
  -1.03441  -0.38679   0.24388  -0.31015   0.40000  7
  -0.98506  -0.66699   0.28744   0.38565   0.40000  8
  -0.65115  -0.56654  -0.04849  -0.26270   0.40000  9
   0.29657   0.35809  -0.15677   0.05200   0.40000 10
  -0.63284  -0.58461  -0.71333   0.44311   0.50000  1
  -0.48531   1.13584   0.15415  -0.38780   0.50000  2
   1.56227   0.43624  -0.03242  -0.00106   0.50000  3
  -1.76292  -0.13864   0.17108  -0.05593   0.50000  4
  -0.33366   0.67521   0.10643   0.51394   0.50000  5
  -0.33975   0.74403  -0.13640  -0.38223   0.50000  6
  -1.00532  -0.42354   0.34397  -0.42995   0.50000  7
  -0.95117  -0.62237   0.39418   0.50922   0.50000  8
  -0.65732  -0.59443  -0.08733  -0.27767   0.50000  9
   0.27874   0.36409  -0.20032   0.06836   0.50000 10
  -0.71164  -0.54187  -0.85898   0.39746   0.60000  1
  -0.46810   1.09189   0.19126  -0.49450   0.60000  2
   1.55872   0.43613  -0.03860  -0.00115   0.60000  3
  -1.74405  -0.14482   0.20658  -0.06768   0.60000  4
  -0.32431   0.73064   0.07243   0.57188   0.60000  5
  -0.35240   0.70412  -0.10919  -0.39062   0.60000  6
  -0.96370  -0.47378   0.50318  -0.57631   0.60000  7
  -0.90550  -0.56491   0.52160   0.63606   0.60000  8
  -0.67273  -0.61741  -0.24160  -0.16222   0.60000  9
   0.25641   0.37184  -0.24668   0.08707   0.60000 10
  -0.80543  -0.50632  -1.01532   0.31014   0.70000  1
  -0.44672   1.03615   0.23900  -0.62534   0.70000  2
   1.55456   0.43601  -0.04460  -0.00119   0.70000  3
  -1.72157  -0.15217   0.24324  -0.07944   0.70000  4
  -0.32014   0.78548   0.00968   0.51723   0.70000  5
  -0.36089   0.67067  -0.06149  -0.26635   0.70000  6
  -0.90086  -0.53642   0.76848  -0.64106   0.70000  7
  -0.84702  -0.49884   0.63899   0.64410   0.70000  8
  -0.70850  -0.62432  -0.48149   0.03350   0.70000  9
   0.22929   0.38159  -0.29649   0.10842   0.70000 10
  -0.90413  -0.48161  -0.89453   0.18085   0.80000  1
  -0.41951   0.96560   0.31074  -0.79190   0.80000  2
   1.54980   0.43589  -0.05043  -0.00117   0.80000  3
  -1.69533  -0.16071   0.28222  -0.09143   0.80000  4
  -0.32263   0.83435  -0.06236   0.46476   0.80000  5
  -0.36513   0.65163  -0.02538  -0.11385   0.80000  6
  -0.81379  -0.59335   0.92782  -0.47497   0.80000  7
  -0.78429  -0.44461   0.58182   0.41950   0.80000  8
  -0.76925  -0.60897  -0.71893   0.27537   0.80000  9
   0.19696   0.39362  -0.35097   0.13285   0.80000 10
  -0.98020  -0.46867  -0.63357   0.08540   0.90000  1
  -0.38328   0.87728   0.41683  -0.96437   0.90000  2
   1.54447   0.43578  -0.05608  -0.00110   0.90000  3
  -1.66497  -0.17050   0.32581  -0.10485   0.90000  4
  -0.33345   0.87853  -0.15507   0.40536   0.90000  5
  -0.36626   0.64806   0.00222   0.04452   0.90000  6
  -0.72517  -0.63015   0.80921  -0.25812   0.90000  7
  -0.73332  -0.41475   0.43492   0.18834   0.90000  8
  -0.84400  -0.57203  -0.73199   0.44332   0.90000  9
   0.15887   0.40830  -0.41227   0.16148   0.90000 10
  -1.03228  -0.46348  -0.41289   0.02335   1.00000  1
  -0.33847   0.77741   0.45810  -1.01809   1.00000  2
   1.53859   0.43568  -0.06157  -0.00099   1.00000  3
  -1.62992  -0.18178   0.37680  -0.12134   1.00000  4
  -0.35128   0.90974  -0.18316   0.19892   1.00000  5
  -0.36443   0.66121   0.03915   0.22142   1.00000  6
  -0.65273  -0.64627   0.64745  -0.07265   1.00000  7
  -0.69719  -0.40452   0.29058   0.02754   1.00000  8
  -0.91374  -0.52230  -0.67004   0.54491   1.00000  9
   0.11415   0.42614  -0.48442   0.19691   1.00000 10
  -1.06344  -0.46268  -0.21386   0.00244   1.10000  1
  -0.29516   0.67490   0.39640  -1.01482   1.10000  2
   1.53217   0.43558  -0.06690  -0.00085   1.10000  3
  -1.58926  -0.19493   0.43844  -0.14247   1.10000  4
  -0.36801   0.91795  -0.14748  -0.03001   1.10000  5
  -0.35644   0.69098   0.13214   0.34910   1.10000  6
  -0.59438  -0.64590   0.52366   0.07579   1.10000  7
  -0.67432  -0.40746   0.17219  -0.07954   1.10000  8
  -0.97982  -0.46468  -0.65922   0.59636   1.10000  9
   0.06136   0.44807  -0.57537   0.24400   1.10000 10
  -1.07658  -0.46023  -0.06261   0.06231   1.20000  1
  -0.25880   0.57854   0.34392  -0.90547   1.20000  2
   1.52522   0.43551  -0.07210  -0.00071   1.20000  3
  -1.54172  -0.21048   0.51558  -0.16983   1.20000  4
  -0.38022   0.90441  -0.09318  -0.23925   1.20000  5
  -0.33790   0.72558   0.22895   0.33089   1.20000  6
  -0.54754  -0.63171   0.41388   0.20585   1.20000  7
  -0.66162  -0.41939   0.08767  -0.15525   1.20000  8
  -1.04608  -0.40590  -0.66170   0.56356   1.20000  9
  -0.00205   0.47551  -0.70041   0.30790   1.20000 10
  -1.07934  -0.44786  -0.00864   0.19036   1.30000  1
  -0.22346   0.49353   0.37529  -0.79447   1.30000  2
   1.51775   0.43544  -0.07718  -0.00058   1.30000  3
  -1.48534  -0.22916   0.61722  -0.20524   1.30000  4
  -0.38558   0.87028  -0.00665  -0.44199   1.30000  5
  -0.31282   0.75684   0.26212   0.29458   1.30000  6
  -0.51174  -0.60510   0.30027   0.32450   1.30000  7
  -0.65561  -0.43787   0.03837  -0.21149   1.30000  8
  -1.11054  -0.35420  -0.62001   0.46633   1.30000  9
  -0.08062   0.50994  -0.88078   0.37800   1.30000 10
  -1.08078  -0.42214  -0.02939   0.32135   1.40000  1
  -0.18379   0.42197   0.40003  -0.62336   1.40000  2
   1.50978   0.43539  -0.08217  -0.00047   1.40000  3
  -1.41690  -0.25187   0.76054  -0.25052   1.40000  4
  -0.37964   0.81679   0.13526  -0.62024   1.40000  5
  -0.28762   0.78355   0.23103   0.22765   1.40000  6
  -0.48803  -0.56726   0.17051   0.42923   1.40000  7
  -0.65278  -0.46100   0.02405  -0.24667   1.40000  8
  -1.16950  -0.31241  -0.56094   0.37328   1.40000  9
  -0.17803   0.54881  -1.04892   0.38975   1.40000 10
  -1.08674  -0.38429  -0.09758   0.43211   1.50000  1
  -0.14762   0.36882   0.31427  -0.44996   1.50000  2
   1.50132   0.43534  -0.08714  -0.00041   1.50000  3
  -1.33091  -0.27945   0.97077  -0.29877   1.50000  4
  -0.35716   0.74821   0.31436  -0.74342   1.50000  5
  -0.26854   0.79875   0.14350   0.05788   1.50000  6
  -0.47837  -0.52013   0.01942   0.50762   1.50000  7
  -0.64969  -0.48605   0.04246  -0.24698   1.50000  8
  -1.22378  -0.27876  -0.52923   0.30021   1.50000  9
  -0.28580   0.58939  -1.09083   0.44171   1.50000 10
  -1.10208  -0.33643  -0.21816   0.51975   1.60000  1
  -0.12114   0.33006   0.21647  -0.33147   1.60000  2
   1.49235   0.43530  -0.09218  -0.00040   1.60000  3
  -1.22316  -0.30952   1.16060  -0.28826   1.60000  4
  -0.31961   0.66921   0.40343  -0.81842   1.60000  5
  -0.25981   0.79259   0.02911  -0.18499   1.60000  6
  -0.48459  -0.46720  -0.14442   0.54267   1.60000  7
  -0.64362  -0.50863   0.08017  -0.19496   1.60000  8
  -1.27324  -0.25384  -0.42713   0.18903   1.60000  9
  -0.39241   0.64029  -1.00788   0.56707   1.60000 10
  -1.13022  -0.28304  -0.32045   0.52632   1.70000  1
  -0.10417   0.30184   0.12289  -0.23437   1.70000  2
   1.48288   0.43526  -0.09737  -0.00047   1.70000  3
  -1.10406  -0.33481   1.19453  -0.20569   1.70000  4
  -0.28189   0.58999   0.34729  -0.75285   1.70000  5
  -0.26265   0.76255  -0.08315  -0.40782   1.70000  6
  -0.50697  -0.41323  -0.30016   0.52943   1.70000  7
  -0.63396  -0.52312   0.10888  -0.08609   1.70000  8
  -1.30390  -0.24058  -0.18130   0.08602   1.70000  9
  -0.48236   0.69697  -0.79116   0.54552   1.70000 10
  -1.16092  -0.23383  -0.28821   0.45738   1.80000  1
  -0.09674   0.28316   0.02383  -0.13833   1.80000  2
   1.47287   0.43521  -0.10274  -0.00062   1.80000  3
  -0.98824  -0.34990   1.12453  -0.10400   1.80000  4
  -0.24927   0.51833   0.30834  -0.68601   1.80000  5
  -0.27541   0.71268  -0.16510  -0.58283   1.80000  6
  -0.54388  -0.36245  -0.43442   0.48225   1.80000  7
  -0.62307  -0.52441   0.10164   0.06600   1.80000  8
  -1.31005  -0.23474   0.05543   0.03904   1.80000  9
  -0.55260   0.74778  -0.62330   0.46712   1.80000 10
  -1.18882  -0.19140  -0.27378   0.38901   1.90000  1
  -0.09990   0.27453  -0.09039  -0.03156   1.90000  2
   1.46232   0.43513  -0.10828  -0.00088   1.90000  3
  -0.87623  -0.35738   1.13271  -0.05149   1.90000  4
  -0.21989   0.45147   0.27990  -0.65808   1.90000  5
  -0.29410   0.64693  -0.20055  -0.72930   1.90000  6
  -0.59340  -0.31736  -0.55552   0.41680   1.90000  7
  -0.61527  -0.50901   0.04558   0.24592   1.90000  8
  -1.29329  -0.23115   0.27677   0.04157   1.90000  9
  -0.60872   0.79006  -0.50644   0.37801   1.90000 10
  -1.21559  -0.15700  -0.25491   0.29272   2.00000  1
  -0.11565   0.27748  -0.22930   0.09376   2.00000  2
   1.45121   0.43503  -0.11396  -0.00124   2.00000  3
  -0.75828  -0.36061   1.23956  -0.00969   2.00000  4
  -0.19326   0.38532   0.25245  -0.67128   2.00000  5
  -0.31388   0.56708  -0.18695  -0.86779   2.00000  6
  -0.65518  -0.28003  -0.67918   0.32025   2.00000  7
  -0.61577  -0.47437  -0.06497   0.45229   2.00000  8
  -1.25577  -0.22453   0.46415   0.10027   2.00000  9
  -0.65513   0.82345  -0.42689   0.29072   2.00000 10
  -1.23721  -0.13373  -0.16100   0.17224   2.10000  1
  -0.14656   0.29327  -0.38918   0.21365   2.10000  2
   1.43953   0.43488  -0.11976  -0.00173   2.10000  3
  -0.63049  -0.35806   1.27257   0.05855   2.10000  4
  -0.16986   0.31660   0.20780  -0.69806   2.10000  5
  -0.32989   0.47318  -0.12491  -1.01174   2.10000  6
  -0.72535  -0.25579  -0.68631   0.16410   2.10000  7
  -0.62936  -0.41721  -0.19940   0.69536   2.10000  8
  -1.20317  -0.20976   0.57296   0.19684   2.10000  9
  -0.69495   0.84846  -0.37277   0.21079   2.10000 10
  -1.24486  -0.12176   0.01850   0.07394   2.20000  1
  -0.19218   0.31573  -0.51545   0.20666   2.20000  2
   1.42726   0.43468  -0.12565  -0.00236   2.20000  3
  -0.51221  -0.34894   1.07672   0.13444   2.20000  4
  -0.15503   0.24925   0.06878  -0.62897   2.20000  5
  -0.33694   0.36457  -0.00548  -1.15781   2.20000  6
  -0.78871  -0.24427  -0.58048   0.08294   2.20000  7
  -0.65107  -0.33747  -0.22135   0.87752   2.20000  8
  -1.14334  -0.18585   0.61908   0.27459   2.20000  9
  -0.73022   0.86589  -0.33467   0.13905   2.20000 10
  -1.23214  -0.11759   0.24045   0.01544   2.30000  1
  -0.24910   0.32953  -0.61700   0.04479   2.30000  2
   1.41440   0.43441  -0.13157  -0.00315   2.30000  3
  -0.41395  -0.32972   0.90092   0.25347   2.30000  4
  -0.15872   0.19203  -0.14985  -0.52061   2.30000  5
  -0.32954   0.24406   0.15016  -1.23055   2.30000  6
  -0.84219  -0.23603  -0.49529   0.09858   2.30000  7
  -0.67480  -0.24488  -0.26429   0.96397   2.30000  8
  -1.07907  -0.15646   0.67234   0.30471   2.30000  9
  -0.76219   0.87647  -0.30586   0.07334   2.30000 10
  -1.19599  -0.11768   0.48674  -0.01342   2.40000  1
  -0.31289   0.32162  -0.64641  -0.20511   2.40000  2
   1.40094   0.43404  -0.13748  -0.00411   2.40000  3
  -0.32998  -0.29759   0.78564   0.39364   2.40000  4
  -0.18606   0.14307  -0.40055  -0.47273   2.40000  5
  -0.30981   0.12190   0.22782  -1.20505   2.40000  6
  -0.88941  -0.22108  -0.45765   0.21787   2.40000  7
  -0.70532  -0.14636  -0.34899   0.99897   2.40000  8
  -1.00722  -0.12673   0.77299   0.27991   2.40000  9
  -0.79155   0.88064  -0.28210   0.01003   2.40000 10
  -1.13364  -0.11963   0.76814  -0.02257   2.50000  1
  -0.37726   0.28913  -0.64056  -0.44152   2.50000  2
   1.38690   0.43358  -0.14334  -0.00526   2.50000  3
  -0.25611  -0.24957   0.69074   0.57671   2.50000  4
  -0.23854   0.09390  -0.63948  -0.52957   2.50000  5
  -0.28695   0.00425   0.21398  -1.14183   2.50000  6
  -0.93424  -0.18918  -0.43032   0.43107   2.50000  7
  -0.74489  -0.04680  -0.44370   0.97951   2.50000  8
  -0.92386  -0.10227   0.88579   0.20798   2.50000  9
  -0.81870   0.87844  -0.26125  -0.05453   2.50000 10
  -1.04048  -0.12125   1.10151   0.00035   2.60000  1
  -0.44152   0.23361  -0.64929  -0.66895   2.60000  2
   1.37228   0.43299  -0.14915  -0.00658   2.60000  3
  -0.19361  -0.18015   0.53779   0.81478   2.60000  4
  -0.31067   0.03448  -0.78456  -0.66147   2.60000  5
  -0.26959  -0.10588   0.13049  -1.05946   2.60000  6
  -0.97226  -0.13502  -0.31620   0.63845   2.60000  7
  -0.79360   0.04566  -0.51760   0.84511   2.60000  8
  -0.83397  -0.08220   0.88937   0.22102   2.60000  9
  -0.84387   0.86959  -0.24234  -0.12325   2.60000 10
  -0.91657  -0.11494   1.34115   0.15466   2.70000  1
  -0.50841   0.15521  -0.69690  -0.89969   2.70000  2
   1.35707   0.43226  -0.15498  -0.00805   2.70000  3
  -0.15380  -0.09190   0.24848   0.90538   2.70000  4
  -0.39259  -0.03642  -0.84925  -0.73557   2.70000  5
  -0.26004  -0.20389   0.05455  -0.87423   2.70000  6
  -0.99276  -0.06586  -0.05842   0.72359   2.70000  7
  -0.84400   0.11849  -0.46830   0.60180   2.70000  8
  -0.74898  -0.05468   0.80854   0.33045   2.70000  9
  -0.86722   0.85357  -0.22485  -0.19834   2.70000 10
  -0.77514  -0.08752   1.49516   0.39614   2.80000  1
  -0.58322   0.05348  -0.81461  -1.13606   2.80000  2
   1.34128   0.43137  -0.16089  -0.00961   2.80000  3
  -0.14257  -0.00406  -0.01343   0.84319   2.80000  4
  -0.48245  -0.10777  -0.96768  -0.66565   2.80000  5
  -0.26116  -0.27958  -0.08594  -0.64573   2.80000  6
  -0.98094   0.00858   0.29412   0.76817   2.80000  7
  -0.88398   0.16521  -0.32116   0.33240   2.80000  8
  -0.67025  -0.01753   0.78219   0.39876   2.80000  9
  -0.88885   0.82965  -0.20776  -0.28162   2.80000 10
  -0.61571  -0.03761   1.65499   0.55650   2.90000  1
  -0.67019  -0.06806  -0.85736  -1.22828   2.90000  2
   1.32489   0.43033  -0.16694  -0.01117   2.90000  3
  -0.15494   0.07617  -0.22992   0.76061   2.90000  4
  -0.58889  -0.16273  -1.14790  -0.39161   2.90000  5
  -0.27810  -0.33421  -0.25347  -0.45036   2.90000  6
  -0.93460   0.08792   0.62491   0.81334   2.90000  7
  -0.90747   0.18529  -0.14813   0.07219   2.90000  8
  -0.59358   0.01782   0.71234   0.25368   2.90000  9
  -0.90870   0.79692  -0.18851  -0.37489   2.90000 10
  -0.45851   0.01547   1.46780   0.50830   3.00000  1
  -0.74450  -0.18264  -0.63312  -1.05449   3.00000  2
   1.30788   0.42914  -0.17322  -0.01268   3.00000  3
  -0.18855   0.14779  -0.44575   0.66806   3.00000  4
  -0.70422  -0.18417  -1.13712  -0.06825   3.00000  5
  -0.31143  -0.36990  -0.40866  -0.26344   3.00000  6
  -0.86027   0.16843   0.82652   0.77359   3.00000  7
  -0.91250   0.18144   0.06093  -0.12871   3.00000  8
  -0.52886   0.03199   0.60526   0.05738   3.00000  9
  -0.92634   0.75429  -0.16264  -0.47977   3.00000 10
  -0.32191   0.06544   1.26886   0.50184   3.10000  1
  -0.79993  -0.27654  -0.49397  -0.81361   3.10000  2
   1.29023   0.42780  -0.17989  -0.01415   3.10000  3
  -0.24500   0.20799  -0.68385   0.52065   3.10000  4
  -0.81375  -0.18390  -1.03983   0.04528   3.10000  5
  -0.35870  -0.38699  -0.53102  -0.07975   3.10000  6
  -0.77505   0.23822   0.86460   0.61183   3.10000  7
  -0.89353   0.16430   0.31546  -0.19906   3.10000  8
  -0.46887   0.03498   0.60282   0.02485   3.10000  9
  -0.94078   0.70052  -0.12318  -0.59787   3.10000 10
  -0.20642   0.11787   1.02638   0.54551   3.20000  1
  -0.84563  -0.34562  -0.42521  -0.57500   3.20000  2
   1.27188   0.42631  -0.18714  -0.01563   3.20000  3
  -0.32244   0.24895  -0.84375   0.29551   3.20000  4
  -0.91037  -0.17751  -0.88772   0.07942   3.20000  5
  -0.41673  -0.38629  -0.62634   0.09129   3.20000  6
  -0.68802   0.29067   0.87778   0.43991   3.20000  7
  -0.85125   0.14276   0.51950  -0.22968   3.20000  8
  -0.40812   0.04036   0.60693   0.09627   3.20000  9
  -0.95020   0.63432  -0.06043  -0.72759   3.20000 10
  -0.11758   0.17243   0.75586   0.53667   3.30000  1
  -0.88527  -0.39302  -0.36728  -0.37888   3.30000  2
   1.25277   0.42467  -0.19522  -0.01717   3.30000  3
  -0.41148   0.26876  -0.93756   0.11276   3.30000  4
  -0.99077  -0.16823  -0.71898   0.10450   3.30000  5
  -0.48350  -0.36919  -0.70772   0.24861   3.30000  6
  -0.59851   0.32653   0.91986   0.27482   3.30000  7
  -0.79151   0.11887   0.66861  -0.24385   3.30000  8
  -0.34961   0.05615   0.54988   0.22380   3.30000  9
  -0.95185   0.55487   0.03256  -0.86128   3.30000 10
  -0.05371   0.22423   0.52775   0.49705   3.40000  1
  -0.91891  -0.42224  -0.30450  -0.20819   3.40000  2
   1.23280   0.42287  -0.20441  -0.01876   3.40000  3
  -0.51036   0.27469  -1.02607   0.02354   3.40000  4
  -1.05415  -0.15706  -0.54944   0.11675   3.40000  5
  -0.55814  -0.33687  -0.78481   0.39711   3.40000  6
  -0.50330   0.34380   0.96856   0.05595   3.40000  7
  -0.71825   0.09527   0.79505  -0.21987   3.40000  8
  -0.30057   0.08499   0.42284   0.34938   3.40000  9
  -0.94270   0.46214   0.15503  -0.99294   3.40000 10
  -0.01122   0.27160   0.32399   0.44939   3.50000  1
  -0.94597  -0.43489  -0.23596  -0.04471   3.50000  2
   1.21185   0.42092  -0.21496  -0.02041   3.50000  3
  -0.61082   0.27316  -0.97033  -0.07175   3.50000  4
  -1.10083  -0.14515  -0.38458   0.12106   3.50000  5
  -0.64037  -0.28976  -0.85803   0.54570   3.50000  6
  -0.41096   0.33741   0.86899  -0.17361   3.50000  7
  -0.63333   0.07696   0.89166  -0.13568   3.50000  8
  -0.26585   0.12535   0.26988   0.45590   3.50000  9
  -0.91980   0.35623   0.30933  -1.12589   3.50000 10
   0.01114   0.31385   0.12202   0.39374   3.60000  1
  -0.96608  -0.43088  -0.16689   0.12774   3.60000  2
   1.18976   0.41879  -0.22704  -0.02206   3.60000  3
  -0.70446   0.25838  -0.90900  -0.22592   3.60000  4
  -1.13087  -0.13281  -0.21337   0.12619   3.60000  5
  -0.72907  -0.22776  -0.91166   0.69248   3.60000  6
  -0.32793   0.31010   0.80271  -0.37201   3.60000  7
  -0.54360   0.06906   0.88647  -0.02389   3.60000  8
  -0.24690   0.17602   0.10791   0.55728   3.60000  9
  -0.87930   0.23707   0.50885  -1.25355   3.60000 10
   0.01274   0.34971  -0.09267   0.31844   3.70000  1
  -0.97962  -0.40857  -0.10588   0.32334   3.70000  2
   1.16639   0.41650  -0.24068  -0.02373   3.70000  3
  -0.79382   0.22636  -0.87175  -0.43112   3.70000  4
  -1.14256  -0.11983  -0.01370   0.13332   3.70000  5
  -0.82204  -0.15165  -0.94496   0.83045   3.70000  6
  -0.24910   0.26349   0.77027  -0.54689   3.70000  7
  -0.45736   0.07195   0.84040   0.08304   3.70000  8
  -0.24388   0.23607  -0.03655   0.62858   3.70000  9
  -0.81806   0.10781   0.69552  -1.31543   3.70000 10
  -0.00775   0.37618  -0.31710   0.20274   3.80000  1
  -0.98766  -0.36519  -0.05617   0.54944   3.80000  2
   1.14157   0.41405  -0.25584  -0.02547   3.80000  3
  -0.87631   0.17053  -0.77667  -0.68449   3.80000  4
  -1.13202  -0.10611   0.23274   0.14302   3.80000  5
  -0.91602  -0.06163  -0.91468   0.95490   3.80000  6
  -0.17742   0.20743   0.64525  -0.54004   3.80000  7
  -0.37426   0.08618   0.83000   0.20402   3.80000  8
  -0.24939   0.29496  -0.05105   0.51666   3.80000  9
  -0.74802  -0.02456   0.66351  -1.32077   3.80000 10
  -0.05026   0.38861  -0.52997   0.03865   3.90000  1
  -0.99084  -0.29774  -0.00622   0.80348   3.90000  2
   1.11517   0.41140  -0.27241  -0.02747   3.90000  3
  -0.95133   0.08911  -0.74330  -0.94472   3.90000  4
  -1.09482  -0.08987   0.51096   0.19412   3.90000  5
  -1.00345   0.03393  -0.83037   0.93213   3.90000  6
  -0.12182   0.15859   0.46092  -0.43132   3.90000  7
  -0.28953   0.11319   0.87340   0.33823   3.90000  8
  -0.25173   0.33694   0.01192   0.32198   3.90000  9
  -0.68869  -0.15233   0.52507  -1.22506   3.90000 10
  -0.11314   0.38262  -0.72350  -0.16476   4.00000  1
  -0.98894  -0.20368   0.03892   1.08320   4.00000  2
   1.08704   0.40854  -0.29041  -0.02991   4.00000  3
  -1.02802  -0.01421  -0.77658  -1.09570   4.00000  4
  -1.03216  -0.06507   0.71371   0.29809   4.00000  5
  -1.07944   0.11660  -0.68213   0.68857   4.00000  6
  -0.08643   0.12221   0.24336  -0.28790   4.00000  7
  -0.19838   0.15397   0.94876   0.47528   4.00000  8
  -0.24530   0.35959   0.12614   0.13243   4.00000  9
  -0.64253  -0.26873   0.40173  -1.09931   4.00000 10
  -0.19263   0.35483  -0.83680  -0.38610   4.10000  1
  -0.98587  -0.08166   0.00813   1.32094   4.10000  2
   1.05703   0.40540  -0.31018  -0.03290   4.10000  3
  -1.09724  -0.12417  -0.56933  -1.05445   4.10000  4
  -0.96115  -0.03625   0.67097   0.24994   4.10000  5
  -1.13994   0.17158  -0.52814   0.42596   4.10000  6
  -0.07251   0.10340   0.04683  -0.07599   4.10000  7
  -0.10278   0.20695   0.92917   0.57110   4.10000  8
  -0.22513   0.36352   0.27450  -0.05612   4.10000  9
  -0.60708  -0.37177   0.31485  -0.96238   4.10000 10
  -0.27181   0.30941  -0.71299  -0.49985   4.20000  1
  -0.98477   0.05065   0.02983   1.29649   4.20000  2
   1.02492   0.40194  -0.33248  -0.03641   4.20000  3
  -1.14343  -0.21981  -0.37624  -0.86415   4.20000  4
  -0.90083  -0.01288   0.53415   0.24349   4.20000  5
  -1.18487   0.20446  -0.36833   0.24265   4.20000  6
  -0.07434   0.10807  -0.07428   0.16737   4.20000  7
  -0.01967   0.26426   0.71334   0.55639   4.20000  8
  -0.19419   0.34751   0.32183  -0.26469   4.20000  9
  -0.57831  -0.46177   0.26517  -0.84129   4.20000 10
  -0.33335   0.25717  -0.52158  -0.53992   4.30000  1
  -0.97973   0.17553   0.06642   1.19806   4.30000  2
   0.99042   0.39811  -0.35816  -0.04027   4.30000  3
  -1.17528  -0.29920  -0.26928  -0.73297   4.30000  4
  -0.85268   0.01510   0.43994   0.31970   4.30000  5
  -1.21310   0.22224  -0.19439   0.12365   4.30000  6
  -0.08673   0.13604  -0.17381   0.38809   4.30000  7
   0.03888   0.31589   0.45950   0.46897   4.30000  8
  -0.16233   0.31169   0.31658  -0.44391   4.30000  9
  -0.55342  -0.54074   0.23478  -0.74140   4.30000 10
  -0.37763   0.20218  -0.37201  -0.55501   4.40000  1
  -0.97217   0.28980   0.08370   1.08481   4.40000  2
   0.95316   0.39388  -0.38779  -0.04427   4.40000  3
  -1.19837  -0.36780  -0.19627  -0.64423   4.40000  4
  -0.81084   0.05102   0.40536   0.39720   4.40000  5
  -1.22376   0.23128  -0.02089   0.06636   4.40000  6
  -0.10931   0.18493  -0.27578   0.58176   4.40000  7
   0.07311   0.35698   0.23056   0.34884   4.40000  8
  -0.13042   0.26018   0.31968  -0.57689   4.40000  9
  -0.53106  -0.61062   0.21344  -0.65856   4.40000 10
  -0.40939   0.14737  -0.27212  -0.53454   4.50000  1
  -0.96284   0.39205   0.10442   0.95904   4.50000  2
   0.91273   0.38925  -0.42157  -0.04829   4.50000  3
  -1.21508  -0.42883  -0.14001  -0.57948   4.50000  4
  -0.77005   0.09419   0.41773   0.46389   4.50000  5
  -1.21793   0.23694   0.13379   0.05183   4.50000  6
  -0.13964   0.24769  -0.31304   0.63485   4.50000  7
   0.08613   0.38523   0.03507   0.21603   4.50000  8
  -0.10064   0.20081   0.25904  -0.57485   4.50000  9
  -0.51058  -0.67288   0.19669  -0.58848   4.50000 10
  -0.43389   0.09659  -0.22623  -0.47485   4.60000  1
  -0.95098   0.48155   0.13416   0.83138   4.60000  2
   0.86871   0.38422  -0.45940  -0.05239   4.60000  3
  -1.22669  -0.48419  -0.09336  -0.52968   4.60000  4
  -0.72596   0.14313   0.46995   0.51037   4.60000  5
  -1.19771   0.24234   0.26758   0.05843   4.60000  6
  -0.16955   0.30610  -0.28178   0.52393   4.60000  7
   0.08101   0.40042  -0.13417   0.08957   4.60000  8
  -0.08061   0.15030   0.14066  -0.42900   4.60000  9
  -0.49163  -0.72863   0.18258  -0.52776   4.60000 10
  -0.45588   0.05365  -0.21670  -0.37770   4.70000  1
  -0.93576   0.55853   0.17137   0.70937   4.70000  2
   0.82072   0.37877  -0.50117  -0.05677   4.70000  3
  -1.23395  -0.53510  -0.05268  -0.48999   4.70000  4
  -0.67514   0.19507   0.54937   0.52151   4.70000  5
  -1.16491   0.24892   0.38665   0.07432   4.70000  6
  -0.19596   0.35236  -0.24678   0.40257   4.70000  7
   0.05971   0.40358  -0.29083  -0.02438   4.70000  8
  -0.07213   0.11472   0.03074  -0.28504   4.70000  9
  -0.47401  -0.77866   0.17003  -0.47389   4.70000 10
  -0.47722   0.02220  -0.20733  -0.24681   4.80000  1
  -0.91650   0.62368   0.21478   0.59478   4.80000  2
   0.76834   0.37285  -0.54695  -0.06164   4.80000  3
  -1.23735  -0.58242  -0.01588  -0.45742   4.80000  4
  -0.61592   0.24612   0.63465   0.49432   4.80000  5
  -1.12065   0.25734   0.49754   0.09440   4.80000  6
  -0.21902   0.38680  -0.21532   0.28623   4.80000  7
   0.02284   0.39591  -0.44773  -0.12722   4.80000  8
  -0.07422   0.09293  -0.07203  -0.15144   4.80000  9
  -0.45760  -0.82357   0.15827  -0.42519   4.80000 10
  -0.49651   0.00482  -0.17378  -0.09955   4.90000  1
  -0.89261   0.67768   0.26388   0.48614   4.90000  2
   0.71118   0.36641  -0.59711  -0.06726   4.90000  3
  -1.23722  -0.62676   0.01822  -0.42998   4.90000  4
  -0.54827   0.29331   0.71941   0.44834   4.90000  5
  -1.06548   0.26785   0.60604   0.11606   4.90000  6
  -0.23927   0.40937  -0.19148   0.16233   4.90000  7
  -0.03023   0.37846  -0.61661  -0.22008   4.90000  8
  -0.08655   0.08452  -0.17537  -0.01535   4.90000  9
  -0.44235  -0.86384   0.14679  -0.38065   4.90000 10
  -0.51109   0.00236  -0.11378   0.05045   5.00000  1
  -0.86354   0.72100   0.31862   0.38042   5.00000  2
   0.64875   0.35937  -0.65243  -0.07375   5.00000  3
  -1.23378  -0.66854   0.05028  -0.40634   5.00000  4
  -0.47133   0.33581   0.82602   0.40223   5.00000  5
  -0.99932   0.28054   0.71829   0.13731   5.00000  6
  -0.25787   0.41837  -0.18482   0.01118   5.00000  7
  -0.10125   0.35233  -0.80837  -0.29933   5.00000  8
  -0.10963   0.09042  -0.28909   0.13750   5.00000  9
  -0.42824  -0.89982   0.13529  -0.33966   5.00000 10
  -0.51849   0.01506  -0.03020   0.20555   5.10000  1
  -0.82869   0.75373   0.37926   0.27354   5.10000  2
   0.58047   0.35164  -0.71448  -0.08101   5.10000  3
  -1.22722  -0.70812   0.08064  -0.38558   5.10000  4
  -0.38102   0.37357   0.99108   0.34634   5.10000  5
  -0.92143   0.29522   0.84245   0.15566   5.10000  6
  -0.27755   0.40985  -0.21709  -0.19133   5.10000  7
  -0.19283   0.31962  -1.02532  -0.34501   5.10000  8
  -0.14526   0.11313  -0.42992   0.32364   5.10000  9
  -0.41529  -0.93187   0.12358  -0.30179   5.10000 10
  -0.51624   0.04423   0.08026   0.38446   5.20000  1
  -0.78749   0.77550   0.44573   0.16019   5.20000  2
   0.50553   0.34316  -0.78651  -0.08832   5.20000  3
  -1.21770  -0.74573   0.10958  -0.36703   5.20000  4
  -0.27451   0.40083   1.08419   0.16201   5.20000  5
  -0.82997   0.31141   0.99313   0.16600   5.20000  6
  -0.30185   0.37903  -0.25557  -0.41986   5.20000  7
  -0.30414   0.28697  -1.15912  -0.28619   5.20000  8
  -0.19739   0.15671  -0.62317   0.55550   5.20000  9
  -0.40354  -0.96027   0.11148  -0.26676   5.20000 10
  -0.50127   0.09415   0.22478   0.63043   5.30000  1
  -0.73938   0.78531   0.51737   0.03311   5.30000  2
   0.42262   0.33403  -0.87512  -0.09402   5.30000  3
  -1.20534  -0.78158   0.13726  -0.35013   5.30000  4
  -0.17650   0.40330   0.84762  -0.10299   5.30000  5
  -0.72088   0.32770   1.20290   0.15330   5.30000  6
  -0.32678   0.32728  -0.25219  -0.61071   5.30000  7
  -0.41528   0.26199  -1.04023  -0.22739   5.30000  8
  -0.27147   0.22496  -0.86123   0.80281   5.30000  9
  -0.39302  -0.98531   0.09883  -0.23441   5.30000 10
  -0.47096   0.17459   0.37095   0.99327   5.40000  1
  -0.68381   0.78138   0.59518  -0.11621   5.40000  2
   0.32959   0.32448  -0.99154  -0.09604   5.40000  3
  -1.19028  -0.81580   0.16383  -0.33452   5.40000  4
  -0.10611   0.38396   0.56431  -0.26412   5.40000  5
  -0.58538   0.33945   1.52548   0.05592   5.40000  6
  -0.35688   0.26006  -0.38411  -0.69000   5.40000  7
  -0.51076   0.24027  -0.85344  -0.19093   5.40000  8
  -0.36890   0.31069  -1.07630   0.84721   5.40000  9
  -0.38379  -1.00724   0.08565  -0.20457   5.40000 10
  -0.43166   0.28979   0.38836   1.25367   5.50000  1
  -0.62003   0.76095   0.68177  -0.29954   5.50000  2
   0.22275   0.31501  -1.15570  -0.09202   5.50000  3
  -1.17261  -0.84852   0.18954  -0.31994   5.50000  4
  -0.06166   0.35350   0.33512  -0.33514   5.50000  5
  -0.41849   0.33364   1.72608  -0.16429   5.50000  6
  -0.40866   0.20074  -0.63091  -0.43806   5.50000  7
  -0.57829   0.23047  -0.46711   0.01132   5.50000  8
  -0.48276   0.38254  -1.13907   0.56078   5.50000  9
  -0.37590  -1.02629   0.07193  -0.17678   5.50000 10
  -0.39513   0.41216   0.34350   1.15503   5.60000  1
  -0.54750   0.71963   0.76651  -0.53777   5.60000  2
   0.09551   0.30645  -1.40818  -0.07698   5.60000  3
  -1.15239  -0.87982   0.21472  -0.30610   5.60000  4
  -0.03741   0.31851   0.15612  -0.35728   5.60000  5
  -0.25669   0.31409   1.51072  -0.18985   5.60000  6
  -0.47373   0.17646  -0.64646  -0.06585   5.60000  7
  -0.60572   0.24167  -0.10184   0.20373   5.60000  8
  -0.58481   0.42532  -0.89266   0.32568   5.60000  9
  -0.36942  -1.04265   0.05756  -0.15061   5.60000 10
  -0.36339   0.51957   0.28640   0.99890   5.70000  1
  -0.46743   0.65129   0.83317  -0.83725   5.70000  2
  -0.06176   0.29985  -1.72294  -0.05608   5.70000  3
  -1.12967  -0.90976   0.23970  -0.29287   5.70000  4
  -0.03144   0.28410  -0.06554  -0.31518   5.70000  5
  -0.10906   0.29808   1.47271  -0.13261   5.70000  6
  -0.53693   0.18470  -0.61480   0.22611   5.70000  7
  -0.60225   0.26938   0.15511   0.34055   5.70000  8
  -0.66095   0.45108  -0.62618   0.19422   5.70000  9
  -0.36442  -1.05646   0.04237  -0.12579   5.70000 10
  -0.33967   0.61093   0.18411   0.79633   5.80000  1
  -0.38043   0.55286   0.90179  -1.10330   5.80000  2
  -0.23605   0.29618  -1.74121  -0.00172   5.80000  3
  -1.10445  -0.93841   0.26480  -0.28018   5.80000  4
  -0.05277   0.25840  -0.32697  -0.19278   5.80000  5
   0.02879   0.28629   1.23066  -0.10916   5.80000  6
  -0.59461   0.22175  -0.51977   0.51537   5.80000  7
  -0.57791   0.30785   0.31676   0.42097   5.80000  8
  -0.70921   0.46384  -0.33620   0.05670   5.80000  9
  -0.36099  -1.06785   0.02603  -0.10223   5.80000 10
  -0.32463   0.67354   0.12149   0.46023   5.90000  1
  -0.29239   0.43519   0.82418  -1.24664   5.90000  2
  -0.41348   0.30338  -1.81517   0.16047   5.90000  3
  -1.07669  -0.96581   0.29043  -0.26794   5.90000  4
  -0.09260   0.24553  -0.46978  -0.06377   5.90000  5
   0.13647   0.27629   0.93836  -0.08894   5.90000  6
  -0.63634   0.28680  -0.29395   0.77437   5.90000  7
  -0.54066   0.35225   0.42663   0.45727   5.90000  8
  -0.72772   0.46161  -0.03040  -0.10519   5.90000  9
  -0.35926  -1.07695   0.00820  -0.07985   5.90000 10
  -0.31578   0.70535   0.05169   0.18599   6.00000  1
  -0.21839   0.30721   0.67194  -1.29240   6.00000  2
  -0.59746   0.32927  -1.83470   0.36544   6.00000  3
  -1.04633  -0.99201   0.31706  -0.25610   6.00000  4
  -0.14826   0.24659  -0.65307   0.09070   6.00000  5
   0.21921   0.26856   0.72706  -0.06649   6.00000  6
  -0.65097   0.37311  -0.00297   0.92372   6.00000  7
  -0.49601   0.39564   0.41804   0.39921   6.00000  8
  -0.71389   0.44196   0.31642  -0.29156   6.00000  9
  -0.35941  -1.08386  -0.01149  -0.05852   6.00000 10
  -0.31501   0.71193  -0.03995  -0.05188   6.10000  1
  -0.15671   0.18200   0.54511  -1.17538   6.10000  2
  -0.77141   0.37747  -1.58750   0.57701   6.10000  3
  -1.01323  -1.01704   0.34531  -0.24460   6.10000  4
  -0.22183   0.26148  -0.79120   0.17973   6.10000  5
   0.28351   0.26268   0.56530  -0.05317   6.10000  6
  -0.64336   0.46326   0.12839   0.83976   6.10000  7
  -0.46157   0.43323   0.27339   0.35761   6.10000  8
  -0.66605   0.40551   0.59454  -0.39113   6.10000  9
  -0.36163  -1.08867  -0.03338  -0.03795   6.10000 10
  -0.32461   0.69496  -0.15706  -0.28974   6.20000  1
  -0.10962   0.07396   0.40770  -0.99371   6.20000  2
  -0.91296   0.43805  -1.26701   0.61843   6.20000  3
  -0.97718  -1.04094   0.37605  -0.23338   6.20000  4
  -0.30512   0.28229  -0.88339   0.25364   6.20000  5
   0.33337   0.25758   0.43654  -0.05005   6.20000  6
  -0.62437   0.53717   0.26469   0.63655   6.20000  7
  -0.44030   0.46706   0.15667   0.31519   6.20000  8
  -0.60033   0.37315   0.72375  -0.23913   6.20000  9
  -0.36618  -1.09146  -0.05795  -0.01779   6.20000 10
  -0.34781   0.65313  -0.31607  -0.55290   6.30000  1
  -0.07329  -0.01841   0.32573  -0.86039   6.30000  2
  -1.02891   0.49988  -1.06678   0.61557   6.30000  3
  -0.93789  -1.06372   0.41046  -0.22222   6.30000  4
  -0.40023   0.31608  -1.02208   0.44192   6.30000  5
   0.37159   0.25247   0.33104  -0.05291   6.30000  6
  -0.58833   0.59084   0.46485   0.43548   6.30000  7
  -0.42957   0.49530   0.06001   0.24553   6.30000  8
  -0.51952   0.35851   0.89875  -0.05221   6.30000  9
  -0.37334  -1.09224  -0.08590   0.00213   6.30000 10
  -0.38996   0.58328  -0.53426  -0.84184   6.40000  1
  -0.04349  -0.09912   0.27377  -0.75754   6.40000  2
  -1.12845   0.56088  -0.93185   0.60338   6.40000  3
  -0.89492  -1.08537   0.45000  -0.21069   6.40000  4
  -0.50522   0.37361  -1.01892   0.70929   6.40000  5
   0.40009   0.24692   0.24089  -0.05835   6.40000  6
  -0.53002   0.62276   0.70197   0.18640   6.40000  7
  -0.42799   0.51599  -0.02691   0.17092   6.40000  8
  -0.42383   0.36393   0.96367   0.17683   6.40000  9
  -0.38351  -1.09105  -0.11835   0.02160   6.40000 10
  -0.45225   0.48984  -0.67074  -0.97008   6.50000  1
  -0.01800  -0.17054   0.23819  -0.67365   6.50000  2
  -1.21642   0.62043  -0.83200   0.58729   6.50000  3
  -0.84766  -1.10582   0.49671  -0.19792   6.50000  4
  -0.59340   0.45608  -0.71802   0.91898   6.50000  5
   0.42007   0.24078   0.15993  -0.06433   6.50000  6
  -0.45129   0.62314   0.83274  -0.19655   6.50000  7
  -0.43498   0.52939  -0.11305   0.08906   6.50000  8
  -0.33616   0.39649   0.76324   0.46734   6.50000  9
  -0.39721  -1.08796  -0.15699   0.03986   6.50000 10
  -0.51562   0.40174  -0.57575  -0.75820   6.60000  1
   0.00445  -0.23436   0.21169  -0.60499   6.60000  2
  -1.29556   0.67830  -0.75374   0.57017   6.60000  3
  -0.79524  -1.12486   0.55359  -0.18208   6.60000  4
  -0.64679   0.54980  -0.36108   0.91642   6.60000  5
   0.43225   0.23409   0.08441  -0.06911   6.60000  6
  -0.37222   0.58463   0.72227  -0.54762   6.60000  7
  -0.44868   0.53277  -0.13965  -0.01774   6.60000  8
  -0.27469   0.45287   0.46280   0.63771   6.60000  9
  -0.41520  -1.08316  -0.20454   0.05541   6.60000 10
  -0.56588   0.33903  -0.42859  -0.50513   6.70000  1
   0.02447  -0.29196   0.18923  -0.54897   6.70000  2
  -1.36771   0.73451  -0.69159   0.55437   6.70000  3
  -0.73645  -1.14200   0.62501  -0.15913   6.70000  4
  -0.66944   0.63511  -0.10977   0.78193   6.70000  5
   0.43707   0.22703   0.01249  -0.07168   6.70000  6
  -0.30788   0.51989   0.57239  -0.70952   6.70000  7
  -0.45945   0.52674  -0.06701  -0.09842   6.70000  8
  -0.24349   0.52056   0.16293   0.69184   6.70000  9
  -0.43855  -1.07708  -0.26508   0.06472   6.70000 10
  -0.60155   0.29869  -0.28635  -0.31032   6.80000  1
   0.04233  -0.34445   0.16779  -0.50214   6.80000  2
  -1.43431   0.78925  -0.64239   0.54075   6.80000  3
  -0.66959  -1.15615   0.71565  -0.11969   6.80000  4
  -0.67154   0.70575   0.05739   0.63154   6.80000  5
   0.43482   0.21982  -0.05716  -0.07240   6.80000  6
  -0.25736   0.45121   0.43222  -0.63626   6.80000  7
  -0.46154   0.51415   0.02466  -0.14780   6.80000  8
  -0.23975   0.58428  -0.06872   0.55763   6.80000  9
  -0.46881  -1.07072  -0.34309   0.05871   6.80000 10
  -0.62341   0.27560  -0.15174  -0.15674   6.90000  1
   0.05802  -0.39260   0.14588  -0.46157   6.90000  2
  -1.49653   0.84273  -0.60348   0.52927   6.90000  3
  -0.59288  -1.16466   0.81640  -0.04147   6.90000  4
  -0.65942   0.76175   0.18012   0.49019   6.90000  5
   0.42566   0.21258  -0.12617  -0.07219   6.90000  6
  -0.22189   0.39400   0.27864  -0.51033   6.90000  7
  -0.45481   0.49819   0.10794  -0.16724   6.90000  8
  -0.25448   0.63082  -0.21828   0.37489   6.90000  9
  -0.50755  -1.06658  -0.42932   0.01520   6.90000 10
  -0.63195   0.26657  -0.01887  -0.02677   7.00000  1
   0.07147  -0.43692   0.12291  -0.42554   7.00000  2
  -1.55527   0.89516  -0.57261   0.51961   7.00000  3
  -0.50869  -1.16255   0.84541   0.08673   7.00000  4
  -0.63617   0.80407   0.28296   0.35714   7.00000  5
   0.40955   0.20539  -0.19623  -0.07159   7.00000  6
  -0.20110   0.34842   0.13978  -0.40406   7.00000  7
  -0.44037   0.48138   0.17866  -0.16606   7.00000  8
  -0.28254   0.65983  -0.34009   0.20752   7.00000  9
  -0.55223  -1.06952  -0.44191  -0.07699   7.00000 10
  -0.62701   0.26984   0.11907   0.09094   7.10000  1
   0.08255  -0.47784   0.09856  -0.39353   7.10000  2
  -1.61126   0.94670  -0.54802   0.51144   7.10000  3
  -0.42785  -1.14862   0.76238   0.18155   7.10000  4
  -0.60302   0.83316   0.37980   0.22342   7.10000  5
   0.38633   0.19827  -0.26887  -0.07067   7.10000  6
  -0.19353   0.31282   0.01300  -0.30866   7.10000  7
  -0.41965   0.46544   0.23213  -0.15080   7.10000  8
  -0.32204   0.67265  -0.44744   0.05041   7.10000  9
  -0.59181  -1.08061  -0.34061  -0.13410   7.10000 10
  -0.60773   0.28463   0.26940   0.20487   7.20000  1
   0.09112  -0.51577   0.07238  -0.36593   7.20000  2
  -1.66504   0.99749  -0.52832   0.50449   7.20000  3
  -0.35620  -1.12786   0.67429   0.22878   7.20000  4
  -0.56021   0.84824   0.47580   0.07396   7.20000  5
   0.35564   0.19128  -0.34561  -0.06903   7.20000  6
  -0.19836   0.28674  -0.10947  -0.21167   7.20000  7
  -0.39484   0.45147   0.25838  -0.12829   7.20000  8
  -0.37138   0.67024  -0.53460  -0.09614   7.20000  9
  -0.62030  -1.09464  -0.23225  -0.14103   7.20000 10
  -0.57244   0.31097   0.44062   0.32340   7.30000  1
   0.09695  -0.55120   0.04375  -0.34365   7.30000  2
  -1.71705   1.04763  -0.51248   0.49852   7.30000  3
  -0.29217  -1.10336   0.61022   0.26005   7.30000  4
  -0.50824   0.84675   0.55911  -0.11112   7.30000  5
   0.31701   0.18453  -0.42815  -0.06560   7.30000  6
  -0.21551   0.27095  -0.23461  -0.10051   7.30000  7
  -0.36934   0.43956   0.24394  -0.11287   7.30000  8
  -0.42750   0.65419  -0.57693  -0.22005   7.30000  9
  -0.63901  -1.10819  -0.14548  -0.12817   7.30000 10
  -0.51864   0.34973   0.64018   0.45392   7.40000  1
   0.09976  -0.58472   0.01192  -0.32811   7.40000  2
  -1.76764   1.09722  -0.49968   0.49335   7.40000  3
  -0.23347  -1.07589   0.56674   0.28978   7.40000  4
  -0.45001   0.82464   0.59492  -0.33573   7.40000  5
   0.26975   0.17829  -0.51860  -0.05822   7.40000  6
  -0.24555   0.26764  -0.36765   0.04113   7.40000  7
  -0.34768   0.42799   0.18118  -0.12407   7.40000  8
  -0.48385   0.62699  -0.53273  -0.32368   7.40000  9
  -0.64998  -1.12005  -0.07626  -0.10837   7.40000 10
  -0.44384   0.40168   0.85232   0.57667   7.50000  1
   0.09919  -0.61712  -0.02408  -0.32150   7.50000  2
  -1.81707   1.14632  -0.48934   0.48884   7.50000  3
  -0.17828  -1.04524   0.53934   0.32448   7.50000  4
  -0.39124   0.77913   0.57321  -0.57629   7.50000  5
   0.21293   0.17314  -0.61989  -0.04284   7.50000  6
  -0.28926   0.28111  -0.50539   0.24160   7.50000  7
  -0.33472   0.41383   0.07066  -0.15952   7.50000  8
  -0.53033   0.58875  -0.37758  -0.44544   7.50000  9
  -0.65467  -1.12978  -0.01926  -0.08601   7.50000 10
  -0.35165   0.46038   0.95394   0.56414   7.60000  1
   0.09476  -0.64943  -0.06555  -0.32720   7.60000  2
  -1.86557   1.19501  -0.48103   0.48491   7.60000  3
  -0.12515  -1.01067   0.52553   0.36893   7.60000  4
  -0.33632   0.70859   0.52176  -0.84262   7.60000  5
   0.14528   0.17023  -0.73581  -0.01184   7.60000  6
  -0.34496   0.31921  -0.58752   0.53350   7.60000  7
  -0.33401   0.39781  -0.04859  -0.14150   7.60000  8
  -0.55557   0.53791  -0.11194  -0.56573   7.60000  9
  -0.65411  -1.13722   0.02921  -0.06259   7.60000 10
  -0.26206   0.51055   0.80470   0.44229   7.70000  1
   0.08584  -0.68315  -0.11433  -0.35073   7.70000  2
  -1.91333   1.24332  -0.47440   0.48152   7.70000  3
  -0.07275  -0.97093   0.52447   0.42912   7.70000  4
  -0.28755   0.60815   0.44919  -1.17888   7.70000  5
   0.06515   0.17175  -0.87015   0.04874   7.70000  6
  -0.40074   0.38752  -0.50080   0.81106   7.70000  7
  -0.34217   0.39001  -0.11001   0.00538   7.70000  8
  -0.55065   0.47689   0.21974  -0.64990   7.70000  9
  -0.64903  -1.14228   0.07160  -0.03859   7.70000 10
  -0.19465   0.54737   0.53646   0.26209   7.80000  1
   0.07159  -0.72048  -0.17212  -0.40152   7.80000  2
  -1.96050   1.29133  -0.46910   0.47864   7.80000  3
  -0.01984  -0.92400   0.53561   0.51506   7.80000  4
  -0.24821   0.47538   0.31998  -1.42095   7.80000  5
  -0.02946   0.18170  -1.02627   0.16142   7.80000  6
  -0.44175   0.47354  -0.30597   0.84797   7.80000  7
  -0.35517   0.40159  -0.13902   0.22397   7.80000  8
  -0.50937   0.41032   0.61068  -0.65271   7.80000  9
  -0.63994  -1.14492   0.10974  -0.01398   7.80000 10
  -0.15374   0.55972   0.28784  -0.01102   7.90000  1
   0.05134  -0.76475  -0.22997  -0.48946   7.90000  2
  -2.00719   1.33907  -0.46479   0.47623   7.90000  3
   0.03448  -0.86664   0.54794   0.63773   7.90000  4
  -0.22623   0.33465   0.12579  -1.36760   7.90000  5
  -0.14124   0.20699  -1.21704   0.36368   7.90000  6
  -0.45962   0.54642  -0.04939   0.59056   7.90000  7
  -0.36719   0.42894  -0.09110   0.27783   7.90000  8
  -0.43074   0.35248   0.94550  -0.48950   7.90000  9
  -0.62717  -1.14505   0.14522   0.01155   7.90000 10
  -0.13688   0.54649   0.04646  -0.24804   8.00000  1
   0.02803  -0.81714  -0.21628  -0.53204   8.00000  2
  -2.05348   1.38659  -0.46125   0.47422   8.00000  3
   0.08728  -0.79765   0.48773   0.71593   8.00000  4
  -0.22153   0.20499  -0.04379  -1.18542   8.00000  5
  -0.27279   0.25709  -1.38400   0.62400   8.00000  6
  -0.45251   0.59130   0.18532   0.30880   8.00000  7
  -0.37094   0.45100   0.02959   0.15175   8.00000  8
  -0.32355   0.31173   1.17651  -0.34755   8.00000  9
  -0.61093  -1.14256   0.17971   0.03834   8.00000 10
  -0.14527   0.51105  -0.21724  -0.45571   8.10000  1
   0.00981  -0.86624  -0.15228  -0.44191   8.10000  2
  -2.09945   1.43392  -0.45830   0.47252   8.10000  3
   0.13019  -0.72829   0.37393   0.66398   8.10000  4
  -0.23389   0.10320  -0.17500  -0.85642   8.10000  5
  -0.40582   0.32787  -1.22788   0.78113   8.10000  6
  -0.42383   0.60797   0.38095   0.02049   8.10000  7
  -0.36054   0.45894   0.16849   0.01116   8.10000  8
  -0.20730   0.28072   1.09232  -0.26173   8.10000  9
  -0.59120  -1.13733   0.21501   0.06649   8.10000 10
