  -0.47360  -0.70056  -0.00210   0.00212   0.10000  1
  -0.52301   1.22701  -0.00001  -0.00038   0.10000  2
   0.56231  -0.34814   0.00275   0.00442   0.10000  3
  -0.18648  -1.38291  -0.00203   0.00153   0.10000  4
   1.25890   1.03538  -0.00019  -0.00024   0.10000  5
  -1.79501   0.28575   0.00065  -0.00027   0.10000  6
  -0.82161  -0.14352   0.00233  -0.00456   0.10000  7
  -0.74102  -1.39074   0.00205   0.00166   0.10000  8
  -0.69081  -0.41785   0.00065   0.00039   0.10000  9
   0.66783  -0.21235  -0.00411  -0.00466   0.10000 10
  -0.47392  -0.70025  -0.00419   0.00425   0.20000  1
  -0.52301   1.22696  -0.00002  -0.00076   0.20000  2
   0.56273  -0.34748   0.00551   0.00884   0.20000  3
  -0.18678  -1.38269  -0.00407   0.00305   0.20000  4
   1.25887   1.03534  -0.00037  -0.00048   0.20000  5
  -1.79491   0.28571   0.00131  -0.00055   0.20000  6
  -0.82126  -0.14421   0.00466  -0.00912   0.20000  7
  -0.74071  -1.39049   0.00411   0.00331   0.20000  8
  -0.69071  -0.41779   0.00129   0.00078   0.20000  9
   0.66721  -0.21305  -0.00824  -0.00933   0.20000 10
  -0.47444  -0.69971  -0.00630   0.00638   0.30000  1
  -0.52301   1.22686  -0.00003  -0.00113   0.30000  2
   0.56342  -0.34637   0.00830   0.01329   0.30000  3
  -0.18729  -1.38230  -0.00611   0.00458   0.30000  4
   1.25882   1.03528  -0.00056  -0.00072   0.30000  5
  -1.79475   0.28564   0.00196  -0.00082   0.30000  6
  -0.82068  -0.14535   0.00701  -0.01371   0.30000  7
  -0.74020  -1.39007   0.00617   0.00497   0.30000  8
  -0.69055  -0.41769   0.00193   0.00118   0.30000  9
   0.66618  -0.21422  -0.01238  -0.01403   0.30000 10
  -0.47518  -0.69897  -0.00841   0.00854   0.40000  1
  -0.52302   1.22673  -0.00003  -0.00151   0.40000  2
   0.56439  -0.34482   0.01111   0.01778   0.40000  3
  -0.18800  -1.38177  -0.00815   0.00610   0.40000  4
   1.25876   1.03520  -0.00075  -0.00095   0.40000  5
  -1.79452   0.28554   0.00262  -0.00109   0.40000  6
  -0.81986  -0.14695   0.00937  -0.01832   0.40000  7
  -0.73948  -1.38949   0.00823   0.00664   0.40000  8
  -0.69033  -0.41755   0.00257   0.00159   0.40000  9
   0.66474  -0.21586  -0.01656  -0.01876   0.40000 10
  -0.47613  -0.69801  -0.01053   0.01071   0.50000  1
  -0.52302   1.22656  -0.00004  -0.00189   0.50000  2
   0.56564  -0.34282   0.01396   0.02230   0.50000  3
  -0.18892  -1.38108  -0.01021   0.00763   0.50000  4
   1.25867   1.03509  -0.00093  -0.00119   0.50000  5
  -1.79422   0.28542   0.00327  -0.00137   0.50000  6
  -0.81880  -0.14901   0.01176  -0.02297   0.50000  7
  -0.73855  -1.38875   0.01030   0.00831   0.50000  8
  -0.69004  -0.41737   0.00319   0.00200   0.50000  9
   0.66287  -0.21798  -0.02077  -0.02353   0.50000 10
  -0.47729  -0.69682  -0.01267   0.01292   0.60000  1
  -0.52303   1.22635  -0.00005  -0.00227   0.60000  2
   0.56718  -0.34036   0.01685   0.02688   0.60000  3
  -0.19004  -1.38024  -0.01228   0.00916   0.60000  4
   1.25857   1.03496  -0.00112  -0.00143   0.60000  5
  -1.79387   0.28527   0.00392  -0.00164   0.60000  6
  -0.81751  -0.15155   0.01418  -0.02767   0.60000  7
  -0.73742  -1.38783   0.01239   0.00998   0.60000  8
  -0.68969  -0.41715   0.00381   0.00243   0.60000  9
   0.66058  -0.22057  -0.02503  -0.02835   0.60000 10
  -0.47866  -0.69542  -0.01482   0.01516   0.70000  1
  -0.52303   1.22611  -0.00006  -0.00265   0.70000  2
   0.56901  -0.33744   0.01979   0.03150   0.70000  3
  -0.19138  -1.37925  -0.01436   0.01069   0.70000  4
   1.25845   1.03481  -0.00131  -0.00167   0.70000  5
  -1.79344   0.28509   0.00457  -0.00191   0.70000  6
  -0.81597  -0.15455   0.01663  -0.03243   0.70000  7
  -0.73608  -1.38675   0.01448   0.01166   0.70000  8
  -0.68928  -0.41689   0.00440   0.00287   0.70000  9
   0.65786  -0.22365  -0.02933  -0.03322   0.70000 10
  -0.48025  -0.69379  -0.01700   0.01744   0.80000  1
  -0.52304   1.22582  -0.00006  -0.00302   0.80000  2
   0.57114  -0.33406   0.02277   0.03617   0.80000  3
  -0.19292  -1.37811  -0.01645   0.01223   0.80000  4
   1.25831   1.03463  -0.00149  -0.00190   0.80000  5
  -1.79295   0.28488   0.00521  -0.00219   0.80000  6
  -0.81418  -0.15803   0.01914  -0.03725   0.80000  7
  -0.73452  -1.38550   0.01658   0.01334   0.80000  8
  -0.68881  -0.41658   0.00498   0.00333   0.80000  9
   0.65471  -0.22722  -0.03369  -0.03814   0.80000 10
  -0.48206  -0.69193  -0.01919   0.01977   0.90000  1
  -0.52304   1.22550  -0.00007  -0.00340   0.90000  2
   0.57357  -0.33021   0.02579   0.04086   0.90000  3
  -0.19467  -1.37681  -0.01857   0.01376   0.90000  4
   1.25815   1.03443  -0.00168  -0.00214   0.90000  5
  -1.79240   0.28465   0.00586  -0.00246   0.90000  6
  -0.81214  -0.16200   0.02169  -0.04216   0.90000  7
  -0.73276  -1.38408   0.01870   0.01504   0.90000  8
  -0.68828  -0.41622   0.00554   0.00381   0.90000  9
   0.65113  -0.23128  -0.03807  -0.04308   0.90000 10
  -0.48409  -0.68984  -0.02142   0.02215   1.00000  1
  -0.52305   1.22514  -0.00008  -0.00377   1.00000  2
   0.57630  -0.32588   0.02882   0.04556   1.00000  3
  -0.19663  -1.37535  -0.02071   0.01530   1.00000  4
   1.25797   1.03420  -0.00186  -0.00237   1.00000  5
  -1.79178   0.28439   0.00650  -0.00274   1.00000  6
  -0.80984  -0.16647   0.02430  -0.04716   1.00000  7
  -0.73078  -1.38249   0.02084   0.01674   1.00000  8
  -0.68770  -0.41581   0.00608   0.00432   1.00000  9
   0.64710  -0.23583  -0.04248  -0.04803   1.00000 10
  -0.48634  -0.68750  -0.02367   0.02459   1.10000  1
  -0.52306   1.22475  -0.00008  -0.00415   1.10000  2
   0.57933  -0.32110   0.03183   0.05020   1.10000  3
  -0.19881  -1.37375  -0.02287   0.01684   1.10000  4
   1.25778   1.03395  -0.00205  -0.00261   1.10000  5
  -1.79110   0.28411   0.00715  -0.00301   1.10000  6
  -0.80728  -0.17144   0.02698  -0.05226   1.10000  7
  -0.72859  -1.38073   0.02299   0.01846   1.10000  8
  -0.68707  -0.41535   0.00658   0.00485   1.10000  9
   0.64263  -0.24088  -0.04686  -0.05291   1.10000 10
  -0.48882  -0.68492  -0.02596   0.02711   1.20000  1
  -0.52307   1.22431  -0.00009  -0.00452   1.20000  2
   0.58266  -0.31585   0.03474   0.05470   1.20000  3
  -0.20121  -1.37199  -0.02506   0.01838   1.20000  4
   1.25756   1.03368  -0.00224  -0.00284   1.20000  5
  -1.79035   0.28379   0.00779  -0.00328   1.20000  6
  -0.80444  -0.17692   0.02974  -0.05748   1.20000  7
  -0.72618  -1.37880   0.02517   0.02019   1.20000  8
  -0.68639  -0.41484   0.00705   0.00541   1.20000  9
   0.63773  -0.24641  -0.05115  -0.05766   1.20000 10
  -0.49154  -0.68207  -0.02828   0.02971   1.30000  1
  -0.52308   1.22384  -0.00009  -0.00490   1.30000  2
   0.58627  -0.31016   0.03746   0.05892   1.30000  3
  -0.20382  -1.37007  -0.02728   0.01993   1.30000  4
   1.25733   1.03338  -0.00242  -0.00308   1.30000  5
  -1.78954   0.28345   0.00842  -0.00356   1.30000  6
  -0.80133  -0.18294   0.03259  -0.06284   1.30000  7
  -0.72355  -1.37670   0.02737   0.02193   1.30000  8
  -0.68566  -0.41427   0.00749   0.00601   1.30000  9
   0.63241  -0.25240  -0.05525  -0.06213   1.30000 10
  -0.49448  -0.67897  -0.03064   0.03240   1.40000  1
  -0.52309   1.22333  -0.00010  -0.00527   1.40000  2
   0.59014  -0.30408   0.03985   0.06268   1.40000  3
  -0.20666  -1.36800  -0.02954   0.02149   1.40000  4
   1.25708   1.03306  -0.00261  -0.00331   1.40000  5
  -1.78867   0.28308   0.00905  -0.00383   1.40000  6
  -0.79792  -0.18950   0.03553  -0.06834   1.40000  7
  -0.72071  -1.37442   0.02960   0.02368   1.40000  8
  -0.68489  -0.41364   0.00788   0.00665   1.40000  9
   0.62669  -0.25882  -0.05903  -0.06614   1.40000 10
  -0.49767  -0.67559  -0.03305   0.03519   1.50000  1
  -0.52310   1.22279  -0.00010  -0.00565   1.50000  2
   0.59422  -0.29765   0.04172   0.06575   1.50000  3
  -0.20973  -1.36577  -0.03183   0.02304   1.50000  4
   1.25681   1.03272  -0.00279  -0.00354   1.50000  5
  -1.78773   0.28268   0.00968  -0.00411   1.50000  6
  -0.79421  -0.19661   0.03859  -0.07401   1.50000  7
  -0.71763  -1.37196   0.03186   0.02545   1.50000  8
  -0.68409  -0.41294   0.00822   0.00732   1.50000  9
   0.62062  -0.26561  -0.06230  -0.06946   1.50000 10
  -0.50109  -0.67193  -0.03551   0.03809   1.60000  1
  -0.52311   1.22220  -0.00010  -0.00602   1.60000  2
   0.59846  -0.29096   0.04287   0.06786   1.60000  3
  -0.21303  -1.36339  -0.03416   0.02461   1.60000  4
   1.25652   1.03236  -0.00298  -0.00377   1.60000  5
  -1.78673   0.28226   0.01031  -0.00438   1.60000  6
  -0.79020  -0.20431   0.04177  -0.07986   1.60000  7
  -0.71433  -1.36932   0.03415   0.02723   1.60000  8
  -0.68325  -0.41217   0.00850   0.00805   1.60000  9
   0.61425  -0.27268  -0.06485  -0.07181   1.60000 10
  -0.50477  -0.66797  -0.03802   0.04113   1.70000  1
  -0.52312   1.22158  -0.00010  -0.00639   1.70000  2
   0.60277  -0.28412   0.04312   0.06878   1.70000  3
  -0.21657  -1.36085  -0.03654   0.02618   1.70000  4
   1.25621   1.03197  -0.00316  -0.00400   1.70000  5
  -1.78567   0.28181   0.01093  -0.00465   1.70000  6
  -0.78586  -0.21259   0.04510  -0.08592   1.70000  7
  -0.71080  -1.36651   0.03648   0.02904   1.70000  8
  -0.68239  -0.41133   0.00871   0.00883   1.70000  9
   0.60768  -0.27993  -0.06651  -0.07298   1.70000 10
  -0.50870  -0.66370  -0.04059   0.04430   1.80000  1
  -0.52313   1.22093  -0.00010  -0.00676   1.80000  2
   0.60705  -0.27725   0.04235   0.06838   1.80000  3
  -0.22034  -1.35815  -0.03897   0.02776   1.80000  4
   1.25589   1.03155  -0.00335  -0.00424   1.80000  5
  -1.78454   0.28133   0.01155  -0.00493   1.80000  6
  -0.78117  -0.22150   0.04857  -0.09220   1.80000  7
  -0.70704  -1.36352   0.03885   0.03086   1.80000  8
  -0.68151  -0.41040   0.00886   0.00966   1.80000  9
   0.60099  -0.28723  -0.06717  -0.07283   1.80000 10
  -0.51289  -0.65910  -0.04323   0.04763   1.90000  1
  -0.52314   1.22023  -0.00010  -0.00713   1.90000  2
   0.61121  -0.27049   0.04060   0.06669   1.90000  3
  -0.22436  -1.35530  -0.04145   0.02934   1.90000  4
   1.25554   1.03112  -0.00354  -0.00447   1.90000  5
  -1.78336   0.28082   0.01217  -0.00520   1.90000  6
  -0.77614  -0.23104   0.05222  -0.09871   1.90000  7
  -0.70303  -1.36034   0.04126   0.03270   1.90000  8
  -0.68062  -0.40940   0.00892   0.01054   1.90000  9
   0.59428  -0.29445  -0.06684  -0.07139   1.90000 10
  -0.51735  -0.65417  -0.04594   0.05114   2.00000  1
  -0.52315   1.21950  -0.00010  -0.00750   2.00000  2
   0.61514  -0.26395   0.03797   0.06389   2.00000  3
  -0.22863  -1.35229  -0.04399   0.03094   2.00000  4
   1.25518   1.03066  -0.00372  -0.00470   2.00000  5
  -1.78211   0.28029   0.01278  -0.00548   2.00000  6
  -0.77072  -0.24125   0.05605  -0.10549   2.00000  7
  -0.69878  -1.35698   0.04371   0.03456   2.00000  8
  -0.67973  -0.40830   0.00889   0.01147   2.00000  9
   0.58765  -0.30147  -0.06564  -0.06884   2.00000 10
  -0.52208  -0.64887  -0.04873   0.05486   2.10000  1
  -0.52316   1.21873  -0.00010  -0.00786   2.10000  2
   0.61878  -0.25774   0.03465   0.06022   2.10000  3
  -0.23316  -1.34911  -0.04660   0.03255   2.10000  4
   1.25480   1.03018  -0.00391  -0.00493   2.10000  5
  -1.78080   0.27973   0.01339  -0.00575   2.10000  6
  -0.76492  -0.25215   0.06010  -0.11255   2.10000  7
  -0.69429  -1.35343   0.04622   0.03644   2.10000  8
  -0.67884  -0.40710   0.00876   0.01245   2.10000  9
   0.58117  -0.30819  -0.06378  -0.06542   2.10000 10
  -0.52710  -0.64319  -0.05161   0.05879   2.20000  1
  -0.52317   1.21793  -0.00010  -0.00823   2.20000  2
   0.62205  -0.25192   0.03086   0.05595   2.20000  3
  -0.23795  -1.34578  -0.04927   0.03416   2.20000  4
   1.25440   1.02967  -0.00410  -0.00516   2.20000  5
  -1.77943   0.27914   0.01399  -0.00602   2.20000  6
  -0.75870  -0.26377   0.06437  -0.11990   2.20000  7
  -0.68954  -1.34969   0.04879   0.03834   2.20000  8
  -0.67798  -0.40580   0.00852   0.01346   2.20000  9
   0.57491  -0.31454  -0.06145  -0.06139   2.20000 10
  -0.53241  -0.63710  -0.05459   0.06299   2.30000  1
  -0.52318   1.21709  -0.00010  -0.00860   2.30000  2
   0.62494  -0.24656   0.02675   0.05130   2.30000  3
  -0.24302  -1.34228  -0.05202   0.03579   2.30000  4
   1.25398   1.02915  -0.00429  -0.00540   2.30000  5
  -1.77800   0.27852   0.01459  -0.00630   2.30000  6
  -0.75203  -0.27614   0.06889  -0.12753   2.30000  7
  -0.68453  -1.34576   0.05142   0.04027   2.30000  8
  -0.67715  -0.40441   0.00817   0.01446   2.30000  9
   0.56889  -0.32046  -0.05882  -0.05699   2.30000 10
  -0.53802  -0.63058  -0.05769   0.06747   2.40000  1
  -0.52319   1.21621  -0.00009  -0.00896   2.40000  2
   0.62740  -0.24167   0.02246   0.04643   2.40000  3
  -0.24836  -1.33862  -0.05486   0.03744   2.40000  4
   1.25354   1.02859  -0.00447  -0.00563   2.40000  5
  -1.77651   0.27788   0.01519  -0.00657   2.40000  6
  -0.74491  -0.28928   0.07365  -0.13543   2.40000  7
  -0.67925  -1.34163   0.05412   0.04222   2.40000  8
  -0.67635  -0.40291   0.00772   0.01541   2.40000  9
   0.56315  -0.32593  -0.05602  -0.05237   2.40000 10
  -0.54395  -0.62360  -0.06091   0.07228   2.50000  1
  -0.52320   1.21529  -0.00009  -0.00932   2.50000  2
   0.62942  -0.23728   0.01807   0.04146   2.50000  3
  -0.25399  -1.33479  -0.05779   0.03910   2.50000  4
   1.25308   1.02802  -0.00466  -0.00586   2.50000  5
  -1.77496   0.27721   0.01578  -0.00684   2.50000  6
  -0.73730  -0.30323   0.07867  -0.14356   2.50000  7
  -0.67370  -1.33731   0.05689   0.04420   2.50000  8
  -0.67560  -0.40133   0.00718   0.01621   2.50000  9
   0.55769  -0.33093  -0.05314  -0.04765   2.50000 10
  -0.55021  -0.61611  -0.06427   0.07746   2.60000  1
  -0.52320   1.21434  -0.00008  -0.00969   2.60000  2
   0.63101  -0.23338   0.01365   0.03647   2.60000  3
  -0.25992  -1.33080  -0.06082   0.04078   2.60000  4
   1.25261   1.02742  -0.00485  -0.00610   2.60000  5
  -1.77336   0.27651   0.01637  -0.00711   2.60000  6
  -0.72917  -0.31800   0.08390  -0.15182   2.60000  7
  -0.66787  -1.33279   0.05975   0.04620   2.60000  8
  -0.67492  -0.39968   0.00660   0.01671   2.60000  9
   0.55252  -0.33545  -0.05025  -0.04290   2.60000 10
  -0.55681  -0.60809  -0.06780   0.08307   2.70000  1
  -0.52321   1.21336  -0.00007  -0.01005   2.70000  2
   0.63216  -0.22998   0.00924   0.03149   2.70000  3
  -0.26616  -1.32663  -0.06397   0.04248   2.70000  4
   1.25211   1.02680  -0.00504  -0.00633   2.70000  5
  -1.77169   0.27578   0.01695  -0.00739   2.70000  6
  -0.72051  -0.33359   0.08929  -0.16004   2.70000  7
  -0.66175  -1.32807   0.06271   0.04823   2.70000  8
  -0.67428  -0.39801   0.00607   0.01671   2.70000  9
   0.54764  -0.33951  -0.04738  -0.03818   2.70000 10
  -0.56377  -0.59948  -0.07152   0.08918   2.80000  1
  -0.52322   1.21233  -0.00006  -0.01041   2.80000  2
   0.63286  -0.22708   0.00484   0.02656   2.80000  3
  -0.27272  -1.32230  -0.06724   0.04420   2.80000  4
   1.25160   1.02616  -0.00523  -0.00657   2.80000  5
  -1.76997   0.27503   0.01753  -0.00766   2.80000  6
  -0.71131  -0.35000   0.09472  -0.16798   2.80000  7
  -0.65532  -1.32315   0.06576   0.05029   2.80000  8
  -0.67369  -0.39637   0.00573   0.01588   2.80000  9
   0.54304  -0.34309  -0.04454  -0.03350   2.80000 10
  -0.57112  -0.59024  -0.07545   0.09585   2.90000  1
  -0.52323   1.21128  -0.00006  -0.01077   2.90000  2
   0.63312  -0.22467   0.00047   0.02169   2.90000  3
  -0.27961  -1.31779  -0.07065   0.04595   2.90000  4
   1.25107   1.02549  -0.00542  -0.00680   2.90000  5
  -1.76818   0.27425   0.01811  -0.00793   2.90000  6
  -0.70157  -0.36717   0.10001  -0.17532   2.90000  7
  -0.64859  -1.31801   0.06894   0.05238   2.90000  8
  -0.67312  -0.39487   0.00579   0.01382   2.90000  9
   0.53873  -0.34621  -0.04175  -0.02887   2.90000 10
  -0.57887  -0.58029  -0.07960   0.10316   3.00000  1
  -0.52323   1.21018  -0.00005  -0.01113   3.00000  2
   0.63295  -0.22274  -0.00386   0.01687   3.00000  3
  -0.28686  -1.31311  -0.07421   0.04774   3.00000  4
   1.25052   1.02480  -0.00561  -0.00703   3.00000  5
  -1.76634   0.27345   0.01868  -0.00820   3.00000  6
  -0.69132  -0.38503   0.10495  -0.18171   3.00000  7
  -0.64153  -1.31267   0.07224   0.05450   3.00000  8
  -0.67252  -0.39366   0.00647   0.01012   3.00000  9
   0.53469  -0.34887  -0.03901  -0.02431   3.00000 10
  -0.58705  -0.56958  -0.08398   0.11119   3.10000  1
  -0.52323   1.20905  -0.00004  -0.01149   3.10000  2
   0.63235  -0.22129  -0.00817   0.01210   3.10000  3
  -0.29446  -1.30824  -0.07794   0.04955   3.10000  4
   1.24994   1.02408  -0.00580  -0.00727   3.10000  5
  -1.76445   0.27261   0.01925  -0.00847   3.10000  6
  -0.68060  -0.40347   0.10931  -0.18693   3.10000  7
  -0.63414  -1.30711   0.07568   0.05664   3.10000  8
  -0.67180  -0.39291   0.00801   0.00447   3.10000  9
   0.53093  -0.35107  -0.03631  -0.01980   3.10000 10
  -0.59567  -0.55803  -0.08855   0.11994   3.20000  1
  -0.52324   1.20788  -0.00003  -0.01185   3.20000  2
   0.63132  -0.22032  -0.01247   0.00738   3.20000  3
  -0.30245  -1.30319  -0.08185   0.05141   3.20000  4
   1.24935   1.02334  -0.00599  -0.00750   3.20000  5
  -1.76249   0.27175   0.01982  -0.00874   3.20000  6
  -0.66948  -0.42238   0.11295  -0.19095   3.20000  7
  -0.62639  -1.30134   0.07929   0.05883   3.20000  8
  -0.67088  -0.39283   0.01049  -0.00318   3.20000  9
   0.52743  -0.35283  -0.03365  -0.01534   3.20000 10
  -0.60476  -0.54557  -0.09315   0.12932   3.30000  1
  -0.52324   1.20668  -0.00001  -0.01221   3.30000  2
   0.62986  -0.21982  -0.01674   0.00269   3.30000  3
  -0.31084  -1.29796  -0.08598   0.05331   3.30000  4
   1.24875   1.02258  -0.00619  -0.00774   3.30000  5
  -1.76048   0.27087   0.02039  -0.00901   3.30000  6
  -0.65804  -0.44163   0.11577  -0.19388   3.30000  7
  -0.61827  -1.29535   0.08307   0.06104   3.30000  8
  -0.66967  -0.39361   0.01387  -0.01262   3.30000  9
   0.52419  -0.35414  -0.03103  -0.01091   3.30000 10
  -0.61429  -0.53216  -0.09739   0.13888   3.40000  1
  -0.52324   1.20544   0.00000  -0.01256   3.40000  2
   0.62797  -0.21978  -0.02102  -0.00198   3.40000  3
  -0.31965  -1.29253  -0.09033   0.05528   3.40000  4
   1.24812   1.02179  -0.00638  -0.00797   3.40000  5
  -1.75842   0.26995   0.02095  -0.00928   3.40000  6
  -0.64636  -0.46112   0.11759  -0.19569   3.40000  7
  -0.60977  -1.28913   0.08706   0.06329   3.40000  8
  -0.66809  -0.39540   0.01795  -0.02344   3.40000  9
   0.52122  -0.35501  -0.02843  -0.00652   3.40000 10
  -0.62420  -0.51782  -0.10056   0.14759   3.50000  1
  -0.52324   1.20417   0.00001  -0.01292   3.50000  2
   0.62566  -0.22021  -0.02531  -0.00663   3.50000  3
  -0.32891  -1.28690  -0.09494   0.05731   3.50000  4
   1.24747   1.02098  -0.00657  -0.00821   3.50000  5
  -1.75629   0.26901   0.02151  -0.00955   3.50000  6
  -0.63457  -0.48071   0.11797  -0.19583   3.50000  7
  -0.60085  -1.28269   0.09127   0.06557   3.50000  8
  -0.66607  -0.39833   0.02245  -0.03520   3.50000  9
   0.51851  -0.35545  -0.02584  -0.00214   3.50000 10
  -0.63434  -0.50272  -0.10175   0.15400   3.60000  1
  -0.52324   1.20286   0.00002  -0.01328   3.60000  2
   0.62291  -0.22111  -0.02961  -0.01128   3.60000  3
  -0.33865  -1.28107  -0.09983   0.05942   3.60000  4
   1.24680   1.02015  -0.00676  -0.00844   3.60000  5
  -1.75411   0.26804   0.02208  -0.00982   3.60000  6
  -0.62283  -0.50019   0.11630  -0.19329   3.60000  7
  -0.59151  -1.27602   0.09574   0.06789   3.60000  8
  -0.66359  -0.40246   0.02707  -0.04743   3.60000  9
   0.51606  -0.35544  -0.02325   0.00223   3.60000 10
  -0.64447  -0.48713  -0.10055   0.15715   3.70000  1
  -0.52324   1.20151   0.00003  -0.01364   3.70000  2
   0.61973  -0.22247  -0.03395  -0.01595   3.70000  3
  -0.34889  -1.27501  -0.10503   0.06163   3.70000  4
   1.24612   1.01930  -0.00696  -0.00868   3.70000  5
  -1.75188   0.26705   0.02264  -0.01009   3.70000  6
  -0.61138  -0.51926   0.11251  -0.18763   3.70000  7
  -0.58170  -1.26911   0.10048   0.07025   3.70000  8
  -0.66066  -0.40781   0.03146  -0.05965   3.70000  9
   0.51386  -0.35500  -0.02065   0.00660   3.70000 10
  -0.65438  -0.47139  -0.09734   0.15736   3.80000  1
  -0.52323   1.20013   0.00005  -0.01400   3.80000  2
   0.61612  -0.22430  -0.03833  -0.02063   3.80000  3
  -0.35967  -1.26874  -0.11055   0.06395   3.80000  4
   1.24541   1.01842  -0.00715  -0.00891   3.80000  5
  -1.74959   0.26602   0.02321  -0.01037   3.80000  6
  -0.60038  -0.53764   0.10736  -0.17974   3.80000  7
  -0.57140  -1.26196   0.10553   0.07264   3.80000  8
  -0.65732  -0.41437   0.03526  -0.07128   3.80000  9
   0.51193  -0.35412  -0.01803   0.01099   3.80000 10
  -0.66389  -0.45574  -0.09270   0.15528   3.90000  1
  -0.52323   1.19871   0.00006  -0.01436   3.90000  2
   0.61206  -0.22660  -0.04275  -0.02535   3.90000  3
  -0.37101  -1.26222  -0.11642   0.06642   3.90000  4
   1.24469   1.01751  -0.00734  -0.00914   3.90000  5
  -1.74724   0.26497   0.02377  -0.01064   3.90000  6
  -0.58992  -0.55518   0.10176  -0.17100   3.90000  7
  -0.56058  -1.25458   0.11089   0.07505   3.90000  8
  -0.65364  -0.42203   0.03811  -0.08164   3.90000  9
   0.51025  -0.35280  -0.01539   0.01539   3.90000 10
  -0.67289  -0.44040  -0.08698   0.15120   4.00000  1
  -0.52322   1.19726   0.00007  -0.01472   4.00000  2
   0.60757  -0.22937  -0.04724  -0.03011   4.00000  3
  -0.38296  -1.25545  -0.12262   0.06905   4.00000  4
   1.24394   1.01659  -0.00754  -0.00937   4.00000  5
  -1.74483   0.26389   0.02434  -0.01092   4.00000  6
  -0.58002  -0.57185   0.09628  -0.16235   4.00000  7
  -0.54921  -1.24695   0.11656   0.07749   4.00000  8
  -0.64974  -0.43063   0.03983  -0.09009   4.00000  9
   0.50885  -0.35104  -0.01270   0.01982   4.00000 10
  -0.68126  -0.42556  -0.08046   0.14523   4.10000  1
  -0.52321   1.19577   0.00009  -0.01508   4.10000  2
   0.60261  -0.23262  -0.05180  -0.03492   4.10000  3
  -0.39554  -1.24840  -0.12909   0.07188   4.10000  4
   1.24318   1.01564  -0.00773  -0.00960   4.10000  5
  -1.74237   0.26279   0.02491  -0.01120   4.10000  6
  -0.57066  -0.58767   0.09111  -0.15423   4.10000  7
  -0.53726  -1.23908   0.12247   0.07994   4.10000  8
  -0.64571  -0.43997   0.04047  -0.09632   4.10000  9
   0.50772  -0.34884  -0.00997   0.02429   4.10000 10
  -0.68896  -0.41140  -0.07350   0.13769   4.20000  1
  -0.52320   1.19424   0.00010  -0.01544   4.20000  2
   0.59720  -0.23635  -0.05642  -0.03977   4.20000  3
  -0.40878  -1.24106  -0.13571   0.07496   4.20000  4
   1.24240   1.01467  -0.00792  -0.00983   4.20000  5
  -1.73985   0.26165   0.02549  -0.01147   4.20000  6
  -0.56179  -0.60271   0.08630  -0.14676   4.20000  7
  -0.52471  -1.23096   0.12850   0.08238   4.20000  8
  -0.64167  -0.44983   0.04036  -0.10053   4.20000  9
   0.50686  -0.34618  -0.00719   0.02878   4.20000 10
  -0.69596  -0.39806  -0.06649   0.12913   4.30000  1
  -0.52319   1.19268   0.00011  -0.01581   4.30000  2
   0.59133  -0.24057  -0.06112  -0.04465   4.30000  3
  -0.42268  -1.23340  -0.14216   0.07833   4.30000  4
   1.24160   1.01367  -0.00812  -0.01006   4.30000  5
  -1.73727   0.26049   0.02607  -0.01176   4.30000  6
  -0.55338  -0.61705   0.08182  -0.13999   4.30000  7
  -0.51157  -1.22261   0.13434   0.08479   4.30000  8
  -0.63765  -0.46003   0.03991  -0.10327   4.30000  9
   0.50628  -0.34308  -0.00436   0.03329   4.30000 10
  -0.70227  -0.38559  -0.05971   0.12009   4.40000  1
  -0.52318   1.19108   0.00012  -0.01617   4.40000  2
   0.58498  -0.24528  -0.06588  -0.04955   4.40000  3
  -0.43719  -1.22539  -0.14791   0.08204   4.40000  4
   1.24077   1.01266  -0.00831  -0.01029   4.40000  5
  -1.73463   0.25930   0.02665  -0.01204   4.40000  6
  -0.54541  -0.63073   0.07763  -0.13387   4.40000  7
  -0.49787  -1.21401   0.13945   0.08714   4.40000  8
  -0.63368  -0.47045   0.03945  -0.10514   4.40000  9
   0.50599  -0.33953  -0.00150   0.03780   4.40000 10
  -0.70792  -0.37404  -0.05332   0.11100   4.50000  1
  -0.52317   1.18945   0.00014  -0.01654   4.50000  2
   0.57815  -0.25048  -0.07067  -0.05443   4.50000  3
  -0.45221  -1.21698  -0.15216   0.08610   4.50000  4
   1.23993   1.01161  -0.00851  -0.01052   4.50000  5
  -1.73194   0.25809   0.02724  -0.01232   4.50000  6
  -0.53785  -0.64384   0.07367  -0.12837   4.50000  7
  -0.48373  -1.20518   0.14303   0.08944   4.50000  8
  -0.62975  -0.48104   0.03919  -0.10663   4.50000  9
   0.50598  -0.33552   0.00138   0.04226   4.50000 10
  -0.71295  -0.36339  -0.04737   0.10211   4.60000  1
  -0.52315   1.18777   0.00015  -0.01691   4.60000  2
   0.57084  -0.25617  -0.07547  -0.05923   4.60000  3
  -0.46755  -1.20815  -0.15405   0.09048   4.60000  4
   1.23907   1.01055  -0.00870  -0.01075   4.60000  5
  -1.72919   0.25684   0.02783  -0.01261   4.60000  6
  -0.53067  -0.65643   0.06991  -0.12345   4.60000  7
  -0.46934  -1.19612   0.14423   0.09177   4.60000  8
  -0.62584  -0.49177   0.03923  -0.10804   4.60000  9
   0.50626  -0.33108   0.00423   0.04663   4.60000 10
  -0.71741  -0.35361  -0.04188   0.09354   4.70000  1
  -0.52314   1.18606   0.00016  -0.01728   4.70000  2
   0.56306  -0.26232  -0.08019  -0.06384   4.70000  3
  -0.48293  -1.19888  -0.15315   0.09507   4.70000  4
   1.23819   1.00947  -0.00890  -0.01097   4.70000  5
  -1.72637   0.25556   0.02843  -0.01290   4.70000  6
  -0.52386  -0.66855   0.06630  -0.11907   4.70000  7
  -0.45498  -1.18682   0.14263   0.09422   4.70000  8
  -0.62190  -0.50265   0.03960  -0.10957   4.70000  9
   0.50682  -0.32620   0.00699   0.05079   4.70000 10
  -0.72134  -0.34467  -0.03680   0.08536   4.80000  1
  -0.52312   1.18432   0.00017  -0.01765   4.80000  2
   0.55481  -0.26893  -0.08473  -0.06813   4.80000  3
  -0.49809  -1.18914  -0.14979   0.09979   4.80000  4
   1.23729   1.00836  -0.00909  -0.01119   4.80000  5
  -1.72350   0.25426   0.02903  -0.01319   4.80000  6
  -0.51741  -0.68026   0.06282  -0.11520   4.80000  7
  -0.44090  -1.17727   0.13855   0.09694   4.80000  8
  -0.61790  -0.51370   0.04030  -0.11133   4.80000  9
   0.50765  -0.32093   0.00954   0.05460   4.80000 10
  -0.72478  -0.33652  -0.03211   0.07759   4.90000  1
  -0.52310   1.18253   0.00018  -0.01802   4.90000  2
   0.54612  -0.27593  -0.08894  -0.07190   4.90000  3
  -0.51283  -1.17892  -0.14477   0.10458   4.90000  4
   1.23637   1.00723  -0.00928  -0.01142   4.90000  5
  -1.72057   0.25292   0.02964  -0.01349   4.90000  6
  -0.51130  -0.69160   0.05942  -0.11180   4.90000  7
  -0.42732  -1.16742   0.13280   0.10000   4.90000  8
  -0.61383  -0.52493   0.04133  -0.11340   4.90000  9
   0.50872  -0.31530   0.01173   0.05786   4.90000 10
  -0.72777  -0.32913  -0.02775   0.07020   5.00000  1
  -0.52309   1.18071   0.00019  -0.01840   5.00000  2
   0.53704  -0.28328  -0.09262  -0.07491   5.00000  3
  -0.52702  -1.16822  -0.13887   0.10944   5.00000  4
   1.23544   1.00607  -0.00948  -0.01164   5.00000  5
  -1.71757   0.25156   0.03025  -0.01378   5.00000  6
  -0.50552  -0.70263   0.05609  -0.10886   5.00000  7
  -0.41437  -1.15725   0.12617   0.10342   5.00000  8
  -0.60963  -0.53639   0.04266  -0.11581   5.00000  9
   0.50998  -0.30938   0.01337   0.06034   5.00000 10
  -0.73034  -0.32247  -0.02370   0.06319   5.10000  1
  -0.52307   1.17886   0.00020  -0.01877   5.10000  2
   0.52762  -0.29088  -0.09558  -0.07691   5.10000  3
  -0.54060  -1.15703  -0.13265   0.11441   5.10000  4
   1.23448   1.00490  -0.00968  -0.01186   5.10000  5
  -1.71452   0.25017   0.03087  -0.01408   5.10000  6
  -0.50008  -0.71339   0.05280  -0.10635   5.10000  7
  -0.40210  -1.14673   0.11922   0.10719   5.10000  8
  -0.60528  -0.54810   0.04426  -0.11859   5.10000  9
   0.51137  -0.30327   0.01425   0.06179   5.10000 10
  -0.73252  -0.31649  -0.01992   0.05652   5.20000  1
  -0.52305   1.17696   0.00021  -0.01915   5.20000  2
   0.51796  -0.29862  -0.09762  -0.07771   5.20000  3
  -0.55355  -1.14533  -0.12638   0.11953   5.20000  4
   1.23350   1.00370  -0.00987  -0.01208   5.20000  5
  -1.71140   0.24875   0.03149  -0.01438   5.20000  6
  -0.49496  -0.72392   0.04954  -0.10426   5.20000  7
  -0.39053  -1.13581   0.11224   0.11130   5.20000  8
  -0.60077  -0.56012   0.04613  -0.12175   5.20000  9
   0.51280  -0.29707   0.01418   0.06199   5.20000 10
  -0.73433  -0.31115  -0.01637   0.05016   5.30000  1
  -0.52302   1.17502   0.00022  -0.01953   5.30000  2
   0.50813  -0.30638  -0.09866  -0.07721   5.30000  3
  -0.56588  -1.13311  -0.12021   0.12484   5.30000  4
   1.23250   1.00248  -0.01007  -0.01230   5.30000  5
  -1.70822   0.24729   0.03211  -0.01468   5.30000  6
  -0.49017  -0.73426   0.04627  -0.10256   5.30000  7
  -0.37965  -1.12446   0.10537   0.11573   5.30000  8
  -0.59605  -0.57247   0.04825  -0.12532   5.30000  9
   0.51417  -0.29091   0.01307   0.06088   5.30000 10
  -0.73580  -0.30644  -0.01303   0.04409   5.40000  1
  -0.52300   1.17305   0.00023  -0.01992   5.40000  2
   0.49826  -0.31403  -0.09873  -0.07551   5.40000  3
  -0.57759  -1.12035  -0.11414   0.13039   5.40000  4
   1.23149   1.00124  -0.01026  -0.01252   5.40000  5
  -1.70497   0.24581   0.03274  -0.01498   5.40000  6
  -0.48571  -0.74444   0.04299  -0.10124   5.40000  7
  -0.36945  -1.11265   0.09864   0.12048   5.40000  8
  -0.59111  -0.58520   0.05060  -0.12932   5.40000  9
   0.51538  -0.28493   0.01096   0.05853   5.40000 10
  -0.73694  -0.30233  -0.00988   0.03828   5.50000  1
  -0.52298   1.17104   0.00024  -0.02030   5.50000  2
   0.48841  -0.32145  -0.09797  -0.07281   5.50000  3
  -0.58871  -1.10703  -0.10816   0.13621   5.50000  4
   1.23045   0.99998  -0.01046  -0.01274   5.50000  5
  -1.70167   0.24430   0.03338  -0.01529   5.50000  6
  -0.48157  -0.75452   0.03968  -0.10028   5.50000  7
  -0.35992  -1.10035   0.09202   0.12555   5.50000  8
  -0.58592  -0.59835   0.05317  -0.13376   5.50000  9
   0.51633  -0.27924   0.00796   0.05515   5.50000 10
  -0.73778  -0.29878  -0.00689   0.03270   5.60000  1
  -0.52295   1.16899   0.00025  -0.02069   5.60000  2
   0.47868  -0.32856  -0.09657  -0.06936   5.60000  3
  -0.59922  -1.09310  -0.10219   0.14231   5.60000  4
   1.22940   0.99869  -0.01066  -0.01296   5.60000  5
  -1.69830   0.24275   0.03402  -0.01560   5.60000  6
  -0.47777  -0.76451   0.03632  -0.09965   5.60000  7
  -0.35104  -1.08753   0.08548   0.13095   5.60000  8
  -0.58047  -0.61196   0.05595  -0.13867   5.60000  9
   0.51695  -0.27393   0.00429   0.05098   5.60000 10
  -0.73833  -0.29578  -0.00405   0.02734   5.70000  1
  -0.52293   1.16690   0.00026  -0.02107   5.70000  2
   0.46912  -0.33530  -0.09473  -0.06542   5.70000  3
  -0.60914  -1.07856  -0.09617   0.14872   5.70000  4
   1.22832   0.99739  -0.01085  -0.01318   5.70000  5
  -1.69487   0.24118   0.03466  -0.01591   5.70000  6
  -0.47431  -0.77446   0.03290  -0.09933   5.70000  7
  -0.34282  -1.07415   0.07893   0.13667   5.70000  8
  -0.57473  -0.62610   0.05891  -0.14409   5.70000  9
   0.51717  -0.26906   0.00013   0.04628   5.70000 10
  -0.73859  -0.29331  -0.00134   0.02216   5.80000  1
  -0.52290   1.16478   0.00027  -0.02147   5.80000  2
   0.45975  -0.34164  -0.09261  -0.06120   5.80000  3
  -0.61845  -1.06335  -0.09001   0.15544   5.80000  4
   1.22723   0.99606  -0.01105  -0.01340   5.80000  5
  -1.69137   0.23957   0.03531  -0.01622   5.80000  6
  -0.47119  -0.78438   0.02942  -0.09926   5.80000  7
  -0.33526  -1.06018   0.07230   0.14272   5.80000  8
  -0.56868  -0.64080   0.06206  -0.15004   5.80000  9
   0.51697  -0.26468  -0.00435   0.04127   5.80000 10
  -0.73860  -0.29134   0.00126   0.01715   5.90000  1
  -0.52287   1.16261   0.00028  -0.02186   5.90000  2
   0.45060  -0.34754  -0.09036  -0.05685   5.90000  3
  -0.62714  -1.04746  -0.08360   0.16248   5.90000  4
   1.22611   0.99471  -0.01125  -0.01361   5.90000  5
  -1.68780   0.23793   0.03596  -0.01654   5.90000  6
  -0.46843  -0.79432   0.02588  -0.09941   5.90000  7
  -0.32837  -1.04559   0.06549   0.14911   5.90000  8
  -0.56231  -0.65612   0.06536  -0.15655   5.90000  9
   0.51630  -0.26081  -0.00903   0.03608   5.90000 10
  -0.73835  -0.28987   0.00375   0.01229   6.00000  1
  -0.52284   1.16041   0.00029  -0.02225   6.00000  2
   0.44168  -0.35301  -0.08804  -0.05247   6.00000  3
  -0.63516  -1.03084  -0.07682   0.16983   6.00000  4
   1.22497   0.99333  -0.01145  -0.01383   6.00000  5
  -1.68417   0.23626   0.03662  -0.01686   6.00000  6
  -0.46602  -0.80427   0.02228  -0.09968   6.00000  7
  -0.32217  -1.03035   0.05840   0.15582   6.00000  8
  -0.55560  -0.67213   0.06879  -0.16366   6.00000  9
   0.51516  -0.25747  -0.01382   0.03082   6.00000 10
  -0.73785  -0.28888   0.00615   0.00755   6.10000  1
  -0.52281   1.15816   0.00030  -0.02265   6.10000  2
   0.43299  -0.35804  -0.08573  -0.04812   6.10000  3
  -0.64248  -1.01348  -0.06955   0.17745   6.10000  4
   1.22382   0.99194  -0.01165  -0.01405   6.10000  5
  -1.68048   0.23456   0.03728  -0.01718   6.10000  6
  -0.46397  -0.81425   0.01865  -0.09998   6.10000  7
  -0.31670  -1.01442   0.05090   0.16283   6.10000  8
  -0.54855  -0.68888   0.07232  -0.17139   6.10000  9
   0.51353  -0.25465  -0.01867   0.02555   6.10000 10
  -0.73712  -0.28836   0.00847   0.00292   6.20000  1
  -0.52278   1.15588   0.00031  -0.02305   6.20000  2
   0.42453  -0.36263  -0.08346  -0.04386   6.20000  3
  -0.64905  -0.99535  -0.06164   0.18527   6.20000  4
   1.22264   0.99052  -0.01185  -0.01427   6.20000  5
  -1.67672   0.23282   0.03794  -0.01751   6.20000  6
  -0.46229  -0.82426   0.01502  -0.10016   6.20000  7
  -0.31201  -0.99778   0.04285   0.17007   6.20000  8
  -0.54114  -0.70643   0.07590  -0.17974   6.20000  9
   0.51142  -0.25236  -0.02354   0.02030   6.20000 10
  -0.73616  -0.28830   0.01072  -0.00162   6.30000  1
  -0.52275   1.15355   0.00032  -0.02345   6.30000  2
   0.41629  -0.36681  -0.08126  -0.03968   6.30000  3
  -0.65479  -0.97642  -0.05294   0.19318   6.30000  4
   1.22145   0.98909  -0.01205  -0.01448   6.30000  5
  -1.67289   0.23106   0.03861  -0.01783   6.30000  6
  -0.46097  -0.83428   0.01146  -0.10002   6.30000  7
  -0.30815  -0.98040   0.03411   0.17747   6.30000  8
  -0.53337  -0.72484   0.07945  -0.18868   6.30000  9
   0.50882  -0.25059  -0.02842   0.01511   6.30000 10
  -0.73498  -0.28868   0.01291  -0.00609   6.40000  1
  -0.52272   1.15119   0.00033  -0.02385   6.40000  2
   0.40828  -0.37057  -0.07912  -0.03561   6.40000  3
  -0.65961  -0.95671  -0.04330   0.20101   6.40000  4
   1.22023   0.98763  -0.01225  -0.01470   6.40000  5
  -1.66900   0.22926   0.03929  -0.01816   6.40000  6
  -0.45999  -0.84425   0.00803  -0.09934   6.40000  7
  -0.30521  -0.96228   0.02452   0.18486   6.40000  8
  -0.52525  -0.74418   0.08289  -0.19808   6.40000  9
   0.50574  -0.24934  -0.03329   0.00996   6.40000 10
  -0.73358  -0.28951   0.01506  -0.01052   6.50000  1
  -0.52268   1.14878   0.00034  -0.02425   6.50000  2
   0.40047  -0.37394  -0.07706  -0.03164   6.50000  3
  -0.66341  -0.93623  -0.03256   0.20847   6.50000  4
   1.21900   0.98615  -0.01245  -0.01491   6.50000  5
  -1.66503   0.22742   0.03997  -0.01850   6.50000  6
  -0.45935  -0.85411   0.00483  -0.09783   6.50000  7
  -0.30328  -0.94344   0.01394   0.19200   6.50000  8
  -0.51680  -0.76447   0.08611  -0.20769   6.50000  9
   0.50216  -0.24860  -0.03817   0.00487   6.50000 10
  -0.73197  -0.29079   0.01717  -0.01493   6.60000  1
  -0.52265   1.14634   0.00035  -0.02466   6.60000  2
   0.39286  -0.37691  -0.07508  -0.02777   6.60000  3
  -0.66608  -0.91504  -0.02064   0.21517   6.60000  4
   1.21774   0.98465  -0.01266  -0.01513   6.60000  5
  -1.66100   0.22556   0.04065  -0.01884   6.60000  6
  -0.45902  -0.86378   0.00197  -0.09523   6.60000  7
  -0.30246  -0.92390   0.00225   0.19859   6.60000  8
  -0.50804  -0.78571   0.08902  -0.21704   6.60000  9
   0.49810  -0.24836  -0.04304  -0.00018   6.60000 10
  -0.73015  -0.29250   0.01926  -0.01933   6.70000  1
  -0.52261   1.14385   0.00036  -0.02507   6.70000  2
   0.38545  -0.37949  -0.07316  -0.02399   6.70000  3
  -0.66750  -0.89324  -0.00761   0.22063   6.70000  4
   1.21647   0.98312  -0.01286  -0.01534   6.70000  5
  -1.65690   0.22366   0.04135  -0.01918   6.70000  6
  -0.45895  -0.87312  -0.00046  -0.09132   6.70000  7
  -0.30287  -0.90375  -0.01055   0.20418   6.70000  8
  -0.49901  -0.80784   0.09159  -0.22539   6.70000  9
   0.49355  -0.24863  -0.04792  -0.00518   6.70000 10
  -0.72812  -0.29465   0.02134  -0.02377   6.80000  1
  -0.52258   1.14132   0.00037  -0.02549   6.80000  2
   0.37823  -0.38171  -0.07131  -0.02029   6.80000  3
  -0.66757  -0.87098   0.00626   0.22433   6.80000  4
   1.21517   0.98158  -0.01306  -0.01555   6.80000  5
  -1.65273   0.22172   0.04204  -0.01952   6.80000  6
  -0.45909  -0.88200  -0.00235  -0.08608   6.80000  7
  -0.30461  -0.88311  -0.02436   0.20828   6.80000  8
  -0.48973  -0.83072   0.09388  -0.23174   6.80000  9
   0.48852  -0.24940  -0.05283  -0.01016   6.80000 10
  -0.72588  -0.29725   0.02344  -0.02826   6.90000  1
  -0.52254   1.13875   0.00038  -0.02591   6.90000  2
   0.37119  -0.38355  -0.06951  -0.01666   6.90000  3
  -0.66624  -0.84844   0.02045   0.22598   6.90000  4
   1.21385   0.98001  -0.01327  -0.01576   6.90000  5
  -1.64849   0.21975   0.04275  -0.01987   6.90000  6
  -0.45939  -0.89029  -0.00361  -0.07968   6.90000  7
  -0.30776  -0.86216  -0.03886   0.21032   6.90000  8
  -0.48024  -0.85409   0.09599  -0.23506   6.90000  9
   0.48299  -0.25066  -0.05776  -0.01512   6.90000 10
  -0.72343  -0.30031   0.02557  -0.03284   7.00000  1
  -0.52250   1.13614   0.00039  -0.02633   7.00000  2
   0.36432  -0.38504  -0.06776  -0.01308   7.00000  3
  -0.66349  -0.82585   0.03433   0.22568   7.00000  4
   1.21252   0.97842  -0.01347  -0.01597   7.00000  5
  -1.64418   0.21775   0.04346  -0.02022   7.00000  6
  -0.45979  -0.89791  -0.00417  -0.07253   7.00000  7
  -0.31238  -0.84113  -0.05345   0.20990   7.00000  8
  -0.47054  -0.87760   0.09784  -0.23455   7.00000  9
   0.47696  -0.25242  -0.06274  -0.02006   7.00000 10
  -0.72076  -0.30383   0.02776  -0.03753   7.10000  1
  -0.52246   1.13349   0.00040  -0.02675   7.10000  2
   0.35763  -0.38617  -0.06604  -0.00954   7.10000  3
  -0.65940  -0.80336   0.04742   0.22384   7.10000  4
   1.21116   0.97682  -0.01368  -0.01618   7.10000  5
  -1.63980   0.21571   0.04418  -0.02058   7.10000  6
  -0.46020  -0.90479  -0.00394  -0.06517   7.10000  7
  -0.31843  -0.82027  -0.06739   0.20696   7.10000  8
  -0.46069  -0.90086   0.09907  -0.23003   7.10000  9
   0.47044  -0.25467  -0.06778  -0.02501   7.10000 10
  -0.71787  -0.30782   0.03003  -0.04239   7.20000  1
  -0.52242   1.13079   0.00042  -0.02719   7.20000  2
   0.35112  -0.38695  -0.06434  -0.00602   7.20000  3
  -0.65404  -0.78111   0.05950   0.22101   7.20000  4
   1.20978   0.97519  -0.01388  -0.01639   7.20000  5
  -1.63535   0.21363   0.04490  -0.02094   7.20000  6
  -0.46055  -0.91095  -0.00290  -0.05808   7.20000  7
  -0.32582  -0.79981  -0.08005   0.20197   7.20000  8
  -0.45076  -0.92349   0.09921  -0.22201   7.20000  9
   0.46341  -0.25742  -0.07289  -0.02997   7.20000 10
  -0.71475  -0.31231   0.03241  -0.04743   7.30000  1
  -0.52238   1.12805   0.00043  -0.02762   7.30000  2
   0.34477  -0.38738  -0.06265  -0.00252   7.30000  3
  -0.64753  -0.75917   0.07056   0.21768   7.30000  4
   1.20838   0.97354  -0.01409  -0.01660   7.30000  5
  -1.63082   0.21152   0.04564  -0.02131   7.30000  6
  -0.46076  -0.91643  -0.00112  -0.05152   7.30000  7
  -0.33439  -0.77992  -0.09115   0.19570   7.30000  8
  -0.44089  -0.94518   0.09806  -0.21144   7.30000  9
   0.45586  -0.26067  -0.07808  -0.03495   7.30000 10
  -0.71139  -0.31731   0.03493  -0.05270   7.40000  1
  -0.52233   1.12526   0.00044  -0.02806   7.40000  2
   0.33859  -0.38745  -0.06096   0.00099   7.40000  3
  -0.63996  -0.73758   0.08069   0.21420   7.40000  4
   1.20697   0.97187  -0.01429  -0.01680   7.40000  5
  -1.62622   0.20937   0.04638  -0.02168   7.40000  6
  -0.46076  -0.92128   0.00124  -0.04558   7.40000  7
  -0.34400  -0.76068  -0.10079   0.18893   7.40000  8
  -0.43119  -0.96573   0.09574  -0.19935   7.40000  9
   0.44779  -0.26441  -0.08338  -0.03995   7.40000 10
  -0.70776  -0.32286   0.03764  -0.05823   7.50000  1
  -0.52229   1.12244   0.00045  -0.02851   7.50000  2
   0.33257  -0.38718  -0.05926   0.00450   7.50000  3
  -0.63142  -0.71633   0.09005   0.21079   7.50000  4
   1.20553   0.97018  -0.01450  -0.01701   7.50000  5
  -1.62154   0.20718   0.04713  -0.02205   7.50000  6
  -0.46050  -0.92556   0.00398  -0.04018   7.50000  7
  -0.35451  -0.74213  -0.10926   0.18223   7.50000  8
  -0.42177  -0.98503   0.09254  -0.18655   7.50000  9
   0.43918  -0.26866  -0.08878  -0.04499   7.50000 10
  -0.70385  -0.32897   0.04058  -0.06407   7.60000  1
  -0.52224   1.11956   0.00046  -0.02896   7.60000  2
   0.32673  -0.38655  -0.05753   0.00802   7.60000  3
  -0.62197  -0.69542   0.09878   0.20759   7.60000  4
   1.20407   0.96847  -0.01470  -0.01721   7.60000  5
  -1.61679   0.20496   0.04789  -0.02242   7.60000  6
  -0.45995  -0.92933   0.00694  -0.03522   7.60000  7
  -0.36582  -0.72423  -0.11688   0.17593   7.60000  8
  -0.41270  -1.00303   0.08878  -0.17361   7.60000  9
   0.43002  -0.27341  -0.09432  -0.05005   7.60000 10
  -0.69963  -0.33568   0.04380  -0.07024   7.70000  1
  -0.52220   1.11664   0.00047  -0.02942   7.70000  2
   0.32107  -0.38557  -0.05577   0.01156   7.70000  3
  -0.61168  -0.67480   0.10699   0.20467   7.70000  4
   1.20259   0.96674  -0.01491  -0.01741   7.70000  5
  -1.61196   0.20270   0.04867  -0.02281   7.70000  6
  -0.45911  -0.93262   0.00996  -0.03061   7.70000  7
  -0.37787  -0.70692  -0.12396   0.17027   7.70000  8
  -0.40402  -1.01975   0.08473  -0.16086   7.70000  9
   0.42031  -0.27867  -0.09999  -0.05515   7.70000 10
  -0.69508  -0.34303   0.04737  -0.07680   7.80000  1
  -0.52215   1.11368   0.00049  -0.02989   7.80000  2
   0.31558  -0.38424  -0.05397   0.01510   7.80000  3
  -0.60059  -0.65447   0.11480   0.20203   7.80000  4
   1.20108   0.96499  -0.01512  -0.01760   7.80000  5
  -1.60706   0.20040   0.04945  -0.02319   7.80000  6
  -0.45796  -0.93546   0.01295  -0.02628   7.80000  7
  -0.39060  -0.69015  -0.13072   0.16538   7.80000  8
  -0.39576  -1.03522   0.08056  -0.14848   7.80000  9
   0.41002  -0.28444  -0.10580  -0.06027   7.80000 10
  -0.69015  -0.35106   0.05137  -0.08376   7.90000  1
  -0.52210   1.11067   0.00050  -0.03036   7.90000  2
   0.31028  -0.38255  -0.05213   0.01863   7.90000  3
  -0.58873  -0.63439   0.12224   0.19965   7.90000  4
   1.19956   0.96322  -0.01532  -0.01780   7.90000  5
  -1.60208   0.19806   0.05024  -0.02358   7.90000  6
  -0.45652  -0.93788   0.01585  -0.02218   7.90000  7
  -0.40401  -0.67382  -0.13735   0.16136   7.90000  8
  -0.38791  -1.04947   0.07639  -0.13656   7.90000  9
   0.39914  -0.29073  -0.11177  -0.06540   7.90000 10
  -0.68479  -0.35980   0.05589  -0.09116   8.00000  1
  -0.52205   1.10761   0.00051  -0.03084   8.00000  2
   0.30516  -0.38051  -0.05028   0.02212   8.00000  3
  -0.57615  -0.61454   0.12928   0.19743   8.00000  4
   1.19802   0.96143  -0.01553  -0.01799   8.00000  5
  -1.59701   0.19568   0.05104  -0.02397   8.00000  6
  -0.45480  -0.93990   0.01862  -0.01830   8.00000  7
  -0.41807  -0.65784  -0.14396   0.15835   8.00000  8
  -0.38048  -1.06255   0.07230  -0.12513   8.00000  9
   0.38766  -0.29752  -0.11787  -0.07050   8.00000 10
  -0.67895  -0.36930   0.06106  -0.09901   8.10000  1
  -0.52200   1.10450   0.00053  -0.03133   8.10000  2
   0.30022  -0.37813  -0.04844   0.02551   8.10000  3
  -0.56289  -0.59490   0.13580   0.19522   8.10000  4
   1.19646   0.95962  -0.01574  -0.01819   8.10000  5
  -1.59187   0.19327   0.05185  -0.02436   8.10000  6
  -0.45280  -0.94155   0.02125  -0.01463   8.10000  7
  -0.43280  -0.64211  -0.15055   0.15647   8.10000  8
  -0.37345  -1.07451   0.06832  -0.11417   8.10000  9
   0.37557  -0.30482  -0.12409  -0.07552   8.10000 10
