  -0.47354  -0.70010  -0.00086   0.01132   0.10000  1
  -0.52291   1.22674   0.00200  -0.00594   0.10000  2
   1.56254  -0.46367  -0.00209   0.00037   0.10000  3
   1.14221   0.78268  -0.00083  -0.00065   0.10000  4
   0.58223  -0.44091  -0.00132  -0.00099   0.10000  5
  -0.56471  -0.36672   0.00355  -0.00439   0.10000  6
   0.39262  -1.29179  -0.00066   0.00327   0.10000  7
  -0.30054   0.70088  -0.00384  -0.00080   0.10000  8
  -0.65223   0.21301   0.00421  -0.00158   0.10000  9
   1.13504   2.16140  -0.00017  -0.00062   0.10000 10
  -0.47367  -0.69840  -0.00174   0.02270   0.20000  1
  -0.52261   1.22584   0.00401  -0.01190   0.20000  2
   1.56223  -0.46361  -0.00417   0.00075   0.20000  3
   1.14208   0.78258  -0.00165  -0.00129   0.20000  4
   0.58204  -0.44106  -0.00264  -0.00198   0.20000  5
  -0.56417  -0.36738   0.00711  -0.00883   0.20000  6
   0.39252  -1.29130  -0.00131   0.00654   0.20000  7
  -0.30112   0.70076  -0.00768  -0.00160   0.20000  8
  -0.65160   0.21277   0.00843  -0.00315   0.20000  9
   1.13501   2.16131  -0.00034  -0.00124   0.20000 10
  -0.47389  -0.69556  -0.00265   0.03421   0.30000  1
  -0.52211   1.22436   0.00601  -0.01788   0.30000  2
   1.56171  -0.46352  -0.00626   0.00112   0.30000  3
   1.14188   0.78242  -0.00248  -0.00194   0.30000  4
   0.58171  -0.44130  -0.00396  -0.00297   0.30000  5
  -0.56328  -0.36849   0.01071  -0.01340   0.30000  6
   0.39236  -1.29048  -0.00197   0.00982   0.30000  7
  -0.30208   0.70056  -0.01152  -0.00240   0.30000  8
  -0.65054   0.21238   0.01264  -0.00471   0.30000  9
   1.13497   2.16116  -0.00051  -0.00186   0.30000 10
  -0.47420  -0.69156  -0.00361   0.04591   0.40000  1
  -0.52141   1.22227   0.00803  -0.02390   0.40000  2
   1.56098  -0.46339  -0.00836   0.00150   0.40000  3
   1.14159   0.78219  -0.00331  -0.00259   0.40000  4
   0.58124  -0.44165  -0.00530  -0.00396   0.40000  5
  -0.56203  -0.37007   0.01436  -0.01815   0.40000  6
   0.39213  -1.28933  -0.00261   0.01310   0.40000  7
  -0.30342   0.70028  -0.01537  -0.00319   0.40000  8
  -0.64907   0.21183   0.01685  -0.00625   0.40000  9
   1.13491   2.16094  -0.00068  -0.00248   0.40000 10
  -0.47462  -0.68637  -0.00464   0.05788   0.50000  1
  -0.52050   1.21957   0.01005  -0.02997   0.50000  2
   1.56004  -0.46322  -0.01045   0.00187   0.50000  3
   1.14122   0.78190  -0.00413  -0.00323   0.50000  4
   0.58065  -0.44210  -0.00665  -0.00496   0.50000  5
  -0.56041  -0.37213   0.01809  -0.02316   0.50000  6
   0.39183  -1.28786  -0.00326   0.01640   0.50000  7
  -0.30515   0.69992  -0.01921  -0.00396   0.50000  8
  -0.64717   0.21113   0.02106  -0.00777   0.50000  9
   1.13483   2.16066  -0.00085  -0.00310   0.50000 10
  -0.47513  -0.67997  -0.00575   0.07020   0.60000  1
  -0.51940   1.21627   0.01208  -0.03611   0.60000  2
   1.55889  -0.46301  -0.01255   0.00225   0.60000  3
   1.14076   0.78154  -0.00496  -0.00388   0.60000  4
   0.57991  -0.44264  -0.00801  -0.00597   0.60000  5
  -0.55841  -0.37471   0.02191  -0.02849   0.60000  6
   0.39148  -1.28605  -0.00389   0.01972   0.60000  7
  -0.30727   0.69949  -0.02306  -0.00473   0.60000  8
  -0.64486   0.21027   0.02526  -0.00926   0.60000  9
   1.13474   2.16032  -0.00102  -0.00372   0.60000 10
  -0.47577  -0.67231  -0.00697   0.08295   0.70000  1
  -0.51809   1.21235   0.01411  -0.04234   0.70000  2
   1.55753  -0.46277  -0.01466   0.00262   0.70000  3
   1.14022   0.78112  -0.00579  -0.00454   0.70000  4
   0.57904  -0.44329  -0.00940  -0.00698   0.70000  5
  -0.55602  -0.37784   0.02586  -0.03424   0.70000  6
   0.39106  -1.28391  -0.00452   0.02306   0.70000  7
  -0.30977   0.69898  -0.02690  -0.00547   0.70000  8
  -0.64212   0.20928   0.02946  -0.01071   0.70000  9
   1.13463   2.15991  -0.00119  -0.00435   0.70000 10
  -0.47653  -0.66336  -0.00832   0.09623   0.80000  1
  -0.51657   1.20780   0.01617  -0.04866   0.80000  2
   1.55596  -0.46249  -0.01677   0.00299   0.80000  3
   1.13960   0.78064  -0.00662  -0.00519   0.80000  4
   0.57803  -0.44404  -0.01080  -0.00800   0.80000  5
  -0.55323  -0.38158   0.02995  -0.04051   0.80000  6
   0.39057  -1.28144  -0.00514   0.02642   0.80000  7
  -0.31265   0.69839  -0.03075  -0.00619   0.80000  8
  -0.63897   0.20813   0.03365  -0.01212   0.80000  9
   1.13450   2.15945  -0.00136  -0.00497   0.80000 10
  -0.47744  -0.65305  -0.00984   0.11017   0.90000  1
  -0.51485   1.20261   0.01823  -0.05510   0.90000  2
   1.55417  -0.46217  -0.01888   0.00337   0.90000  3
   1.13890   0.78008  -0.00745  -0.00585   0.90000  4
   0.57688  -0.44489  -0.01223  -0.00903   0.90000  5
  -0.55003  -0.38597   0.03421  -0.04739   0.90000  6
   0.39003  -1.27863  -0.00575   0.02980   0.90000  7
  -0.31591   0.69774  -0.03459  -0.00689   0.90000  8
  -0.63539   0.20685   0.03784  -0.01349   0.90000  9
   1.13436   2.15892  -0.00153  -0.00559   0.90000 10
  -0.47851  -0.64130  -0.01155   0.12488   1.00000  1
  -0.51293   1.19678   0.02031  -0.06168   1.00000  2
   1.55218  -0.46181  -0.02101   0.00374   1.00000  3
   1.13811   0.77947  -0.00828  -0.00651   1.00000  4
   0.57559  -0.44585  -0.01370  -0.01007   1.00000  5
  -0.54638  -0.39108   0.03869  -0.05502   1.00000  6
   0.38942  -1.27548  -0.00634   0.03322   1.00000  7
  -0.31957   0.69702  -0.03843  -0.00755   1.00000  8
  -0.63140   0.20544   0.04201  -0.01480   1.00000  9
   1.13419   2.15833  -0.00170  -0.00621   1.00000 10
  -0.47976  -0.62804  -0.01349   0.14052   1.10000  1
  -0.51079   1.19027   0.02241  -0.06840   1.10000  2
   1.54997  -0.46142  -0.02314   0.00411   1.10000  3
   1.13724   0.77878  -0.00911  -0.00717   1.10000  4
   0.57414  -0.44691  -0.01519  -0.01113   1.10000  5
  -0.54228  -0.39700   0.04341  -0.06355   1.10000  6
   0.38876  -1.27198  -0.00692   0.03667   1.10000  7
  -0.32360   0.69623  -0.04225  -0.00817   1.10000  8
  -0.62699   0.20389   0.04616  -0.01606   1.10000  9
   1.13402   2.15768  -0.00187  -0.00683   1.10000 10
  -0.48121  -0.61316  -0.01569   0.15725   1.20000  1
  -0.50845   1.18309   0.02452  -0.07531   1.20000  2
   1.54755  -0.46099  -0.02529   0.00448   1.20000  3
   1.13629   0.77803  -0.00995  -0.00784   1.20000  4
   0.57255  -0.44807  -0.01672  -0.01219   1.20000  5
  -0.53769  -0.40382   0.04842  -0.07311   1.20000  6
   0.38804  -1.26814  -0.00749   0.04016   1.20000  7
  -0.32802   0.69538  -0.04606  -0.00874   1.20000  8
  -0.62217   0.20223   0.05030  -0.01726   1.20000  9
   1.13382   2.15697  -0.00204  -0.00745   1.20000 10
  -0.48291  -0.59655  -0.01820   0.17521   1.30000  1
  -0.50589   1.17521   0.02664  -0.08241   1.30000  2
   1.54491  -0.46053  -0.02744   0.00485   1.30000  3
   1.13525   0.77722  -0.01078  -0.00851   1.30000  4
   0.57080  -0.44935  -0.01829  -0.01327   1.30000  5
  -0.53259  -0.41166   0.05376  -0.08386   1.30000  6
   0.38726  -1.26395  -0.00804   0.04369   1.30000  7
  -0.33281   0.69448  -0.04985  -0.00925   1.30000  8
  -0.61693   0.20044   0.05442  -0.01839   1.30000  9
   1.13361   2.15619  -0.00221  -0.00807   1.30000 10
  -0.48486  -0.57807  -0.02101   0.19449   1.40000  1
  -0.50312   1.16660   0.02878  -0.08973   1.40000  2
   1.54206  -0.46002  -0.02960   0.00522   1.40000  3
   1.13413   0.77633  -0.01162  -0.00918   1.40000  4
   0.56889  -0.45073  -0.01990  -0.01437   1.40000  5
  -0.52693  -0.42064   0.05943  -0.09585   1.40000  6
   0.38643  -1.25940  -0.00858   0.04727   1.40000  7
  -0.33799   0.69354  -0.05362  -0.00968   1.40000  8
  -0.61128   0.19855   0.05851  -0.01947   1.40000  9
   1.13338   2.15535  -0.00238  -0.00869   1.40000 10
  -0.48712  -0.55761  -0.02408   0.21493   1.50000  1
  -0.50013   1.15725   0.03094  -0.09731   1.50000  2
   1.53899  -0.45948  -0.03178   0.00559   1.50000  3
   1.13293   0.77538  -0.01246  -0.00986   1.50000  4
   0.56681  -0.45222  -0.02156  -0.01548   1.50000  5
  -0.52069  -0.43087   0.06537  -0.10894   1.50000  6
   0.38555  -1.25449  -0.00910   0.05090   1.50000  7
  -0.34353   0.69255  -0.05734  -0.01003   1.50000  8
  -0.60523   0.19655   0.06256  -0.02049   1.50000  9
   1.13313   2.15445  -0.00254  -0.00931   1.50000 10
  -0.48968  -0.53507  -0.02715   0.23575   1.60000  1
  -0.49693   1.14713   0.03310  -0.10517   1.60000  2
   1.53571  -0.45890  -0.03397   0.00596   1.60000  3
   1.13164   0.77436  -0.01330  -0.01055   1.60000  4
   0.56457  -0.45382  -0.02327  -0.01661   1.60000  5
  -0.51385  -0.44243   0.07136  -0.12229   1.60000  6
   0.38461  -1.24922  -0.00960   0.05459   1.60000  7
  -0.34945   0.69153  -0.06102  -0.01027   1.60000  8
  -0.59877   0.19446   0.06657  -0.02146   1.60000  9
   1.13287   2.15349  -0.00271  -0.00993   1.60000 10
  -0.49253  -0.51052  -0.02960   0.25471   1.70000  1
  -0.49351   1.13620   0.03527  -0.11336   1.70000  2
   1.53220  -0.45829  -0.03617   0.00632   1.70000  3
   1.13027   0.77327  -0.01415  -0.01124   1.70000  4
   0.56216  -0.45554  -0.02502  -0.01777   1.70000  5
  -0.50644  -0.45526   0.07676  -0.13366   1.70000  6
   0.38363  -1.24357  -0.01009   0.05834   1.70000  7
  -0.35574   0.69050  -0.06464  -0.01039   1.70000  8
  -0.59192   0.19226   0.07052  -0.02241   1.70000  9
   1.13259   2.15247  -0.00287  -0.01055   1.70000 10
  -0.49554  -0.48434  -0.03026   0.26756   1.80000  1
  -0.48987   1.12444   0.03745  -0.12191   1.80000  2
   1.52847  -0.45764  -0.03839   0.00669   1.80000  3
   1.12881   0.77211  -0.01500  -0.01194   1.80000  4
   0.55957  -0.45738  -0.02683  -0.01895   1.80000  5
  -0.49856  -0.46896   0.08041  -0.13874   1.80000  6
   0.38259  -1.23755  -0.01057   0.06216   1.80000  7
  -0.36238   0.68946  -0.06818  -0.01035   1.80000  8
  -0.58467   0.18997   0.07442  -0.02335   1.80000  9
   1.13230   2.15138  -0.00304  -0.01117   1.80000 10
  -0.49848  -0.45736  -0.02805   0.27021   1.90000  1
  -0.48602   1.11181   0.03961  -0.13086   1.90000  2
   1.52452  -0.45695  -0.04062   0.00705   1.90000  3
   1.12727   0.77088  -0.01586  -0.01264   1.90000  4
   0.55679  -0.45933  -0.02870  -0.02015   1.90000  5
  -0.49045  -0.48266   0.08123  -0.13340   1.90000  6
   0.38151  -1.23114  -0.01104   0.06605   1.90000  7
  -0.36937   0.68844  -0.07162  -0.01013   1.90000  8
  -0.57704   0.18759   0.07823  -0.02433   1.90000  9
   1.13198   2.15023  -0.00320  -0.01179   1.90000 10
  -0.50106  -0.43061  -0.02322   0.26345   2.00000  1
  -0.48195   1.09826   0.04176  -0.14028   2.00000  2
   1.52035  -0.45623  -0.04287   0.00741   2.00000  3
   1.12564   0.76958  -0.01671  -0.01335   2.00000  4
   0.55382  -0.46141  -0.03062  -0.02139   2.00000  5
  -0.48240  -0.49531   0.07951  -0.11837   2.00000  6
   0.38039  -1.22434  -0.01149   0.07003   2.00000  7
  -0.37670   0.68744  -0.07494  -0.00970   2.00000  8
  -0.56903   0.18511   0.08196  -0.02539   2.00000  9
   1.13165   2.14902  -0.00337  -0.01240   2.00000 10
  -0.50308  -0.40482  -0.01707   0.25195   2.10000  1
  -0.47767   1.08374   0.04388  -0.15022   2.10000  2
   1.51594  -0.45547  -0.04514   0.00777   2.10000  3
   1.12392   0.76821  -0.01758  -0.01407   2.10000  4
   0.55066  -0.46361  -0.03260  -0.02266   2.10000  5
  -0.47459  -0.50616   0.07653  -0.09826   2.10000  6
   0.37921  -1.21713  -0.01195   0.07410   2.10000  7
  -0.38435   0.68650  -0.07810  -0.00901   2.10000  8
  -0.56065   0.18251   0.08556  -0.02658   2.10000  9
   1.13131   2.14775  -0.00353  -0.01302   2.10000 10
  -0.50447  -0.38025  -0.01062   0.23956   2.20000  1
  -0.47318   1.06819   0.04594  -0.16076   2.20000  2
   1.51132  -0.45468  -0.04743   0.00813   2.20000  3
   1.12212   0.76677  -0.01845  -0.01479   2.20000  4
   0.54730  -0.46595  -0.03463  -0.02398   2.20000  5
  -0.46710  -0.51492   0.07333  -0.07685   2.20000  6
   0.37800  -1.20951  -0.01240   0.07826   2.20000  7
  -0.39231   0.68565  -0.08108  -0.00799   2.20000  8
  -0.55192   0.17978   0.08903  -0.02795   2.20000  9
   1.13095   2.14642  -0.00369  -0.01364   2.20000 10
  -0.50521  -0.35688  -0.00432   0.22813   2.30000  1
  -0.46849   1.05156   0.04792  -0.17196   2.30000  2
   1.50646  -0.45384  -0.04973   0.00849   2.30000  3
   1.12023   0.76525  -0.01933  -0.01553   2.30000  4
   0.54374  -0.46841  -0.03674  -0.02534   2.30000  5
  -0.45992  -0.52155   0.07039  -0.05593   2.30000  6
   0.37674  -1.20147  -0.01284   0.08254   2.30000  7
  -0.40056   0.68492  -0.08382  -0.00660   2.30000  8
  -0.54285   0.17691   0.09233  -0.02955   2.30000  9
   1.13057   2.14502  -0.00385  -0.01426   2.30000 10
  -0.50534  -0.33457   0.00169   0.21831   2.40000  1
  -0.46360   1.03378   0.04977  -0.18393   2.40000  2
   1.50137  -0.45298  -0.05206   0.00884   2.40000  3
   1.11826   0.76366  -0.02022  -0.01627   2.40000  4
   0.53995  -0.47101  -0.03891  -0.02674   2.40000  5
  -0.45301  -0.52614   0.06785  -0.03609   2.40000  6
   0.37543  -1.19300  -0.01329   0.08693   2.40000  7
  -0.40907   0.68435  -0.08627  -0.00473   2.40000  8
  -0.53346   0.17386   0.09544  -0.03144   2.40000  9
   1.13018   2.14357  -0.00401  -0.01488   2.40000 10
  -0.50488  -0.31316   0.00742   0.21022   2.50000  1
  -0.45854   1.01475   0.05144  -0.19676   2.50000  2
   1.49605  -0.45208  -0.05441   0.00920   2.50000  3
   1.11619   0.76200  -0.02111  -0.01703   2.50000  4
   0.53595  -0.47376  -0.04115  -0.02821   2.50000  5
  -0.44633  -0.52881   0.06573  -0.01741   2.50000  6
   0.37408  -1.18408  -0.01372   0.09146   2.50000  7
  -0.41780   0.68399  -0.08836  -0.00230   2.50000  8
  -0.52377   0.17061   0.09833  -0.03366   2.50000  9
   1.12977   2.14205  -0.00417  -0.01550   2.50000 10
  -0.50386  -0.29247   0.01291   0.20385   2.60000  1
  -0.45332   0.99439   0.05286  -0.21058   2.60000  2
   1.49049  -0.45114  -0.05678   0.00955   2.60000  3
   1.11403   0.76026  -0.02202  -0.01779   2.60000  4
   0.53172  -0.47666  -0.04347  -0.02973   2.60000  5
  -0.43985  -0.52966   0.06401   0.00021   2.60000  6
   0.37268  -1.17471  -0.01416   0.09612   2.60000  7
  -0.42672   0.68391  -0.08999   0.00080   2.60000  8
  -0.51380   0.16712   0.10096  -0.03630   2.60000  9
   1.12935   2.14047  -0.00432  -0.01612   2.60000 10
  -0.50231  -0.27233   0.01823   0.19909   2.70000  1
  -0.44798   0.97259   0.05391  -0.22552   2.70000  2
   1.48469  -0.45017  -0.05918   0.00989   2.70000  3
   1.11179   0.75844  -0.02293  -0.01857   2.70000  4
   0.52725  -0.47971  -0.04588  -0.03132   2.70000  5
  -0.43352  -0.52880   0.06264   0.01692   2.70000  6
   0.37125  -1.16486  -0.01459   0.10093   2.70000  7
  -0.43578   0.68418  -0.09103   0.00472   2.70000  8
  -0.50359   0.16333   0.10330  -0.03942   2.70000  9
   1.12891   2.13883  -0.00448  -0.01673   2.70000 10
  -0.50022  -0.25260   0.02344   0.19588   2.80000  1
  -0.44256   0.94924   0.05443  -0.24171   2.80000  2
   1.47865  -0.44916  -0.06160   0.01024   2.80000  3
   1.10945   0.75654  -0.02386  -0.01936   2.80000  4
   0.52254  -0.48292  -0.04837  -0.03297   2.80000  5
  -0.42731  -0.52630   0.06160   0.03288   2.80000  6
   0.36977  -1.15451  -0.01500   0.10591   2.80000  7
  -0.44490   0.68488  -0.09132   0.00958   2.80000  8
  -0.49315   0.15921   0.10531  -0.04310   2.80000  9
   1.12845   2.13712  -0.00463  -0.01735   2.80000 10
  -0.49762  -0.23311   0.02862   0.19415   2.90000  1
  -0.43712   0.92421   0.05421  -0.25928   2.90000  2
   1.47237  -0.44812  -0.06405   0.01059   2.90000  3
   1.10701   0.75457  -0.02480  -0.02016   2.90000  4
   0.51758  -0.48631  -0.05097  -0.03471   2.90000  5
  -0.42119  -0.52224   0.06085   0.04823   2.90000  6
   0.36825  -1.14367  -0.01541   0.11108   2.90000  7
  -0.45401   0.68613  -0.09063   0.01551   2.90000  8
  -0.48254   0.15469   0.10697  -0.04744   2.90000  9
   1.12798   2.13536  -0.00478  -0.01797   2.90000 10
  -0.49450  -0.21372   0.03383   0.19388   3.00000  1
  -0.43175   0.89734   0.05291  -0.27833   3.00000  2
   1.46584  -0.44704  -0.06653   0.01093   3.00000  3
   1.10449   0.75251  -0.02576  -0.02098   3.00000  4
   0.51235  -0.48987  -0.05368  -0.03653   3.00000  5
  -0.41513  -0.51667   0.06037   0.06311   3.00000  6
   0.36669  -1.13229  -0.01579   0.11644   3.00000  7
  -0.46299   0.68802  -0.08864   0.02259   3.00000  8
  -0.47177   0.14970   0.10822  -0.05253   3.00000  9
   1.12749   2.13353  -0.00493  -0.01858   3.00000 10
  -0.49085  -0.19428   0.03916   0.19507   3.10000  1
  -0.42659   0.86849   0.05006  -0.29880   3.10000  2
   1.45906  -0.44593  -0.06904   0.01127   3.10000  3
   1.10186   0.75037  -0.02673  -0.02182   3.10000  4
   0.50684  -0.49362  -0.05650  -0.03845   3.10000  5
  -0.40911  -0.50963   0.06012   0.07762   3.10000  6
   0.36509  -1.12037  -0.01616   0.12202   3.10000  7
  -0.47168   0.69068  -0.08486   0.03077   3.10000  8
  -0.46091   0.14416   0.10903  -0.05848   3.10000  9
   1.12699   2.13164  -0.00508  -0.01920   3.10000 10
  -0.48666  -0.17466   0.04470   0.19774   3.20000  1
  -0.42181   0.83754   0.04500  -0.32036   3.20000  2
   1.45203  -0.44479  -0.07159   0.01161   3.20000  3
   1.09914   0.74815  -0.02772  -0.02267   3.20000  4
   0.50104  -0.49756  -0.05944  -0.04047   3.20000  5
  -0.40310  -0.50115   0.06011   0.09187   3.20000  6
   0.36346  -1.10788  -0.01651   0.12785   3.20000  7
  -0.47988   0.69420  -0.07867   0.03967   3.20000  8
  -0.44998   0.13797   0.10934  -0.06543   3.20000  9
   1.12648   2.12969  -0.00523  -0.01981   3.20000 10
  -0.48190  -0.15468   0.05054   0.20196   3.30000  1
  -0.41769   0.80442   0.03695  -0.34201   3.30000  2
   1.44474  -0.44361  -0.07416   0.01194   3.30000  3
   1.09632   0.74583  -0.02872  -0.02355   3.30000  4
   0.49494  -0.50171  -0.06252  -0.04260   3.30000  5
  -0.39708  -0.49126   0.06031   0.10597   3.30000  6
   0.36179  -1.09479  -0.01683   0.13395   3.30000  7
  -0.48731   0.69861  -0.06928   0.04826   3.30000  8
  -0.43906   0.13104   0.10908  -0.07349   3.30000  9
   1.12595   2.12768  -0.00537  -0.02042   3.30000 10
  -0.47653  -0.13421   0.05685   0.20782   3.40000  1
  -0.41454   0.76920   0.02526  -0.36177   3.40000  2
   1.43719  -0.44240  -0.07678   0.01228   3.40000  3
   1.09339   0.74343  -0.02975  -0.02445   3.40000  4
   0.48853  -0.50609  -0.06575  -0.04487   3.40000  5
  -0.39103  -0.47996   0.06072   0.12001   3.40000  6
   0.36009  -1.08108  -0.01711   0.14034   3.40000  7
  -0.49361   0.70378  -0.05607   0.05448   3.40000  8
  -0.42819   0.12323   0.10813  -0.08280   3.40000  9
   1.12540   2.12560  -0.00551  -0.02104   3.40000 10
  -0.47051  -0.11306   0.06378   0.21541   3.50000  1
  -0.41275   0.73223   0.01018  -0.37669   3.50000  2
   1.42938  -0.44116  -0.07943   0.01261   3.50000  3
   1.09037   0.74094  -0.03079  -0.02537   3.50000  4
   0.48179  -0.51069  -0.06912  -0.04729   3.50000  5
  -0.38493  -0.46726   0.06133   0.13410   3.50000  6
   0.35837  -1.06671  -0.01736   0.14707   3.50000  7
  -0.49840   0.70932  -0.03930   0.05527   3.50000  8
  -0.41746   0.11443   0.10636  -0.09348   3.50000  9
   1.12485   2.12347  -0.00565  -0.02165   3.50000 10
  -0.46375  -0.09107   0.07160   0.22483   3.60000  1
  -0.41256   0.69411  -0.00648  -0.38444   3.60000  2
   1.42131  -0.43988  -0.08212   0.01294   3.60000  3
   1.08724   0.73836  -0.03185  -0.02631   3.60000  4
   0.47470  -0.51555  -0.07267  -0.04987   3.60000  5
  -0.37876  -0.45314   0.06214   0.14833   3.60000  6
   0.35662  -1.05165  -0.01756   0.15417   3.60000  7
  -0.50141   0.71457  -0.02078   0.04819   3.60000  8
  -0.40696   0.10449   0.10351  -0.10559   3.60000  9
   1.12427   2.12127  -0.00579  -0.02226   3.60000 10
  -0.45615  -0.06804   0.08063   0.23607   3.70000  1
  -0.41401   0.65557  -0.02202  -0.38538   3.70000  2
   1.41296  -0.43857  -0.08486   0.01327   3.70000  3
   1.08400   0.73568  -0.03293  -0.02728   3.70000  4
   0.46725  -0.52067  -0.07638  -0.05265   3.70000  5
  -0.37249  -0.43758   0.06315   0.16284   3.70000  6
   0.35486  -1.03587  -0.01772   0.16169   3.70000  7
  -0.50259   0.71870  -0.00321   0.03340   3.70000  8
  -0.39680   0.09326   0.09928  -0.11908   3.70000  9
   1.12369   2.11902  -0.00593  -0.02286   3.70000 10
  -0.44757  -0.04380   0.09127   0.24878   3.80000  1
  -0.41686   0.61716  -0.03459  -0.38227   3.80000  2
   1.40433  -0.43722  -0.08764   0.01360   3.80000  3
   1.08065   0.73290  -0.03403  -0.02828   3.80000  4
   0.45942  -0.52609  -0.08028  -0.05565   3.80000  5
  -0.36612  -0.42056   0.06434   0.17774   3.80000  6
   0.35308  -1.01930  -0.01782   0.16969   3.80000  7
  -0.50214   0.72107   0.01162   0.01345   3.80000  8
  -0.38716   0.08064   0.09320  -0.13358   3.80000  9
   1.12309   2.11670  -0.00606  -0.02347   3.80000 10
  -0.43782  -0.01826   0.10396   0.26186   3.90000  1
  -0.42081   0.57915  -0.04374  -0.37812   3.90000  2
   1.39543  -0.43585  -0.09047   0.01393   3.90000  3
   1.07719   0.73002  -0.03515  -0.02931   3.90000  4
   0.45119  -0.53181  -0.08438  -0.05892   3.90000  5
  -0.35962  -0.40202   0.06572   0.19321   3.90000  6
   0.35130  -1.00191  -0.01786   0.17822   3.90000  7
  -0.50037   0.72131   0.02331  -0.00888   3.90000  8
  -0.37824   0.06655   0.08482  -0.14790   3.90000  9
   1.12247   2.11432  -0.00620  -0.02408   3.90000 10
  -0.42671   0.00850   0.11868   0.27272   4.00000  1
  -0.42551   0.54150  -0.04980  -0.37502   4.00000  2
   1.38624  -0.43444  -0.09336   0.01426   4.00000  3
   1.07362   0.72704  -0.03629  -0.03037   4.00000  4
   0.44254  -0.53788  -0.08867  -0.06251   4.00000  5
  -0.35297  -0.38189   0.06725   0.20944   4.00000  6
   0.34951  -0.98364  -0.01783   0.18737   4.00000  7
  -0.49757   0.71928   0.03231  -0.03180   4.00000  8
  -0.37028   0.05115   0.07405  -0.15940   4.00000  9
   1.12185   2.11189  -0.00633  -0.02468   4.00000 10
  -0.41406   0.03607   0.13419   0.27735   4.10000  1
  -0.43068   0.50407  -0.05325  -0.37420   4.10000  2
   1.37675  -0.43300  -0.09629   0.01459   4.10000  3
   1.06993   0.72395  -0.03746  -0.03147   4.10000  4
   0.43345  -0.54433  -0.09317  -0.06650   4.10000  5
  -0.34616  -0.36009   0.06890   0.22668   4.10000  6
   0.34773  -0.96441  -0.01773   0.19723   4.10000  7
  -0.49398   0.71496   0.03924  -0.05444   4.10000  8
  -0.36347   0.03491   0.06203  -0.16397   4.10000  9
   1.12121   2.10939  -0.00646  -0.02528   4.10000 10
  -0.39994   0.06367   0.14771   0.27327   4.20000  1
  -0.43608   0.46656  -0.05438  -0.37642   4.20000  2
   1.36697  -0.43152  -0.09929   0.01492   4.20000  3
   1.06613   0.72074  -0.03865  -0.03259   4.20000  4
   0.42390  -0.55120  -0.09786  -0.07096   4.20000  5
  -0.33919  -0.33651   0.07058   0.24524   4.20000  6
   0.34597  -0.94416  -0.01756   0.20791   4.20000  7
  -0.48977   0.70841   0.04470  -0.07648   4.20000  8
  -0.35783   0.01868   0.05134  -0.15901   4.20000  9
   1.12056   2.10683  -0.00659  -0.02588   4.20000 10
  -0.38467   0.09051   0.15674   0.26286   4.30000  1
  -0.44148   0.42866  -0.05320  -0.38224   4.30000  2
   1.35689  -0.43001  -0.10234   0.01526   4.30000  3
   1.06220   0.71743  -0.03987  -0.03376   4.30000  4
   0.41387  -0.55854  -0.10276  -0.07601   4.30000  5
  -0.33205  -0.31099   0.07216   0.26548   4.30000  6
   0.34422  -0.92280  -0.01731   0.21955   4.30000  7
  -0.48507   0.69969   0.04913  -0.09788   4.30000  8
  -0.35309   0.00335   0.04415  -0.14678   4.30000  9
   1.11989   2.10421  -0.00672  -0.02649   4.30000 10
  -0.36876   0.11619   0.16056   0.25091   4.40000  1
  -0.44663   0.38998  -0.04931  -0.39202   4.40000  2
   1.34650  -0.42847  -0.10546   0.01560   4.40000  3
   1.05815   0.71399  -0.04112  -0.03496   4.40000  4
   0.40334  -0.56642  -0.10783  -0.08179   4.40000  5
  -0.32477  -0.28335   0.07344   0.28783   4.40000  6
   0.34251  -0.90021  -0.01698   0.23230   4.40000  7
  -0.47997   0.68885   0.05291  -0.11874   4.40000  8
  -0.34887  -0.01060   0.04063  -0.13204   4.40000  9
   1.11921   2.10153  -0.00685  -0.02709   4.40000 10
  -0.35273   0.14075   0.15915   0.24060   4.50000  1
  -0.45122   0.35012  -0.04179  -0.40582   4.50000  2
   1.33580  -0.42689  -0.10864   0.01594   4.50000  3
   1.05398   0.71043  -0.04241  -0.03619   4.50000  4
   0.39230  -0.57493  -0.11304  -0.08849   4.50000  5
  -0.31738  -0.25334   0.07411   0.31275   4.50000  6
   0.34083  -0.87629  -0.01659   0.24638   4.50000  7
  -0.47450   0.67595   0.05633  -0.13923   4.50000  8
  -0.34487  -0.02309   0.03988  -0.11824   4.50000  9
   1.11852   2.09879  -0.00698  -0.02769   4.50000 10
  -0.33712   0.16439   0.15208   0.23236   4.60000  1
  -0.45482   0.30871  -0.02919  -0.42283   4.60000  2
   1.32477  -0.42528  -0.11190   0.01629   4.60000  3
   1.04967   0.70675  -0.04374  -0.03747   4.60000  4
   0.38073  -0.58416  -0.11836  -0.09634   4.60000  5
  -0.30998  -0.22070   0.07367   0.34067   4.60000  6
   0.33919  -0.85089  -0.01616   0.26203   4.60000  7
  -0.46870   0.66101   0.05965  -0.15953   4.60000  8
  -0.34084  -0.03433   0.04106  -0.10689   4.60000  9
   1.11781   2.09600  -0.00712  -0.02829   4.60000 10
  -0.32252   0.18722   0.13883   0.22386   4.70000  1
  -0.45684   0.26553  -0.01008  -0.44056   4.70000  2
   1.31342  -0.42363  -0.11524   0.01666   4.70000  3
   1.04523   0.70294  -0.04511  -0.03880   4.70000  4
   0.36863  -0.59424  -0.12367  -0.10560   4.70000  5
  -0.30271  -0.18510   0.07139   0.37177   4.70000  6
   0.33759  -0.82382  -0.01577   0.27952   4.70000  7
  -0.46257   0.64405   0.06314  -0.17986   4.70000  8
  -0.33661  -0.04456   0.04376  -0.09810   4.70000  9
   1.11710   2.09314  -0.00725  -0.02889   4.70000 10
  -0.30953   0.20901   0.12054   0.21105   4.80000  1
  -0.45662   0.22070   0.01526  -0.45536   4.80000  2
   1.30172  -0.42195  -0.11866   0.01703   4.80000  3
   1.04064   0.69899  -0.04654  -0.04017   4.80000  4
   0.35600  -0.60533  -0.12881  -0.11653   4.80000  5
  -0.29580  -0.14626   0.06614   0.40524   4.80000  6
   0.33603  -0.79491  -0.01557   0.29911   4.80000  7
  -0.45606   0.62503   0.06703  -0.20048   4.80000  8
  -0.33203  -0.05399   0.04799  -0.09040   4.80000  9
   1.11637   2.09022  -0.00738  -0.02949   4.80000 10
  -0.29846   0.22921   0.10087   0.19180   4.90000  1
  -0.45367   0.17462   0.04424  -0.46564   4.90000  2
   1.28968  -0.42023  -0.12216   0.01743   4.90000  3
   1.03592   0.69490  -0.04802  -0.04160   4.90000  4
   0.34288  -0.61760  -0.13342  -0.12914   4.90000  5
  -0.28963  -0.10408   0.05657   0.43777   4.90000  6
   0.33446  -0.76393  -0.01590   0.32080   4.90000  7
  -0.44914   0.60393   0.07158  -0.22170   4.90000  8
  -0.32695  -0.06254   0.05377  -0.07964   4.90000  9
   1.11562   2.08724  -0.00751  -0.03009   4.90000 10
  -0.28928   0.24722   0.08321   0.16787   5.00000  1
  -0.44772   0.12765   0.07503  -0.47343   5.00000  2
   1.27729  -0.41846  -0.12576   0.01785   5.00000  3
   1.03104   0.69067  -0.04957  -0.04307   5.00000  4
   0.32936  -0.63119  -0.13678  -0.14250   5.00000  5
  -0.28466  -0.05895   0.04210   0.46322   5.00000  6
   0.33281  -0.73071  -0.01751   0.34364   5.00000  7
  -0.44172   0.58066   0.07709  -0.24386   5.00000  8
  -0.32126  -0.06958   0.05984  -0.05904   5.00000  9
   1.11486   2.08420  -0.00765  -0.03069   5.00000 10
  -0.28172   0.26272   0.06843   0.14213   5.10000  1
  -0.43856   0.07995   0.10895  -0.48023   5.10000  2
   1.26453  -0.41665  -0.12946   0.01830   5.10000  3
   1.02600   0.68629  -0.05119  -0.04461   5.10000  4
   0.31561  -0.64602  -0.13759  -0.15304   5.10000  5
  -0.28135  -0.01180   0.02345   0.47791   5.10000  6
   0.33088  -0.69528  -0.02171   0.36407   5.10000  7
  -0.43368   0.55511   0.08386  -0.26738   5.10000  8
  -0.31508  -0.07392   0.06305  -0.02587   5.10000  9
   1.11409   2.08110  -0.00778  -0.03129   5.10000 10
  -0.27553   0.27564   0.05573   0.11623   5.20000  1
  -0.42576   0.03177   0.14762  -0.48205   5.20000  2
   1.25139  -0.41480  -0.13326   0.01880   5.20000  3
   1.02080   0.68175  -0.05288  -0.04620   5.20000  4
   0.30196  -0.66147  -0.13476  -0.15377   5.20000  5
  -0.28007   0.03629   0.00197   0.48221   5.20000  6
   0.32834  -0.65821  -0.02967   0.37507   5.20000  7
  -0.42489   0.52712   0.09231  -0.29273   5.20000  8
  -0.30884  -0.07452   0.06086   0.01434   5.20000  9
   1.11331   2.07794  -0.00792  -0.03189   5.20000 10
  -0.27055   0.28598   0.04377   0.09063   5.30000  1
  -0.40901  -0.01606   0.18705  -0.47234   5.30000  2
   1.23787  -0.41289  -0.13718   0.01934   5.30000  3
   1.01542   0.67704  -0.05465  -0.04786   5.30000  4
   0.28874  -0.67631  -0.12944  -0.14104   5.30000  5
  -0.28087   0.08431  -0.01710   0.47700   5.30000  6
   0.32485  -0.62071  -0.04033   0.37300   5.30000  7
  -0.41514   0.49649   0.10298  -0.32047   5.30000  8
  -0.30310  -0.07106   0.05296   0.05425   5.30000  9
   1.11251   2.07472  -0.00806  -0.03250   5.30000 10
  -0.26680   0.29377   0.03112   0.06524   5.40000  1
  -0.38854  -0.06234   0.22118  -0.45180   5.40000  2
   1.22395  -0.41093  -0.14120   0.01994   5.40000  3
   1.00987   0.67217  -0.05651  -0.04959   5.40000  4
   0.27607  -0.68940  -0.12425  -0.12016   5.40000  5
  -0.28322   0.13163  -0.02852   0.46980   5.40000  6
   0.32027  -0.58387  -0.05120   0.36319   5.40000  7
  -0.40419   0.46293   0.11659  -0.35126   5.40000  8
  -0.29839  -0.06389   0.04099   0.08774   5.40000  9
   1.11169   2.07144  -0.00820  -0.03310   5.40000 10
  -0.26440   0.29903   0.01632   0.04002   5.50000  1
  -0.36502  -0.10614   0.24782  -0.42303   5.50000  2
   1.20963  -0.40890  -0.14534   0.02062   5.50000  3
   1.00412   0.66712  -0.05845  -0.05139   5.50000  4
   0.26385  -0.70028  -0.12041  -0.09733   5.50000  5
  -0.28637   0.17847  -0.03372   0.46818   5.50000  6
   0.31464  -0.54812  -0.06122   0.35190   5.50000  7
  -0.39170   0.42611   0.13416  -0.38569   5.50000  8
  -0.29490  -0.05388   0.02919   0.11044   5.50000  9
   1.11087   2.06810  -0.00835  -0.03371   5.50000 10
  -0.26365   0.30180  -0.00196   0.01565   5.60000  1
  -0.33926  -0.14676   0.26587  -0.38892   5.60000  2
   1.19488  -0.40680  -0.14961   0.02137   5.60000  3
   0.99817   0.66189  -0.06049  -0.05327   5.60000  4
   0.25194  -0.70890  -0.11797  -0.07529   5.60000  5
  -0.28987   0.22549  -0.03604   0.47307   5.60000  6
   0.30805  -0.51344  -0.07050   0.34191   5.60000  7
  -0.37718   0.38566   0.15711  -0.42383   5.60000  8
  -0.29239  -0.04212   0.02208   0.12362   5.60000  9
   1.11002   2.06470  -0.00849  -0.03432   5.60000 10
  -0.26493   0.30226  -0.02412  -0.00577   5.70000  1
  -0.31209  -0.18392   0.27672  -0.35461   5.70000  2
   1.17970  -0.40463  -0.15400   0.02221   5.70000  3
   0.99202   0.65647  -0.06263  -0.05523   5.70000  4
   0.24022  -0.71539  -0.11669  -0.05469   5.70000  5
  -0.29358   0.27311  -0.03840   0.47812   5.70000  6
   0.30055  -0.47967  -0.07951   0.33394   5.70000  7
  -0.36004   0.34131   0.18686  -0.46241   5.70000  8
  -0.29030  -0.02927   0.02042   0.13337   5.70000  9
   1.10917   2.06124  -0.00864  -0.03493   5.70000 10
  -0.26852   0.30081  -0.04761  -0.02240   5.80000  1
  -0.28406  -0.21780   0.28340  -0.32354   5.80000  2
   1.16408  -0.40236  -0.15852   0.02315   5.80000  3
   0.98564   0.65084  -0.06487  -0.05728   5.80000  4
   0.22857  -0.71988  -0.11638  -0.03544   5.80000  5
  -0.29757   0.32051  -0.04094   0.46499   5.80000  6
   0.29214  -0.44659  -0.08868   0.32799   5.80000  7
  -0.33967   0.29365   0.22012  -0.48662   5.80000  8
  -0.28818  -0.01539   0.02229   0.14469   5.80000  9
   1.10830   2.05772  -0.00880  -0.03554   5.80000 10
  -0.27427   0.29783  -0.06592  -0.03743   5.90000  1
  -0.25546  -0.24877   0.28843  -0.29653   5.90000  2
   1.14799  -0.39999  -0.16318   0.02418   5.90000  3
   0.97904   0.64501  -0.06721  -0.05941   5.90000  4
   0.21691  -0.72251  -0.11689  -0.01728   5.90000  5
  -0.30155   0.36511  -0.03761   0.42386   5.90000  6
   0.28279  -0.41401  -0.09845   0.32384   5.90000  7
  -0.31636   0.24491   0.24385  -0.48525   5.90000  8
  -0.28578  -0.00019   0.02594   0.16017   5.90000  9
   1.10741   2.05413  -0.00896  -0.03615   5.90000 10
  -0.28136   0.29323  -0.07400  -0.05519   6.00000  1
  -0.22638  -0.27723   0.29333  -0.27318   6.00000  2
   1.13143  -0.39752  -0.16799   0.02533   6.00000  3
   0.97220   0.63896  -0.06966  -0.06165   6.00000  4
   0.20517  -0.72336  -0.11814   0.00014   6.00000  5
  -0.30496   0.40506  -0.03032   0.37531   6.00000  6
   0.27242  -0.38177  -0.10922   0.32122   6.00000  7
  -0.29135   0.19684   0.25442  -0.47621   6.00000  8
  -0.28296   0.01682   0.03069   0.18099   6.00000  9
   1.10650   2.05049  -0.00912  -0.03676   6.00000 10
  -0.28876   0.28672  -0.07287  -0.07525   6.10000  1
  -0.19677  -0.30350   0.29901  -0.25276   6.10000  2
   1.11439  -0.39492  -0.17295   0.02659   6.10000  3
   0.96510   0.63268  -0.07222  -0.06399   6.10000  4
   0.19326  -0.72250  -0.12012   0.01714   6.10000  5
  -0.30763   0.44030  -0.02312   0.33046   6.10000  6
   0.26090  -0.34973  -0.12136   0.31982   6.10000  7
  -0.26578   0.14950   0.25572  -0.47146   6.10000  8
  -0.27959   0.03618   0.03719   0.20683   6.10000  9
   1.10558   2.04678  -0.00928  -0.03737   6.10000 10
  -0.29574   0.27815  -0.06595  -0.09622   6.20000  1
  -0.16653  -0.32785   0.30595  -0.23446   6.20000  2
   1.09684  -0.39220  -0.17809   0.02796   6.20000  3
   0.95775   0.62616  -0.07489  -0.06644   6.20000  4
   0.18112  -0.71994  -0.12281   0.03406   6.20000  5
  -0.30962   0.47133  -0.01691   0.29091   6.20000  6
   0.24809  -0.31778  -0.13524   0.31927   6.20000  7
  -0.24045   0.10243   0.24971  -0.46984   6.20000  8
  -0.27539   0.05820   0.04767   0.23275   6.20000  9
   1.10465   2.04301  -0.00945  -0.03799   6.20000 10
  -0.30184   0.26745  -0.05551  -0.11780   6.30000  1
  -0.13553  -0.35044   0.31431  -0.21746   6.30000  2
   1.07877  -0.38933  -0.18341   0.02946   6.30000  3
   0.95012   0.61938  -0.07769  -0.06901   6.30000  4
   0.16867  -0.71567  -0.12623   0.05126   6.30000  5
  -0.31104   0.49864  -0.01154   0.25607   6.30000  6
   0.23379  -0.28586  -0.15117   0.31910   6.30000  7
  -0.21604   0.05580   0.23797  -0.46088   6.30000  8
  -0.26988   0.08235   0.06290   0.24785   6.30000  9
   1.10369   2.03918  -0.00963  -0.03860   6.30000 10
  -0.30675   0.25457  -0.04219  -0.13996   6.40000  1
  -0.10363  -0.37136   0.32386  -0.20096   6.40000  2
   1.06015  -0.38630  -0.18893   0.03108   6.40000  3
   0.94221   0.61235  -0.08062  -0.07170   6.40000  4
   0.15585  -0.70966  -0.13041   0.06913   6.40000  5
  -0.31195   0.52267  -0.00671   0.22504   6.40000  6
   0.21778  -0.25396  -0.16934   0.31876   6.40000  7
  -0.19282   0.01055   0.22701  -0.44330   6.40000  8
  -0.26285   0.10736   0.07712   0.25112   6.40000  9
   1.10272   2.03529  -0.00980  -0.03922   6.40000 10
  -0.31016   0.23947  -0.02551  -0.16200   6.50000  1
  -0.07074  -0.39063   0.33392  -0.18440   6.50000  2
   1.04097  -0.38311  -0.19467   0.03282   6.50000  3
   0.93399   0.60504  -0.08369  -0.07452   6.50000  4
   0.14257  -0.70181  -0.13534   0.08815   6.50000  5
  -0.31239   0.54375  -0.00213   0.19703   6.50000  6
   0.19984  -0.22213  -0.18968   0.31762   6.50000  7
  -0.17044  -0.03289   0.22164  -0.42630   6.50000  8
  -0.25466   0.13249   0.08546   0.25143   6.50000  9
   1.10173   2.03134  -0.00999  -0.03983   6.50000 10
  -0.31171   0.22224  -0.00468  -0.18178   6.60000  1
  -0.03687  -0.40823   0.34333  -0.16767   6.60000  2
   1.02121  -0.37973  -0.20066   0.03468   6.60000  3
   0.92546   0.59744  -0.08691  -0.07746   6.60000  4
   0.12876  -0.69198  -0.14095   0.10886   6.60000  5
  -0.31237   0.56215   0.00239   0.17137   6.60000  6
   0.17978  -0.19048  -0.21193   0.31517   6.60000  7
  -0.14829  -0.07487   0.22248  -0.41412   6.60000  8
  -0.24598   0.15764   0.08711   0.25140   6.60000  9
   1.10072   2.02732  -0.01018  -0.04045   6.60000 10
  -0.31096   0.20330   0.02032  -0.19579   6.70000  1
  -0.00215  -0.42417   0.35061  -0.15137   6.70000  2
   1.00083  -0.37617  -0.20694   0.03664   6.70000  3
   0.91660   0.58954  -0.09030  -0.08054   6.70000  4
   0.11436  -0.67996  -0.14697   0.13195   6.70000  5
  -0.31190   0.57809   0.00702   0.14753   6.70000  6
   0.15741  -0.15916  -0.23570   0.31100   6.70000  7
  -0.12575  -0.11587   0.22932  -0.40650   6.70000  8
  -0.23743   0.18266   0.08301   0.24815   6.70000  9
   1.09970   2.02325  -0.01037  -0.04106   6.70000 10
  -0.30757   0.18337   0.04770  -0.20131   6.80000  1
   0.03313  -0.43856   0.35426  -0.13675   6.80000  2
   0.97981  -0.37240  -0.21355   0.03870   6.80000  3
   0.90740   0.58133  -0.09386  -0.08376   6.80000  4
   0.09937  -0.66548  -0.15274   0.15813   6.80000  5
  -0.31096   0.59170   0.01185   0.12506   6.80000  6
   0.13260  -0.12836  -0.26058   0.30450   6.80000  7
  -0.10224  -0.15626   0.24170  -0.40135   6.80000  8
  -0.22948   0.20705   0.07578   0.23845   6.80000  9
   1.09865   2.01911  -0.01057  -0.04168   6.80000 10
  -0.30143   0.16330   0.07480  -0.19907   6.90000  1
   0.06854  -0.45162   0.35284  -0.12501   6.90000  2
   0.95811  -0.36843  -0.22056   0.04083   6.90000  3
   0.89783   0.57279  -0.09760  -0.08710   6.90000  4
   0.08386  -0.64821  -0.15699   0.18792   6.90000  5
  -0.30952   0.60313   0.01698   0.10358   6.90000  6
   0.10530  -0.09837  -0.28527   0.29458   6.90000  7
  -0.07728  -0.19613   0.25785  -0.39580   6.90000  8
  -0.22227   0.23013   0.06872   0.22236   6.90000  9
   1.09758   2.01491  -0.01078  -0.04229   6.90000 10
  -0.29267   0.14371   0.10012  -0.19236   7.00000  1
   0.10348  -0.46366   0.34477  -0.11620   7.00000  2
   0.93568  -0.36423  -0.22804   0.04302   7.00000  3
   0.88787   0.56390  -0.10153  -0.09058   7.00000  4
   0.06809  -0.62779  -0.15770   0.22106   7.00000  5
  -0.30756   0.61244   0.02243   0.08275   7.00000  6
   0.07565  -0.06956  -0.30695   0.28119   7.00000  7
  -0.05067  -0.23535   0.27398  -0.38850   7.00000  8
  -0.21566   0.25140   0.06391   0.20254   7.00000  9
   1.09649   2.01065  -0.01099  -0.04291   7.00000 10
  -0.28146   0.12487   0.12378  -0.18432   7.10000  1
   0.13722  -0.47490   0.32879  -0.10841   7.10000  2
   0.91248  -0.35982  -0.23611   0.04522   7.10000  3
   0.87751   0.55467  -0.10565  -0.09420   7.10000  4
   0.05251  -0.60394  -0.15288   0.25594   7.10000  5
  -0.30503   0.61969   0.02824   0.06230   7.10000  6
   0.04408  -0.04215  -0.32370   0.26749   7.10000  7
  -0.02259  -0.27385   0.28699  -0.38199   7.10000  8
  -0.20940   0.27060   0.06175   0.18150   7.10000  9
   1.09539   2.00633  -0.01121  -0.04352   7.10000 10
  -0.26793   0.10683   0.14674  -0.17677   7.20000  1
   0.16899  -0.48527   0.30549  -0.09854   7.20000  2
   0.88844  -0.35519  -0.24487   0.04741   7.20000  3
   0.86673   0.54506  -0.10997  -0.09796   7.20000  4
   0.03772  -0.57662  -0.14216   0.29031   7.20000  5
  -0.30190   0.62491   0.03443   0.04200   7.20000  6
   0.01102  -0.01594  -0.33707   0.25745   7.20000  7
   0.00663  -0.31191   0.29703  -0.38028   7.20000  8
  -0.20324   0.28770   0.06181   0.16053   7.20000  9
   1.09425   2.00195  -0.01143  -0.04414   7.20000 10
  -0.25210   0.08948   0.17025  -0.17046   7.30000  1
   0.19817  -0.49447   0.27762  -0.08477   7.30000  2
   0.86348  -0.35034  -0.25445   0.04951   7.30000  3
   0.85551   0.53507  -0.11449  -0.10187   7.30000  4
   0.02423  -0.54593  -0.12688   0.32324   7.30000  5
  -0.29813   0.62809   0.04101   0.02163   7.30000  6
  -0.02333   0.00952  -0.35005   0.25276   7.30000  7
   0.03675  -0.35014   0.30520  -0.38533   7.30000  8
  -0.19698   0.30273   0.06347   0.14004   7.30000  9
   1.09310   1.99750  -0.01166  -0.04475   7.30000 10
  -0.23383   0.07270   0.19542  -0.16517   7.40000  1
   0.22446  -0.50211   0.24808  -0.06753   7.40000  2
   0.83752  -0.34529  -0.26500   0.05147   7.40000  3
   0.84383   0.52468  -0.11923  -0.10593   7.40000  4
   0.01248  -0.51202  -0.10712   0.35451   7.40000  5
  -0.29368   0.62922   0.04799   0.00099   7.40000  6
  -0.05905   0.03478  -0.36484   0.25294   7.40000  7
   0.06758  -0.38917   0.31053  -0.39582   7.40000  8
  -0.19051   0.31572   0.06607   0.11991   7.40000  9
   1.09192   1.99300  -0.01189  -0.04536   7.40000 10
  -0.21295   0.05646   0.22236  -0.15913   7.50000  1
   0.24779  -0.50792   0.21847  -0.04855   7.50000  2
   0.81044  -0.34006  -0.27665   0.05317   7.50000  3
   0.83166   0.51388  -0.12420  -0.11016   7.50000  4
   0.00303  -0.47523  -0.08073   0.37959   7.50000  5
  -0.28852   0.62827   0.05538  -0.02012   7.50000  6
  -0.09637   0.06020  -0.38160   0.25557   7.50000  7
   0.09866  -0.42924   0.31020  -0.40427   7.50000  8
  -0.18376   0.32671   0.06891   0.09988   7.50000  9
   1.09072   1.98843  -0.01213  -0.04598   7.50000 10
  -0.18943   0.04104   0.24682  -0.14809   7.60000  1
   0.26817  -0.51183   0.18932  -0.02999   7.60000  2
   0.78214  -0.33467  -0.28955   0.05449   7.60000  3
   0.81898   0.50264  -0.12943  -0.11458   7.60000  4
  -0.00353  -0.43655  -0.05081   0.39186   7.60000  5
  -0.28259   0.62518   0.06317  -0.04191   7.60000  6
  -0.13529   0.08581  -0.39542   0.25575   7.60000  7
   0.12951  -0.46960   0.30711  -0.40059   7.60000  8
  -0.17675   0.33569   0.07117   0.07965   7.60000  9
   1.08949   1.98380  -0.01238  -0.04658   7.60000 10
  -0.16399   0.02710   0.25947  -0.12982   7.70000  1
   0.28568  -0.51401   0.16115  -0.01406   7.70000  2
   0.75249  -0.32918  -0.30384   0.05526   7.70000  3
   0.80576   0.49096  -0.13494  -0.11919   7.70000  4
  -0.00729  -0.39713  -0.02540   0.39581   7.70000  5
  -0.27587   0.61986   0.07131  -0.06461   7.70000  6
  -0.17499   0.11115  -0.39576   0.25045   7.70000  7
   0.16026  -0.50899   0.30883  -0.38589   7.70000  8
  -0.16958   0.34264   0.07182   0.05924   7.70000  9
   1.08824   1.97911  -0.01263  -0.04719   7.70000 10
  -0.13794   0.01508   0.26023  -0.11118   7.80000  1
   0.30047  -0.51480   0.13513  -0.00259   7.80000  2
   0.72133  -0.32364  -0.31962   0.05530   7.80000  3
   0.79198   0.47880  -0.14078  -0.12404   7.80000  4
  -0.00884  -0.35740  -0.00665   0.39913   7.80000  5
  -0.26832   0.61222   0.07970  -0.08845   7.80000  6
  -0.21393   0.13591  -0.38127   0.24539   7.80000  7
   0.19148  -0.54657   0.31628  -0.36493   7.80000  8
  -0.16247   0.34755   0.06987   0.03916   7.80000  9
   1.08697   1.97436  -0.01289  -0.04780   7.80000 10
  -0.11206   0.00468   0.25732  -0.09790   7.90000  1
   0.31284  -0.51470   0.11310   0.00367   7.90000  2
   0.68851  -0.31815  -0.33694   0.05437   7.90000  3
   0.77760   0.46614  -0.14700  -0.12914   7.90000  4
  -0.00880  -0.31722   0.00676   0.40510   7.90000  5
  -0.25993   0.60213   0.08822  -0.11365   7.90000  6
  -0.25100   0.16038  -0.35932   0.24483   7.90000  7
   0.22359  -0.58182   0.32616  -0.33923   7.90000  8
  -0.15571   0.35051   0.06486   0.02035   7.90000  9
   1.08567   1.96955  -0.01315  -0.04840   7.90000 10
  -0.08645  -0.00470   0.25512  -0.09068   8.00000  1
   0.32328  -0.51421   0.09674   0.00563   8.00000  2
   0.65389  -0.31281  -0.35579   0.05222   8.00000  3
   0.76257   0.45296  -0.15365  -0.13453   8.00000  4
  -0.00762  -0.27626   0.01630   0.41474   8.00000  5
  -0.25068   0.58944   0.09667  -0.14042   8.00000  6
  -0.28569   0.18500  -0.33411   0.24792   8.00000  7
   0.25668  -0.61429   0.33513  -0.30967   8.00000  8
  -0.14960   0.35170   0.05700   0.00379   8.00000  9
   1.08434   1.96469  -0.01341  -0.04900   8.00000 10
  -0.06098  -0.01364   0.25471  -0.08902   8.10000  1
   0.33240  -0.51364   0.08666   0.00546   8.10000  2
   0.61731  -0.30776  -0.37599   0.04859   8.10000  3
   0.74685   0.43922  -0.16082  -0.14024   8.10000  4
  -0.00563  -0.23413   0.02305   0.42847   8.10000  5
  -0.24060   0.57398   0.10480  -0.16896   8.10000  6
  -0.31776   0.21003  -0.30708   0.25288   8.10000  7
   0.29053  -0.64367   0.34128  -0.27774   8.10000  8
  -0.14438   0.35137   0.04707  -0.00986   8.10000  9
   1.08298   1.95976  -0.01368  -0.04959   8.10000 10
