  -0.47369  -0.70109  -0.00387  -0.00851   0.10000  1
  -0.52371   1.22634  -0.01395  -0.01393   0.10000  2
   1.01713  -0.55939   0.00085   0.00538   0.10000  3
   1.54169   0.04704  -0.00705   0.00183   0.10000  4
   1.25868   1.03494  -0.00444  -0.00896   0.10000  5
  -0.56885  -1.10085   0.00310   0.01491   0.10000  6
   0.95401   0.53254   0.00382   0.00156   0.10000  7
  -0.77520   1.05028   0.01721   0.00765   0.10000  8
  -1.01340  -0.04247   0.00496  -0.00099   0.10000  9
   0.01990   0.39232  -0.00063   0.00105   0.10000 10
  -0.47427  -0.70238  -0.00775  -0.01713   0.20000  1
  -0.52581   1.22424  -0.02810  -0.02802   0.20000  2
   1.01726  -0.55858   0.00170   0.01078   0.20000  3
   1.54063   0.04732  -0.01412   0.00368   0.20000  4
   1.25802   1.03360  -0.00890  -0.01796   0.20000  5
  -0.56839  -1.09861   0.00622   0.02995   0.20000  6
   0.95458   0.53277   0.00766   0.00314   0.20000  7
  -0.77261   1.05143   0.03464   0.01545   0.20000  8
  -1.01265  -0.04262   0.00991  -0.00198   0.20000  9
   0.01981   0.39247  -0.00126   0.00210   0.20000 10
  -0.47524  -0.70453  -0.01168  -0.02598   0.30000  1
  -0.52934   1.22072  -0.04266  -0.04241   0.30000  2
   1.01747  -0.55724   0.00256   0.01619   0.30000  3
   1.53887   0.04778  -0.02121   0.00553   0.30000  4
   1.25690   1.03135  -0.01339  -0.02703   0.30000  5
  -0.56761  -1.09485   0.00938   0.04522   0.30000  6
   0.95554   0.53317   0.01155   0.00475   0.30000  7
  -0.76826   1.05338   0.05249   0.02354   0.30000  8
  -1.01141  -0.04287   0.01487  -0.00299   0.30000  9
   0.01965   0.39274  -0.00192   0.00317   0.30000 10
  -0.47661  -0.70758  -0.01567  -0.03517   0.40000  1
  -0.53436   1.21574  -0.05788  -0.05729   0.40000  2
   1.01777  -0.55535   0.00344   0.02164   0.40000  3
   1.53639   0.04843  -0.02835   0.00742   0.40000  4
   1.25534   1.02819  -0.01792  -0.03621   0.40000  5
  -0.56651  -1.08955   0.01260   0.06086   0.40000  6
   0.95690   0.53373   0.01552   0.00641   0.40000  7
  -0.76209   1.05616   0.07101   0.03211   0.40000  8
  -1.00968  -0.04322   0.01984  -0.00403   0.40000  9
   0.01942   0.39311  -0.00260   0.00426   0.40000 10
  -0.47838  -0.71158  -0.01975  -0.04485   0.50000  1
  -0.54095   1.20924  -0.07402  -0.07284   0.50000  2
   1.01816  -0.55291   0.00433   0.02714   0.50000  3
   1.53320   0.04926  -0.03554   0.00934   0.50000  4
   1.25332   1.02410  -0.02251  -0.04554   0.50000  5
  -0.56509  -1.08267   0.01591   0.07701   0.50000  6
   0.95865   0.53445   0.01958   0.00815   0.50000  7
  -0.75402   1.05982   0.09049   0.04132   0.50000  8
  -1.00745  -0.04367   0.02482  -0.00509   0.50000  9
   0.01913   0.39359  -0.00331   0.00537   0.50000 10
  -0.48057  -0.71657  -0.02395  -0.05518   0.60000  1
  -0.54921   1.20114  -0.09139  -0.08930   0.60000  2
   1.01864  -0.54992   0.00525   0.03269   0.60000  3
   1.52928   0.05029  -0.04280   0.01130   0.60000  4
   1.25083   1.01907  -0.02719  -0.05506   0.60000  5
  -0.56332  -1.07413   0.01934   0.09385   0.60000  6
   0.96082   0.53536   0.02377   0.00997   0.60000  7
  -0.74395   1.06445   0.11122   0.05142   0.60000  8
  -1.00471  -0.04424   0.02981  -0.00619   0.60000  9
   0.01876   0.39418  -0.00406   0.00651   0.60000 10
  -0.48318  -0.72264  -0.02829  -0.06634   0.70000  1
  -0.55928   1.19134  -0.11032  -0.10691   0.70000  2
   1.01921  -0.54637   0.00620   0.03832   0.70000  3
   1.52463   0.05152  -0.05014   0.01331   0.70000  4
   1.24788   1.01308  -0.03196  -0.06483   0.70000  5
  -0.56121  -1.06387   0.02291   0.11156   0.70000  6
   0.96341   0.53645   0.02811   0.01191   0.70000  7
  -0.73173   1.07014   0.13355   0.06263   0.70000  8
  -1.00148  -0.04491   0.03480  -0.00733   0.70000  9
   0.01831   0.39489  -0.00487   0.00768   0.70000 10
  -0.48623  -0.72988  -0.03280  -0.07856   0.80000  1
  -0.57133   1.17972  -0.13110  -0.12590   0.80000  2
   1.01988  -0.54225   0.00718   0.04403   0.80000  3
   1.51925   0.05296  -0.05758   0.01539   0.80000  4
   1.24444   1.00610  -0.03685  -0.07489   0.80000  5
  -0.55874  -1.05178   0.02665   0.13039   0.80000  6
   0.96644   0.53775   0.03263   0.01398   0.80000  7
  -0.71718   1.07702   0.15778   0.07519   0.80000  8
  -0.99775  -0.04571   0.03982  -0.00853   0.80000  9
   0.01779   0.39572  -0.00573   0.00890   0.80000 10
  -0.48974  -0.73840  -0.03753  -0.09213   0.90000  1
  -0.58556   1.16612  -0.15373  -0.14628   0.90000  2
   1.02065  -0.53756   0.00820   0.04984   0.90000  3
   1.51311   0.05461  -0.06514   0.01755   0.90000  4
   1.24050   0.99809  -0.04188  -0.08530   0.90000  5
  -0.55588  -1.03774   0.03062   0.15062   0.90000  6
   0.96994   0.53925   0.03736   0.01623   0.90000  7
  -0.70011   1.08523   0.18392   0.08909   0.90000  8
  -0.99352  -0.04662   0.04484  -0.00978   0.90000  9
   0.01717   0.39667  -0.00665   0.01015   0.90000 10
  -0.49375  -0.74836  -0.04252  -0.10738   1.00000  1
  -0.60210   1.15044  -0.17701  -0.16725   1.00000  2
   1.02152  -0.53228   0.00927   0.05576   1.00000  3
   1.50622   0.05647  -0.07283   0.01980   1.00000  4
   1.23606   0.98902  -0.04707  -0.09613   1.00000  5
  -0.55260  -1.02160   0.03484   0.17260   1.00000  6
   0.97392   0.54100   0.04235   0.01870   1.00000  7
  -0.68037   1.09486   0.21075   0.10352   1.00000  8
  -0.98878  -0.04766   0.04988  -0.01108   1.00000  9
   0.01645   0.39775  -0.00765   0.01146   1.00000 10
  -0.49826  -0.75995  -0.04781  -0.12475   1.10000  1
  -0.62083   1.13275  -0.19614  -0.18549   1.10000  2
   1.02250  -0.52640   0.01038   0.06182   1.10000  3
   1.49854   0.05857  -0.08066   0.02216   1.10000  4
   1.23108   0.97885  -0.05246  -0.10745   1.10000  5
  -0.54890  -1.00315   0.03935   0.19678   1.10000  6
   0.97842   0.54300   0.04761   0.02141   1.10000  7
  -0.65808   1.10584   0.23351   0.11515   1.10000  8
  -0.98354  -0.04884   0.05493  -0.01245   1.10000  9
   0.01563   0.39897  -0.00872   0.01281   1.10000 10
  -0.50332  -0.77340  -0.05340  -0.14473   1.20000  1
  -0.64086   1.11367  -0.20117  -0.19401   1.20000  2
   1.02360  -0.51991   0.01155   0.06803   1.20000  3
   1.49008   0.06091  -0.08865   0.02464   1.20000  4
   1.22556   0.96751  -0.05808  -0.11936   1.20000  5
  -0.54472  -0.98215   0.04417   0.22366   1.20000  6
   0.98346   0.54529   0.05320   0.02444   1.20000  7
  -0.63414   1.11756   0.24223   0.11700   1.20000  8
  -0.97780  -0.05015   0.06001  -0.01388   1.20000  9
   0.01471   0.40032  -0.00987   0.01421   1.20000 10
  -0.50895  -0.78899  -0.05923  -0.16772   1.30000  1
  -0.66040   1.09441  -0.18698  -0.18912   1.30000  2
   1.02481  -0.51279   0.01279   0.07441   1.30000  3
   1.48081   0.06350  -0.09682   0.02727   1.30000  4
   1.21946   0.95495  -0.06397  -0.13197   1.30000  5
  -0.54006  -0.95831   0.04923   0.25365   1.30000  6
   0.98907   0.54790   0.05916   0.02785   1.30000  7
  -0.61030   1.12878   0.23181   0.10535   1.30000  8
  -0.97154  -0.05162   0.06509  -0.01537   1.30000  9
   0.01366   0.40181  -0.01108   0.01565   1.30000 10
  -0.51516  -0.80704  -0.06495  -0.19346   1.40000  1
  -0.67789   1.07610  -0.16190  -0.17657   1.40000  2
   1.02616  -0.50502   0.01409   0.08099   1.40000  3
   1.47071   0.06637  -0.10519   0.03007   1.40000  4
   1.21275   0.94109  -0.07016  -0.14540   1.40000  5
  -0.53488  -0.93132   0.05418   0.28650   1.40000  6
   0.99530   0.55088   0.06554   0.03173   1.40000  7
  -0.58814   1.13837   0.21055   0.08593   1.40000  8
  -0.96478  -0.05323   0.07020  -0.01692   1.40000  9
   0.01249   0.40345  -0.01236   0.01712   1.40000 10
  -0.52190  -0.82768  -0.06947  -0.21886   1.50000  1
  -0.69272   1.05914  -0.13468  -0.16250   1.50000  2
   1.02763  -0.49658   0.01547   0.08779   1.50000  3
   1.45976   0.06952  -0.11376   0.03306   1.50000  4
   1.20541   0.92584  -0.07671  -0.15982   1.50000  5
  -0.52926  -0.90101   0.05791   0.31916   1.50000  6
   1.00220   0.55427   0.07238   0.03618   1.50000  7
  -0.56825   1.14591   0.18723   0.06489   1.50000  8
  -0.95750  -0.05500   0.07534  -0.01853   1.50000  9
   0.01118   0.40524  -0.01372   0.01862   1.50000 10
  -0.52893  -0.85047  -0.07022  -0.23369   1.60000  1
  -0.70487   1.04356  -0.10871  -0.14935   1.60000  2
   1.02925  -0.48745   0.01692   0.09484   1.60000  3
   1.44795   0.07299  -0.12255   0.03628   1.60000  4
   1.19740   0.90909  -0.08367  -0.17543   1.60000  5
  -0.52343  -0.86783   0.05785   0.34140   1.60000  6
   1.00980   0.55814   0.07975   0.04135   1.60000  7
  -0.55064   1.15138   0.16525   0.04465   1.60000  8
  -0.94971  -0.05694   0.08052  -0.02021   1.60000  9
   0.00974   0.40717  -0.01514   0.02015   1.60000 10
  -0.53574  -0.87360  -0.06526  -0.22483   1.70000  1
  -0.71453   1.02923  -0.08467  -0.13762   1.70000  2
   1.03102  -0.47761   0.01847   0.10218   1.70000  3
   1.43525   0.07679  -0.13157   0.03977   1.70000  4
   1.18866   0.89071  -0.09111  -0.19249   1.70000  5
  -0.51789  -0.83354   0.05203   0.34015   1.70000  6
   1.01817   0.56257   0.08771   0.04744   1.70000  7
  -0.53513   1.15489   0.14528   0.02568   1.70000  8
  -0.94139  -0.05905   0.08578  -0.02197   1.70000  9
   0.00815   0.40927  -0.01665   0.02170   1.70000 10
  -0.54188  -0.89479  -0.05715  -0.19696   1.80000  1
  -0.72187   1.01599  -0.06240  -0.12722   1.80000  2
   1.03295  -0.46701   0.02010   0.10984   1.80000  3
   1.42163   0.08095  -0.14083   0.04356   1.80000  4
   1.17916   0.87053  -0.09909  -0.21132   1.80000  5
  -0.51313  -0.80043   0.04298   0.32011   1.80000  6
   1.02736   0.56766   0.09632   0.05468   1.80000  7
  -0.52152   1.15655   0.12718   0.00789   1.80000  8
  -0.93255  -0.06134   0.09115  -0.02384   1.80000  9
   0.00641   0.41151  -0.01826   0.02326   1.80000 10
  -0.54718  -0.91283  -0.04913  -0.16385   1.90000  1
  -0.72705   1.00375  -0.04155  -0.11793   1.90000  2
   1.03505  -0.45563   0.02183   0.11786   1.90000  3
   1.40707   0.08551  -0.15034   0.04770   1.90000  4
   1.16882   0.84837  -0.10767  -0.23235   1.90000  5
  -0.50929  -0.76967   0.03393   0.29510   1.90000  6
   1.03745   0.57355   0.10563   0.06343   1.90000  7
  -0.50964   1.15649   0.11062  -0.00896   1.90000  8
  -0.92316  -0.06382   0.09665  -0.02582   1.90000  9
   0.00450   0.41392  -0.01998   0.02483   1.90000 10
  -0.55174  -0.92761  -0.04223  -0.13205   2.00000  1
  -0.73021   0.99238  -0.02180  -0.10953   2.00000  2
   1.03732  -0.44342   0.02366   0.12629   2.00000  3
   1.39155   0.09051  -0.16008   0.05225   2.00000  4
   1.15760   0.82397  -0.11689  -0.25614   2.00000  5
  -0.50631  -0.74135   0.02588   0.27171   2.00000  6
   1.04851   0.58041   0.11566   0.07412   2.00000  7
  -0.49936   1.15479   0.09528  -0.02511   2.00000  8
  -0.91321  -0.06650   0.10233  -0.02796   2.00000  9
   0.00241   0.41648  -0.02181   0.02641   2.00000 10
  -0.55567  -0.93934  -0.03644  -0.10305   2.10000  1
  -0.73144   0.98182  -0.00281  -0.10181   2.10000  2
   1.03978  -0.43035   0.02558   0.13520   2.10000  3
   1.37505   0.09598  -0.17004   0.05726   2.10000  4
   1.14542   0.79703  -0.12667  -0.28336   2.10000  5
  -0.50408  -0.71522   0.01879   0.25146   2.10000  6
   1.06061   0.58846   0.12631   0.08734   2.10000  7
  -0.49056   1.15149   0.08085  -0.04079   2.10000  8
  -0.90269  -0.06941   0.10821  -0.03027   2.10000  9
   0.00013   0.41920  -0.02377   0.02801   2.10000 10
  -0.55906  -0.94831  -0.03153  -0.07675   2.20000  1
  -0.73079   0.97200   0.01567  -0.09460   2.20000  2
   1.04244  -0.41637   0.02760   0.14463   2.20000  3
   1.35754   0.10198  -0.18021   0.06280   2.20000  4
   1.13226   0.76716  -0.13663  -0.31474   2.20000  5
  -0.50253  -0.69096   0.01242   0.23431   2.20000  6
   1.07378   0.59799   0.13718   0.10368   2.20000  7
  -0.48317   1.14664   0.06708  -0.05618   2.20000  8
  -0.89156  -0.07256   0.11431  -0.03278   2.20000  9
  -0.00235   0.42208  -0.02588   0.02962   2.20000 10
  -0.56199  -0.95476  -0.02730  -0.05270   2.30000  1
  -0.72831   0.96289   0.03390  -0.08773   2.30000  2
   1.04530  -0.40141   0.02970   0.15467   2.30000  3
   1.33900   0.10856  -0.19055   0.06894   2.30000  4
   1.11813   0.73393  -0.14554  -0.35043   2.30000  5
  -0.50158  -0.66827   0.00655   0.21985   2.30000  6
   1.08801   0.60931   0.14699   0.12315   2.30000  7
  -0.47713   1.14026   0.05374  -0.07147   2.30000  8
  -0.87982  -0.07598   0.12067  -0.03554   2.30000  9
  -0.00505   0.42513  -0.02815   0.03126   2.30000 10
  -0.56454  -0.95891  -0.02362  -0.03047   2.40000  1
  -0.72401   0.95445   0.05209  -0.08107   2.40000  2
   1.04838  -0.38541   0.03186   0.16541   2.40000  3
   1.31942   0.11579  -0.20104   0.07573   2.40000  4
   1.10330   0.69701  -0.14992  -0.38756   2.40000  5
  -0.50120  -0.64691   0.00102   0.20769   2.40000  6
   1.10304   0.62263   0.15226   0.14275   2.40000  7
  -0.47241   1.13234   0.04063  -0.08682   2.40000  8
  -0.86742  -0.07968   0.12730  -0.03858   2.40000  9
  -0.00799   0.42833  -0.03058   0.03292   2.40000 10
  -0.56673  -0.96090  -0.02036  -0.00966   2.50000  1
  -0.71789   0.94667   0.07048  -0.07448   2.50000  2
   1.05168  -0.36830   0.03406   0.17695   2.50000  3
   1.29879   0.12373  -0.21168   0.08326   2.50000  4
   1.08851   0.65672  -0.14344  -0.41543   2.50000  5
  -0.50137  -0.62667  -0.00430   0.19751   2.50000  6
   1.11809   0.63751   0.14665   0.15158   2.50000  7
  -0.46900   1.12288   0.02755  -0.10239   2.50000  8
  -0.85435  -0.08371   0.13423  -0.04196   2.50000  9
  -0.01117   0.43171  -0.03320   0.03462   2.50000 10
  -0.56862  -0.96088  -0.01744   0.01004   2.60000  1
  -0.70990   0.93955   0.08928  -0.06781   2.60000  2
   1.05519  -0.34999   0.03625   0.18944   2.60000  3
   1.27708   0.13246  -0.22251   0.09161   2.60000  4
   1.07504   0.61467  -0.12461  -0.42212   2.60000  5
  -0.50206  -0.60735  -0.00952   0.18907   2.60000  6
   1.13194   0.65215   0.12875   0.13751   2.60000  7
  -0.46691   1.11185   0.01431  -0.11836   2.60000  8
  -0.84056  -0.08809   0.14150  -0.04572   2.60000  9
  -0.01463   0.43526  -0.03602   0.03635   2.60000 10
  -0.57023  -0.95892  -0.01480   0.02889   2.70000  1
  -0.70001   0.93311   0.10874  -0.06092   2.70000  2
   1.05892  -0.33037   0.03836   0.20302   2.70000  3
   1.25428   0.14208  -0.23363   0.10095   2.70000  4
   1.06371   0.57279  -0.10194  -0.41430   2.70000  5
  -0.50327  -0.58880  -0.01473   0.18218   2.70000  6
   1.14373   0.66445   0.10724   0.10690   2.70000  7
  -0.46615   1.09919   0.00069  -0.13491   2.70000  8
  -0.82603  -0.09286   0.14914  -0.04993   2.70000  9
  -0.01838   0.43898  -0.03907   0.03811   2.70000 10
  -0.57159  -0.95512  -0.01240   0.04711   2.80000  1
  -0.68813   0.92738   0.12912  -0.05365   2.80000  2
   1.06286  -0.30934   0.04030   0.21788   2.80000  3
   1.23034   0.15270  -0.24518   0.11155   2.80000  4
   1.05458   0.53187  -0.08116  -0.40441   2.80000  5
  -0.50501  -0.57087  -0.01999   0.17673   2.80000  6
   1.15347   0.67339   0.08806   0.07176   2.80000  7
  -0.46679   1.08484  -0.01353  -0.15222   2.80000  8
  -0.81072  -0.09809   0.15717  -0.05469   2.80000  9
  -0.02246   0.44288  -0.04239   0.03993   2.80000 10
  -0.57272  -0.94952  -0.01020   0.06488   2.90000  1
  -0.67414   0.92240   0.15073  -0.04580   2.90000  2
   1.06698  -0.28675   0.04197   0.23425   2.90000  3
   1.20522   0.16445  -0.25730   0.12380   2.90000  4
   1.04740   0.49178  -0.06280  -0.39819   2.90000  5
  -0.50727  -0.55341  -0.02536   0.17266   2.90000  6
   1.16145   0.67883   0.07199   0.03722   2.90000  7
  -0.46889   1.06871  -0.02863  -0.17054   2.90000  8
  -0.79459  -0.10382   0.16565  -0.06009   2.90000  9
  -0.02687   0.44697  -0.04604   0.04182   2.90000 10
  -0.57363  -0.94215  -0.00818   0.08236   3.00000  1
  -0.65793   0.91825   0.17392  -0.03716   3.00000  2
   1.07124  -0.26243   0.04321   0.25234   3.00000  3
   1.17885   0.17753  -0.27017   0.13827   3.00000  4
   1.04197   0.45204  -0.04584  -0.39755   3.00000  5
  -0.51009  -0.53629  -0.03091   0.16994   3.00000  6
   1.16795   0.68090   0.05832   0.00439   3.00000  7
  -0.47255   1.05069  -0.04489  -0.19013   3.00000  8
  -0.77758  -0.11013   0.17459  -0.06625   3.00000  9
  -0.03167   0.45125  -0.05005   0.04379   3.00000 10
  -0.57436  -0.93305  -0.00631   0.09971   3.10000  1
  -0.63930   0.91500   0.19904  -0.02751   3.10000  2
   1.07560  -0.23621   0.04381   0.27245   3.10000  3
   1.15116   0.19220  -0.28399   0.15571   3.10000  4
   1.03822   0.41205  -0.02911  -0.40342   3.10000  5
  -0.51346  -0.51937  -0.03667   0.16861   3.10000  6
   1.17317   0.67976   0.04628  -0.02685   3.10000  7
  -0.47791   1.03064  -0.06261  -0.21124   3.10000  8
  -0.75965  -0.11710   0.18404  -0.07334   3.10000  9
  -0.03690   0.45573  -0.05449   0.04588   3.10000 10
  -0.57490  -0.92221  -0.00458   0.11705   3.20000  1
  -0.61804   0.91278   0.22636  -0.01671   3.20000  2
   1.07997  -0.20786   0.04354   0.29491   3.20000  3
   1.12202   0.20880  -0.29891   0.17692   3.20000  4
   1.03618   0.37112  -0.01155  -0.41652   3.20000  5
  -0.51743  -0.50252  -0.04270   0.16876   3.20000  6
   1.17724   0.67557   0.03523  -0.05688   3.20000  7
  -0.48513   1.00839  -0.08198  -0.23410   3.20000  8
  -0.74075  -0.12484   0.19403  -0.08155   3.20000  9
  -0.04259   0.46043  -0.05943   0.04812   3.20000 10
  -0.57528  -0.90963  -0.00298   0.13453   3.30000  1
  -0.59396   0.91169   0.25558  -0.00500   3.30000  2
   1.08426  -0.17714   0.04206   0.32013   3.30000  3
   1.09135   0.22770  -0.31447   0.20154   3.30000  4
   1.03596   0.32851   0.00720  -0.43648   3.30000  5
  -0.52201  -0.48557  -0.04902   0.17054   3.30000  6
   1.18023   0.66841   0.02462  -0.08614   3.30000  7
  -0.49436   0.98376  -0.10263  -0.25852   3.30000  8
  -0.72083  -0.13346   0.20458  -0.09115   3.30000  9
  -0.04880   0.46536  -0.06494   0.05056   3.30000 10
  -0.57550  -0.89530  -0.00150   0.15226   3.40000  1
  -0.56693   0.91176   0.28443   0.00595   3.40000  2
   1.08833  -0.14373   0.03900   0.34870   3.40000  3
   1.05922   0.24901  -0.32677   0.22267   3.40000  4
   1.03757   0.28379   0.02413  -0.45666   3.40000  5
  -0.52724  -0.46835  -0.05565   0.17420   3.40000  6
   1.18216   0.65835   0.01396  -0.11498   3.40000  7
  -0.50563   0.95668  -0.12219  -0.28292   3.40000  8
  -0.69982  -0.14313   0.21569  -0.10248   3.40000  9
  -0.05560   0.47055  -0.07110   0.05325   3.40000 10
  -0.57558  -0.87917  -0.00013   0.17039   3.50000  1
  -0.53731   0.91270   0.30584   0.01103   3.50000  2
   1.09200  -0.10726   0.03387   0.38151   3.50000  3
   1.02647   0.27145  -0.32512   0.22121   3.50000  4
   1.04038   0.23782   0.02954  -0.45859   3.50000  5
  -0.53315  -0.45065  -0.06256   0.18006   3.50000  6
   1.18300   0.64542   0.00271  -0.14364   3.50000  7
  -0.51853   0.92734  -0.13350  -0.30227   3.50000  8
  -0.67767  -0.15403   0.22733  -0.11596   3.50000  9
  -0.06305   0.47602  -0.07797   0.05627   3.50000 10
  -0.57553  -0.86120   0.00114   0.18907   3.60000  1
  -0.50636   0.91352   0.30984   0.00291   3.60000  2
   1.09501  -0.06724   0.02594   0.41988   3.60000  3
   0.99473   0.29244  -0.30792   0.19636   3.60000  4
   1.04306   0.19270   0.02304  -0.44269   3.60000  5
  -0.53976  -0.43225  -0.06963   0.18861   3.60000  6
   1.18266   0.62962  -0.00963  -0.17227   3.60000  7
  -0.53170   0.89665  -0.12648  -0.30935   3.60000  8
  -0.65434  -0.16641   0.23934  -0.13220   3.60000  9
  -0.07122   0.48182  -0.08562   0.05968   3.60000 10
  -0.57536  -0.84133   0.00232   0.20844   3.70000  1
  -0.47590   0.91284   0.29749  -0.01798   3.70000  2
   1.09704  -0.02305   0.01364   0.46516   3.70000  3
   0.96507   0.31061  -0.28495   0.16739   3.70000  4
   1.04499   0.14916   0.01633  -0.42945   3.70000  5
  -0.54707  -0.41282  -0.07654   0.20047   3.70000  6
   1.18102   0.61096  -0.02345  -0.20097   3.70000  7
  -0.54323   0.86588  -0.10209  -0.30469   3.70000  8
  -0.62980  -0.18059   0.25136  -0.15193   3.70000  9
  -0.08020   0.48797  -0.09410   0.06357   3.70000 10
  -0.57507  -0.81948   0.00346   0.22868   3.80000  1
  -0.44706   0.90974   0.27912  -0.04448   3.80000  2
   1.09749   0.02597  -0.00617   0.51511   3.80000  3
   0.93780   0.32603  -0.26014   0.14155   3.80000  4
   1.04657   0.10653   0.01670  -0.42373   3.80000  5
  -0.55504  -0.39202  -0.08250   0.21635   3.80000  6
   1.17792   0.58942  -0.03898  -0.22993   3.80000  7
  -0.55189   0.83585  -0.07057  -0.29561   3.80000  8
  -0.60409  -0.19694   0.26255  -0.17599   3.80000  9
  -0.09007   0.49455  -0.10346   0.06805   3.80000 10
  -0.57466  -0.79556   0.00461   0.25000   3.90000  1
  -0.42006   0.90391   0.26112  -0.07215   3.90000  2
   1.09547   0.07953  -0.03516   0.55117   3.90000  3
   0.91310   0.33904  -0.23356   0.11915   3.90000  4
   1.04866   0.06477   0.02606  -0.40691   3.90000  5
  -0.56349  -0.36941  -0.08571   0.23655   3.90000  6
   1.17316   0.56496  -0.05643  -0.25951   3.90000  7
  -0.55732   0.80674  -0.03815  -0.28670   3.90000  8
  -0.57738  -0.21595   0.27102  -0.20487   3.90000  9
  -0.10092   0.50161  -0.11381   0.07327   3.90000 10
  -0.57414  -0.76944   0.00590   0.27265   4.00000  1
  -0.39476   0.89531   0.24537  -0.09980   4.00000  2
   1.09052   0.13511  -0.06278   0.55713   4.00000  3
   0.89118   0.34995  -0.20436   0.09937   4.00000  4
   1.05169   0.02620   0.03330  -0.36132   4.00000  5
  -0.57197  -0.34461  -0.08236   0.25938   4.00000  6
   1.16656   0.53748  -0.07607  -0.29037   4.00000  7
  -0.55955   0.77845  -0.00657  -0.27936   4.00000  8
  -0.55011  -0.23804   0.27283  -0.23710   4.00000  9
  -0.11287   0.50924  -0.12526   0.07943   4.00000 10
  -0.57347  -0.74097   0.00754   0.29694   4.10000  1
  -0.37090   0.88395   0.23209  -0.12753   4.10000  2
   1.08315   0.19082  -0.08385   0.55790   4.10000  3
   0.87234   0.35898  -0.17171   0.08159   4.10000  4
   1.05505  -0.00735   0.03296  -0.31027   4.10000  5
  -0.57955  -0.31768  -0.06699   0.27761   4.10000  6
   1.15786   0.50681  -0.09849  -0.32351   4.10000  7
  -0.55866   0.75081   0.02415  -0.27378   4.10000  8
  -0.52323  -0.26326   0.26230  -0.26575   4.10000  9
  -0.12602   0.51754  -0.13800   0.08679   4.10000 10
  -0.57261  -0.70998   0.00991   0.32330   4.20000  1
  -0.34826   0.86979   0.22103  -0.15584   4.20000  2
   1.07385   0.24699  -0.10176   0.56708   4.20000  3
   0.85697   0.36633  -0.13500   0.06570   4.20000  4
   1.05817  -0.03610   0.02900  -0.26603   4.20000  5
  -0.58492  -0.28963  -0.03890   0.28008   4.20000  6
   1.14673   0.47266  -0.12486  -0.36015   4.20000  7
  -0.55473   0.72365   0.05451  -0.26978   4.20000  8
  -0.49811  -0.29069   0.23836  -0.28001   4.20000  9
  -0.14052   0.52664  -0.15228   0.09566   4.20000 10
  -0.57145  -0.67623   0.01360   0.35225   4.30000  1
  -0.32664   0.85274   0.21180  -0.18544   4.30000  2
   1.06289   0.30451  -0.11661   0.58425   4.30000  3
   0.84549   0.37220  -0.09396   0.05211   4.30000  4
   1.06081  -0.06078   0.02380  -0.22844   4.30000  5
  -0.58720  -0.26225  -0.00676   0.26544   4.30000  6
   1.13267   0.43465  -0.15776  -0.40044   4.30000  7
  -0.54775   0.69681   0.08515  -0.26714   4.30000  8
  -0.47573  -0.31874   0.20914  -0.27903   4.30000  9
  -0.15654   0.53673  -0.16839   0.10644   4.30000 10
  -0.56982  -0.63943   0.01951   0.38435   4.40000  1
  -0.30586   0.83263   0.20397  -0.21716   4.40000  2
   1.05076   0.36374  -0.12493   0.59728   4.40000  3
   0.83831   0.37685  -0.04899   0.04163   4.40000  4
   1.06292  -0.08194   0.01823  -0.19552   4.40000  5
  -0.58640  -0.23683   0.02196   0.24214   4.40000  6
   1.11482   0.39272  -0.20110  -0.43505   4.40000  7
  -0.53767   0.67018   0.11680  -0.26557   4.40000  8
  -0.45623  -0.34629   0.18125  -0.27169   4.40000  9
  -0.17427   0.54801  -0.18669   0.11960   4.40000 10
  -0.56743  -0.59924   0.02898   0.41992   4.50000  1
  -0.28582   0.80920   0.19693  -0.25203   4.50000  2
   1.03798   0.42278  -0.13155   0.57714   4.50000  3
   0.83576   0.38065  -0.00186   0.03485   4.50000  4
   1.06445  -0.09998   0.01248  -0.16551   4.50000  5
  -0.58298  -0.21389   0.04569   0.21659   4.50000  6
   1.09229   0.34879  -0.24850  -0.43732   4.50000  7
  -0.52433   0.64367   0.15028  -0.26470   4.50000  8
  -0.43942  -0.37309   0.15497  -0.26462   4.50000  9
  -0.19395   0.56075  -0.20742   0.13567   4.50000 10
  -0.56384  -0.55534   0.04398   0.45839   4.60000  1
  -0.26648   0.78208   0.18953  -0.29120   4.60000  2
   1.02409   0.47834  -0.14764   0.53247   4.60000  3
   0.83791   0.38392   0.04441   0.03092   4.60000  4
   1.06540  -0.11510   0.00641  -0.13704   4.60000  5
  -0.57740  -0.19350   0.06524   0.19125   4.60000  6
   1.06550   0.30603  -0.28562  -0.41641   4.60000  7
  -0.50752   0.61724   0.18653  -0.26389   4.60000  8
  -0.42527  -0.39928   0.12762  -0.25953   4.60000  9
  -0.21583   0.57526  -0.23047   0.15503   4.60000 10
  -0.55837  -0.50756   0.06661   0.49681   4.70000  1
  -0.24800   0.75079   0.17925  -0.33547   4.70000  2
   1.00832   0.52926  -0.16784   0.48623   4.70000  3
   0.84450   0.38685   0.08647   0.02766   4.70000  4
   1.06572  -0.12741  -0.00029  -0.10921   4.70000  5
  -0.57003  -0.17561   0.08168   0.16657   4.70000  6
   1.03545   0.26553  -0.31418  -0.39403   4.70000  7
  -0.48690   0.59093   0.22650  -0.26189   4.70000  8
  -0.41404  -0.42498   0.09610  -0.25376   4.70000  9
  -0.24008   0.59185  -0.25431   0.17708   4.70000 10
  -0.55026  -0.45620   0.09651   0.52874   4.80000  1
  -0.23091   0.71487   0.16065  -0.38287   4.80000  2
   0.99058   0.57569  -0.18646   0.44302   4.80000  3
   0.85495   0.38940   0.12102   0.02283   4.80000  4
   1.06531  -0.13694  -0.00805  -0.08149   4.80000  5
  -0.56114  -0.16018   0.09592   0.14214   4.80000  6
   1.00287   0.22718  -0.33619  -0.37307   4.80000  7
  -0.46208   0.56498   0.27056  -0.25627   4.80000  8
  -0.40621  -0.44978   0.06001  -0.24026   4.80000  9
  -0.26656   0.61062  -0.27398   0.19723   4.80000 10
  -0.53904  -0.40221   0.12730   0.54904   4.90000  1
  -0.21640   0.67443   0.12656  -0.42375   4.90000  2
   0.97116   0.61797  -0.20137   0.40305   4.90000  3
   0.86837   0.39133   0.14536   0.01541   4.90000  4
   1.06406  -0.14370  -0.01735  -0.05368   4.90000  5
  -0.55089  -0.14720   0.10879   0.11721   4.90000  6
   0.96846   0.19089  -0.35067  -0.35296   4.90000  7
  -0.43271   0.53993   0.31675  -0.24312   4.90000  8
  -0.40201  -0.47255   0.02506  -0.21287   4.90000  9
  -0.29443   0.63078  -0.28044   0.20167   4.90000 10
  -0.52504  -0.34664   0.15112   0.56209   5.00000  1
  -0.20605   0.63073   0.07923  -0.44720   5.00000  2
   0.95045   0.65641  -0.21225   0.36642   5.00000  3
   0.88365   0.39241   0.15850   0.00599   5.00000  4
   1.06178  -0.14768  -0.02862  -0.02584   5.00000  5
  -0.53940  -0.13678   0.12113   0.09090   5.00000  6
   0.93303   0.15654  -0.35662  -0.33435   5.00000  7
  -0.39886   0.51671   0.35906  -0.21974   5.00000  8
  -0.40091  -0.49199  -0.00149  -0.17483   5.00000  9
  -0.32207   0.64993  -0.27006   0.17654   5.00000 10
  -0.50912  -0.28973   0.16599   0.57674   5.10000  1
  -0.20062   0.58541   0.02954  -0.45812   5.10000  2
   0.92883   0.69137  -0.21962   0.33334   5.10000  3
   0.89973   0.39251   0.16175  -0.00410   5.10000  4
   1.05826  -0.14888  -0.04218   0.00172   5.10000  5
  -0.52665  -0.12909   0.13395   0.06265   5.10000  6
   0.89741   0.12392  -0.35459  -0.31848   5.10000  7
  -0.36123   0.49621   0.39185  -0.18972   5.10000  8
  -0.40197  -0.50743  -0.01832  -0.13406   5.10000  9
  -0.34806   0.66536  -0.24836   0.13002   5.10000 10
  -0.49209  -0.23109   0.17358   0.59708   5.20000  1
  -0.20007   0.53920  -0.01803  -0.46601   5.20000  2
   0.90661   0.72320  -0.22438   0.30379   5.20000  3
   0.91576   0.39160   0.15781  -0.01392   5.20000  4
   1.05326  -0.14736  -0.05819   0.02857   5.20000  5
  -0.51255  -0.12429   0.14845   0.03339   5.20000  6
   0.86232   0.09273  -0.34637  -0.30587   5.20000  7
  -0.32077   0.47873   0.41613  -0.16056   5.20000  8
  -0.40434  -0.51887  -0.02797  -0.09517   5.20000  9
  -0.37156   0.67579  -0.22103   0.07871   5.20000 10
  -0.47459  -0.17026   0.17561   0.61880   5.30000  1
  -0.20413   0.49221  -0.06224  -0.47361   5.30000  2
   0.88401   0.75224  -0.22740   0.27756   5.30000  3
   0.93115   0.38974   0.14937  -0.02323   5.30000  4
   1.04654  -0.14320  -0.07657   0.05427   5.30000  5
  -0.49686  -0.12226   0.16596   0.00919   5.30000  6
   0.82827   0.06265  -0.33395  -0.29608   5.30000  7
  -0.27818   0.46387   0.43459  -0.13846   5.30000  8
  -0.40742  -0.52657  -0.03301  -0.05939   5.30000  9
  -0.39223   0.68123  -0.19237   0.03094   5.30000 10
  -0.45707  -0.10776   0.17471   0.62784   5.40000  1
  -0.21217   0.44463  -0.09564  -0.47634   5.40000  2
   0.86116   0.77881  -0.22939   0.25426   5.40000  3
   0.94555   0.38697   0.13842  -0.03224   5.40000  4
   1.03787  -0.13655  -0.09708   0.07843   5.40000  5
  -0.47927  -0.12179   0.18609   0.00468   5.40000  6
   0.79561   0.03346  -0.31896  -0.28809   5.40000  7
  -0.23421   0.45057   0.44183  -0.13054   5.40000  8
  -0.41084  -0.53084  -0.03509  -0.02644   5.40000  9
  -0.41007   0.68216  -0.16489  -0.01156   5.40000 10
  -0.43956  -0.04534   0.17640   0.61813   5.50000  1
  -0.22247   0.39729  -0.10643  -0.46899   5.50000  2
   0.83815   0.80317  -0.23088   0.23344   5.50000  3
   0.95879   0.38329   0.12618  -0.04127   5.50000  4
   1.02706  -0.12758  -0.11935   0.10076   5.50000  5
  -0.45968  -0.12041   0.20511   0.02644   5.50000  6
   0.76452   0.00501  -0.30263  -0.28079   5.50000  7
  -0.19060   0.43707   0.42634  -0.14251   5.50000  8
  -0.41436  -0.53193  -0.03509   0.00432   5.50000  9
  -0.42528   0.67907  -0.13966  -0.04953   5.50000 10
  -0.42157   0.01573   0.18460   0.60388   5.60000  1
  -0.23288   0.35093  -0.10031  -0.45882   5.60000  2
   0.81499   0.82556  -0.23220   0.21465   5.60000  3
   0.97077   0.37870   0.11333  -0.05062   5.60000  4
   1.01396  -0.11647  -0.14291   0.12111   5.60000  5
  -0.43835  -0.11608   0.22090   0.06117   5.60000  6
   0.73510  -0.02269  -0.28589  -0.27320   5.60000  7
  -0.14956   0.42164   0.39274  -0.16737   5.60000  8
  -0.41780  -0.53003  -0.03345   0.03352   5.60000  9
  -0.43809   0.67236  -0.11681  -0.08431   5.60000 10
  -0.40238   0.07569   0.20067   0.59708   5.70000  1
  -0.24249   0.30528  -0.09257  -0.45582   5.70000  2
   0.79171   0.84616  -0.23358   0.19750   5.70000  3
   0.98144   0.37315   0.10015  -0.06057   5.70000  4
   0.99846  -0.10342  -0.16722   0.13943   5.70000  5
  -0.41557  -0.10812   0.23447   0.09819   5.70000  6
   0.70734  -0.04959  -0.26946  -0.26454   5.70000  7
  -0.11222   0.40350   0.35382  -0.19560   5.70000  8
  -0.42100  -0.52527  -0.03033   0.06160   5.70000  9
  -0.44871   0.66227  -0.09595  -0.11727   5.70000 10
  -0.38110   0.13550   0.22695   0.60064   5.80000  1
  -0.25165   0.25941  -0.09254  -0.46319   5.80000  2
   0.76827   0.86511  -0.23514   0.18162   5.80000  3
   0.99079   0.36656   0.08669  -0.07131   5.80000  4
   0.98051  -0.08865  -0.19171   0.15578   5.80000  5
  -0.39149  -0.09645   0.24728   0.13506   5.80000  6
   0.68117  -0.07555  -0.25397  -0.25426   5.80000  7
  -0.07879   0.38253   0.31470  -0.22362   5.80000  8
  -0.42382  -0.51774  -0.02582   0.08890   5.80000  9
  -0.45732   0.64892  -0.07643  -0.14962   5.80000 10
  -0.35654   0.19592   0.26616   0.60608   5.90000  1
  -0.26144   0.21249  -0.10512  -0.47393   5.90000  2
   0.74467   0.88252  -0.23696   0.16673   5.90000  3
   0.99877   0.35886   0.07285  -0.08298   5.90000  4
   0.96013  -0.07233  -0.21580   0.17034   5.90000  5
  -0.36611  -0.08108   0.26041   0.17276   5.90000  6
   0.65649  -0.10038  -0.23995  -0.24201   5.90000  7
  -0.04927   0.35882   0.27571  -0.25018   5.90000  8
  -0.42612  -0.50751  -0.01995   0.11566   5.90000  9
  -0.46401   0.63233  -0.05733  -0.18246   5.90000 10
  -0.32782   0.25589   0.30621   0.58846   6.00000  1
  -0.27275   0.16531  -0.11923  -0.46606   6.00000  2
   0.72087   0.89848  -0.23906   0.15258   6.00000  3
   1.00533   0.34993   0.05837  -0.09568   6.00000  4
   0.93738  -0.05463  -0.23888   0.18334   6.00000  5
  -0.33937  -0.06180   0.27449   0.21355   6.00000  6
   0.63312  -0.12388  -0.22785  -0.22765   6.00000  7
  -0.02367   0.33258   0.23608  -0.27400   6.00000  8
  -0.42777  -0.49461  -0.01276   0.14215   6.00000  9
  -0.46876   0.61238  -0.03737  -0.21669   6.00000 10
  -0.29592   0.31306   0.32905   0.55460   6.10000  1
  -0.28472   0.11954  -0.11770  -0.45063   6.10000  2
   0.69685   0.91305  -0.24146   0.13897   6.10000  3
   1.01041   0.33969   0.04294  -0.10937   6.10000  4
   0.91240  -0.03570  -0.26038   0.19505   6.10000  5
  -0.31119  -0.03818   0.28893   0.25983   6.10000  6
   0.61085  -0.14584  -0.21804  -0.21116   6.10000  7
  -0.00208   0.30417   0.19562  -0.29344   6.10000  8
  -0.42863  -0.47908  -0.00425   0.16868   6.10000  9
  -0.47140   0.58893  -0.01472  -0.25254   6.10000 10
  -0.26241   0.36690   0.33944   0.52257   6.20000  1
  -0.29591   0.07474  -0.10407  -0.44689   6.20000  2
   0.67257   0.92628  -0.24419   0.12573   6.20000  3
   1.01388   0.32803   0.02615  -0.12394   6.20000  4
   0.88538  -0.01565  -0.27979   0.20571   6.20000  5
  -0.28170  -0.00967   0.29958   0.31033   6.20000  6
   0.58943  -0.16604  -0.21078  -0.19266   6.20000  7
   0.01546   0.27407   0.15544  -0.30758   6.20000  8
  -0.42858  -0.46086   0.00555   0.19566   6.20000  9
  -0.47155   0.56186   0.01267  -0.28893   6.20000 10
  -0.22833   0.41760   0.34072   0.49107   6.30000  1
  -0.30502   0.03025  -0.07537  -0.44021   6.30000  2
   0.64800   0.93820  -0.24728   0.11270   6.30000  3
   1.01558   0.31488   0.00755  -0.13909   6.30000  4
   0.85653   0.00541  -0.29671   0.21545   6.30000  5
  -0.25171   0.02351   0.29779   0.34925   6.30000  6
   0.56860  -0.18431  -0.20626  -0.17235   6.30000  7
   0.02906   0.24280   0.11701  -0.31723   6.30000  8
  -0.42748  -0.43991   0.01670   0.22360   6.30000  9
  -0.46867   0.53122   0.04583  -0.32319   6.30000 10
  -0.19450   0.46501   0.33500   0.45650   6.40000  1
  -0.31065  -0.01256  -0.03714  -0.41342   6.40000  2
   0.62310   0.94882  -0.25080   0.09974   6.40000  3
   1.01532   0.30020  -0.01324  -0.15437   6.40000  4
   0.82613   0.02740  -0.31088   0.22420   6.40000  5
  -0.22242   0.05923   0.28823   0.36153   6.40000  6
   0.54808  -0.20046  -0.20454  -0.15046   6.40000  7
   0.03893   0.21071   0.08049  -0.32434   6.40000  8
  -0.42518  -0.41609   0.02942   0.25323   6.40000  9
  -0.46223   0.49738   0.08346  -0.35262   6.40000 10
  -0.16143   0.50878   0.32627   0.41848   6.50000  1
  -0.31264  -0.05229  -0.00414  -0.38162   6.50000  2
   0.59782   0.95815  -0.25482   0.08670   6.50000  3
   1.01285   0.28402  -0.03649  -0.16911   6.50000  4
   0.79445   0.05021  -0.32232   0.23171   6.50000  5
  -0.19380   0.09546   0.28582   0.36258   6.50000  6
   0.52760  -0.21436  -0.20562  -0.12724   6.50000  7
   0.04518   0.17798   0.04441  -0.32998   6.50000  8
  -0.42152  -0.38918   0.04419   0.28545   6.50000  9
  -0.45192   0.46087   0.12268  -0.37698   6.50000 10
  -0.12923   0.54866   0.31814   0.37902   6.60000  1
  -0.31175  -0.08912   0.02071  -0.35639   6.60000  2
   0.57211   0.96616  -0.25945   0.07341   6.60000  3
   1.00793   0.26643  -0.06224  -0.18256   6.60000  4
   0.76174   0.07369  -0.33134   0.23752   6.60000  5
  -0.16494   0.13170   0.29277   0.36182   6.60000  6
   0.50687  -0.22587  -0.20944  -0.10289   6.60000  7
   0.04777   0.14481   0.00723  -0.33277   6.60000  8
  -0.41625  -0.35888   0.06190   0.32122   6.60000  9
  -0.43770   0.42209   0.16172  -0.39839   6.60000 10
  -0.09772   0.58461   0.31240   0.34023   6.70000  1
  -0.30874  -0.12385   0.03829  -0.33947   6.70000  2
   0.54591   0.97281  -0.26480   0.05969   6.70000  3
   1.00033   0.24758  -0.09023  -0.19396   6.70000  4
   0.72823   0.09764  -0.33863   0.24112   6.70000  5
  -0.13508   0.16769   0.30461   0.35692   6.70000  6
   0.48562  -0.23490  -0.21593  -0.07760   6.70000  7
   0.04660   0.11164  -0.03048  -0.32925   6.70000  8
  -0.40900  -0.32479   0.08406   0.36139   6.70000  9
  -0.41958   0.38121   0.20072  -0.41908   6.70000 10
  -0.06665   0.61676   0.30952   0.30325   6.80000  1
  -0.30434  -0.15723   0.04837  -0.32905   6.80000  2
   0.51912   0.97807  -0.27101   0.04529   6.80000  3
   0.98983   0.22772  -0.11993  -0.20277   6.80000  4
   0.69404   0.12183  -0.34515   0.24212   6.80000  5
  -0.10409   0.20281   0.31422   0.34397   6.80000  6
   0.46360  -0.24136  -0.22502  -0.05146   6.80000  7
   0.04178   0.07925  -0.06490  -0.31712   6.80000  8
  -0.39921  -0.28645   0.11316   0.40577   6.80000  9
  -0.39752   0.33826   0.24074  -0.44000   6.80000 10
  -0.03573   0.64533   0.30948   0.26847   6.90000  1
  -0.29936  -0.18967   0.04975  -0.31855   6.90000  2
   0.49167   0.98184  -0.27823   0.02994   6.90000  3
   0.97631   0.20712  -0.15067  -0.20874   6.90000  4
   0.65919   0.14597  -0.35203   0.24040   6.90000  5
  -0.07251   0.23622   0.31611   0.32331   6.90000  6
   0.44053  -0.24517  -0.23668  -0.02454   6.90000  7
   0.03386   0.04842  -0.09238  -0.29900   6.90000  8
  -0.38602  -0.24363   0.15233   0.44977   6.90000  9
  -0.37138   0.29321   0.28233  -0.46106   6.90000 10
  -0.00467   0.67053   0.31213   0.23586   7.00000  1
  -0.29460  -0.22042   0.04544  -0.29262   7.00000  2
   0.46344   0.98401  -0.28666   0.01326   7.00000  3
   0.95968   0.18607  -0.18182  -0.21192   7.00000  4
   0.62359   0.16982  -0.36042   0.23618   7.00000  5
  -0.04112   0.26733   0.31066   0.29829   7.00000  6
   0.41617  -0.24624  -0.25093   0.00319   7.00000  7
   0.02352   0.01948  -0.11363  -0.27996   7.00000  8
  -0.36843  -0.19696   0.20038   0.48009   7.00000  9
  -0.34102   0.24604   0.32486  -0.48237   7.00000 10
   0.02678   0.69257   0.31732   0.20530   7.10000  1
  -0.29005  -0.24735   0.04751  -0.24283   7.10000  2
   0.43429   0.98443  -0.29647  -0.00522   7.10000  3
   0.93995   0.16482  -0.21289  -0.21263   7.10000  4
   0.58702   0.19314  -0.37136   0.22994   7.10000  5
  -0.01048   0.29583   0.30211   0.27161   7.10000  6
   0.39026  -0.24450  -0.26789   0.03180   7.10000  7
   0.01121  -0.00764  -0.13250  -0.26280   7.10000  8
  -0.34599  -0.14832   0.24743   0.49035   7.10000  9
  -0.30643   0.19668   0.36673  -0.50552   7.10000 10
   0.05888   0.71165   0.32494   0.17673   7.20000  1
  -0.28468  -0.26866   0.06169  -0.18273   7.20000  2
   0.40409   0.98289  -0.30787  -0.02612   7.20000  3
   0.91712   0.14361  -0.24365  -0.21129   7.20000  4
   0.54920   0.21576  -0.38576   0.22232   7.20000  5
   0.01934   0.32165   0.29466   0.24486   7.20000  6
   0.36250  -0.23985  -0.28784   0.06145   7.20000  7
  -0.00304  -0.03313  -0.15307  -0.24715   7.20000  8
  -0.31908  -0.09904   0.29087   0.49595   7.20000  9
  -0.26776   0.14476   0.40605  -0.53403   7.20000 10
   0.09185   0.72799   0.33485   0.15026   7.30000  1
  -0.27741  -0.28391   0.08488  -0.12268   7.30000  2
   0.37266   0.97910  -0.32100  -0.05032   7.30000  3
   0.89123   0.12262  -0.27412  -0.20832   7.30000  4
   0.50973   0.23758  -0.40444   0.21400   7.30000  5
   0.04858   0.34484   0.29087   0.21916   7.30000  6
   0.33257  -0.23217  -0.31131   0.09236   7.30000  7
  -0.01957  -0.05703  -0.17850  -0.23018   7.30000  8
  -0.28768  -0.04892   0.33875   0.50720   7.30000  9
  -0.22539   0.08956   0.44002  -0.57147   7.30000 10
   0.12591   0.74179   0.34671   0.12628   7.40000  1
  -0.26748  -0.29325   0.11482  -0.06410   7.40000  2
   0.33983   0.97268  -0.33578  -0.07903   7.40000  3
   0.86230   0.10199  -0.30447  -0.20405   7.40000  4
   0.46814   0.25856  -0.42816   0.20566   7.40000  5
   0.07767   0.36553   0.29179   0.19510   7.40000  6
   0.30009  -0.22133  -0.33912   0.12476   7.40000  7
  -0.03893  -0.07897  -0.20960  -0.20714   7.40000  8
  -0.25085   0.00229   0.40026   0.51348   7.40000  9
  -0.18012   0.03035   0.46355  -0.61096   7.40000 10
   0.16122   0.75335   0.35949   0.10561   7.50000  1
  -0.25422  -0.29673   0.15154  -0.00548   7.50000  2
   0.30547   0.96309  -0.35153  -0.11399   7.50000  3
   0.83033   0.08184  -0.33502  -0.19872   7.50000  4
   0.42391   0.27874  -0.45758   0.19806   7.50000  5
   0.10710   0.38391   0.29759   0.17251   7.50000  6
   0.26456  -0.20716  -0.37256   0.15888   7.50000  7
  -0.06152  -0.09811  -0.24098  -0.17428   7.50000  8
  -0.20738   0.05247   0.46806   0.48373   7.50000  9
  -0.13290  -0.03174   0.48099  -0.62632   7.50000 10
   0.19775   0.76306   0.37040   0.08926   7.60000  1
  -0.23690  -0.29429   0.19636   0.05473   7.60000  2
   0.26957   0.94960  -0.36589  -0.15720   7.60000  3
   0.79527   0.06228  -0.36618  -0.19242   7.60000  4
   0.37642   0.29823  -0.49319   0.19228   7.60000  5
   0.13734   0.40005   0.30806   0.15020   7.60000  6
   0.22532  -0.18950  -0.41368   0.19459   7.60000  7
  -0.08651  -0.11375  -0.25322  -0.14021   7.60000  8
  -0.15778   0.09833   0.52111   0.43268   7.60000  9
  -0.08393  -0.09436   0.49622  -0.62391   7.60000 10
   0.23504   0.77134   0.37328   0.07697   7.70000  1
  -0.21464  -0.28573   0.25045   0.11674   7.70000  2
   0.23252   0.93134  -0.37324  -0.20928   7.70000  3
   0.75705   0.04339  -0.39842  -0.18514   7.70000  4
   0.32507   0.31732  -0.53466   0.19017   7.70000  5
   0.16884   0.41387   0.32230   0.12560   7.70000  6
   0.18147  -0.16824  -0.46534   0.22995   7.70000  7
  -0.11073  -0.12691  -0.22526  -0.12726   7.70000  8
  -0.10360   0.13921   0.56116   0.38668   7.70000  9
  -0.03447  -0.15595   0.48973  -0.60444   7.70000 10
   0.27187   0.77843   0.36035   0.06378   7.80000  1
  -0.18654  -0.27093   0.31236   0.17912   7.80000  2
   0.19541   0.90760  -0.36628  -0.26569   7.80000  3
   0.71554   0.02528  -0.43224  -0.17679   7.80000  4
   0.26942   0.33648  -0.57767   0.19427   7.80000  5
   0.20178   0.42495   0.33513   0.09457   7.80000  6
   0.13190  -0.14381  -0.52655   0.25579   7.80000  7
  -0.13088  -0.13984  -0.17611  -0.13324   7.80000  8
  -0.04569   0.17606   0.59681   0.35245   7.80000  9
   0.01376  -0.21458   0.47418  -0.56427   7.80000 10
   0.30657   0.78380   0.33152   0.04190   7.90000  1
  -0.15213  -0.24995   0.37513   0.24005   7.90000  2
   0.15976   0.87834  -0.34498  -0.31846   7.90000  3
   0.67054   0.00807  -0.46810  -0.16717   7.90000  4
   0.21004   0.35630  -0.60549   0.20144   7.90000  5
   0.23522   0.43253   0.32851   0.05665   7.90000  6
   0.07653  -0.11788  -0.57713   0.25937   7.90000  7
  -0.14574  -0.15376  -0.11964  -0.14513   7.90000  8
   0.01579   0.21014   0.63288   0.33156   7.90000  9
   0.05999  -0.26795   0.44729  -0.50022   7.90000 10
   0.33793   0.78646   0.29530   0.00993   8.00000  1
  -0.11192  -0.22305   0.42581   0.29684   8.00000  2
   0.12663   0.84410  -0.31722  -0.36567   8.00000  3
   0.62183  -0.00810  -0.50645  -0.15601   8.00000  4
   0.14934   0.37621  -0.60401   0.19240   8.00000  5
   0.26637   0.43648   0.29062   0.02421   8.00000  6
   0.01726  -0.09234  -0.60522   0.24987   8.00000  7
  -0.15442  -0.16864  -0.05175  -0.15003   8.00000  8
   0.08082   0.24300   0.66623   0.32960   8.00000  9
   0.10273  -0.31448   0.40669  -0.43113   8.00000 10
   0.36561   0.78558   0.25841  -0.02837   8.10000  1
  -0.06781  -0.19085   0.45120   0.34563   8.10000  2
   0.09634   0.80527  -0.28863  -0.41090   8.10000  3
   0.56915  -0.02306  -0.54758  -0.14290   8.10000  4
   0.09014   0.39403  -0.57479   0.16259   8.10000  5
   0.29296   0.43767   0.24064   0.00039   8.10000  6
  -0.04393  -0.06838  -0.61468   0.22629   8.10000  7
  -0.15570  -0.18300   0.02709  -0.13252   8.10000  8
   0.14835   0.27681   0.67936   0.34889   8.10000  9
   0.14145  -0.35443   0.36898  -0.36910   8.10000 10
