  -0.47358  -0.70071  -0.00159  -0.00076   0.10000  1
  -0.52300   1.22699   0.00014  -0.00075   0.10000  2
  -0.58461  -1.14936  -0.00119   0.00470   0.10000  3
  -0.88805  -0.94030   0.00511   0.00027   0.10000  4
  -0.48333   0.10727   0.00039  -0.00498   0.10000  5
  -0.55800  -0.15573   0.00225   0.00182   0.10000  6
   0.08308   0.20127  -0.00263  -0.00139   0.10000  7
   0.41003  -1.07873   0.00152   0.00475   0.10000  8
   0.21632  -2.81273  -0.00002   0.00017   0.10000  9
   0.53179  -0.89477  -0.00396  -0.00383   0.10000 10
  -0.47382  -0.70082  -0.00319  -0.00154   0.20000  1
  -0.52298   1.22688   0.00028  -0.00151   0.20000  2
  -0.58478  -1.14866  -0.00238   0.00941   0.20000  3
  -0.88728  -0.94026   0.01024   0.00054   0.20000  4
  -0.48327   0.10652   0.00077  -0.00997   0.20000  5
  -0.55766  -0.15545   0.00449   0.00365   0.20000  6
   0.08268   0.20106  -0.00526  -0.00277   0.20000  7
   0.41026  -1.07802   0.00304   0.00952   0.20000  8
   0.21632  -2.81270  -0.00005   0.00034   0.20000  9
   0.53120  -0.89534  -0.00794  -0.00768   0.20000 10
  -0.47422  -0.70102  -0.00479  -0.00232   0.30000  1
  -0.52295   1.22669   0.00042  -0.00226   0.30000  2
  -0.58508  -1.14748  -0.00359   0.01415   0.30000  3
  -0.88600  -0.94019   0.01538   0.00081   0.30000  4
  -0.48318   0.10527   0.00115  -0.01499   0.30000  5
  -0.55710  -0.15499   0.00675   0.00550   0.30000  6
   0.08202   0.20072  -0.00790  -0.00417   0.30000  7
   0.41064  -1.07683   0.00458   0.01431   0.30000  8
   0.21631  -2.81266  -0.00007   0.00052   0.30000  9
   0.53020  -0.89630  -0.01193  -0.01155   0.30000 10
  -0.47478  -0.70129  -0.00640  -0.00313   0.40000  1
  -0.52290   1.22643   0.00056  -0.00301   0.40000  2
  -0.58550  -1.14583  -0.00481   0.01891   0.40000  3
  -0.88420  -0.94010   0.02056   0.00107   0.40000  4
  -0.48305   0.10352   0.00152  -0.02004   0.40000  5
  -0.55631  -0.15435   0.00901   0.00739   0.40000  6
   0.08110   0.20023  -0.01054  -0.00557   0.40000  7
   0.41118  -1.07516   0.00615   0.01915   0.40000  8
   0.21630  -2.81260  -0.00010   0.00069   0.40000  9
   0.52881  -0.89765  -0.01596  -0.01546   0.40000 10
  -0.47550  -0.70164  -0.00802  -0.00396   0.50000  1
  -0.52283   1.22609   0.00070  -0.00376   0.50000  2
  -0.58605  -1.14370  -0.00605   0.02370   0.50000  3
  -0.88189  -0.93998   0.02578   0.00133   0.50000  4
  -0.48287   0.10127   0.00188  -0.02513   0.50000  5
  -0.55529  -0.15351   0.01129   0.00932   0.50000  6
   0.07991   0.19960  -0.01320  -0.00698   0.50000  7
   0.41187  -1.07300   0.00776   0.02403   0.50000  8
   0.21629  -2.81252  -0.00012   0.00086   0.50000  9
   0.52701  -0.89940  -0.02003  -0.01943   0.50000 10
  -0.47638  -0.70208  -0.00966  -0.00483   0.60000  1
  -0.52276   1.22568   0.00084  -0.00451   0.60000  2
  -0.58671  -1.14108  -0.00732   0.02855   0.60000  3
  -0.87905  -0.93983   0.03105   0.00159   0.60000  4
  -0.48267   0.09849   0.00224  -0.03029   0.60000  5
  -0.55405  -0.15248   0.01359   0.01132   0.60000  6
   0.07846   0.19883  -0.01586  -0.00840   0.60000  7
   0.41273  -1.07035   0.00941   0.02899   0.60000  8
   0.21628  -2.81243  -0.00014   0.00103   0.60000  9
   0.52480  -0.90154  -0.02414  -0.02345   0.60000 10
  -0.47743  -0.70261  -0.01132  -0.00574   0.70000  1
  -0.52267   1.22519   0.00098  -0.00526   0.70000  2
  -0.58751  -1.13798  -0.00862   0.03346   0.70000  3
  -0.87568  -0.93966   0.03640   0.00185   0.70000  4
  -0.48243   0.09521   0.00258  -0.03551   0.70000  5
  -0.55258  -0.15125   0.01590   0.01338   0.70000  6
   0.07674   0.19792  -0.01855  -0.00984   0.70000  7
   0.41376  -1.06720   0.01111   0.03402   0.70000  8
   0.21627  -2.81231  -0.00017   0.00120   0.70000  9
   0.52218  -0.90409  -0.02832  -0.02755   0.70000 10
  -0.47865  -0.70323  -0.01300  -0.00670   0.80000  1
  -0.52256   1.22463   0.00112  -0.00601   0.80000  2
  -0.58844  -1.13439  -0.00995   0.03844   0.80000  3
  -0.87177  -0.93946   0.04182   0.00210   0.80000  4
  -0.48215   0.09139   0.00290  -0.04082   0.80000  5
  -0.55087  -0.14980   0.01824   0.01552   0.80000  6
   0.07475   0.19686  -0.02125  -0.01130   0.80000  7
   0.41496  -1.06354   0.01288   0.03915   0.80000  8
   0.21625  -2.81219  -0.00019   0.00137   0.80000  9
   0.51913  -0.90705  -0.03257  -0.03174   0.80000 10
  -0.48003  -0.70395  -0.01470  -0.00772   0.90000  1
  -0.52244   1.22399   0.00126  -0.00676   0.90000  2
  -0.58950  -1.13029  -0.01134   0.04350   0.90000  3
  -0.86731  -0.93924   0.04734   0.00234   0.90000  4
  -0.48185   0.08704   0.00320  -0.04623   0.90000  5
  -0.54893  -0.14814   0.02061   0.01776   0.90000  6
   0.07249   0.19566  -0.02398  -0.01278   0.90000  7
   0.41634  -1.05937   0.01471   0.04437   0.90000  8
   0.21623  -2.81204  -0.00021   0.00154   0.90000  9
   0.51566  -0.91044  -0.03690  -0.03603   0.90000 10
  -0.48159  -0.70478  -0.01644  -0.00881   1.00000  1
  -0.52231   1.22327   0.00140  -0.00750   1.00000  2
  -0.59071  -1.12569  -0.01277   0.04865   1.00000  3
  -0.86229  -0.93900   0.05297   0.00257   1.00000  4
  -0.48151   0.08214   0.00348  -0.05175   1.00000  5
  -0.54675  -0.14625   0.02302   0.02012   1.00000  6
   0.06996   0.19431  -0.02672  -0.01428   1.00000  7
   0.41790  -1.05466   0.01663   0.04971   1.00000  8
   0.21620  -2.81188  -0.00024   0.00171   1.00000  9
   0.51175  -0.91426  -0.04132  -0.04042   1.00000 10
  -0.48332  -0.70572  -0.01822  -0.00999   1.10000  1
  -0.52216   1.22249   0.00154  -0.00825   1.10000  2
  -0.59206  -1.12056  -0.01427   0.05392   1.10000  3
  -0.85671  -0.93873   0.05872   0.00280   1.10000  4
  -0.48115   0.07668   0.00373  -0.05740   1.10000  5
  -0.54432  -0.14411   0.02546   0.02260   1.10000  6
   0.06714   0.19280  -0.02950  -0.01581   1.10000  7
   0.41966  -1.04942   0.01861   0.05515   1.10000  8
   0.21618  -2.81170  -0.00026   0.00188   1.10000  9
   0.50739  -0.91853  -0.04582  -0.04491   1.10000 10
  -0.48523  -0.70678  -0.02003  -0.01126   1.20000  1
  -0.52200   1.22162   0.00168  -0.00899   1.20000  2
  -0.59356  -1.11490  -0.01583   0.05931   1.20000  3
  -0.85054  -0.93844   0.06462   0.00302   1.20000  4
  -0.48077   0.07066   0.00395  -0.06318   1.20000  5
  -0.54165  -0.14172   0.02795   0.02522   1.20000  6
   0.06405   0.19115  -0.03231  -0.01737   1.20000  7
   0.42163  -1.04363   0.02067   0.06070   1.20000  8
   0.21615  -2.81150  -0.00028   0.00205   1.20000  9
   0.50258  -0.92325  -0.05042  -0.04949   1.20000 10
  -0.48733  -0.70797  -0.02190  -0.01263   1.30000  1
  -0.52182   1.22069   0.00182  -0.00974   1.30000  2
  -0.59523  -1.10869  -0.01747   0.06485   1.30000  3
  -0.84378  -0.93812   0.07067   0.00322   1.30000  4
  -0.48036   0.06404   0.00414  -0.06913   1.30000  5
  -0.53873  -0.13906   0.03049   0.02801   1.30000  6
   0.06068   0.18933  -0.03515  -0.01896   1.30000  7
   0.42380  -1.03728   0.02279   0.06631   1.30000  8
   0.21612  -2.81129  -0.00031   0.00222   1.30000  9
   0.49731  -0.92843  -0.05508  -0.05414   1.30000 10
  -0.48961  -0.70931  -0.02383  -0.01413   1.40000  1
  -0.52163   1.21968   0.00196  -0.01048   1.40000  2
  -0.59706  -1.10192  -0.01920   0.07054   1.40000  3
  -0.83640  -0.93779   0.07690   0.00342   1.40000  4
  -0.47994   0.05682   0.00429  -0.07525   1.40000  5
  -0.53555  -0.13612   0.03308   0.03096   1.40000  6
   0.05702   0.18735  -0.03802  -0.02060   1.40000  7
   0.42619  -1.03037   0.02493   0.07195   1.40000  8
   0.21609  -2.81106  -0.00033   0.00238   1.40000  9
   0.49156  -0.93408  -0.05979  -0.05881   1.40000 10
  -0.49210  -0.71080  -0.02581  -0.01576   1.50000  1
  -0.52143   1.21859   0.00210  -0.01122   1.50000  2
  -0.59907  -1.09458  -0.02103   0.07641   1.50000  3
  -0.82839  -0.93744   0.08334   0.00360   1.50000  4
  -0.47951   0.04899   0.00439  -0.08156   1.50000  5
  -0.53211  -0.13287   0.03574   0.03411   1.50000  6
   0.05308   0.18521  -0.04094  -0.02227   1.50000  7
   0.42879  -1.02289   0.02704   0.07752   1.50000  8
   0.21606  -2.81081  -0.00035   0.00255   1.50000  9
   0.48535  -0.94019  -0.06448  -0.06339   1.50000 10
  -0.49478  -0.71246  -0.02788  -0.01755   1.60000  1
  -0.52121   1.21743   0.00224  -0.01196   1.60000  2
  -0.60127  -1.08664  -0.02297   0.08248   1.60000  3
  -0.81973  -0.93707   0.09000   0.00377   1.60000  4
  -0.47907   0.04051   0.00444  -0.08805   1.60000  5
  -0.52840  -0.12929   0.03847   0.03745   1.60000  6
   0.04883   0.18290  -0.04390  -0.02399   1.60000  7
   0.43159  -1.01487   0.02902   0.08286   1.60000  8
   0.21602  -2.81055  -0.00037   0.00272   1.60000  9
   0.47867  -0.94675  -0.06907  -0.06773   1.60000 10
  -0.49767  -0.71432  -0.03002  -0.01952   1.70000  1
  -0.52098   1.21620   0.00238  -0.01269   1.70000  2
  -0.60367  -1.07807  -0.02503   0.08878   1.70000  3
  -0.81039  -0.93669   0.09691   0.00393   1.70000  4
  -0.47862   0.03137   0.00445  -0.09475   1.70000  5
  -0.52442  -0.12537   0.04127   0.04100   1.70000  6
   0.04430   0.18041  -0.04690  -0.02577   1.70000  7
   0.43458  -1.00633   0.03072   0.08775   1.70000  8
   0.21598  -2.81027  -0.00040   0.00288   1.70000  9
   0.47155  -0.95372  -0.07339  -0.07162   1.70000 10
  -0.50079  -0.71638  -0.03227  -0.02169   1.80000  1
  -0.52074   1.21490   0.00252  -0.01343   1.80000  2
  -0.60628  -1.06887  -0.02721   0.09532   1.80000  3
  -0.80034  -0.93628   0.10410   0.00408   1.80000  4
  -0.47818   0.02155   0.00440  -0.10162   1.80000  5
  -0.52015  -0.12108   0.04415   0.04473   1.80000  6
   0.03945   0.17774  -0.04995  -0.02760   1.80000  7
   0.43772  -0.99734   0.03194   0.09188   1.80000  8
   0.21594  -2.80997  -0.00042   0.00305   1.80000  9
   0.46401  -0.96104  -0.07726  -0.07472   1.80000 10
  -0.50413  -0.71866  -0.03462  -0.02410   1.90000  1
  -0.52048   1.21352   0.00266  -0.01416   1.90000  2
  -0.60912  -1.05900  -0.02954   0.10213   1.90000  3
  -0.78956  -0.93587   0.11159   0.00423   1.90000  4
  -0.47774   0.01104   0.00431  -0.10865   1.90000  5
  -0.51558  -0.11642   0.04710   0.04862   1.90000  6
   0.03430   0.17489  -0.05306  -0.02948   1.90000  7
   0.44094  -0.98800   0.03242   0.09487   1.90000  8
   0.21590  -2.80966  -0.00044   0.00321   1.90000  9
   0.45612  -0.96863  -0.08042  -0.07667   1.90000 10
  -0.50771  -0.72120  -0.03709  -0.02676   2.00000  1
  -0.52021   1.21206   0.00279  -0.01489   2.00000  2
  -0.61219  -1.04844  -0.03202   0.10925   2.00000  3
  -0.77801  -0.93544   0.11940   0.00438   2.00000  4
  -0.47732  -0.00018   0.00420  -0.11575   2.00000  5
  -0.51072  -0.11136   0.05011   0.05260   2.00000  6
   0.02884   0.17184  -0.05623  -0.03144   2.00000  7
   0.44417  -0.97842   0.03194   0.09640   2.00000  8
   0.21585  -2.80933  -0.00046   0.00338   2.00000  9
   0.44796  -0.97633  -0.08264  -0.07715   2.00000 10
  -0.51155  -0.72402  -0.03971  -0.02972   2.10000  1
  -0.51992   1.21054   0.00293  -0.01563   2.10000  2
  -0.61553  -1.03714  -0.03464   0.11668   2.10000  3
  -0.76566  -0.93499   0.12755   0.00456   2.10000  4
  -0.47690  -0.01211   0.00408  -0.12281   2.10000  5
  -0.50556  -0.10590   0.05316   0.05654   2.10000  6
   0.02306   0.16860  -0.05945  -0.03347   2.10000  7
   0.44729  -0.96877   0.03039   0.09631   2.10000  8
   0.21581  -2.80898  -0.00048   0.00354   2.10000  9
   0.43962  -0.98400  -0.08383  -0.07600   2.10000 10
  -0.51566  -0.72716  -0.04248  -0.03303   2.20000  1
  -0.51962   1.20894   0.00307  -0.01636   2.20000  2
  -0.61913  -1.02509  -0.03737   0.12444   2.20000  3
  -0.75249  -0.93452   0.13603   0.00479   2.20000  4
  -0.47650  -0.02473   0.00402  -0.12961   2.20000  5
  -0.50009  -0.10006   0.05619   0.06023   2.20000  6
   0.01695   0.16515  -0.06275  -0.03557   2.20000  7
   0.45021  -0.95921   0.02781   0.09469   2.20000  8
   0.21576  -2.80862  -0.00050   0.00370   2.20000  9
   0.43123  -0.99148  -0.08401  -0.07330   2.20000 10
  -0.52005  -0.73064  -0.04542  -0.03672   2.30000  1
  -0.51931   1.20727   0.00321  -0.01709   2.30000  2
  -0.62300  -1.01224  -0.04017   0.13253   2.30000  3
  -0.73845  -0.93403   0.14482   0.00514   2.30000  4
  -0.47609  -0.03801   0.00410  -0.13582   2.30000  5
  -0.49433  -0.09387   0.05911   0.06334   2.30000  6
   0.01050   0.16148  -0.06612  -0.03775   2.30000  7
   0.45283  -0.94987   0.02436   0.09183   2.30000  8
   0.21570  -2.80824  -0.00053   0.00387   2.30000  9
   0.42285  -0.99862  -0.08337  -0.06933   2.30000 10
  -0.52475  -0.73452  -0.04856  -0.04085   2.40000  1
  -0.51898   1.20552   0.00334  -0.01781   2.40000  2
  -0.62716  -0.99857  -0.04291   0.14090   2.40000  3
  -0.72352  -0.93349   0.15380   0.00571   2.40000  4
  -0.47567  -0.05187   0.00444  -0.14102   2.40000  5
  -0.48828  -0.08742   0.06183   0.06545   2.40000  6
   0.00372   0.15759  -0.06956  -0.04003   2.40000  7
   0.45506  -0.94087   0.02030   0.08810   2.40000  8
   0.21565  -2.80785  -0.00055   0.00403   2.40000  9
   0.41457  -1.00531  -0.08215  -0.06448   2.40000 10
  -0.52977  -0.73883  -0.05190  -0.04548   2.50000  1
  -0.51864   1.20370   0.00348  -0.01854   2.50000  2
  -0.63157  -0.98406  -0.04535   0.14943   2.50000  3
  -0.70769  -0.93287   0.16277   0.00669   2.50000  4
  -0.47519  -0.06617   0.00518  -0.14475   2.50000  5
  -0.48197  -0.08083   0.06420   0.06609   2.50000  6
  -0.00341   0.15347  -0.07309  -0.04239   2.50000  7
   0.45687  -0.93227   0.01584   0.08384   2.50000  8
   0.21560  -2.80744  -0.00057   0.00419   2.50000  9
   0.40643  -1.01150  -0.08057  -0.05906   2.50000 10
  -0.53514  -0.74363  -0.05546  -0.05068   2.60000  1
  -0.51828   1.20181   0.00361  -0.01927   2.60000  2
  -0.63621  -0.96869  -0.04711   0.15790   2.60000  3
  -0.69098  -0.93213   0.17135   0.00837   2.60000  4
  -0.47462  -0.08075   0.00641  -0.14666   2.60000  5
  -0.47545  -0.07426   0.06613   0.06490   2.60000  6
  -0.01090   0.14911  -0.07671  -0.04486   2.60000  7
   0.45823  -0.92411   0.01115   0.07930   2.60000  8
   0.21554  -2.80701  -0.00059   0.00435   2.60000  9
   0.39846  -1.01712  -0.07880  -0.05336   2.60000 10
  -0.54087  -0.74899  -0.05923  -0.05649   2.70000  1
  -0.51791   1.19985   0.00375  -0.02000   2.70000  2
  -0.64095  -0.95249  -0.04757   0.16593   2.70000  3
  -0.67345  -0.93116   0.17894   0.01118   2.70000  4
  -0.47389  -0.09544   0.00819  -0.14669   2.70000  5
  -0.46876  -0.06791   0.06760   0.06183   2.70000  6
  -0.01876   0.14450  -0.08043  -0.04743   2.70000  7
   0.45910  -0.91641   0.00636   0.07467   2.70000  8
   0.21548  -2.80657  -0.00061   0.00451   2.70000  9
   0.39067  -1.02216  -0.07698  -0.04753   2.70000 10
  -0.54699  -0.75495  -0.06319  -0.06297   2.80000  1
  -0.51753   1.19781   0.00388  -0.02073   2.80000  2
  -0.64565  -0.93553  -0.04604   0.17310   2.80000  3
  -0.65525  -0.92984   0.18481   0.01563   2.80000  4
  -0.47296  -0.11004   0.01044  -0.14508   2.80000  5
  -0.46194  -0.06195   0.06865   0.05712   2.80000  6
  -0.02699   0.13962  -0.08427  -0.05011   2.80000  7
   0.45950  -0.90918   0.00152   0.07006   2.80000  8
   0.21542  -2.80611  -0.00063   0.00468   2.80000  9
   0.38307  -1.02662  -0.07517  -0.04170   2.80000 10
  -0.55351  -0.76160  -0.06730  -0.07012   2.90000  1
  -0.51714   1.19570   0.00402  -0.02146   2.90000  2
  -0.65008  -0.91791  -0.04199   0.17908   2.90000  3
  -0.63657  -0.92797   0.18840   0.02204   2.90000  4
  -0.47179  -0.12441   0.01305  -0.14229   2.90000  5
  -0.45504  -0.05653   0.06942   0.05121   2.90000  6
  -0.03561   0.13447  -0.08822  -0.05291   2.90000  7
   0.45941  -0.90240  -0.00330   0.06552   2.90000  8
   0.21535  -2.80563  -0.00065   0.00484   2.90000  9
   0.37564  -1.03050  -0.07343  -0.03591   2.90000 10
  -0.56045  -0.76900  -0.07145  -0.07788   3.00000  1
  -0.51673   1.19352   0.00415  -0.02219   3.00000  2
  -0.65397  -0.89976  -0.03540   0.18384   3.00000  3
  -0.61765  -0.92536   0.18961   0.03040   3.00000  4
  -0.47035  -0.13847   0.01590  -0.13879   3.00000  5
  -0.44807  -0.05174   0.07005   0.04457   3.00000  6
  -0.04464   0.12904  -0.09231  -0.05584   3.00000  7
   0.45884  -0.89607  -0.00810   0.06109   3.00000  8
   0.21529  -2.80514  -0.00067   0.00500   3.00000  9
   0.36838  -1.03381  -0.07178  -0.03021   3.00000 10
  -0.56780  -0.77719  -0.07547  -0.08607   3.10000  1
  -0.51631   1.19126   0.00429  -0.02292   3.10000  2
  -0.65709  -0.88118  -0.02671   0.18759   3.10000  3
  -0.59871  -0.92184   0.18871   0.04032   3.10000  4
  -0.46861  -0.15216   0.01887  -0.13494   3.10000  5
  -0.44103  -0.04763   0.07065   0.03757   3.10000  6
  -0.05408   0.12330  -0.09655  -0.05890   3.10000  7
   0.45779  -0.89018  -0.01287   0.05679   3.10000  8
   0.21522  -2.80463  -0.00069   0.00516   3.10000  9
   0.36128  -1.03655  -0.07022  -0.02459   3.10000 10
  -0.57553  -0.78621  -0.07911  -0.09427   3.20000  1
  -0.51587   1.18893   0.00442  -0.02366   3.20000  2
  -0.65926  -0.86226  -0.01653   0.19050   3.20000  3
  -0.57996  -0.91727   0.18606   0.05122   3.20000  4
  -0.46657  -0.16546   0.02189  -0.13102   3.20000  5
  -0.43393  -0.04422   0.07132   0.03049   3.20000  6
  -0.06396   0.11725  -0.10096  -0.06212   3.20000  7
   0.45626  -0.88471  -0.01761   0.05261   3.20000  8
   0.21515  -2.80411  -0.00071   0.00532   3.20000  9
   0.35433  -1.03873  -0.06878  -0.01907   3.20000 10
  -0.58360  -0.79603  -0.08200  -0.10177   3.30000  1
  -0.51542   1.18653   0.00455  -0.02439   3.30000  2
  -0.66036  -0.84311  -0.00541   0.19247   3.30000  3
  -0.56155  -0.91158   0.18187   0.06252   3.30000  4
  -0.46423  -0.17837   0.02490  -0.12719   3.30000  5
  -0.42676  -0.04153   0.07211   0.02347   3.30000  6
  -0.07428   0.11087  -0.10554  -0.06550   3.30000  7
   0.45427  -0.87965  -0.02232   0.04855   3.30000  8
   0.21508  -2.80357  -0.00073   0.00548   3.30000  9
   0.34752  -1.04037  -0.06744  -0.01364   3.30000 10
  -0.59189  -0.80651  -0.08366  -0.10755   3.40000  1
  -0.51496   1.18406   0.00468  -0.02513   3.40000  2
  -0.66033  -0.82381   0.00611   0.19310   3.40000  3
  -0.54364  -0.90477   0.17619   0.07361   3.40000  4
  -0.46159  -0.19090   0.02788  -0.12356   3.40000  5
  -0.41950  -0.03952   0.07308   0.01663   3.40000  6
  -0.08507   0.10414  -0.11032  -0.06907   3.40000  7
   0.45180  -0.87499  -0.02701   0.04460   3.40000  8
   0.21500  -2.80301  -0.00075   0.00564   3.40000  9
   0.34084  -1.04146  -0.06620  -0.00827   3.40000 10
  -0.60027  -0.81744  -0.08362  -0.11050   3.50000  1
  -0.51449   1.18151   0.00481  -0.02587   3.50000  2
  -0.65914  -0.80455   0.01746   0.19187   3.50000  3
  -0.52636  -0.89688   0.16914   0.08392   3.50000  4
  -0.45866  -0.20309   0.03079  -0.12016   3.50000  5
  -0.41214  -0.03819   0.07426   0.01001   3.50000  6
  -0.09635   0.09705  -0.11532  -0.07285   3.50000  7
   0.44886  -0.87073  -0.03170   0.04075   3.50000  8
   0.21493  -2.80244  -0.00077   0.00580   3.50000  9
   0.33428  -1.04202  -0.06506  -0.00296   3.50000 10
  -0.60855  -0.82849  -0.08155  -0.10998   3.60000  1
  -0.51400   1.17888   0.00494  -0.02661   3.60000  2
  -0.65686  -0.78551   0.02804   0.18855   3.60000  3
  -0.50984  -0.88803   0.16101   0.09303   3.60000  4
  -0.45543  -0.21495   0.03364  -0.11704   3.60000  5
  -0.40464  -0.03751   0.07567   0.00364   3.60000  6
  -0.10814   0.08957  -0.12056  -0.07685   3.60000  7
   0.44546  -0.86684  -0.03639   0.03699   3.60000  8
   0.21485  -2.80185  -0.00079   0.00597   3.60000  9
   0.32782  -1.04205  -0.06402   0.00230   3.60000 10
  -0.61652  -0.83933  -0.07753  -0.10615   3.70000  1
  -0.51350   1.17619   0.00507  -0.02734   3.70000  2
  -0.65358  -0.76690   0.03748   0.18350   3.70000  3
  -0.49418  -0.87832   0.15225   0.10081   3.70000  4
  -0.45193  -0.22651   0.03642  -0.11421   3.70000  5
  -0.39700  -0.03746   0.07734  -0.00246   3.70000  6
  -0.12047   0.08167  -0.12606  -0.08112   3.70000  7
   0.44159  -0.86333  -0.04110   0.03331   3.70000  8
   0.21477  -2.80125  -0.00081   0.00613   3.70000  9
   0.32147  -1.04156  -0.06306   0.00754   3.70000 10
  -0.62400  -0.84964  -0.07198  -0.09984   3.80000  1
  -0.51299   1.17341   0.00520  -0.02809   3.80000  2
  -0.64941  -0.74885   0.04573   0.17744   3.80000  3
  -0.47940  -0.86790   0.14335   0.10737   3.80000  4
  -0.44815  -0.23780   0.03912  -0.11166   3.80000  5
  -0.38917  -0.03800   0.07928  -0.00830   3.80000  6
  -0.13336   0.07333  -0.13185  -0.08569   3.80000  7
   0.43724  -0.86018  -0.04584   0.02970   3.80000  8
   0.21469  -2.80063  -0.00083   0.00629   3.80000  9
   0.31521  -1.04055  -0.06218   0.01277   3.80000 10
  -0.63088  -0.85924  -0.06546  -0.09202   3.90000  1
  -0.51246   1.17057   0.00532  -0.02883   3.90000  2
  -0.64446  -0.73142   0.05302   0.17111   3.90000  3
  -0.46550  -0.85688   0.13466   0.11296   3.90000  4
  -0.44411  -0.24885   0.04173  -0.10939   3.90000  5
  -0.38113  -0.03911   0.08152  -0.01386   3.90000  6
  -0.14685   0.06452  -0.13794  -0.09059   3.90000  7
   0.43242  -0.85739  -0.05063   0.02614   3.90000  8
   0.21460  -2.79999  -0.00085   0.00645   3.90000  9
   0.30903  -1.03901  -0.06137   0.01801   3.90000 10
  -0.63708  -0.86802  -0.05846  -0.08344   4.00000  1
  -0.51192   1.16765   0.00544  -0.02957   4.00000  2
  -0.63882  -0.71461   0.05963   0.16502   4.00000  3
  -0.45245  -0.84533   0.12639   0.11789   4.00000  4
  -0.43981  -0.25968   0.04426  -0.10740   4.00000  5
  -0.37285  -0.04076   0.08408  -0.01913   4.00000  6
  -0.16096   0.05520  -0.14437  -0.09588   4.00000  7
   0.42711  -0.85495  -0.05548   0.02263   4.00000  8
   0.21452  -2.79934  -0.00087   0.00661   4.00000  9
   0.30293  -1.03694  -0.06063   0.02328   4.00000 10
  -0.64257  -0.87592  -0.05131  -0.07459   4.10000  1
  -0.51137   1.16465   0.00556  -0.03031   4.10000  2
  -0.63255  -0.69840   0.06581   0.15942   4.10000  3
  -0.44021  -0.83332   0.11865   0.12239   4.10000  4
  -0.43526  -0.27034   0.04669  -0.10570   4.10000  5
  -0.36430  -0.04292   0.08695  -0.02412   4.10000  6
  -0.17574   0.04533  -0.15113  -0.10161   4.10000  7
   0.42132  -0.85286  -0.06040   0.01916   4.10000  8
   0.21443  -2.79867  -0.00088   0.00676   4.10000  9
   0.29690  -1.03435  -0.05994   0.02859   4.10000 10
  -0.64734  -0.88294  -0.04420  -0.06576   4.20000  1
  -0.51081   1.16159   0.00568  -0.03105   4.20000  2
  -0.62567  -0.68271   0.07178   0.15446   4.20000  3
  -0.42871  -0.82086   0.11143   0.12666   4.20000  4
  -0.43048  -0.28083   0.04901  -0.10426   4.20000  5
  -0.35545  -0.04557   0.09013  -0.02880   4.20000  6
  -0.19120   0.03486  -0.15822  -0.10784   4.20000  7
   0.41503  -0.85111  -0.06541   0.01572   4.20000  8
   0.21434  -2.79798  -0.00090   0.00692   4.20000  9
   0.29094  -1.03122  -0.05929   0.03395   4.20000 10
  -0.65141  -0.88908  -0.03725  -0.05710   4.30000  1
  -0.51023   1.15844   0.00580  -0.03179   4.30000  2
  -0.61820  -0.66748   0.07769   0.15016   4.30000  3
  -0.41790  -0.80799   0.10472   0.13086   4.30000  4
  -0.42546  -0.29120   0.05120  -0.10309   4.30000  5
  -0.34627  -0.04867   0.09356  -0.03317   4.30000  6
  -0.20739   0.02374  -0.16558  -0.11465   4.30000  7
   0.40823  -0.84971  -0.07052   0.01230   4.30000  8
   0.21425  -2.79728  -0.00092   0.00708   4.30000  9
   0.28504  -1.02756  -0.05869   0.03940   4.30000 10
  -0.65480  -0.89437  -0.03051  -0.04867   4.40000  1
  -0.50965   1.15523   0.00591  -0.03253   4.40000  2
  -0.61013  -0.65265   0.08366   0.14652   4.40000  3
  -0.40775  -0.79469   0.09846   0.13510   4.40000  4
  -0.42024  -0.30146   0.05325  -0.10219   4.40000  5
  -0.33674  -0.05220   0.09711  -0.03722   4.40000  6
  -0.22432   0.01191  -0.17308  -0.12207   4.40000  7
   0.40092  -0.84866  -0.07575   0.00888   4.40000  8
   0.21416  -2.79657  -0.00094   0.00724   4.40000  9
   0.27920  -1.02334  -0.05812   0.04494   4.40000 10
  -0.65752  -0.89882  -0.02397  -0.04050   4.50000  1
  -0.50905   1.15194   0.00602  -0.03327   4.50000  2
  -0.60146  -0.63816   0.08978   0.14353   4.50000  3
  -0.39820  -0.78096   0.09261   0.13948   4.50000  4
  -0.41482  -0.31164   0.05512  -0.10156   4.50000  5
  -0.32685  -0.05611   0.10050  -0.04100   4.50000  6
  -0.24200  -0.00069  -0.18042  -0.13014   4.50000  7
   0.39308  -0.84794  -0.08111   0.00547   4.50000  8
   0.21406  -2.79584  -0.00096   0.00740   4.50000  9
   0.27342  -1.01857  -0.05756   0.05058   4.50000 10
  -0.65960  -0.90247  -0.01765  -0.03259   4.60000  1
  -0.50844   1.14857   0.00613  -0.03400   4.60000  2
  -0.59217  -0.62393   0.09612   0.14117   4.60000  3
  -0.38921  -0.76679   0.08710   0.14406   4.60000  4
  -0.40922  -0.32178   0.05677  -0.10120   4.60000  5
  -0.31666  -0.06039   0.10324  -0.04461   4.60000  6
  -0.26038  -0.01414  -0.18709  -0.13880   4.60000  7
   0.38469  -0.84756  -0.08663   0.00206   4.60000  8
   0.21396  -2.79509  -0.00098   0.00755   4.60000  9
   0.26769  -1.01322  -0.05703   0.05636   4.60000 10
  -0.66106  -0.90535  -0.01151  -0.02493   4.70000  1
  -0.50783   1.14514   0.00624  -0.03474   4.70000  2
  -0.58222  -0.60990   0.10277   0.13941   4.70000  3
  -0.38077  -0.75214   0.08189   0.14892   4.70000  4
  -0.40347  -0.33189   0.05816  -0.10112   4.70000  5
  -0.30625  -0.06503   0.10456  -0.04833   4.70000  6
  -0.27937  -0.02847  -0.19230  -0.14785   4.70000  7
   0.37575  -0.84753  -0.09231  -0.00136   4.70000  8
   0.21386  -2.79432  -0.00100   0.00771   4.70000  9
   0.26201  -1.00729  -0.05650   0.06228   4.70000 10
  -0.66191  -0.90747  -0.00556  -0.01749   4.80000  1
  -0.50720   1.14163   0.00634  -0.03547   4.80000  2
  -0.57160  -0.59602   0.10978   0.13825   4.80000  3
  -0.37283  -0.73699   0.07692   0.15413   4.80000  4
  -0.39760  -0.34201   0.05922  -0.10134   4.80000  5
  -0.29582  -0.07007   0.10360  -0.05258   4.80000  6
  -0.29876  -0.04371  -0.19515  -0.15694   4.80000  7
   0.36623  -0.84783  -0.09817  -0.00479   4.80000  8
   0.21376  -2.79355  -0.00102   0.00786   4.80000  9
   0.25639  -1.00076  -0.05596   0.06836   4.80000 10
  -0.66217  -0.90885   0.00024  -0.01026   4.90000  1
  -0.50656   1.13804   0.00644  -0.03619   4.90000  2
  -0.56025  -0.58223   0.11721   0.13767   4.90000  3
  -0.36538  -0.72130   0.07215   0.15975   4.90000  4
  -0.39164  -0.35217   0.05988  -0.10187   4.90000  5
  -0.28562  -0.07558   0.09992  -0.05777   4.90000  6
  -0.31830  -0.05984  -0.19515  -0.16572   4.90000  7
   0.35611  -0.84848  -0.10424  -0.00823   4.90000  8
   0.21366  -2.79275  -0.00104   0.00802   4.90000  9
   0.25082  -0.99361  -0.05542   0.07461   4.90000 10
  -0.66187  -0.90953   0.00591  -0.00321   5.00000  1
  -0.50591   1.13439   0.00653  -0.03692   5.00000  2
  -0.54814  -0.56847   0.12515   0.13766   5.00000  3
  -0.35839  -0.70503   0.06751   0.16586   5.00000  4
  -0.38564  -0.36240   0.06006  -0.10277   5.00000  5
  -0.27592  -0.08167   0.09385  -0.06411   5.00000  6
  -0.33771  -0.07684  -0.19258  -0.17406   5.00000  7
   0.34537  -0.84948  -0.11051  -0.01167   5.00000  8
   0.21356  -2.79194  -0.00106   0.00817   5.00000  9
   0.24531  -0.98583  -0.05486   0.08104   5.00000 10
  -0.66100  -0.90950   0.01147   0.00369   5.10000  1
  -0.50525   1.13066   0.00663  -0.03763   5.10000  2
  -0.53521  -0.55468   0.13364   0.13823   5.10000  3
  -0.35187  -0.68811   0.06296   0.17254   5.10000  4
  -0.37965  -0.37274   0.05967  -0.10406   5.10000  5
  -0.26690  -0.08844   0.08625  -0.07150   5.10000  6
  -0.35676  -0.09465  -0.18822  -0.18215   5.10000  7
   0.33400  -0.85082  -0.11701  -0.01511   5.10000  8
   0.21345  -2.79112  -0.00108   0.00832   5.10000  9
   0.23985  -0.97740  -0.05430   0.08766   5.10000 10
  -0.65958  -0.90879   0.01693   0.01046   5.20000  1
  -0.50458   1.12686   0.00672  -0.03835   5.20000  2
  -0.52139  -0.54081   0.14276   0.13937   5.20000  3
  -0.34580  -0.67049   0.05843   0.17989   5.20000  4
  -0.37373  -0.38323   0.05861  -0.10580   5.20000  5
  -0.25869  -0.09599   0.07793  -0.07971   5.20000  6
  -0.37532  -0.11327  -0.18283  -0.19027   5.20000  7
   0.32196  -0.85250  -0.12374  -0.01851   5.20000  8
   0.21334  -2.79028  -0.00110   0.00847   5.20000  9
   0.23445  -0.96829  -0.05372   0.09445   5.20000 10
  -0.65761  -0.90741   0.02231   0.01713   5.30000  1
  -0.50391   1.12299   0.00680  -0.03905   5.30000  2
  -0.50663  -0.52679   0.15256   0.14106   5.30000  3
  -0.34019  -0.65211   0.05388   0.18799   5.30000  4
  -0.36795  -0.39392   0.05684  -0.10803   5.30000  5
  -0.25132  -0.10440   0.06945  -0.08855   5.30000  6
  -0.39331  -0.13271  -0.17687  -0.19873   5.30000  7
   0.30924  -0.85452  -0.13070  -0.02183   5.30000  8
   0.21323  -2.78942  -0.00112   0.00862   5.30000  9
   0.22911  -0.95850  -0.05315   0.10140   5.30000 10
  -0.65512  -0.90537   0.02764   0.02372   5.40000  1
  -0.50322   1.11905   0.00689  -0.03975   5.40000  2
  -0.49085  -0.51258   0.16307   0.14325   5.40000  3
  -0.33503  -0.63287   0.04922   0.19696   5.40000  4
  -0.36239  -0.40485   0.05428  -0.11077   5.40000  5
  -0.24480  -0.11372   0.06107  -0.09791   5.40000  6
  -0.41068  -0.15303  -0.17055  -0.20772   5.40000  7
   0.29581  -0.85686  -0.13786  -0.02501   5.40000  8
   0.21311  -2.78856  -0.00114   0.00877   5.40000  9
   0.22382  -0.94801  -0.05262   0.10845   5.40000 10
  -0.65209  -0.90267   0.03293   0.03026   5.50000  1
  -0.50253   1.11504   0.00697  -0.04045   5.50000  2
  -0.47399  -0.49813   0.17425   0.14584   5.50000  3
  -0.33035  -0.61268   0.04438   0.20691   5.50000  4
  -0.35712  -0.41608   0.05094  -0.11393   5.50000  5
  -0.23910  -0.12400   0.05289  -0.10774   5.50000  6
  -0.42740  -0.17428  -0.16385  -0.21740   5.50000  7
   0.28166  -0.85951  -0.14516  -0.02791   5.50000  8
   0.21300  -2.78767  -0.00116   0.00892   5.50000  9
   0.21858  -0.93681  -0.05219   0.11550   5.50000 10
  -0.64853  -0.89932   0.03820   0.03677   5.60000  1
  -0.50183   1.11096   0.00705  -0.04114   5.60000  2
  -0.45599  -0.48341   0.18596   0.14860   5.60000  3
  -0.32616  -0.59145   0.03927   0.21791   5.60000  4
  -0.35222  -0.42764   0.04690  -0.11731   5.60000  5
  -0.23421  -0.13529   0.04491  -0.11807   5.60000  6
  -0.44343  -0.19654  -0.15661  -0.22786   5.60000  7
   0.26678  -0.86243  -0.15252  -0.03038   5.60000  8
   0.21288  -2.78677  -0.00118   0.00907   5.60000  9
   0.21337  -0.92491  -0.05198   0.12241   5.60000 10
  -0.64445  -0.89532   0.04347   0.04328   5.70000  1
  -0.50112   1.10681   0.00713  -0.04183   5.70000  2
  -0.43680  -0.46841   0.19783   0.15114   5.70000  3
  -0.32251  -0.56906   0.03378   0.22993   5.70000  4
  -0.34776  -0.43954   0.04239  -0.12044   5.70000  5
  -0.23012  -0.14763   0.03708  -0.12895   5.70000  6
  -0.45870  -0.21988  -0.14856  -0.23914   5.70000  7
   0.25116  -0.86556  -0.15977  -0.03214   5.70000  8
   0.21276  -2.78586  -0.00120   0.00921   5.70000  9
   0.20817  -0.91234  -0.05215   0.12893   5.70000 10
  -0.63984  -0.89066   0.04876   0.04983   5.80000  1
  -0.50040   1.10260   0.00721  -0.04251   5.80000  2
  -0.41644  -0.45321   0.20914   0.15280   5.80000  3
  -0.31942  -0.54544   0.02783   0.24268   5.80000  4
  -0.34375  -0.45170   0.03786  -0.12244   5.80000  5
  -0.22680  -0.16110   0.02931  -0.14050   5.80000  6
  -0.47310  -0.24439  -0.13925  -0.25113   5.80000  7
   0.23484  -0.86882  -0.16670  -0.03286   5.80000  8
   0.21264  -2.78493  -0.00123   0.00936   5.80000  9
   0.20292  -0.89915  -0.05294   0.13476   5.80000 10
  -0.63469  -0.88535   0.05409   0.05645   5.90000  1
  -0.49968   1.09831   0.00729  -0.04318   5.90000  2
  -0.39502  -0.43791   0.21880   0.15275   5.90000  3
  -0.31696  -0.52053   0.02138   0.25540   5.90000  4
  -0.34016  -0.46395   0.03399  -0.12202   5.90000  5
  -0.22425  -0.17576   0.02150  -0.15284   5.90000  6
  -0.48649  -0.27012  -0.12816  -0.26343   5.90000  7
   0.21785  -0.87208  -0.17302  -0.03216   5.90000  8
   0.21252  -2.78399  -0.00125   0.00950   5.90000  9
   0.19755  -0.88543  -0.05463   0.13953   5.90000 10
  -0.62902  -0.87937   0.05948   0.06318   6.00000  1
  -0.49894   1.09396   0.00737  -0.04385   6.00000  2
  -0.37277  -0.42274   0.22572   0.15031   6.00000  3
  -0.31516  -0.49441   0.01463   0.26666   6.00000  4
  -0.33691  -0.47597   0.03140  -0.11772   6.00000  5
  -0.22250  -0.19170   0.01350  -0.16613   6.00000  6
  -0.49866  -0.29706  -0.11485  -0.27531   6.00000  7
   0.20026  -0.87519  -0.17849  -0.02974   6.00000  8
   0.21239  -2.78303  -0.00127   0.00964   6.00000  9
   0.19196  -0.87129  -0.05749   0.14297   6.00000 10
  -0.62279  -0.87271   0.06497   0.07006   6.10000  1
  -0.49820   1.08954   0.00745  -0.04452   6.10000  2
  -0.34999  -0.40793   0.22934   0.14543   6.10000  3
  -0.31403  -0.46730   0.00813   0.27492   6.10000  4
  -0.33384  -0.48733   0.03018  -0.10880   6.10000  5
  -0.22157  -0.20902   0.00514  -0.18057   6.10000  6
  -0.50938  -0.32513  -0.09927  -0.28580   6.10000  7
   0.18218  -0.87797  -0.18296  -0.02545   6.10000  8
   0.21226  -2.78206  -0.00129   0.00979   6.10000  9
   0.18601  -0.85688  -0.06169   0.14495   6.10000 10
  -0.61602  -0.86535   0.07057   0.07714   6.20000  1
  -0.49745   1.08506   0.00753  -0.04519   6.20000  2
  -0.32700  -0.39371   0.22989   0.13888   6.20000  3
  -0.31349  -0.43955   0.00278   0.27948   6.20000  4
  -0.33084  -0.49760   0.02992  -0.09603   6.20000  5
  -0.22149  -0.22785  -0.00379  -0.19631   6.20000  6
  -0.51846  -0.35415  -0.08193  -0.29410   6.20000  7
   0.16370  -0.88023  -0.18646  -0.01944   6.20000  8
   0.21213  -2.78107  -0.00131   0.00993   6.20000  9
   0.17957  -0.84234  -0.06720   0.14564   6.20000 10
  -0.60867  -0.85727   0.07633   0.08449   6.30000  1
  -0.49670   1.08050   0.00761  -0.04586   6.30000  2
  -0.30410  -0.38017   0.22789   0.13193   6.30000  3
  -0.31339  -0.41152  -0.00035   0.28057   6.30000  4
  -0.32784  -0.50647   0.03011  -0.08132   6.30000  5
  -0.22235  -0.24833  -0.01351  -0.21338   6.30000  6
  -0.52574  -0.38387  -0.06370  -0.29986   6.30000  7
   0.14491  -0.88181  -0.18919  -0.01199   6.30000  8
   0.21200  -2.78007  -0.00133   0.01007   6.30000  9
   0.17253  -0.82779  -0.07388   0.14536   6.30000 10
  -0.60074  -0.84844   0.08228   0.09217   6.40000  1
  -0.49593   1.07588   0.00770  -0.04653   6.40000  2
  -0.28150  -0.36730   0.22375   0.12566   6.40000  3
  -0.31346  -0.38354  -0.00033   0.27849   6.40000  4
  -0.32481  -0.51386   0.03047  -0.06640   6.40000  5
  -0.22423  -0.27056  -0.02418  -0.23142   6.40000  6
  -0.53119  -0.41404  -0.04544  -0.30318   6.40000  7
   0.12588  -0.88259  -0.19139  -0.00349   6.40000  8
   0.21187  -2.77906  -0.00135   0.01021   6.40000  9
   0.16477  -0.81329  -0.08151   0.14450   6.40000 10
  -0.59221  -0.83882   0.08847   0.10025   6.50000  1
  -0.49516   1.07120   0.00778  -0.04720   6.50000  2
  -0.25941  -0.35501   0.21767   0.12021   6.50000  3
  -0.31334  -0.35593   0.00328   0.27316   6.50000  4
  -0.32174  -0.51978   0.03087  -0.05226   6.50000  5
  -0.22721  -0.29460  -0.03563  -0.24912   6.50000  6
  -0.53485  -0.44444  -0.02787  -0.30457   6.50000  7
   0.10665  -0.88248  -0.19331   0.00577   6.50000  8
   0.21173  -2.77803  -0.00138   0.01035   6.50000  9
   0.15620  -0.79889  -0.08989   0.14341   6.50000 10
  -0.58304  -0.82837   0.09493   0.10884   6.60000  1
  -0.49437   1.06644   0.00787  -0.04788   6.60000  2
  -0.23803  -0.34327   0.20947   0.11442   6.60000  3
  -0.31270  -0.32904   0.01000   0.26402   6.60000  4
  -0.31864  -0.52435   0.03131  -0.03932   6.60000  5
  -0.23135  -0.32029  -0.04684  -0.26377   6.60000  6
  -0.53680  -0.47491  -0.01132  -0.30469   6.60000  7
   0.08722  -0.88142  -0.19516   0.01556   6.60000  8
   0.21159  -2.77699  -0.00140   0.01048   6.60000  9
   0.14677  -0.78461  -0.09888   0.14234   6.60000 10
  -0.57321  -0.81703   0.10173   0.11803   6.70000  1
  -0.49358   1.06162   0.00796  -0.04856   6.70000  2
  -0.21760  -0.33219   0.19886   0.10661   6.70000  3
  -0.31129  -0.30327   0.01828   0.25064   6.70000  4
  -0.31548  -0.52769   0.03186  -0.02772   6.70000  5
  -0.23651  -0.34716  -0.05596  -0.27264   6.70000  6
  -0.53715  -0.50536   0.00417  -0.30420   6.70000  7
   0.06761  -0.87936  -0.19709   0.02576   6.70000  8
   0.21145  -2.77593  -0.00142   0.01062   6.70000  9
   0.13641  -0.77042  -0.10839   0.14147   6.70000 10
  -0.56268  -0.80474   0.10893   0.12796   6.80000  1
  -0.49278   1.05673   0.00806  -0.04925   6.80000  2
  -0.19832  -0.32203   0.18638   0.09640   6.80000  3
  -0.30905  -0.27901   0.02640   0.23409   6.80000  4
  -0.31226  -0.52994   0.03261  -0.01745   6.80000  5
  -0.24243  -0.37463  -0.06204  -0.27618   6.80000  6
  -0.53600  -0.53574   0.01873  -0.30352   6.80000  7
   0.04780  -0.87626  -0.19923   0.03629   6.80000  8
   0.21131  -2.77487  -0.00145   0.01076   6.80000  9
   0.12507  -0.75630  -0.11840   0.14089   6.80000 10
  -0.55141  -0.79141   0.11659   0.13876   6.90000  1
  -0.49197   1.05177   0.00816  -0.04995   6.90000  2
  -0.18034  -0.31295   0.17330   0.08500   6.90000  3
  -0.30604  -0.25649   0.03359   0.21639   6.90000  4
  -0.30894  -0.53122   0.03367  -0.00851   6.90000  5
  -0.24884  -0.40232  -0.06583  -0.27748   6.90000  6
  -0.53343  -0.56606   0.03256  -0.30295   6.90000  7
   0.02776  -0.87209  -0.20166   0.04716   6.90000  8
   0.21116  -2.77378  -0.00147   0.01090   6.90000  9
   0.11271  -0.74223  -0.12891   0.14068   6.90000 10
  -0.53935  -0.77696   0.12478   0.15052   7.00000  1
  -0.49115   1.04674   0.00826  -0.05065   7.00000  2
  -0.16365  -0.30503   0.16055   0.07355   7.00000  3
  -0.30236  -0.23573   0.03989   0.19892   7.00000  4
  -0.30551  -0.53169   0.03510  -0.00097   7.00000  5
  -0.25556  -0.43014  -0.06847  -0.27901   7.00000  6
  -0.52951  -0.59634   0.04582  -0.30261   7.00000  7
   0.00745  -0.86681  -0.20447   0.05839   7.00000  8
   0.21101  -2.77269  -0.00150   0.01103   7.00000  9
   0.09927  -0.72816  -0.13997   0.14084   7.00000 10
  -0.52643  -0.76128   0.13354   0.16322   7.10000  1
  -0.49032   1.04164   0.00837  -0.05137   7.10000  2
  -0.14821  -0.29823   0.14851   0.06253   7.10000  3
  -0.29808  -0.21668   0.04550   0.18225   7.10000  4
  -0.30191  -0.53147   0.03692   0.00491   7.10000  5
  -0.26252  -0.45816  -0.07064  -0.28162   7.10000  6
  -0.52428  -0.62659   0.05870  -0.30247   7.10000  7
  -0.01315  -0.86039  -0.20774   0.07002   7.10000  8
   0.21086  -2.77158  -0.00152   0.01117   7.10000  9
   0.08470  -0.71405  -0.15163   0.14137   7.10000 10
  -0.51262  -0.74430   0.14286   0.17638   7.20000  1
  -0.48948   1.03647   0.00849  -0.05210   7.20000  2
  -0.13392  -0.29250   0.13723   0.05204   7.20000  3
  -0.29327  -0.19925   0.05061   0.16650   7.20000  4
  -0.29812  -0.53078   0.03897   0.00862   7.20000  5
  -0.26968  -0.48649  -0.07251  -0.28506   7.20000  6
  -0.51777  -0.65683   0.07146  -0.30206   7.20000  7
  -0.03411  -0.85279  -0.21156   0.08213   7.20000  8
   0.21071  -2.77045  -0.00155   0.01130   7.20000  9
   0.06892  -0.69987  -0.16398   0.14226   7.20000 10
  -0.49785  -0.72603   0.15268   0.18861   7.30000  1
  -0.48862   1.03122   0.00861  -0.05285   7.30000  2
  -0.12074  -0.28780   0.12661   0.04201   7.30000  3
  -0.28797  -0.18335   0.05534   0.15159   7.30000  4
  -0.29412  -0.52985   0.04093   0.00939   7.30000  5
  -0.27701  -0.51517  -0.07390  -0.28847   7.30000  6
  -0.50998  -0.68695   0.08446  -0.29999   7.30000  7
  -0.05549  -0.84395  -0.21603   0.09480   7.30000  8
   0.21055  -2.76932  -0.00157   0.01144   7.30000  9
   0.05188  -0.68559  -0.17711   0.14345   7.30000 10
  -0.48206  -0.70668   0.16312   0.19774   7.40000  1
  -0.48775   1.02590   0.00874  -0.05361   7.40000  2
  -0.10859  -0.28409   0.11652   0.03235   7.40000  3
  -0.28222  -0.16890   0.05976   0.13740   7.40000  4
  -0.28995  -0.52902   0.04243   0.00658   7.40000  5
  -0.28444  -0.54415  -0.07457  -0.29093   7.40000  6
  -0.50086  -0.71669   0.09796  -0.29408   7.40000  7
  -0.07734  -0.83381  -0.22126   0.10813   7.40000  8
   0.21039  -2.76817  -0.00160   0.01157   7.40000  9
   0.03347  -0.67117  -0.19110   0.14486   7.40000 10
  -0.46518  -0.68662   0.17478   0.20285   7.50000  1
  -0.48687   1.02050   0.00887  -0.05438   7.50000  2
  -0.09742  -0.28133   0.10681   0.02292   7.50000  3
  -0.27603  -0.15585   0.06392   0.12377   7.50000  4
  -0.28566  -0.52865   0.04330   0.00020   7.50000  5
  -0.29189  -0.57332  -0.07444  -0.29210   7.50000  6
  -0.49037  -0.74561   0.11183  -0.28355   7.50000  7
  -0.09977  -0.82230  -0.22740   0.12221   7.50000  8
   0.21023  -2.76700  -0.00163   0.01170   7.50000  9
   0.01363  -0.65661  -0.20603   0.14637   7.50000 10
  -0.44704  -0.66620   0.18845   0.20526   7.60000  1
  -0.48598   1.01502   0.00901  -0.05517   7.60000  2
  -0.08721  -0.27950   0.09735   0.01363   7.60000  3
  -0.26944  -0.14414   0.06785   0.11057   7.60000  4
  -0.28131  -0.52907   0.04364  -0.00896   7.60000  5
  -0.29931  -0.60253  -0.07375  -0.29209   7.60000  6
  -0.47850  -0.77330   0.12567  -0.27000   7.60000  7
  -0.12286  -0.80934  -0.23460   0.13711   7.60000  8
   0.21007  -2.76582  -0.00166   0.01184   7.60000  9
  -0.00777  -0.64190  -0.22195   0.14783   7.60000 10
  -0.42741  -0.64562   0.20443   0.20597   7.70000  1
  -0.48507   1.00946   0.00915  -0.05597   7.70000  2
  -0.07795  -0.27860   0.08798   0.00438   7.70000  3
  -0.26247  -0.13373   0.07154   0.09767   7.70000  4
  -0.27694  -0.53050   0.04372  -0.01993   7.70000  5
  -0.30663  -0.63169  -0.07262  -0.29077   7.70000  6
  -0.46525  -0.79957   0.13933  -0.25519   7.70000  7
  -0.14673  -0.79485  -0.24300   0.15285   7.70000  8
   0.20990  -2.76463  -0.00169   0.01197   7.70000  9
  -0.03080  -0.62705  -0.23886   0.14902   7.70000 10
  -0.40610  -0.62508   0.22210   0.20450   7.80000  1
  -0.48415   1.00382   0.00931  -0.05680   7.80000  2
  -0.06962  -0.27862   0.07855  -0.00488   7.80000  3
  -0.25514  -0.12460   0.07502   0.08496   7.80000  4
  -0.27256  -0.53309   0.04376  -0.03195   7.80000  5
  -0.31380  -0.66062  -0.07046  -0.28727   7.80000  6
  -0.45064  -0.82432   0.15280  -0.23974   7.80000  7
  -0.17150  -0.77874  -0.25268   0.16933   7.80000  8
   0.20973  -2.76343  -0.00172   0.01211   7.80000  9
  -0.05557  -0.61211  -0.25668   0.14974   7.80000 10
  -0.38299  -0.60482   0.24002   0.20013   7.90000  1
  -0.48321   0.99810   0.00947  -0.05764   7.90000  2
  -0.06225  -0.27958   0.06888  -0.01418   7.90000  3
  -0.24747  -0.11673   0.07827   0.07234   7.90000  4
  -0.26818  -0.53691   0.04391  -0.04446   7.90000  5
  -0.32065  -0.68905  -0.06600  -0.28081   7.90000  6
  -0.43470  -0.84749   0.16594  -0.22355   7.90000  7
  -0.19730  -0.76097  -0.26348   0.18616   7.90000  8
   0.20956  -2.76221  -0.00175   0.01224   7.90000  9
  -0.08216  -0.59713  -0.27526   0.14976   7.90000 10
  -0.35812  -0.58513   0.25708   0.19338   8.00000  1
  -0.48225   0.99229   0.00964  -0.05850   8.00000  2
  -0.05586  -0.28146   0.05884  -0.02354   8.00000  3
  -0.23949  -0.11013   0.08127   0.05970   8.00000  4
  -0.26378  -0.54198   0.04420  -0.05692   8.00000  5
  -0.32690  -0.71669  -0.05866  -0.27166   8.00000  6
  -0.41747  -0.86899   0.17836  -0.20626   8.00000  7
  -0.22421  -0.74153  -0.27458   0.20252   8.00000  8
   0.20938  -2.76098  -0.00178   0.01238   8.00000  9
  -0.11064  -0.58219  -0.29437   0.14890   8.00000 10
  -0.33161  -0.56620   0.27294   0.18508   8.10000  1
  -0.48128   0.98640   0.00981  -0.05937   8.10000  2
  -0.05050  -0.28428   0.04826  -0.03288   8.10000  3
  -0.23123  -0.10479   0.08400   0.04697   8.10000  4
  -0.25934  -0.54827   0.04459  -0.06852   8.10000  5
  -0.33232  -0.74330  -0.04959  -0.26021   8.10000  6
  -0.39907  -0.88870   0.18938  -0.18765   8.10000  7
  -0.25216  -0.72052  -0.28394   0.21718   8.10000  8
   0.20920  -2.75974  -0.00181   0.01252   8.10000  9
  -0.14104  -0.56739  -0.31363   0.14691   8.10000 10
