  -0.47341  -0.70072   0.00171  -0.00093   0.10000  1
  -0.52284   1.22698   0.00350  -0.00103   0.10000  2
   0.50196  -0.35546  -0.00216   0.00822   0.10000  3
   0.85288   0.77955  -0.00842  -0.00402   0.10000  4
  -1.75530   0.07225   0.00061   0.00006   0.10000  5
   0.45200  -0.03942   0.00079  -0.00414   0.10000  6
  -0.34936   1.69469  -0.00100  -0.00530   0.10000  7
   0.55855   0.66416   0.00476   0.00034   0.10000  8
  -0.36555   0.78110   0.00046   0.00406   0.10000  9
  -0.29758  -1.36183  -0.00023   0.00273   0.10000 10
  -0.47316  -0.70086   0.00342  -0.00186   0.20000  1
  -0.52231   1.22683   0.00700  -0.00205   0.20000  2
   0.50163  -0.35423  -0.00432   0.01647   0.20000  3
   0.85162   0.77895  -0.01688  -0.00806   0.20000  4
  -1.75521   0.07226   0.00122   0.00011   0.20000  5
   0.45212  -0.04004   0.00158  -0.00831   0.20000  6
  -0.34951   1.69390  -0.00200  -0.01061   0.20000  7
   0.55927   0.66421   0.00955   0.00070   0.20000  8
  -0.36548   0.78171   0.00091   0.00814   0.20000  9
  -0.29762  -1.36142  -0.00047   0.00547   0.20000 10
  -0.47273  -0.70109   0.00513  -0.00279   0.30000  1
  -0.52143   1.22657   0.01051  -0.00308   0.30000  2
   0.50109  -0.35217  -0.00648   0.02479   0.30000  3
   0.84950   0.77794  -0.02541  -0.01213   0.30000  4
  -1.75506   0.07227   0.00183   0.00017   0.30000  5
   0.45232  -0.04108   0.00238  -0.01255   0.30000  6
  -0.34976   1.69257  -0.00300  -0.01594   0.30000  7
   0.56046   0.66430   0.01440   0.00109   0.30000  8
  -0.36537   0.78273   0.00136   0.01223   0.30000  9
  -0.29768  -1.36073  -0.00070   0.00821   0.30000 10
  -0.47213  -0.70141   0.00684  -0.00373   0.40000  1
  -0.52021   1.22621   0.01403  -0.00411   0.40000  2
   0.50034  -0.34927  -0.00865   0.03323   0.40000  3
   0.84653   0.77652  -0.03405  -0.01626   0.40000  4
  -1.75485   0.07229   0.00243   0.00023   0.40000  5
   0.45260  -0.04255   0.00318  -0.01690   0.40000  6
  -0.35011   1.69071  -0.00401  -0.02130   0.40000  7
   0.56215   0.66443   0.01936   0.00153   0.40000  8
  -0.36521   0.78416   0.00180   0.01636   0.40000  9
  -0.29776  -1.35978  -0.00094   0.01096   0.40000 10
  -0.47136  -0.70183   0.00855  -0.00468   0.50000  1
  -0.51863   1.22575   0.01756  -0.00515   0.50000  2
   0.49936  -0.34552  -0.01082   0.04181   0.50000  3
   0.84269   0.77469  -0.04284  -0.02046   0.50000  4
  -1.75457   0.07231   0.00304   0.00028   0.50000  5
   0.45296  -0.04447   0.00400  -0.02140   0.50000  6
  -0.35057   1.68831  -0.00501  -0.02671   0.50000  7
   0.56434   0.66461   0.02446   0.00204   0.50000  8
  -0.36501   0.78600   0.00223   0.02054   0.50000  9
  -0.29786  -1.35854  -0.00118   0.01372   0.50000 10
  -0.47042  -0.70235   0.01027  -0.00564   0.60000  1
  -0.51670   1.22518   0.02110  -0.00619   0.60000  2
   0.49817  -0.34090  -0.01300   0.05059   0.60000  3
   0.83796   0.77243  -0.05181  -0.02475   0.60000  4
  -1.75424   0.07235   0.00365   0.00034   0.60000  5
   0.45340  -0.04684   0.00484  -0.02608   0.60000  6
  -0.35112   1.68537  -0.00601  -0.03217   0.60000  7
   0.56705   0.66484   0.02973   0.00264   0.60000  8
  -0.36477   0.78827   0.00264   0.02477   0.60000  9
  -0.29799  -1.35703  -0.00142   0.01649   0.60000 10
  -0.46931  -0.70296   0.01199  -0.00661   0.70000  1
  -0.51441   1.22451   0.02466  -0.00724   0.70000  2
   0.49676  -0.33539  -0.01519   0.05960   0.70000  3
   0.83232   0.76973  -0.06101  -0.02916   0.70000  4
  -1.75384   0.07238   0.00425   0.00040   0.70000  5
   0.45392  -0.04969   0.00569  -0.03099   0.70000  6
  -0.35177   1.68187  -0.00701  -0.03770   0.70000  7
   0.57029   0.66514   0.03522   0.00335   0.70000  8
  -0.36448   0.79096   0.00304   0.02908   0.70000  9
  -0.29815  -1.35524  -0.00166   0.01928   0.70000 10
  -0.46802  -0.70367   0.01372  -0.00760   0.80000  1
  -0.51176   1.22373   0.02824  -0.00830   0.80000  2
   0.49514  -0.32897  -0.01739   0.06891   0.80000  3
   0.82575   0.76659  -0.07050  -0.03372   0.80000  4
  -1.75339   0.07242   0.00486   0.00045   0.80000  5
   0.45454  -0.05305   0.00656  -0.03619   0.80000  6
  -0.35252   1.67782  -0.00800  -0.04332   0.80000  7
   0.57410   0.66552   0.04099   0.00420   0.80000  8
  -0.36416   0.79408   0.00342   0.03347   0.80000  9
  -0.29833  -1.35318  -0.00191   0.02210   0.80000 10
  -0.46656  -0.70448   0.01546  -0.00861   0.90000  1
  -0.50876   1.22285   0.03185  -0.00937   0.90000  2
   0.49329  -0.32160  -0.01960   0.07856   0.90000  3
   0.81821   0.76298  -0.08032  -0.03844   0.90000  4
  -1.75287   0.07247   0.00547   0.00051   0.90000  5
   0.45524  -0.05694   0.00746  -0.04172   0.90000  6
  -0.35337   1.67321  -0.00900  -0.04903   0.90000  7
   0.57850   0.66598   0.04707   0.00520   0.90000  8
  -0.36380   0.79766   0.00378   0.03796   0.90000  9
  -0.29853  -1.35082  -0.00216   0.02493   0.90000 10
  -0.46493  -0.70540   0.01720  -0.00963   1.00000  1
  -0.50539   1.22186   0.03548  -0.01045   1.00000  2
   0.49122  -0.31324  -0.02181   0.08862   1.00000  3
   0.80967   0.75889  -0.09054  -0.04338   1.00000  4
  -1.75229   0.07253   0.00607   0.00057   1.00000  5
   0.45603  -0.06140   0.00837  -0.04764   1.00000  6
  -0.35432   1.66801  -0.00999  -0.05485   1.00000  7
   0.58353   0.66656   0.05352   0.00640   1.00000  8
  -0.36340   0.80168   0.00412   0.04257   1.00000  9
  -0.29876  -1.34819  -0.00242   0.02780   1.00000 10
  -0.46312  -0.70641   0.01894  -0.01068   1.10000  1
  -0.50166   1.22076   0.03913  -0.01155   1.10000  2
   0.48892  -0.30386  -0.02403   0.09915   1.10000  3
   0.80008   0.75430  -0.10121  -0.04855   1.10000  4
  -1.75166   0.07259   0.00667   0.00062   1.10000  5
   0.45691  -0.06648   0.00930  -0.05402   1.10000  6
  -0.35537   1.66223  -0.01098  -0.06080   1.10000  7
   0.58922   0.66727   0.06041   0.00782   1.10000  8
  -0.36297   0.80617   0.00443   0.04731   1.10000  9
  -0.29901  -1.34526  -0.00268   0.03069   1.10000 10
  -0.46114  -0.70753   0.02070  -0.01176   1.20000  1
  -0.49756   1.21955   0.04282  -0.01266   1.20000  2
   0.48641  -0.29340  -0.02624   0.11022   1.20000  3
   0.78941   0.74917  -0.11239  -0.05400   1.20000  4
  -1.75096   0.07265   0.00728   0.00068   1.20000  5
   0.45789  -0.07223   0.01024  -0.06093   1.20000  6
  -0.35651   1.65585  -0.01196  -0.06689   1.20000  7
   0.59563   0.66814   0.06778   0.00951   1.20000  8
  -0.36252   0.81115   0.00471   0.05220   1.20000  9
  -0.29929  -1.34205  -0.00295   0.03363   1.20000 10
  -0.45899  -0.70876   0.02246  -0.01286   1.30000  1
  -0.49310   1.21822   0.04654  -0.01379   1.30000  2
   0.48368  -0.28179  -0.02844   0.12191   1.30000  3
   0.77759   0.74349  -0.12413  -0.05977   1.30000  4
  -1.75020   0.07272   0.00788   0.00074   1.30000  5
   0.45896  -0.07869   0.01119  -0.06844   1.30000  6
  -0.35776   1.64885  -0.01293  -0.07315   1.30000  7
   0.60280   0.66918   0.07569   0.01150   1.30000  8
  -0.36203   0.81662   0.00496   0.05726   1.30000  9
  -0.29960  -1.33854  -0.00322   0.03659   1.30000 10
  -0.45665  -0.71011   0.02422  -0.01400   1.40000  1
  -0.48826   1.21679   0.05028  -0.01495   1.40000  2
   0.48072  -0.26899  -0.03059   0.13428   1.40000  3
   0.76456   0.73721  -0.13644  -0.06590   1.40000  4
  -1.74938   0.07280   0.00848   0.00080   1.40000  5
   0.46013  -0.08594   0.01211  -0.07659   1.40000  6
  -0.35910   1.64121  -0.01388  -0.07958   1.40000  7
   0.61078   0.67045   0.08415   0.01382   1.40000  8
  -0.36153   0.82261   0.00518   0.06252   1.40000  9
  -0.29994  -1.33473  -0.00350   0.03961   1.40000 10
  -0.45414  -0.71156   0.02600  -0.01517   1.50000  1
  -0.48304   1.21523   0.05406  -0.01614   1.50000  2
   0.47756  -0.25491  -0.03267   0.14734   1.50000  3
   0.75028   0.73030  -0.14927  -0.07240   1.50000  4
  -1.74850   0.07288   0.00908   0.00085   1.50000  5
   0.46138  -0.09403   0.01297  -0.08541   1.50000  6
  -0.36053   1.63292  -0.01482  -0.08622   1.50000  7
   0.61964   0.67196   0.09308   0.01649   1.50000  8
  -0.36100   0.82913   0.00536   0.06799   1.50000  9
  -0.30030  -1.33061  -0.00379   0.04267   1.50000 10
  -0.45145  -0.71314   0.02778  -0.01639   1.60000  1
  -0.47744   1.21356   0.05787  -0.01736   1.60000  2
   0.47420  -0.23950  -0.03460   0.16103   1.60000  3
   0.73470   0.72272  -0.16237  -0.07922   1.60000  4
  -1.74757   0.07297   0.00968   0.00091   1.60000  5
   0.46272  -0.10304   0.01370  -0.09481   1.60000  6
  -0.36206   1.62396  -0.01574  -0.09309   1.60000  7
   0.62941   0.67375   0.10225   0.01945   1.60000  8
  -0.36046   0.83621   0.00550   0.07371   1.60000  9
  -0.30070  -1.32619  -0.00408   0.04578   1.60000 10
  -0.44858  -0.71484   0.02957  -0.01765   1.70000  1
  -0.47146   1.21176   0.06171  -0.01862   1.70000  2
   0.47065  -0.22270  -0.03625   0.17505   1.70000  3
   0.71782   0.71445  -0.17512  -0.08618   1.70000  4
  -1.74657   0.07306   0.01027   0.00097   1.70000  5
   0.46411  -0.11300   0.01419  -0.10450   1.70000  6
  -0.36368   1.61430  -0.01664  -0.10022   1.70000  7
   0.64008   0.67585   0.11103   0.02251   1.70000  8
  -0.35990   0.84388   0.00561   0.07970   1.70000  9
  -0.30112  -1.32146  -0.00438   0.04895   1.70000 10
  -0.44554  -0.71667   0.03137  -0.01896   1.80000  1
  -0.46510   1.20983   0.06558  -0.01993   1.80000  2
   0.46696  -0.20450  -0.03746   0.18868   1.80000  3
   0.69973   0.70549  -0.18628  -0.09284   1.80000  4
  -1.74551   0.07316   0.01087   0.00103   1.80000  5
   0.46554  -0.12393   0.01424  -0.11375   1.80000  6
  -0.36539   1.60391  -0.01750  -0.10764   1.80000  7
   0.65156   0.67825   0.11818   0.02523   1.80000  8
  -0.35933   0.85216   0.00569   0.08600   1.80000  9
  -0.30157  -1.31640  -0.00469   0.05218   1.80000 10
  -0.44231  -0.71864   0.03317  -0.02033   1.90000  1
  -0.45835   1.20777   0.06946  -0.02130   1.90000  2
   0.46318  -0.18502  -0.03793   0.20052   1.90000  3
   0.68068   0.69592  -0.19392  -0.09842   1.90000  4
  -1.74440   0.07327   0.01146   0.00108   1.90000  5
   0.46694  -0.13569   0.01359  -0.12113   1.90000  6
  -0.36718   1.59276  -0.01831  -0.11537   1.90000  7
   0.66360   0.68086   0.12175   0.02682   1.90000  8
  -0.35876   0.86109   0.00572   0.09265   1.90000  9
  -0.30206  -1.31102  -0.00501   0.05548   1.90000 10
  -0.43890  -0.72074   0.03498  -0.02176   2.00000  1
  -0.45120   1.20557   0.07336  -0.02274   2.00000  2
   0.45941  -0.16453  -0.03740   0.20845   2.00000  3
   0.66113   0.68587  -0.19619  -0.10205   2.00000  4
  -1.74322   0.07338   0.01206   0.00114   2.00000  5
   0.46822  -0.14802   0.01196  -0.12452   2.00000  6
  -0.36905   1.58082  -0.01907  -0.12347   2.00000  7
   0.67573   0.68354   0.11991   0.02640   2.00000  8
  -0.35819   0.87071   0.00572   0.09969   2.00000  9
  -0.30257  -1.30530  -0.00533   0.05886   2.00000 10
  -0.43531  -0.72299   0.03680  -0.02326   2.10000  1
  -0.44367   1.20322   0.07725  -0.02427   2.10000  2
   0.45574  -0.14352  -0.03584   0.21073   2.10000  3
   0.64163   0.67558  -0.19292  -0.10343   2.10000  4
  -1.74198   0.07350   0.01265   0.00120   2.10000  5
   0.46929  -0.16040   0.00931  -0.12215   2.10000  6
  -0.37099   1.56805  -0.01975  -0.13198   2.10000  7
   0.68739   0.68606   0.11246   0.02365   2.10000  8
  -0.35762   0.88105   0.00569   0.10718   2.10000  9
  -0.30312  -1.29924  -0.00566   0.06233   2.10000 10
  -0.43154  -0.72540   0.03862  -0.02484   2.20000  1
  -0.43576   1.20071   0.08112  -0.02590   2.20000  2
   0.45226  -0.12257  -0.03355   0.20744   2.20000  3
   0.62267   0.66524  -0.18576  -0.10307   2.20000  4
  -1.74069   0.07362   0.01324   0.00126   2.20000  5
   0.47006  -0.17226   0.00597  -0.11408   2.20000  6
  -0.37299   1.55441  -0.02034  -0.14094   2.20000  7
   0.69809   0.68821   0.10106   0.01906   2.20000  8
  -0.35705   0.89216   0.00563   0.11517   2.20000  9
  -0.30371  -1.29283  -0.00599   0.06588   2.20000 10
  -0.42759  -0.72796   0.04045  -0.02651   2.30000  1
  -0.42745   1.19804   0.08494  -0.02765   2.30000  2
   0.44904  -0.10216  -0.03102   0.20044   2.30000  3
   0.60454   0.65500  -0.17678  -0.10176   2.30000  4
  -1.73934   0.07375   0.01383   0.00132   2.30000  5
   0.47048  -0.18309   0.00240  -0.10214   2.30000  6
  -0.37505   1.53985  -0.02081  -0.15041   2.30000  7
   0.70754   0.68984   0.08778   0.01343   2.30000  8
  -0.35650   0.90410   0.00554   0.12374   2.30000  9
  -0.30432  -1.28606  -0.00634   0.06954   2.30000 10
  -0.42345  -0.73070   0.04229  -0.02828   2.40000  1
  -0.41877   1.19518   0.08868  -0.02955   2.40000  2
   0.44606  -0.08254  -0.02855   0.19181   2.40000  3
   0.58733   0.64490  -0.16739  -0.10012   2.40000  4
  -1.73792   0.07389   0.01442   0.00138   2.40000  5
   0.47055  -0.19262  -0.00107  -0.08839   2.40000  6
  -0.37715   1.52431  -0.02113  -0.16046   2.40000  7
   0.71563   0.69088   0.07400   0.00734   2.40000  8
  -0.35595   0.91693   0.00543   0.13297   2.40000  9
  -0.30497  -1.27892  -0.00668   0.07330   2.40000 10
  -0.41913  -0.73362   0.04414  -0.03016   2.50000  1
  -0.40972   1.19212   0.09229  -0.03164   2.50000  2
   0.44332  -0.06380  -0.02629   0.18293   2.50000  3
   0.57105   0.63497  -0.15829  -0.09852   2.50000  4
  -1.73645   0.07403   0.01500   0.00144   2.50000  5
   0.47028  -0.20075  -0.00430  -0.07418   2.50000  6
  -0.37927   1.50773  -0.02126  -0.17116   2.50000  7
   0.72235   0.69131   0.06044   0.00114   2.50000  8
  -0.35541   0.93072   0.00530   0.14295   2.50000  9
  -0.30566  -1.27140  -0.00703   0.07719   2.50000 10
  -0.41462  -0.73674   0.04599  -0.03215   2.60000  1
  -0.40032   1.18884   0.09569  -0.03394   2.60000  2
   0.44079  -0.04593  -0.02426   0.17451   2.60000  3
   0.55565   0.62519  -0.14976  -0.09712   2.60000  4
  -1.73492   0.07417   0.01559   0.00151   2.60000  5
   0.46970  -0.20747  -0.00728  -0.06020   2.60000  6
  -0.38139   1.49005  -0.02114  -0.18260   2.60000  7
   0.72773   0.69111   0.04738  -0.00501   2.60000  8
  -0.35489   0.94555   0.00519   0.15380   2.60000  9
  -0.30638  -1.26348  -0.00739   0.08121   2.60000 10
  -0.40993  -0.74006   0.04785  -0.03428   2.70000  1
  -0.39059   1.18532   0.09878  -0.03649   2.70000  2
   0.43846  -0.02887  -0.02244   0.16687   2.70000  3
   0.54107   0.61554  -0.14188  -0.09602   2.70000  4
  -1.73334   0.07433   0.01618   0.00157   2.70000  5
   0.46883  -0.21281  -0.01002  -0.04674   2.70000  6
  -0.38349   1.47118  -0.02070  -0.19486   2.70000  7
   0.73184   0.69031   0.03488  -0.01106   2.70000  8
  -0.35437   0.96151   0.00510   0.16564   2.70000  9
  -0.30714  -1.25515  -0.00775   0.08538   2.70000 10
  -0.40505  -0.74360   0.04971  -0.03655   2.80000  1
  -0.38058   1.18153   0.10144  -0.03934   2.80000  2
   0.43630  -0.01253  -0.02080   0.16009   2.80000  3
   0.52726   0.60598  -0.13461  -0.09524   2.80000  4
  -1.73169   0.07449   0.01676   0.00163   2.80000  5
   0.46770  -0.21683  -0.01256  -0.03386   2.80000  6
  -0.38552   1.45105  -0.01985  -0.20807   2.80000  7
   0.73473   0.68890   0.02293  -0.01699   2.80000  8
  -0.35386   0.97872   0.00510   0.17862   2.80000  9
  -0.30793  -1.24640  -0.00812   0.08971   2.80000 10
  -0.39999  -0.74737   0.05157  -0.03899   2.90000  1
  -0.37032   1.17745   0.10347  -0.04249   2.90000  2
   0.43429   0.00318  -0.01930   0.15421   2.90000  3
   0.51413   0.59648  -0.12791  -0.09481   2.90000  4
  -1.72998   0.07465   0.01734   0.00170   2.90000  5
   0.46632  -0.21960  -0.01492  -0.02156   2.90000  6
  -0.38744   1.42954  -0.01849  -0.22234   2.90000  7
   0.73644   0.68691   0.01146  -0.02282   2.90000  8
  -0.35335   0.99728   0.00524   0.19288   2.90000  9
  -0.30876  -1.23720  -0.00848   0.09422   2.90000 10
  -0.39474  -0.75140   0.05344  -0.04161   3.00000  1
  -0.35991   1.17303   0.10460  -0.04591   3.00000  2
   0.43244   0.01834  -0.01791   0.14919   3.00000  3
   0.50166   0.58701  -0.12169  -0.09471   3.00000  4
  -1.72822   0.07483   0.01793   0.00176   3.00000  5
   0.46472  -0.22116  -0.01714  -0.00978   3.00000  6
  -0.38919   1.40654  -0.01645  -0.23782   3.00000  7
   0.73703   0.68434   0.00040  -0.02856   3.00000  8
  -0.35281   1.01734   0.00566   0.20852   3.00000  9
  -0.30963  -1.22755  -0.00885   0.09892   3.00000 10
  -0.38930  -0.75570   0.05531  -0.04442   3.10000  1
  -0.34945   1.16826   0.10445  -0.04945   3.10000  2
   0.43071   0.03304  -0.01662   0.14500   3.10000  3
   0.48978   0.57752  -0.11587  -0.09497   3.10000  4
  -1.72640   0.07501   0.01851   0.00183   3.10000  5
   0.46290  -0.22157  -0.01923   0.00156   3.10000  6
  -0.39070   1.38193  -0.01353  -0.25468   3.10000  7
   0.73654   0.68120  -0.01031  -0.03425   3.10000  8
  -0.35220   1.03903   0.00651   0.22554   3.10000  9
  -0.31053  -1.21741  -0.00921   0.10385   3.10000 10
  -0.38368  -0.76029   0.05718  -0.04746   3.20000  1
  -0.33908   1.16315   0.10252  -0.05265   3.20000  2
   0.42911   0.04737  -0.01541   0.14162   3.20000  3
   0.47847   0.56800  -0.11040  -0.09559   3.20000  4
  -1.72452   0.07519   0.01909   0.00189   3.20000  5
   0.46088  -0.22087  -0.02122   0.01250   3.20000  6
  -0.39186   1.35555  -0.00947  -0.27308   3.20000  7
   0.73498   0.67749  -0.02075  -0.03992   3.20000  8
  -0.35148   1.06248   0.00805   0.24366   3.20000  9
  -0.31147  -1.20677  -0.00957   0.10902   3.20000 10
  -0.37787  -0.76520   0.05903  -0.05076   3.30000  1
  -0.32902   1.15777   0.09818  -0.05459   3.30000  2
   0.42762   0.06139  -0.01427   0.13902   3.30000  3
   0.46769   0.55839  -0.10520  -0.09657   3.30000  4
  -1.72258   0.07538   0.01967   0.00196   3.30000  5
   0.45866  -0.21908  -0.02312   0.02313   3.30000  6
  -0.39255   1.32725  -0.00391  -0.29318   3.30000  7
   0.73239   0.67322  -0.03098  -0.04559   3.30000  8
  -0.35056   1.08778   0.01053   0.26210   3.30000  9
  -0.31244  -1.19560  -0.00993   0.11447   3.30000 10
  -0.37187  -0.77046   0.06087  -0.05433   3.40000  1
  -0.31955   1.15233   0.09084  -0.05368   3.40000  2
   0.42625   0.07520  -0.01320   0.13718   3.40000  3
   0.45742   0.54867  -0.10021  -0.09793   3.40000  4
  -1.72058   0.07558   0.02026   0.00203   3.40000  5
   0.45625  -0.21625  -0.02494   0.03351   3.40000  6
  -0.39258   1.29686   0.00370  -0.31500   3.40000  7
   0.72879   0.66837  -0.04106  -0.05130   3.40000  8
  -0.34934   1.11486   0.01401   0.27930   3.40000  9
  -0.31345  -1.18387  -0.01027   0.12022   3.40000 10
  -0.36569  -0.77608   0.06269  -0.05823   3.50000  1
  -0.31096   1.14719   0.08033  -0.04827   3.50000  2
   0.42498   0.08885  -0.01218   0.13611   3.50000  3
   0.44765   0.53880  -0.09538  -0.09969   3.50000  4
  -1.71853   0.07579   0.02084   0.00210   3.50000  5
   0.45367  -0.21239  -0.02668   0.04369   3.50000  6
  -0.39171   1.26421   0.01413  -0.33788   3.50000  7
   0.72418   0.66295  -0.05103  -0.05709   3.50000  8
  -0.34775   1.14352   0.01787   0.29294   3.50000  9
  -0.31450  -1.17154  -0.01059   0.12632   3.50000 10
  -0.35933  -0.78211   0.06447  -0.06249   3.60000  1
  -0.30357   1.14284   0.06718  -0.03798   3.60000  2
   0.42381   0.10244  -0.01122   0.13581   3.60000  3
   0.43835   0.52872  -0.09064  -0.10188   3.60000  4
  -1.71642   0.07600   0.02143   0.00217   3.60000  5
   0.45092  -0.20751  -0.02835   0.05373   3.60000  6
  -0.38962   1.22933   0.02831  -0.35899   3.60000  7
   0.71858   0.65695  -0.06097  -0.06299   3.60000  8
  -0.34580   1.17323   0.02068   0.29981   3.60000  9
  -0.31557  -1.15859  -0.01089   0.13281   3.60000 10
  -0.35280  -0.78859   0.06621  -0.06716   3.70000  1
  -0.29758   1.13969   0.05235  -0.02479   3.70000  2
   0.42274   0.11604  -0.01032   0.13631   3.70000  3
   0.42952   0.51840  -0.08595  -0.10453   3.70000  4
  -1.71424   0.07622   0.02202   0.00224   3.70000  5
   0.44800  -0.20164  -0.02996   0.06368   3.70000  6
  -0.38592   1.19271   0.04610  -0.37142   3.70000  7
   0.71199   0.65035  -0.07090  -0.06904   3.70000  8
  -0.34368   1.20309   0.02161   0.29498   3.70000  9
  -0.31667  -1.14497  -0.01114   0.13974   3.70000 10
  -0.34610  -0.79556   0.06787  -0.07230   3.80000  1
  -0.29312   1.13787   0.03689  -0.01202   3.80000  2
   0.42175   0.12973  -0.00950   0.13763   3.80000  3
   0.42116   0.50780  -0.08125  -0.10768   3.80000  4
  -1.71201   0.07645   0.02261   0.00231   3.80000  5
   0.44493  -0.19478  -0.03151   0.07359   3.80000  6
  -0.38038   1.15551   0.06464  -0.37049   3.80000  7
   0.70440   0.64314  -0.08089  -0.07530   3.80000  8
  -0.34148   1.23177   0.02247   0.27709   3.80000  9
  -0.31780  -1.13062  -0.01133   0.14717   3.80000 10
  -0.33923  -0.80307   0.06944  -0.07799   3.90000  1
  -0.29019   1.13717   0.02199  -0.00250   3.90000  2
   0.42083   0.14360  -0.00877   0.13983   3.90000  3
   0.41327   0.49685  -0.07649  -0.11138   3.90000  4
  -1.70972   0.07669   0.02321   0.00238   3.90000  5
   0.44170  -0.18692  -0.03300   0.08352   3.90000  6
  -0.37306   1.11891   0.08134  -0.36035   3.90000  7
   0.69581   0.63528  -0.09098  -0.08181   3.90000  8
  -0.33913   1.25830   0.02471   0.25312   3.90000  9
  -0.31894  -1.11551  -0.01144   0.15518   3.90000 10
  -0.33221  -0.81118   0.07086  -0.08430   4.00000  1
  -0.28866   1.13721   0.00892   0.00259   4.00000  2
   0.41999   0.15773  -0.00815   0.14298   4.00000  3
   0.40586   0.48550  -0.07161  -0.11568   4.00000  4
  -1.70737   0.07693   0.02381   0.00245   4.00000  5
   0.43833  -0.17807  -0.03443   0.09351   4.00000  6
  -0.36420   1.08359   0.09540  -0.34570   4.00000  7
   0.68620   0.62676  -0.10122  -0.08863   4.00000  8
  -0.33651   1.28240   0.02784   0.22893   4.00000  9
  -0.32008  -1.09957  -0.01142   0.16385   4.00000 10
  -0.32506  -0.81995   0.07208  -0.09133   4.10000  1
  -0.28831   1.13756  -0.00140   0.00379   4.10000  2
   0.41920   0.17223  -0.00766   0.14715   4.10000  3
   0.39895   0.47369  -0.06653  -0.12064   4.10000  4
  -1.70496   0.07718   0.02441   0.00253   4.10000  5
   0.43482  -0.16822  -0.03581   0.10363   4.10000  6
  -0.35408   1.04984   0.10662  -0.32896   4.10000  7
   0.67556   0.61754  -0.11168  -0.09583   4.10000  8
  -0.33356   1.30415   0.03117   0.20641   4.10000  9
  -0.32121  -1.08272  -0.01121   0.17325   4.10000 10
  -0.31781  -0.82947   0.07301  -0.09915   4.20000  1
  -0.28884   1.13789  -0.00874   0.00244   4.20000  2
   0.41845   0.18720  -0.00734   0.15245   4.20000  3
   0.39256   0.46135  -0.06119  -0.12633   4.20000  4
  -1.70249   0.07743   0.02503   0.00260   4.20000  5
   0.43117  -0.15734  -0.03713   0.11391   4.20000  6
  -0.34297   1.01781   0.11514  -0.31170   4.20000  7
   0.66386   0.60758  -0.12240  -0.10350   4.20000  8
  -0.33028   1.32374   0.03435   0.18577   4.20000  9
  -0.32231  -1.06489  -0.01073   0.18349   4.20000 10
  -0.31048  -0.83981   0.07351  -0.10785   4.30000  1
  -0.28997   1.13801  -0.01339  -0.00018   4.30000  2
   0.41772   0.20276  -0.00725   0.15899   4.30000  3
   0.38673   0.44840  -0.05547  -0.13281   4.30000  4
  -1.69995   0.07770   0.02564   0.00267   4.30000  5
   0.42739  -0.14543  -0.03839   0.12443   4.30000  6
  -0.33112   0.98748   0.12143  -0.29503   4.30000  7
   0.65107   0.59683  -0.13346  -0.11172   4.30000  8
  -0.32670   1.34136   0.03722   0.16684   4.30000  9
  -0.32335  -1.04599  -0.00984   0.19464   4.30000 10
  -0.30313  -0.85107   0.07338  -0.11742   4.40000  1
  -0.29144   1.13784  -0.01587  -0.00320   4.40000  2
   0.41699   0.21904  -0.00746   0.16688   4.40000  3
   0.38149   0.43476  -0.04925  -0.14014   4.40000  4
  -1.69736   0.07797   0.02627   0.00274   4.40000  5
   0.42349  -0.13244  -0.03960   0.13526   4.40000  6
  -0.31874   0.95877   0.12606  -0.27958   4.40000  7
   0.63715   0.58522  -0.14493  -0.12061   4.40000  8
  -0.32285   1.35716   0.03975   0.14937   4.40000  9
  -0.32426  -1.02593  -0.00835   0.20671   4.40000 10
  -0.29583  -0.86332   0.07232  -0.12772   4.50000  1
  -0.29308   1.13737  -0.01669  -0.00614   4.50000  2
   0.41622   0.23619  -0.00807   0.17622   4.50000  3
   0.37690   0.42034  -0.04236  -0.14834   4.50000  4
  -1.69470   0.07824   0.02690   0.00281   4.50000  5
   0.41947  -0.11836  -0.04076   0.14648   4.50000  6
  -0.30595   0.93152   0.12956  -0.26564   4.50000  7
   0.62206   0.57268  -0.15690  -0.13032   4.50000  8
  -0.31876   1.37127   0.04194   0.13313   4.50000  9
  -0.32499  -1.00462  -0.00595   0.21952   4.50000 10
  -0.28871  -0.87662   0.06990  -0.13817   4.60000  1
  -0.29474   1.13662  -0.01626  -0.00878   4.60000  2
   0.41536   0.25434  -0.00923   0.18700   4.60000  3
   0.37305   0.40506  -0.03457  -0.15729   4.60000  4
  -1.69198   0.07853   0.02754   0.00288   4.60000  5
   0.41534  -0.10313  -0.04187   0.15817   4.60000  6
  -0.29285   0.90559   0.13236  -0.25325   4.60000  7
   0.60575   0.55912  -0.16947  -0.14101   4.60000  8
  -0.31447   1.38382   0.04382   0.11794   4.60000  9
  -0.32541  -0.98202  -0.00221   0.23252   4.60000 10
  -0.28191  -0.89092   0.06562  -0.14740   4.70000  1
  -0.29630   1.13563  -0.01491  -0.01103   4.70000  2
   0.41435   0.27362  -0.01112   0.19892   4.70000  3
   0.37003   0.38887  -0.02560  -0.16659   4.70000  4
  -1.68919   0.07882   0.02818   0.00294   4.70000  5
   0.41110  -0.08671  -0.04294   0.17045   4.70000  6
  -0.27949   0.88082   0.13475  -0.24237   4.70000  7
   0.58814   0.54443  -0.18276  -0.15291   4.70000  8
  -0.31001   1.39489   0.04542   0.10363   4.70000  9
  -0.32537  -0.95816   0.00335   0.24434   4.70000 10
  -0.27565  -0.90598   0.05930  -0.15307   4.80000  1
  -0.29770   1.13443  -0.01287  -0.01287   4.80000  2
   0.41311   0.29413  -0.01389   0.21113   4.80000  3
   0.36797   0.37177  -0.01519  -0.17522   4.80000  4
  -1.68634   0.07912   0.02883   0.00301   4.80000  5
   0.40676  -0.06902  -0.04397   0.18347   4.80000  6
  -0.26590   0.85706   0.13698  -0.23290   4.80000  7
   0.56917   0.52849  -0.19692  -0.16627   4.80000  8
  -0.30539   1.40457   0.04678   0.09009   4.80000  9
  -0.32467  -0.93327   0.01094   0.25263   4.80000 10
  -0.27010  -0.92133   0.05157  -0.15281   4.90000  1
  -0.29886   1.13307  -0.01032  -0.01432   4.90000  2
   0.41155   0.31580  -0.01741   0.22172   4.90000  3
   0.36704   0.35391  -0.00332  -0.18117   4.90000  4
  -1.68343   0.07942   0.02949   0.00307   4.90000  5
   0.40231  -0.04998  -0.04497   0.19740   4.90000  6
  -0.25209   0.83419   0.13923  -0.22474   4.90000  7
   0.54873   0.51112  -0.21212  -0.18138   4.90000  8
  -0.30066   1.41293   0.04792   0.07719   4.90000  9
  -0.32313  -0.90783   0.01992   0.25503   4.90000 10
  -0.26534  -0.93633   0.04386  -0.14634   5.00000  1
  -0.29975   1.13158  -0.00738  -0.01541   5.00000  2
   0.40962   0.33833  -0.02090   0.22807   5.00000  3
   0.36734   0.33572   0.00938  -0.18173   5.00000  4
  -1.68044   0.07973   0.03016   0.00313   5.00000  5
   0.39776  -0.02950  -0.04594   0.21246   5.00000  6
  -0.23805   0.81208   0.14163  -0.21780   5.00000  7
   0.52670   0.49215  -0.22855  -0.19851   5.00000  8
  -0.29582   1.42003   0.04888   0.06485   5.00000  9
  -0.32069  -0.88247   0.02887   0.25128   5.00000 10
  -0.26129  -0.95046   0.03731  -0.13576   5.10000  1
  -0.30033   1.13000  -0.00414  -0.01617   5.10000  2
   0.40742   0.36121  -0.02289   0.22854   5.10000  3
   0.36889   0.31780   0.02152  -0.17549   5.10000  4
  -1.67739   0.08005   0.03083   0.00319   5.10000  5
   0.39312  -0.00744  -0.04689   0.22896   5.10000  6
  -0.22376   0.79060   0.14430  -0.21199   5.10000  7
   0.50297   0.47135  -0.24636  -0.21770   5.10000  8
  -0.29089   1.42592   0.04969   0.05298   5.10000  9
  -0.31740  -0.85771   0.03665   0.24345   5.10000 10
  -0.25782  -0.96343   0.03226  -0.12347   5.20000  1
  -0.30057   1.12835  -0.00068  -0.01663   5.20000  2
   0.40513   0.38386  -0.02243   0.22357   5.20000  3
   0.37158   0.30080   0.03179  -0.16393   5.20000  4
  -1.67428   0.08037   0.03152   0.00325   5.20000  5
   0.38839   0.01635  -0.04779   0.24726   5.20000  6
  -0.20918   0.76964   0.14734  -0.20725   5.20000  7
   0.47739   0.44856  -0.26527  -0.23826   5.20000  8
  -0.28588   1.43064   0.05035   0.04151   5.20000  9
  -0.31341  -0.83383   0.04292   0.23396   5.20000 10
  -0.25479  -0.97515   0.02853  -0.11098   5.30000  1
  -0.30046   1.12668   0.00296  -0.01683   5.30000  2
   0.40298   0.40575  -0.02050   0.21320   5.30000  3
   0.37517   0.28510   0.03956  -0.14982   5.30000  4
  -1.67109   0.08070   0.03221   0.00330   5.30000  5
   0.38357   0.04208  -0.04858   0.26778   5.30000  6
  -0.19428   0.74911   0.15084  -0.20353   5.30000  7
   0.44992   0.42373  -0.28380  -0.25785   5.30000  8
  -0.28082   1.43423   0.05089   0.03037   5.30000  9
  -0.30886  -0.81092   0.04787   0.22434   5.30000 10
  -0.25208  -0.98564   0.02583  -0.09900   5.40000  1
  -0.29997   1.12500   0.00675  -0.01677   5.40000  2
   0.40097   0.42625  -0.02029   0.19549   5.40000  3
   0.37939   0.27084   0.04432  -0.13531   5.40000  4
  -1.66784   0.08103   0.03291   0.00336   5.40000  5
   0.37868   0.07000  -0.04919   0.29105   5.40000  6
  -0.17899   0.72890   0.15490  -0.20080   5.40000  7
   0.42077   0.39715  -0.29838  -0.27283   5.40000  8
  -0.27571   1.43672   0.05133   0.01951   5.40000  9
  -0.30387  -0.78894   0.05182   0.21530   5.40000 10
  -0.24960  -0.99497   0.02387  -0.08777   5.50000  1
  -0.29911   1.12333   0.01064  -0.01648   5.50000  2
   0.39877   0.44461  -0.02439   0.17077   5.50000  3
   0.38390   0.25801   0.04510  -0.12165   5.50000  4
  -1.66451   0.08137   0.03361   0.00341   5.50000  5
   0.37374   0.10040  -0.04954   0.31748   5.50000  6
  -0.16327   0.70892   0.15960  -0.19905   5.50000  7
   0.39050   0.36934  -0.30561  -0.28270   5.50000  8
  -0.27056   1.43814   0.05168   0.00888   5.50000  9
  -0.29852  -0.76783   0.05503   0.20711   5.50000 10
  -0.24729  -1.00322   0.02247  -0.07734   5.60000  1
  -0.29784   1.12171   0.01462  -0.01596   5.60000  2
   0.39598   0.46032  -0.03189   0.14334   5.60000  3
   0.38823   0.24646   0.04046  -0.10959   5.60000  4
  -1.66111   0.08171   0.03433   0.00346   5.60000  5
   0.36878   0.13360  -0.04959   0.34708   5.60000  6
  -0.14705   0.68906   0.16502  -0.19830   5.60000  7
   0.35990   0.34066  -0.30507  -0.29091   5.60000  8
  -0.26537   1.43850   0.05195  -0.00157   5.60000  9
  -0.29288  -0.74749   0.05771   0.19980   5.60000 10
  -0.24510  -1.01047   0.02147  -0.06767   5.70000  1
  -0.29618   1.12015   0.01866  -0.01522   5.70000  2
   0.39235   0.47329  -0.04084   0.11639   5.70000  3
   0.39178   0.23604   0.02936  -0.09888   5.70000  4
  -1.65764   0.08206   0.03506   0.00351   5.70000  5
   0.36382   0.16987  -0.04972   0.37823   5.70000  6
  -0.13024   0.66923   0.17123  -0.19856   5.70000  7
   0.32972   0.31115  -0.29739  -0.29927   5.70000  8
  -0.26017   1.43783   0.05214  -0.01190   5.70000  9
  -0.28699  -0.72784   0.06001   0.19337   5.70000 10
  -0.24299  -1.01678   0.02079  -0.05868   5.80000  1
  -0.29411   1.11867   0.02277  -0.01425   5.80000  2
   0.38780   0.48364  -0.05020   0.09078   5.80000  3
   0.39389   0.22672   0.01210  -0.08704   5.80000  4
  -1.65410   0.08241   0.03580   0.00356   5.80000  5
   0.35879   0.20913  -0.05137   0.40552   5.80000  6
  -0.11277   0.64931   0.17835  -0.19989   5.80000  7
   0.30067   0.28086  -0.28255  -0.30561   5.80000  8
  -0.25495   1.43613   0.05227  -0.02214   5.80000  9
  -0.28089  -0.70879   0.06204   0.18775   5.80000 10
  -0.24093  -1.02222   0.02035  -0.05030   5.90000  1
  -0.29162   1.11731   0.02693  -0.01307   5.90000  2
   0.38231   0.49149  -0.05971   0.06626   5.90000  3
   0.39407   0.21878  -0.00905  -0.07088   5.90000  4
  -1.65048   0.08277   0.03654   0.00361   5.90000  5
   0.35342   0.25053  -0.05645   0.41997   5.90000  6
  -0.09454   0.62921   0.18647  -0.20230   5.90000  7
   0.27343   0.25030  -0.26130  -0.30385   5.90000  8
  -0.24972   1.43340   0.05234  -0.03233   5.90000  9
  -0.27459  -0.69027   0.06388   0.18288   5.90000 10
  -0.23891  -1.02686   0.02009  -0.04244   6.00000  1
  -0.28872   1.11607   0.03115  -0.01166   6.00000  2
   0.37585   0.49691  -0.06944   0.04229   6.00000  3
   0.39206   0.21268  -0.03098  -0.05088   6.00000  4
  -1.64679   0.08313   0.03730   0.00365   6.00000  5
   0.34743   0.29262  -0.06340   0.41984   6.00000  6
  -0.07544   0.60882   0.19574  -0.20582   6.00000  7
   0.24846   0.22047  -0.23841  -0.29118   6.00000  8
  -0.24448   1.42966   0.05236  -0.04252   6.00000  9
  -0.26811  -0.67219   0.06559   0.17872   6.00000 10
  -0.23691  -1.03073   0.01998  -0.03506   6.10000  1
  -0.28539   1.11498   0.03542  -0.01002   6.10000  2
   0.36840   0.49995  -0.07964   0.01841   6.10000  3
   0.38791   0.20863  -0.05180  -0.03017   6.10000  4
  -1.64302   0.08350   0.03807   0.00370   6.10000  5
   0.34077   0.33432  -0.06964   0.41397   6.10000  6
  -0.05535   0.58801   0.20637  -0.21045   6.10000  7
   0.22565   0.19225  -0.21832  -0.27284   6.10000  8
  -0.23925   1.42490   0.05233  -0.05276   6.10000  9
  -0.26147  -0.65450   0.06723   0.17522   6.10000 10
  -0.23491  -1.03388   0.01999  -0.02807   6.20000  1
  -0.28163   1.11407   0.03977  -0.00814   6.20000  2
   0.35990   0.50059  -0.09062  -0.00551   6.20000  3
   0.38175   0.20660  -0.07106  -0.01071   6.20000  4
  -1.63918   0.08387   0.03884   0.00374   6.20000  5
   0.33354   0.37544  -0.07499   0.40882   6.20000  6
  -0.03411   0.56669   0.21862  -0.21612   6.20000  7
   0.20468   0.16594  -0.20165  -0.25327   6.20000  8
  -0.23402   1.41910   0.05227  -0.06309   6.20000  9
  -0.25467  -0.63713   0.06884   0.17236   6.20000 10
  -0.23291  -1.03635   0.02010  -0.02144   6.30000  1
  -0.27744   1.11336   0.04419  -0.00601   6.30000  2
   0.35024   0.49887  -0.10268  -0.02877   6.30000  3
   0.37374   0.20643  -0.08890   0.00702   6.30000  4
  -1.63525   0.08425   0.03963   0.00378   6.30000  5
   0.32578   0.41615  -0.08006   0.40552   6.30000  6
  -0.01156   0.54476   0.23282  -0.22269   6.30000  7
   0.18523   0.14159  -0.18772  -0.23395   6.30000  8
  -0.22879   1.41227   0.05217  -0.07357   6.30000  9
  -0.24770  -0.62001   0.07045   0.17011   6.30000 10
  -0.23089  -1.03818   0.02029  -0.01512   6.40000  1
  -0.27279   1.11288   0.04870  -0.00362   6.40000  2
   0.33932   0.49493  -0.11596  -0.04923   6.40000  3
   0.36401   0.20795  -0.10559   0.02326   6.40000  4
  -1.63125   0.08463   0.04043   0.00383   6.40000  5
   0.31751   0.45653  -0.08550   0.40166   6.40000  6
   0.01253   0.52213   0.24934  -0.22980   6.40000  7
   0.16707   0.11913  -0.17584  -0.21518   6.40000  8
  -0.22358   1.40438   0.05204  -0.08425   6.40000  9
  -0.24058  -0.60309   0.07210   0.16845   6.40000 10
  -0.22885  -1.03939   0.02055  -0.00907   6.50000  1
  -0.26769   1.11265   0.05333  -0.00095   6.50000  2
   0.32702   0.48923  -0.13014  -0.06350   6.50000  3
   0.35265   0.21105  -0.12146   0.03848   6.50000  4
  -1.62717   0.08501   0.04124   0.00387   6.50000  5
   0.30865   0.49631  -0.09211   0.39270   6.50000  6
   0.03839   0.49880   0.26840  -0.23681   6.50000  7
   0.15001   0.09853  -0.16549  -0.19691   6.50000  8
  -0.21839   1.39541   0.05188  -0.09519   6.50000  9
  -0.23328  -0.58630   0.07381   0.16739   6.50000 10
  -0.22678  -1.04000   0.02087  -0.00325   6.60000  1
  -0.26212   1.11270   0.05809   0.00202   6.60000  2
   0.31328   0.48248  -0.14455  -0.07029   6.60000  3
   0.33974   0.21563  -0.13682   0.05320   6.60000  4
  -1.62300   0.08540   0.04205   0.00390   6.60000  5
   0.29903   0.53480  -0.10053   0.37576   6.60000  6
   0.06629   0.47481   0.28982  -0.24273   6.60000  7
   0.13393   0.07974  -0.15626  -0.17908   6.60000  8
  -0.21321   1.38533   0.05171  -0.10646   6.60000  9
  -0.22581  -0.56959   0.07562   0.16692   6.60000 10
  -0.22467  -1.04004   0.02125   0.00235   6.70000  1
  -0.25607   1.11306   0.06301   0.00530   6.70000  2
   0.29811   0.47532  -0.15890  -0.07271   6.70000  3
   0.32530   0.22169  -0.15198   0.06799   6.70000  4
  -1.61876   0.08579   0.04288   0.00394   6.70000  5
   0.28850   0.57124  -0.11016   0.35238   6.70000  6
   0.09641   0.45032   0.31267  -0.24659   6.70000  7
   0.11873   0.06271  -0.14781  -0.16160   6.70000  8
  -0.20805   1.37411   0.05151  -0.11812   6.70000  9
  -0.21816  -0.55290   0.07754   0.16705   6.70000 10
  -0.22253  -1.03954   0.02167   0.00777   6.80000  1
  -0.24952   1.11377   0.06810   0.00893   6.80000  2
   0.28150   0.46794  -0.17326  -0.07510   6.80000  3
   0.30934   0.22925  -0.16720   0.08350   6.80000  4
  -1.61443   0.08619   0.04373   0.00398   6.80000  5
   0.27701   0.60517  -0.11935   0.32594   6.80000  6
   0.12881   0.42557   0.33528  -0.24805   6.80000  7
   0.10435   0.04740  -0.13987  -0.14449   6.80000  8
  -0.20291   1.36169   0.05131  -0.13027   6.80000  9
  -0.21030  -0.53616   0.07959   0.16780   6.80000 10
  -0.22034  -1.03849   0.02213   0.01302   6.90000  1
  -0.24244   1.11486   0.07339   0.01292   6.90000  2
   0.26348   0.46019  -0.18691  -0.08063   6.90000  3
   0.29185   0.23843  -0.18257   0.10044   6.90000  4
  -1.61001   0.08659   0.04458   0.00401   6.90000  5
   0.26468   0.63643  -0.12684   0.29938   6.90000  6
   0.16339   0.40078   0.35554  -0.24750   6.90000  7
   0.09075   0.03379  -0.13223  -0.12784   6.90000  8
  -0.19778   1.34804   0.05111  -0.14299   6.90000  9
  -0.20223  -0.51931   0.08180   0.16919   6.90000 10
  -0.21810  -1.03694   0.02262   0.01812   7.00000  1
  -0.23483   1.11636   0.07891   0.01730   7.00000  2
   0.24423   0.45165  -0.19722  -0.09117   7.00000  3
   0.27283   0.24941  -0.19763   0.11955   7.00000  4
  -1.60551   0.08699   0.04545   0.00405   7.00000  5
   0.25171   0.66511  -0.13249   0.27469   7.00000  6
   0.19973   0.37612   0.37004  -0.24559   7.00000  7
   0.07790   0.02182  -0.12478  -0.11179   7.00000  8
  -0.19268   1.33307   0.05090  -0.15639   7.00000  9
  -0.19393  -0.50230   0.08419   0.17124   7.00000 10
  -0.21581  -1.03488   0.02315   0.02308   7.10000  1
  -0.22665   1.11833   0.08467   0.02209   7.10000  2
   0.22428   0.44180  -0.20054  -0.10639   7.10000  3
   0.25240   0.26242  -0.21018   0.14080   7.10000  4
  -1.60092   0.08740   0.04633   0.00409   7.10000  5
   0.23823   0.69146  -0.13688   0.25281   7.10000  6
   0.23703   0.35167   0.37349  -0.24337   7.10000  7
   0.06579   0.01141  -0.11751  -0.09653   7.10000  8
  -0.18760   1.31673   0.05071  -0.17056   7.10000  9
  -0.18539  -0.48504   0.08676   0.17398   7.10000 10
  -0.21347  -1.03232   0.02370   0.02792   7.20000  1
  -0.21789   1.12080   0.09067   0.02731   7.20000  2
   0.20437   0.43031  -0.19668  -0.12351   7.20000  3
   0.23103   0.27755  -0.21574   0.16128   7.20000  4
  -1.59624   0.08781   0.04722   0.00413   7.20000  5
   0.22435   0.71577  -0.14067   0.23394   7.20000  6
   0.27392   0.32745   0.36192  -0.24068   7.20000  7
   0.05439   0.00248  -0.11049  -0.08223   7.20000  8
  -0.18254   1.29893   0.05055  -0.18558   7.20000  9
  -0.17657  -0.46748   0.08953   0.17743   7.20000 10
  -0.21107  -1.02930   0.02427   0.03265   7.30000  1
  -0.20851   1.12380   0.09692   0.03291   7.30000  2
   0.18506   0.41711  -0.18902  -0.14028   7.30000  3
   0.20953   0.29449  -0.21328   0.17645   7.30000  4
  -1.59148   0.08823   0.04814   0.00417   7.30000  5
   0.21010   0.73834  -0.14437   0.21789   7.30000  6
   0.30900   0.30364   0.33824  -0.23490   7.30000  7
   0.04368  -0.00507  -0.10387  -0.06900   7.30000  8
  -0.17749   1.27958   0.05046  -0.20152   7.30000  9
  -0.16747  -0.44953   0.09251   0.18164   7.30000 10
  -0.20861  -1.02580   0.02486   0.03726   7.40000  1
  -0.19850   1.12739   0.10338   0.03875   7.40000  2
   0.16659   0.40229  -0.18032  -0.15585   7.40000  3
   0.18846   0.31267  -0.20822   0.18642   7.40000  4
  -1.58662   0.08865   0.04907   0.00421   7.40000  5
   0.19547   0.75944  -0.14828   0.20436   7.40000  6
   0.34146   0.28056   0.31105  -0.22658   7.40000  7
   0.03360  -0.01136  -0.09773  -0.05690   7.40000  8
  -0.17244   1.25860   0.05051  -0.21833   7.40000  9
  -0.15807  -0.43112   0.09568   0.18664   7.40000 10
  -0.20610  -1.02185   0.02547   0.04178   7.50000  1
  -0.18783   1.13155   0.10998   0.04446   7.50000  2
   0.14899   0.38601  -0.17181  -0.16917   7.50000  3
   0.16785   0.33166  -0.20435   0.19289   7.50000  4
  -1.58166   0.08907   0.05002   0.00426   7.50000  5
   0.18043   0.77929  -0.15259   0.19307   7.50000  6
   0.37127   0.25833   0.28550  -0.21814   7.50000  7
   0.02411  -0.01649  -0.09212  -0.04590   7.50000  8
  -0.16738   1.23590   0.05083  -0.23574   7.50000  9
  -0.14833  -0.41217   0.09907   0.19250   7.50000 10
  -0.20352  -1.01745   0.02610   0.04620   7.60000  1
  -0.17650   1.13625   0.11652   0.04919   7.60000  2
   0.13221   0.36860  -0.16411  -0.17827   7.60000  3
   0.14753   0.35111  -0.20213   0.19520   7.60000  4
  -1.57661   0.08950   0.05100   0.00431   7.60000  5
   0.16493   0.79812  -0.15743   0.18378   7.60000  6
   0.39866   0.23690   0.26278  -0.21068   7.60000  7
   0.01516  -0.02057  -0.08705  -0.03597   7.60000  8
  -0.16226   1.21145   0.05168  -0.25304   7.60000  9
  -0.13825  -0.39259   0.10266   0.19928   7.60000 10
  -0.20088  -1.01261   0.02674   0.05054   7.70000  1
  -0.16454   1.14130   0.12265   0.05137   7.70000  2
   0.11613   0.35057  -0.15775  -0.18118   7.70000  3
   0.12739   0.37051  -0.20084   0.19175   7.70000  4
  -1.57146   0.08993   0.05200   0.00437   7.70000  5
   0.14892   0.81611  -0.16293   0.17637   7.70000  6
   0.42391   0.21615   0.24268  -0.20442   7.70000  7
   0.00668  -0.02372  -0.08249  -0.02704   7.70000  8
  -0.15701   1.18534   0.05349  -0.26882   7.70000  9
  -0.12779  -0.37228   0.10645   0.20707   7.70000 10
  -0.19817  -1.00734   0.02739   0.05479   7.80000  1
  -0.15200   1.14636   0.12793   0.04879   7.80000  2
   0.10060   0.33256  -0.15312  -0.17817   7.80000  3
   0.10736   0.38927  -0.19969   0.18279   7.80000  4
  -1.56621   0.09037   0.05302   0.00443   7.80000  5
   0.13232   0.83345  -0.16919   0.17076   7.80000  6
   0.44727   0.19598   0.22478  -0.19923   7.80000  7
  -0.00135  -0.02602  -0.07838  -0.01908   7.80000  8
  -0.15151   1.15781   0.05684  -0.28104   7.80000  9
  -0.11695  -0.35114   0.11042   0.21597   7.80000 10
  -0.19540  -1.00165   0.02805   0.05897   7.90000  1
  -0.13899   1.15084   0.13202   0.03975   7.90000  2
   0.08545   0.31505  -0.15016  -0.17175   7.90000  3
   0.08746   0.40696  -0.19837   0.17068   7.90000  4
  -1.56086   0.09082   0.05407   0.00450   7.90000  5
   0.11505   0.85032  -0.17636   0.16694   7.90000  6
   0.46892   0.17628   0.20866  -0.19494   7.90000  7
  -0.00900  -0.02756  -0.07465  -0.01203   7.90000  8
  -0.14558   1.12930   0.06219  -0.28821   7.90000  9
  -0.10570  -0.32905   0.11454   0.22609   7.90000 10
  -0.19256  -0.99555   0.02871   0.06308   8.00000  1
  -0.12563   1.15410   0.13504   0.02449   8.00000  2
   0.07052   0.29824  -0.14852  -0.16452   8.00000  3
   0.06769   0.42339  -0.19691   0.15788   8.00000  4
  -1.55540   0.09127   0.05515   0.00457   8.00000  5
   0.09701   0.86690  -0.18460   0.16496   8.00000  6
   0.48904   0.15697   0.19397  -0.19137   8.00000  7
  -0.01629  -0.02845  -0.07123  -0.00587   8.00000  8
  -0.13900   1.10032   0.06961  -0.29082   8.00000  9
  -0.09404  -0.30588   0.11877   0.23759   8.00000 10
  -0.18966  -0.98904   0.02938   0.06713   8.10000  1
  -0.11201   1.15560   0.13745   0.00484   8.10000  2
   0.05571   0.28212  -0.14785  -0.15806   8.10000  3
   0.04808   0.43856  -0.19542   0.14583   8.10000  4
  -1.54983   0.09173   0.05626   0.00465   8.10000  5
   0.07809   0.88338  -0.19414   0.16491   8.10000  6
   0.50776   0.13798   0.18046  -0.18837   8.10000  7
  -0.02326  -0.02877  -0.06800  -0.00060   8.10000  8
  -0.13160   1.07122   0.07885  -0.29095   8.10000  9
  -0.08195  -0.28148   0.12302   0.25061   8.10000 10
