  -0.47337  -0.70120   0.00265  -0.01070   0.10000  1
  -0.52314   1.22675  -0.00252  -0.00556   0.10000  2
   1.23984   0.35370  -0.00455  -0.01127   0.10000  3
   0.31435  -1.25480  -0.06419  -0.01671   0.10000  4
   1.03483  -0.29606  -0.00128   0.00638   0.10000  5
  -1.01575  -1.24102   0.01207   0.00781   0.10000  6
   0.12893  -1.25130   0.05408  -0.01601   0.10000  7
  -1.06027   0.34210  -0.02334  -0.02578   0.10000  8
   0.23797  -1.69109  -0.00401   0.04875   0.10000  9
  -1.28669   0.13021   0.03108   0.02310   0.10000 10
  -0.47297  -0.70281   0.00529  -0.02143   0.20000  1
  -0.52351   1.22592  -0.00503  -0.01112   0.20000  2
   1.23916   0.35201  -0.00912  -0.02260   0.20000  3
   0.30466  -1.25733  -0.13001  -0.03391   0.20000  4
   1.03464  -0.29510  -0.00252   0.01283   0.20000  5
  -1.01394  -1.23985   0.02419   0.01565   0.20000  6
   0.13711  -1.25373   0.10987  -0.03286   0.20000  7
  -1.06379   0.33821  -0.04737  -0.05227   0.20000  8
   0.23736  -1.68373  -0.00815   0.09882   0.20000  9
  -1.28200   0.13370   0.06286   0.04689   0.20000 10
  -0.47231  -0.70549   0.00789  -0.03222   0.30000  1
  -0.52414   1.22453  -0.00753  -0.01665   0.30000  2
   1.23801   0.34918  -0.01375  -0.03404   0.30000  3
   0.28826  -1.26162  -0.19842  -0.05212   0.30000  4
   1.03433  -0.29349  -0.00370   0.01942   0.30000  5
  -1.01091  -1.23789   0.03644   0.02353   0.30000  6
   0.15100  -1.25793   0.16843  -0.05146   0.30000  7
  -1.06979   0.33160  -0.07289  -0.08025   0.30000  8
   0.23633  -1.67124  -0.01256   0.15165   0.30000  9
  -1.27407   0.13964   0.09609   0.07214   0.30000 10
  -0.47139  -0.70926   0.01045  -0.04314   0.40000  1
  -0.52502   1.22259  -0.01002  -0.02215   0.40000  2
   1.23640   0.34520  -0.01844  -0.04566   0.40000  3
   0.26495  -1.26780  -0.26734  -0.07186   0.40000  4
   1.03390  -0.29121  -0.00478   0.02623   0.40000  5
  -1.00665  -1.23514   0.04888   0.03150   0.40000  6
   0.17083  -1.26412   0.22781  -0.07298   0.40000  7
  -1.07845   0.32208  -0.10079  -0.11065   0.40000  8
   0.23483  -1.65325  -0.01745   0.20896   0.40000  9
  -1.26271   0.14821   0.13169   0.09976   0.40000 10
  -0.47022  -0.71413   0.01293  -0.05425   0.50000  1
  -0.52615   1.22010  -0.01251  -0.02762   0.50000  2
   1.23432   0.34004  -0.02323  -0.05753   0.50000  3
   0.23519  -1.27606  -0.32345  -0.09384   0.50000  4
   1.03337  -0.28823  -0.00573   0.03332   0.50000  5
  -1.00112  -1.23159   0.06160   0.03957   0.50000  6
   0.19619  -1.27267   0.27490  -0.09876   0.50000  7
  -1.09006   0.30935  -0.13215  -0.14460   0.50000  8
   0.23281  -1.62923  -0.02309   0.27286   0.50000  9
  -1.24762   0.15971   0.17072   0.13086   0.50000 10
  -0.46881  -0.72012   0.01534  -0.06570   0.60000  1
  -0.52752   1.21707  -0.01498  -0.03306   0.60000  2
   1.23175   0.33368  -0.02815  -0.06973   0.60000  3
   0.20176  -1.28669  -0.33533  -0.11960   0.60000  4
   1.03276  -0.28453  -0.00651   0.04076   0.60000  5
  -0.99431  -1.22722   0.07472   0.04777   0.60000  6
   0.22433  -1.28405   0.27851  -0.12967   0.60000  7
  -1.10503   0.29300  -0.16802  -0.18327   0.60000  8
   0.23018  -1.59838  -0.02983   0.34585   0.60000  9
  -1.22841   0.17454   0.21423   0.16663   0.60000 10
  -0.46716  -0.72728   0.01764  -0.07764   0.70000  1
  -0.52914   1.21349  -0.01744  -0.03847   0.70000  2
   1.22869   0.32608  -0.03323  -0.08233   0.70000  3
   0.16996  -1.30019  -0.29414  -0.15146   0.70000  4
   1.03208  -0.28007  -0.00706   0.04864   0.70000  5
  -0.98616  -1.22203   0.08837   0.05614   0.70000  6
   0.25009  -1.29878   0.23011  -0.16604   0.70000  7
  -1.12381   0.27253  -0.20783  -0.22653   0.70000  8
   0.22680  -1.55966  -0.03808   0.43074   0.70000  9
  -1.20463   0.19319   0.26165   0.20693   0.70000 10
  -0.46528  -0.73567   0.01983  -0.09023   0.80000  1
  -0.53101   1.20937  -0.01990  -0.04389   0.80000  2
   1.22510   0.31720  -0.03851  -0.09543   0.80000  3
   0.14377  -1.31722  -0.22683  -0.19036   0.80000  4
   1.03136  -0.27479  -0.00735   0.05705   0.80000  5
  -0.97662  -1.21598   0.10270   0.06472   0.80000  6
   0.26956  -1.31748   0.15690  -0.20927   0.80000  7
  -1.14644   0.24779  -0.24167  -0.26569   0.80000  8
   0.22250  -1.51174  -0.04824   0.52999   0.80000  9
  -1.17624   0.21582   0.30307   0.24311   0.80000 10
  -0.46320  -0.74535   0.02193  -0.10360   0.90000  1
  -0.53312   1.20471  -0.02238  -0.04935   0.90000  2
   1.22098   0.30697  -0.04405  -0.10916   0.90000  3
   0.12506  -1.33842  -0.14476  -0.23342   0.90000  4
   1.03062  -0.26863  -0.00733   0.06610   0.90000  5
  -0.96560  -1.20907   0.11782   0.07353   0.90000  6
   0.28104  -1.34084   0.06999  -0.25797   0.90000  7
  -1.17090   0.22051  -0.23964  -0.27247   0.90000  8
   0.21709  -1.45327  -0.06019   0.63942   0.90000  9
  -1.14525   0.24070   0.30861   0.24692   0.90000 10
  -0.46090  -0.75642   0.02397  -0.11787   1.00000  1
  -0.53549   1.19950  -0.02491  -0.05492   1.00000  2
   1.21628   0.29534  -0.04990  -0.12365   1.00000  3
   0.11548  -1.36347  -0.04360  -0.26199   1.00000  4
   1.02990  -0.26154  -0.00696   0.07592   1.00000  5
  -0.95302  -1.20127   0.13387   0.08264   1.00000  6
   0.28287  -1.36857  -0.03682  -0.28933   1.00000  7
  -1.19300   0.19461  -0.19855  -0.24178   1.00000  8
   0.21046  -1.38479  -0.07221   0.71760   1.00000  9
  -1.11588   0.26390   0.27511   0.21338   1.00000 10
  -0.45840  -0.76896   0.02609  -0.13311   1.10000  1
  -0.53811   1.19372  -0.02750  -0.06067   1.10000  2
   1.21098   0.28221  -0.05615  -0.13906   1.10000  3
   0.11657  -1.38906   0.06359  -0.24104   1.10000  4
   1.02924  -0.25342  -0.00621   0.08667   1.10000  5
  -0.93879  -1.19253   0.15096   0.09213   1.10000  6
   0.27343  -1.39653  -0.14998  -0.26009   1.10000  7
  -1.21040   0.17240  -0.14963  -0.20245   1.10000  8
   0.20262  -1.31367  -0.08499   0.68624   1.10000  9
  -1.09045   0.28313   0.23382   0.17137   1.10000 10
  -0.45567  -0.78308   0.02846  -0.14935   1.20000  1
  -0.54099   1.18736  -0.03017  -0.06662   1.20000  2
   1.20503   0.26749  -0.06290  -0.15561   1.20000  3
   0.12748  -1.41058   0.15079  -0.18739   1.20000  4
   1.02868  -0.24417  -0.00502   0.09856   1.20000  5
  -0.92279  -1.18283   0.16922   0.10210   1.20000  6
   0.25354  -1.41952  -0.24474  -0.19813   1.20000  7
  -1.22308   0.15400  -0.10487  -0.16636   1.20000  8
   0.19347  -1.24969  -0.09754   0.59000   1.20000  9
  -1.06896   0.29830   0.19677   0.13280   1.20000 10
  -0.45270  -0.79887   0.03116  -0.16664   1.30000  1
  -0.54414   1.18039  -0.03293  -0.07281   1.30000  2
   1.19838   0.25104  -0.07027  -0.17357   1.30000  3
   0.14607  -1.42660   0.21754  -0.13439   1.30000  4
   1.02825  -0.23366  -0.00329   0.11183   1.30000  5
  -0.90490  -1.17209   0.18889   0.11264   1.30000  6
   0.22501  -1.43621  -0.32309  -0.13650   1.30000  7
  -1.23154   0.13898  -0.06508  -0.13462   1.30000  8
   0.18319  -1.19554  -0.10773   0.49524   1.30000  9
  -1.05092   0.30985   0.16479   0.09880   1.30000 10
  -0.44943  -0.81644   0.03422  -0.18506   1.40000  1
  -0.54758   1.17279  -0.03577  -0.07925   1.40000  2
   1.19095   0.23272  -0.07843  -0.19325   1.40000  3
   0.17002  -1.43779   0.25410  -0.09089   1.40000  4
   1.02804  -0.22174  -0.00088   0.12683   1.40000  5
  -0.88495  -1.16027   0.21030   0.12385   1.40000  6
   0.18980  -1.44698  -0.37418  -0.07976   1.40000  7
  -1.23622   0.12696  -0.02910  -0.10629   1.40000  8
   0.17195  -1.15013  -0.11699   0.41537   1.40000  9
  -1.03588   0.31818   0.13673   0.06845   1.40000 10
  -0.44584  -0.83592   0.03755  -0.20471   1.50000  1
  -0.55130   1.16453  -0.03870  -0.08595   1.50000  2
   1.18266   0.21232  -0.08759  -0.21512   1.50000  3
   0.19495  -1.44502   0.23478  -0.05452   1.50000  4
   1.02811  -0.20822   0.00244   0.14399   1.50000  5
  -0.86276  -1.14730   0.23393   0.13578   1.50000  6
   0.15204  -1.45235  -0.37133  -0.02879   1.50000  7
  -1.23744   0.11765   0.00424  -0.08031   1.50000  8
   0.15978  -1.11201  -0.12676   0.34894   1.50000  9
  -1.02349   0.32362   0.11144   0.04068   1.50000 10
  -0.44192  -0.85743   0.04095  -0.22569   1.60000  1
  -0.55532   1.15559  -0.04171  -0.09292   1.60000  2
   1.17339   0.18960  -0.09806  -0.23975   1.60000  3
   0.21550  -1.44876   0.17192  -0.02051   1.60000  4
   1.02857  -0.19285   0.00700   0.16392   1.60000  5
  -0.83807  -1.13309   0.26043   0.14847   1.60000  6
   0.11696  -1.45299  -0.32642   0.01502   1.60000  7
  -1.23543   0.11085   0.03589  -0.05577   1.60000  8
   0.14655  -1.08000  -0.13796   0.29266   1.60000  9
  -1.01353   0.32637   0.08796   0.01458   1.60000 10
  -0.43766  -0.88110   0.04411  -0.24806   1.70000  1
  -0.55965   1.14594  -0.04482  -0.10016   1.70000  2
   1.16299   0.16425  -0.11029  -0.26796   1.70000  3
   0.22898  -1.44916   0.09736   0.01246   1.70000  4
   1.02956  -0.17532   0.01324   0.18742   1.70000  5
  -0.81055  -1.11758   0.29063   0.16189   1.70000  6
   0.08706  -1.44953  -0.27132   0.05356   1.70000  7
  -1.23030   0.10647   0.06666  -0.03191   1.70000  8
   0.13212  -1.05325  -0.15109   0.24339   1.70000  9
  -1.00586   0.32657   0.06551  -0.01064   1.70000 10
  -0.43312  -0.90708   0.04652  -0.27175   1.80000  1
  -0.56429   1.13555  -0.04801  -0.10767   1.80000  2
   1.15125   0.13586  -0.12495  -0.30090   1.80000  3
   0.23500  -1.44630   0.02341   0.04460   1.80000  4
   1.03130  -0.15521   0.02187   0.21567   1.80000  5
  -0.77979  -1.10069   0.32568   0.17592   1.80000  6
   0.06260  -1.44236  -0.21869   0.08939   1.80000  7
  -1.22210   0.10447   0.09723  -0.00801   1.80000  8
   0.11626  -1.03118  -0.16648   0.19843   1.80000  9
  -1.00041   0.32425   0.04342  -0.03568   1.80000 10
  -0.42841  -0.93548   0.04743  -0.29636   1.90000  1
  -0.56925   1.12440  -0.05128  -0.11546   1.90000  2
   1.13789   0.10386  -0.14314  -0.34012   1.90000  3
   0.23374  -1.44025  -0.04847   0.07646   1.90000  4
   1.03405  -0.13198   0.03397   0.25021   1.90000  5
  -0.74521  -1.08239   0.36711   0.19014   1.90000  6
   0.04317  -1.43168  -0.17058   0.12421   1.90000  7
  -1.21083   0.10489   0.12827   0.01664   1.90000  8
   0.09874  -1.01349  -0.18434   0.15557   1.90000  9
  -0.99719   0.31941   0.02103  -0.06129   1.90000 10
  -0.42372  -0.96635   0.04573  -0.32086   2.00000  1
  -0.57454   1.11245  -0.05464  -0.12352   2.00000  2
   1.12245   0.06756  -0.16656  -0.38739   2.00000  3
   0.22533  -1.43099  -0.11968   0.10889   2.00000  4
   1.03826  -0.10490   0.05125   0.29283   2.00000  5
  -0.70608  -1.06269   0.41703   0.20348   2.00000  6
   0.02835  -1.41752  -0.12643   0.15915   2.00000  7
  -1.19641   0.10785   0.16046   0.04285   2.00000  8
   0.07930  -1.00006  -0.20484   0.11285   2.00000  9
  -0.99624   0.31195  -0.00233  -0.08827   2.00000 10
  -0.41939  -0.99957   0.04017  -0.34270   2.10000  1
  -0.58018   1.09968  -0.05809  -0.13187   2.10000  2
   1.10433   0.02612  -0.19729  -0.44186   2.10000  3
   0.20975  -1.41841  -0.19230   0.14301   2.10000  4
   1.04455  -0.07315   0.07580   0.34266   2.10000  5
  -0.66143  -1.04180   0.47799   0.21340   2.10000  6
   0.01779  -1.39982  -0.08533   0.19492   2.10000  7
  -1.17868   0.11355   0.19460   0.07159   2.10000  8
   0.05768  -0.99098  -0.22812   0.06844   2.10000  9
  -0.99771   0.30168  -0.02742  -0.11759   2.10000 10
  -0.41583  -1.03462   0.03052  -0.35613   2.20000  1
  -0.58617   1.08607  -0.06163  -0.14051   2.20000  2
   1.08284  -0.02046  -0.23162  -0.48345   2.20000  3
   0.18675  -1.40228  -0.26858   0.18038   2.20000  4
   1.05358  -0.03672   0.10384   0.37961   2.20000  5
  -0.61004  -1.02031   0.55199   0.21414   2.20000  6
   0.01120  -1.37849  -0.04669   0.23186   2.20000  7
  -1.15740   0.12229   0.23157   0.10408   2.20000  8
   0.03358  -0.98650  -0.25430   0.02046   2.20000  9
  -1.00181   0.28831  -0.05509  -0.15046   2.20000 10
  -0.41326  -1.07017   0.02211  -0.35067   2.30000  1
  -0.59251   1.07157  -0.06527  -0.14945   2.30000  2
   1.05872  -0.06835  -0.24568  -0.46343   2.30000  3
   0.15584  -1.38215  -0.35062   0.22328   2.30000  4
   1.06460   0.00056   0.11148   0.35493   2.30000  5
  -0.55068  -0.99963   0.63618   0.19514   2.30000  6
   0.00836  -1.35342  -0.01074   0.26971   2.30000  7
  -1.13224   0.13454   0.27221   0.14180   2.30000  8
   0.00672  -0.98707  -0.28350  -0.03297   2.30000  9
  -1.00884   0.27142  -0.08617  -0.18833   2.30000 10
  -0.41080  -1.10379   0.03218  -0.31705   2.40000  1
  -0.59922   1.05616  -0.06901  -0.15875   2.40000  2
   1.03448  -0.11197  -0.23724  -0.40778   2.40000  3
   0.11641  -1.35732  -0.43893   0.27534   2.40000  4
   1.07509   0.03309   0.09635   0.29454   2.40000  5
  -0.48292  -0.98230   0.71700   0.14658   2.40000  6
   0.00888  -1.32456   0.01974   0.30724   2.40000  7
  -1.10283   0.15086   0.31626   0.18572   2.40000  8
  -0.02323  -0.99333  -0.31598  -0.09372   2.40000  9
  -1.01916   0.25044  -0.12038  -0.23212   2.40000 10
  -0.40556  -1.13289   0.07929  -0.26331   2.50000  1
  -0.60632   1.03981  -0.07287  -0.16845   2.50000  2
   1.01139  -0.15013  -0.22457  -0.35732   2.50000  3
   0.06802  -1.32661  -0.52761   0.34174   2.50000  4
   1.08374   0.05969   0.07667   0.23920   2.50000  5
  -0.40785  -0.97111   0.78173   0.07468   2.50000  6
   0.01179  -1.29205   0.03375   0.34250   2.50000  7
  -1.06906   0.17177   0.35719   0.23139   2.50000  8
  -0.05661  -1.00610  -0.35244  -0.16317   2.50000  9
  -1.03283   0.22492  -0.15115  -0.27726   2.50000 10
  -0.39371  -1.15639   0.16314  -0.20720   2.60000  1
  -0.61380   1.02246  -0.07688  -0.17867   2.60000  2
   0.98950  -0.18379  -0.21357  -0.31743   2.60000  3
   0.01153  -1.28836  -0.59704   0.42603   2.60000  4
   1.09047   0.08128   0.05823   0.19423   2.60000  5
  -0.32679  -0.96770   0.84009  -0.00834   2.60000  6
   0.01416  -1.25611   0.00328   0.37655   2.60000  7
  -1.03231   0.19641   0.37066   0.25452   2.60000  8
  -0.09388  -1.02624  -0.39375  -0.24039   2.60000  9
  -1.04847   0.19574  -0.15416  -0.29930   2.60000 10
  -0.37194  -1.17447   0.27712  -0.15464   2.70000  1
  -0.62170   1.00405  -0.08106  -0.18959   2.70000  2
   0.96859  -0.21390  -0.20505  -0.28596   2.70000  3
  -0.05029  -1.24092  -0.63558   0.52507   2.70000  4
   1.09545   0.09880   0.04173   0.15744   2.70000  5
  -0.23949  -0.97343   0.90683  -0.11245   2.70000  6
   0.01007  -1.21647  -0.09649   0.41838   2.70000  7
  -0.99638   0.22113   0.34311   0.23402   2.70000  8
  -0.13541  -1.05413  -0.43474  -0.31531   2.70000  9
  -1.06221   0.16663  -0.11586  -0.27695   2.70000 10
  -0.33722  -1.18720   0.42300  -0.09775   2.80000  1
  -0.63002   0.98451  -0.08547  -0.20143   2.80000  2
   0.94842  -0.24119  -0.19886  -0.26076   2.80000  3
  -0.11543  -1.18288  -0.66767   0.63693   2.80000  4
   1.09887   0.11296   0.02692   0.12656   2.80000  5
  -0.14634  -0.99202   0.94344  -0.26790   2.80000  6
  -0.00702  -1.17202  -0.25251   0.47246   2.80000  7
  -0.96405   0.24265   0.30352   0.19566   2.80000  8
  -0.17923  -1.08847  -0.42718  -0.36799   2.80000  9
  -1.07126   0.14095  -0.06518  -0.23579   2.80000 10
  -0.28629  -1.19301   0.59655  -0.00973   2.90000  1
  -0.63880   0.96373  -0.09013  -0.21440   2.90000  2
   0.92875  -0.26621  -0.19474  -0.24030   2.90000  3
  -0.18317  -1.11467  -0.67634   0.70591   2.90000  4
   1.10088   0.12426   0.01346   0.10001   2.90000  5
  -0.05433  -1.02765   0.87798  -0.43860   2.90000  6
  -0.04136  -1.12176  -0.43318   0.53129   2.90000  7
  -0.93552   0.26032   0.26812   0.15858   2.90000  8
  -0.21807  -1.12717  -0.34338  -0.39790   2.90000  9
  -1.07539   0.11945  -0.01833  -0.19487   2.90000 10
  -0.21982  -1.18723   0.71219   0.12889   3.00000  1
  -0.64806   0.94158  -0.09505  -0.22873   3.00000  2
   0.90941  -0.28937  -0.19241  -0.22354   3.00000  3
  -0.24761  -1.04777  -0.59857   0.61283   3.00000  4
   1.10160   0.13307   0.00108   0.07672   3.00000  5
   0.02574  -1.07641   0.71358  -0.51603   3.00000  6
  -0.09155  -1.06775  -0.55692   0.52989   3.00000  7
  -0.91022   0.27453   0.23864   0.12645   3.00000  8
  -0.24767  -1.16520  -0.24561  -0.34864   3.00000  9
  -1.07511   0.10184   0.02307  -0.15784   3.00000 10
  -0.14825  -1.16805   0.70392   0.24732   3.10000  1
  -0.65782   0.91792  -0.10025  -0.24469   3.10000  2
   0.89022  -0.31101  -0.19158  -0.20972   3.10000  3
  -0.30135  -0.99269  -0.47440   0.49290   3.10000  4
   1.10112   0.13969  -0.01044   0.05594   3.10000  5
   0.08870  -1.12807   0.55207  -0.51134   3.10000  6
  -0.15102  -1.01911  -0.62563   0.43526   3.10000  7
  -0.88763   0.28577   0.21394   0.09891   3.10000  8
  -0.26635  -1.19491  -0.12797  -0.24018   3.10000  9
  -1.07092   0.08776   0.06033  -0.12440   3.10000 10
  -0.08065  -1.13952   0.64554   0.31370   3.20000  1
  -0.66812   0.89258  -0.10572  -0.26255   3.20000  2
   0.87105  -0.33140  -0.19201  -0.19832   3.20000  3
  -0.34266  -0.94817  -0.35345   0.40159   3.20000  4
   1.09953   0.14433  -0.02126   0.03715   3.20000  5
   0.13732  -1.17812   0.42499  -0.48728   3.20000  6
  -0.21518  -0.98070  -0.65206   0.33761   3.20000  7
  -0.86732   0.29444   0.19273   0.07509   3.20000  8
  -0.27414  -1.21302  -0.03358  -0.12335   3.20000  9
  -1.06314   0.07687   0.09482  -0.09364   3.20000 10
  -0.01901  -1.10712   0.58902   0.32706   3.30000  1
  -0.67897   0.86534  -0.11144  -0.28265   3.30000  2
   0.85178  -0.35075  -0.19359  -0.18899   3.30000  3
  -0.37245  -0.91185  -0.24485   0.32629   3.30000  4
   1.09689   0.14717  -0.03153   0.01995   3.30000  5
   0.17450  -1.22502   0.32253  -0.44829   3.30000  6
  -0.28089  -0.95034  -0.66110   0.27573   3.30000  7
  -0.84900   0.30088   0.17401   0.05423   3.30000  8
  -0.27413  -1.22000   0.02934  -0.01865   3.30000  9
  -1.05201   0.06897   0.12761  -0.06467   3.30000 10
   0.03750  -1.07514   0.54239   0.30915   3.40000  1
  -0.69041   0.83596  -0.11738  -0.30539   3.40000  2
   0.83230  -0.36926  -0.19627  -0.18150   3.40000  3
  -0.39226  -0.88279  -0.15572   0.25509   3.40000  4
   1.09324   0.14836  -0.04138   0.00403   3.40000  5
   0.20261  -1.26740   0.24336  -0.39816   3.40000  6
  -0.34713  -0.92446  -0.66108   0.24652   3.40000  7
  -0.83246   0.30536   0.15697   0.03577   3.40000  8
  -0.26903  -1.21725   0.06963   0.07117   3.40000  9
  -1.03765   0.06391   0.15948  -0.03668   3.40000 10
   0.08965  -1.04566   0.50124   0.27969   3.50000  1
  -0.70245   0.80416  -0.12350  -0.33126   3.50000  2
   0.81249  -0.38710  -0.20011  -0.17578   3.50000  3
  -0.40483  -0.86081  -0.10345   0.18520   3.50000  4
   1.08862   0.14801  -0.05089  -0.01086   3.50000  5
   0.22385  -1.30454   0.18431  -0.34458   3.50000  6
  -0.41222  -0.90026  -0.63459   0.24022   3.50000  7
  -0.81757   0.30810   0.14092   0.01929   3.50000  8
  -0.26070  -1.20624   0.09503   0.14696   3.50000  9
  -1.02012   0.06163   0.19104  -0.00888   3.50000 10
   0.13786  -1.01923   0.46356   0.24914   3.60000  1
  -0.71511   0.76959  -0.12968  -0.36090   3.60000  2
   0.79223  -0.40447  -0.20523  -0.17183   3.60000  3
  -0.41453  -0.84542  -0.09709   0.12509   3.60000  4
   1.08307   0.14622  -0.06018  -0.02492   3.60000  5
   0.23996  -1.33637   0.14004  -0.29246   3.60000  6
  -0.47275  -0.87619  -0.57041   0.24113   3.60000  7
  -0.80426   0.30928   0.12526   0.00449   3.60000  8
  -0.25033  -1.18826   0.11097   0.21070   3.60000  9
  -0.99943   0.06215   0.22276   0.01956   3.60000 10
   0.18246  -0.99573   0.42899   0.22165   3.70000  1
  -0.72839   0.73183  -0.13580  -0.39516   3.70000  2
   0.77139  -0.42153  -0.21178  -0.16974   3.70000  3
  -0.42518  -0.83523  -0.11864   0.08129   3.70000  4
   1.07659   0.14305  -0.06931  -0.03830   3.70000  5
   0.25219  -1.36314   0.10599  -0.24345   3.70000  6
  -0.52558  -0.85218  -0.48441   0.23811   3.70000  7
  -0.79253   0.30905   0.10943  -0.00889   3.70000  8
  -0.23871  -1.16442   0.12054   0.26487   3.70000  9
  -0.97555   0.06559   0.25498   0.04961   3.70000 10
   0.22376  -0.97475   0.39752   0.19861   3.80000  1
  -0.74226   0.69036  -0.14158  -0.43517   3.80000  2
   0.74982  -0.43848  -0.21994  -0.16969   3.80000  3
  -0.43850  -0.82867  -0.14802   0.05200   3.80000  4
   1.06921   0.13857  -0.07834  -0.05113   3.80000  5
   0.26140  -1.38517   0.07913  -0.19766   3.80000  6
  -0.56952  -0.82874  -0.39453   0.23001   3.80000  7
  -0.78241   0.30754   0.09281  -0.02107   3.80000  8
  -0.22639  -1.13554   0.12501   0.31158   3.80000  9
  -0.94841   0.07217   0.28794   0.08252   3.80000 10
   0.26207  -0.95584   0.36914   0.18043   3.90000  1
  -0.75668   0.64455  -0.14656  -0.48252   3.90000  2
   0.72735  -0.45555  -0.22993  -0.17194   3.90000  3
  -0.45474  -0.82445  -0.17641   0.03408   3.90000  4
   1.06093   0.13284  -0.08734  -0.06354   3.90000  5
   0.26819  -1.40277   0.05756  -0.15474   3.90000  6
  -0.60459  -0.80629  -0.30765   0.21836   3.90000  7
  -0.77401   0.30487   0.07479  -0.03227   3.90000  8
  -0.21387  -1.10230   0.12470   0.35213   3.90000  9
  -0.91794   0.08225   0.32171   0.12001   3.90000 10
   0.29769  -0.93850   0.34385   0.16732   4.00000  1
  -0.77152   0.59354  -0.14985  -0.53944   4.00000  2
   0.70377  -0.47296  -0.24201  -0.17689   4.00000  3
  -0.47366  -0.82152  -0.20136   0.02616   4.00000  4
   1.05174   0.12588  -0.09636  -0.07560   4.00000  5
   0.27305  -1.41620   0.04010  -0.11429   4.00000  6
  -0.63118  -0.78516  -0.22475   0.20391   4.00000  7
  -0.76752   0.30111   0.05471  -0.04280   4.00000  8
  -0.20161  -1.06530   0.11972   0.38707   4.00000  9
  -0.88406   0.09641   0.35594   0.16457   4.00000 10
   0.33094  -0.92220   0.32167   0.15956   4.10000  1
  -0.78653   0.53624  -0.14966  -0.60909   4.10000  2
   0.67886  -0.49103  -0.25649  -0.18505   4.10000  3
  -0.49490  -0.81889  -0.22281   0.02837   4.10000  4
   1.04165   0.11773  -0.10545  -0.08739   4.10000  5
   0.27632  -1.42570   0.02597  -0.07597   4.10000  6
  -0.64965  -0.76561  -0.14505   0.18648   4.10000  7
  -0.76316   0.29631   0.03200  -0.05313   4.10000  8
  -0.19007  -1.02508   0.11047   0.41646   4.10000  9
  -0.84677   0.11552   0.38935   0.21978   4.10000 10
   0.36213  -0.90639   0.30262   0.15763   4.20000  1
  -0.80121   0.47117  -0.14196  -0.69545   4.20000  2
   0.65238  -0.51010  -0.27368  -0.19715   4.20000  3
  -0.51814  -0.81549  -0.24161   0.04153   4.20000  4
   1.03065   0.10841  -0.11464  -0.09899   4.20000  5
   0.27833  -1.43146   0.01460  -0.03951   4.20000  6
  -0.66027  -0.74799  -0.06765   0.16527   4.20000  7
  -0.76121   0.29046   0.00671  -0.06405   4.20000  8
  -0.17963  -0.98219   0.09778   0.44030   4.20000  9
  -0.80634   0.14088   0.41783   0.29041   4.20000 10
   0.39157  -0.89046   0.28672   0.16231   4.30000  1
  -0.81437   0.39650  -0.11690  -0.80039   4.30000  2
   0.62403  -0.53063  -0.29391  -0.21422   4.30000  3
  -0.54316  -0.81018  -0.25845   0.06665   4.30000  4
   1.01872   0.09793  -0.12400  -0.11044   4.30000  5
   0.27932  -1.43365   0.00554  -0.00466   4.30000  6
  -0.66324  -0.73272   0.00772   0.13904   4.30000  7
  -0.76183   0.28344  -0.01880  -0.07698   4.30000  8
  -0.17059  -0.93719   0.08282   0.45894   4.30000  9
  -0.76375   0.17424   0.42926   0.37974   4.30000 10
   0.41958  -0.87367   0.27384   0.17482   4.40000  1
  -0.82328   0.31103  -0.05251  -0.90336   4.40000  2
   0.59349  -0.55316  -0.31739  -0.23770   4.40000  3
  -0.56974  -0.80173  -0.27264   0.10452   4.40000  4
   1.00584   0.08632  -0.13356  -0.12181   4.40000  5
   0.27950  -1.43244  -0.00159   0.02880   4.40000  6
  -0.65883  -0.72039   0.07975   0.10644   4.40000  7
  -0.76471   0.27487  -0.03630  -0.09616   4.40000  8
  -0.16311  -0.89055   0.06672   0.47311   4.40000  9
  -0.72204   0.21701   0.39368   0.47133   4.40000 10
   0.44642  -0.85517   0.26326   0.19705   4.50000  1
  -0.82329   0.21878   0.05410  -0.92172   4.50000  2
   0.56045  -0.57845  -0.34381  -0.26968   4.50000  3
  -0.59746  -0.78885  -0.27981   0.15488   4.50000  4
   0.99200   0.07357  -0.14337  -0.13315   4.50000  5
   0.27906  -1.42793  -0.00712   0.06114   4.50000  6
  -0.64755  -0.71166   0.14365   0.06716   4.50000  7
  -0.76832   0.26365  -0.03129  -0.13120   4.50000  8
  -0.15726  -0.84268   0.05023   0.48379   4.50000  9
  -0.68734   0.26604   0.29416   0.49172   4.50000 10
   0.47223  -0.83385   0.25266   0.23155   4.60000  1
  -0.81349   0.12974   0.13445  -0.85275   4.60000  2
   0.52468  -0.60747  -0.37137  -0.31284   4.60000  3
  -0.62512  -0.77047  -0.26931   0.21336   4.60000  4
   0.97716   0.05969  -0.15346  -0.14454   4.60000  5
   0.27812  -1.42024  -0.01135   0.09266   4.60000  6
  -0.63072  -0.70705   0.18873   0.02550   4.60000  7
  -0.77011   0.24839  -0.00159  -0.17313   4.60000  8
  -0.15306  -0.79388   0.03360   0.49184   4.60000  9
  -0.66299   0.31243   0.19764   0.42836   4.60000 10
   0.49673  -0.80838   0.23508   0.27997   4.70000  1
  -0.79763   0.04832   0.17835  -0.77787   4.70000  2
   0.48633  -0.64145  -0.39371  -0.36875   4.70000  3
  -0.65028  -0.74633  -0.22812   0.26721   4.70000  4
   0.96129   0.04466  -0.16390  -0.15608   4.70000  5
   0.27682  -1.40941  -0.01459   0.12375   4.70000  6
  -0.61088  -0.70620   0.20239  -0.00518   4.70000  7
  -0.76840   0.22935   0.03598  -0.20602   4.70000  8
  -0.15055  -0.74439   0.01669   0.49756   4.70000  9
  -0.64675   0.35114   0.13184   0.34540   4.70000 10
   0.51849  -0.77764   0.19482   0.33359   4.80000  1
  -0.77837  -0.02648   0.20519  -0.72142   4.80000  2
   0.44662  -0.68139  -0.39559  -0.42832   4.80000  3
  -0.66975  -0.71766  -0.15784   0.30281   4.80000  4
   0.94437   0.02846  -0.17476  -0.16796   4.80000  5
   0.27523  -1.39548  -0.01716   0.15492   4.80000  6
  -0.59124  -0.70720   0.18674  -0.00993   4.80000  7
  -0.76300   0.20748   0.07118  -0.23032   4.80000  8
  -0.14975  -0.69446  -0.00088   0.50054   4.80000  9
  -0.63589   0.38166   0.08830   0.26608   4.80000 10
   0.53456  -0.74254   0.12274   0.36179   4.90000  1
  -0.75680  -0.09664   0.22584  -0.68508   4.90000  2
   0.40828  -0.72617  -0.36778  -0.46034   4.90000  3
  -0.68144  -0.68638  -0.07524   0.32061   4.90000  4
   0.92632   0.01105  -0.18620  -0.18038   4.90000  5
   0.27340  -1.37840  -0.01934   0.18691   4.90000  6
  -0.57393  -0.70727   0.15870   0.01265   4.90000  7
  -0.75431   0.18344   0.10196  -0.25010   4.90000  8
  -0.15076  -0.64441  -0.01976   0.49979   4.90000  9
  -0.62861   0.40461   0.05909   0.19414   4.90000 10
   0.54287  -0.70657   0.04490   0.35322   5.00000  1
  -0.73323  -0.16413   0.24570  -0.66809   5.00000  2
   0.37320  -0.77209  -0.33535  -0.45323   5.00000  3
  -0.68482  -0.65382   0.00728   0.32991   5.00000  4
   0.90710  -0.00764  -0.19844  -0.19365   5.00000  5
   0.27136  -1.35804  -0.02138   0.22072   5.00000  6
  -0.55950  -0.70399   0.13043   0.05567   5.00000  7
  -0.74274   0.15751   0.12885  -0.26825   5.00000  8
  -0.15379  -0.59465  -0.04138   0.49467   5.00000  9
  -0.62376   0.42071   0.03940   0.12903   5.00000 10
   0.54406  -0.67236  -0.01856   0.33028   5.10000  1
  -0.70757  -0.23091   0.26813  -0.67101   5.10000  2
   0.34071  -0.81630  -0.31698  -0.43015   5.10000  3
  -0.68012  -0.62039   0.08599   0.33914   5.10000  4
   0.88660  -0.02771  -0.21178  -0.20802   5.10000  5
   0.26912  -1.33416  -0.02348   0.25754   5.10000  6
  -0.54774  -0.69563   0.10526   0.11395   5.10000  7
  -0.72863   0.12978   0.15290  -0.28667   5.10000  8
  -0.15920  -0.54561  -0.06791   0.48546   5.10000  9
  -0.62051   0.43060   0.02644   0.06946   5.10000 10
   0.53963  -0.64049  -0.06808   0.30753   5.20000  1
  -0.67942  -0.29909   0.29598  -0.69654   5.20000  2
   0.30939  -0.85814  -0.31102  -0.40738   5.20000  3
  -0.66774  -0.58577   0.16117   0.35489   5.20000  4
   0.86469  -0.04929  -0.22657  -0.22375   5.20000  5
   0.26666  -1.30638  -0.02595   0.29885   5.20000  6
  -0.53836  -0.68075   0.08254   0.18608   5.20000  7
  -0.71222   0.10012   0.17525  -0.30683   5.20000  8
  -0.16762  -0.49766  -0.10182   0.47296   5.20000  9
  -0.61830   0.43475   0.01850   0.01420   5.20000 10
   0.53076  -0.61070  -0.10791   0.28919   5.30000  1
  -0.64810  -0.37114   0.33205  -0.74958   5.30000  2
   0.27826  -0.89801  -0.31238  -0.39143   5.30000  3
  -0.64795  -0.54899   0.23444   0.38312   5.30000  4
   0.84122  -0.07252  -0.24319  -0.24108   5.30000  5
   0.26390  -1.27418  -0.02939   0.34653   5.30000  6
  -0.53121  -0.65789   0.06039   0.27409   5.30000  7
  -0.69360   0.06830   0.19708  -0.33018   5.30000  8
  -0.17990  -0.45112  -0.14564   0.45721   5.30000  9
  -0.61668   0.43354   0.01455  -0.03787   5.30000 10
   0.51826  -0.58248  -0.14114   0.27591   5.40000  1
  -0.61267  -0.44989   0.37813  -0.82569   5.40000  2
   0.24681  -0.93676  -0.31678  -0.38554   5.40000  3
  -0.62081  -0.50878   0.30901   0.41909   5.40000  4
   0.81598  -0.09757  -0.26214  -0.26028   5.40000  5
   0.26070  -1.23678  -0.03519   0.40308   5.40000  6
  -0.52636  -0.62522   0.03588   0.38334   5.40000  7
  -0.67277   0.03392   0.21981  -0.35851   5.40000  8
  -0.19715  -0.40639  -0.20154   0.43632   5.40000  9
  -0.61528   0.42725   0.01397  -0.08771   5.40000 10
   0.50269  -0.55536  -0.16957   0.26740   5.50000  1
  -0.57213  -0.53441   0.43456  -0.84464   5.50000  2
   0.21496  -0.97553  -0.31943  -0.39202   5.50000  3
  -0.58598  -0.46733   0.38747   0.39244   5.50000  4
   0.78870  -0.12465  -0.28401  -0.28164   5.50000  5
   0.25668  -1.19317  -0.04670   0.47136   5.50000  6
  -0.52425  -0.58050   0.00563   0.51131   5.50000  7
  -0.64955  -0.00365   0.24544  -0.39458   5.50000  8
  -0.22062  -0.36415  -0.26978   0.40669   5.50000  9
  -0.61378   0.41604   0.01640  -0.13634   5.50000 10
   0.48447  -0.52886  -0.19419   0.26314   5.60000  1
  -0.52599  -0.61441   0.48213  -0.73724   5.60000  2
   0.18326  -1.01555  -0.31155  -0.40943   5.60000  3
  -0.54366  -0.43210   0.45609   0.31271   5.60000  4
   0.75905  -0.15398  -0.30963  -0.30551   5.60000  5
   0.25091  -1.14211  -0.07216   0.55098   5.60000  6
  -0.52450  -0.52488  -0.00096   0.58623   5.60000  7
  -0.62348  -0.04539   0.27721  -0.44259   5.60000  8
  -0.25146  -0.32541  -0.34866   0.36654   5.60000  9
  -0.61190   0.39999   0.02173  -0.18481   5.60000 10
   0.46396  -0.50261  -0.21540   0.26247   5.70000  1
  -0.47674  -0.68090   0.50083  -0.59683   5.70000  2
   0.15346  -1.05708  -0.28000  -0.41503   5.70000  3
  -0.49558  -0.40387   0.50021   0.25917   5.70000  4
   0.72661  -0.18585  -0.34019  -0.33232   5.70000  5
   0.24131  -1.08325  -0.12485   0.62056   5.70000  6
  -0.52251  -0.46427   0.04848   0.62814   5.70000  7
  -0.59372  -0.09276   0.32051  -0.50841   5.70000  8
  -0.29075  -0.29117  -0.43962   0.31650   5.70000  9
  -0.60934   0.37905   0.03004  -0.23425   5.70000 10
   0.44151  -0.47627  -0.23317   0.26463   5.80000  1
  -0.42591  -0.73490   0.51604  -0.48844   5.80000  2
   0.12767  -1.09663  -0.23740  -0.36694   5.80000  3
  -0.44486  -0.37835   0.50733   0.26254   5.80000  4
   0.69079  -0.22055  -0.37747  -0.36243   5.80000  5
   0.22540  -1.01981  -0.19270   0.63988   5.80000  6
  -0.51348  -0.39876   0.13755   0.68400   5.80000  7
  -0.55869  -0.14793   0.38489  -0.59981   5.80000  8
  -0.33994  -0.26256  -0.54659   0.25247   5.80000  9
  -0.60579   0.35306   0.04152  -0.28589   5.80000 10
   0.41746  -0.44962  -0.24694   0.26856   5.90000  1
  -0.37341  -0.77947   0.53486  -0.40654   5.90000  2
   0.10524  -1.12942  -0.21495  -0.28713   5.90000  3
  -0.39581  -0.34904   0.46225   0.33264   5.90000  4
   0.65080  -0.25844  -0.42422  -0.39585   5.90000  5
   0.20334  -0.95615  -0.24556   0.63267   5.90000  6
  -0.49428  -0.32706   0.24765   0.75193   5.90000  7
  -0.51551  -0.21376   0.48578  -0.71941   5.90000  8
  -0.40022  -0.24149  -0.65535   0.16455   5.90000  9
  -0.60092   0.32174   0.05649  -0.34142   5.90000 10
   0.39230  -0.42257  -0.25538   0.27212   6.00000  1
  -0.31873  -0.81681   0.55999  -0.34288   6.00000  2
   0.08405  -1.15410  -0.21138  -0.20746   6.00000  3
  -0.35504  -0.31128   0.34225   0.41679   6.00000  4
   0.60550  -0.29980  -0.48435  -0.43131   6.00000  5
   0.17669  -0.89301  -0.28634   0.63248   6.00000  6
  -0.46433  -0.24940   0.34430   0.77913   6.00000  7
  -0.46099  -0.28983   0.59509  -0.76968   6.00000  8
  -0.46838  -0.23048  -0.67968   0.05411   6.00000  9
  -0.59436   0.28457   0.07552  -0.40330   6.00000 10
   0.36662  -0.39538  -0.25705   0.26992   6.10000  1
  -0.26112  -0.84842   0.59384  -0.29040   6.10000  2
   0.06261  -1.17108  -0.21874  -0.13280   6.10000  3
  -0.32797  -0.26800   0.20431   0.43663   6.10000  4
   0.55333  -0.34463  -0.56245  -0.46415   6.10000  5
   0.14614  -0.82921  -0.32500   0.64539   6.10000  6
  -0.42782  -0.17622   0.37613   0.67358   6.10000  7
  -0.39930  -0.36175   0.63000  -0.65837   6.10000  8
  -0.53013  -0.22878  -0.54102  -0.00509   6.10000  9
  -0.58564   0.24076   0.09996  -0.47470   6.10000 10
   0.34105  -0.36916  -0.25434   0.25014   6.20000  1
  -0.19963  -0.87502   0.63733  -0.24157   6.20000  2
   0.04008  -1.18071  -0.23252  -0.05962   6.20000  3
  -0.31248  -0.22520   0.11356   0.41891   6.20000  4
   0.49235  -0.39218  -0.65995  -0.48345   6.20000  5
   0.11158  -0.76361  -0.36681   0.66779   6.20000  6
  -0.38987  -0.11481   0.38160   0.55746   6.20000  7
  -0.33586  -0.42170   0.63740  -0.54699   6.20000  8
  -0.57644  -0.22952  -0.38957  -0.00425   6.20000  9
  -0.57407   0.18922   0.13331  -0.55842   6.20000 10
   0.31541  -0.34643  -0.26194   0.19878   6.30000  1
  -0.13352  -0.89657   0.68424  -0.18836   6.30000  2
   0.01601  -1.18288  -0.24913   0.01745   6.30000  3
  -0.30405  -0.18375   0.05949   0.41330   6.30000  4
   0.42099  -0.44040  -0.76746  -0.47612   6.30000  5
   0.07273  -0.69556  -0.40955   0.69320   6.30000  6
  -0.35181  -0.06421   0.37718   0.45627   6.30000  7
  -0.27164  -0.47258   0.64963  -0.47736   6.30000  8
  -0.60895  -0.22896  -0.26421   0.01777   6.30000  9
  -0.55847   0.12864   0.18175  -0.65492   6.30000 10
   0.28759  -0.33037  -0.30079   0.11939   6.40000  1
  -0.06327  -0.91249   0.71669  -0.12962   6.40000  2
  -0.00964  -1.17691  -0.26255   0.10366   6.40000  3
  -0.29996  -0.14194   0.02437   0.42527   6.40000  4
   0.33900  -0.48662  -0.87158  -0.44600   6.40000  5
   0.02997  -0.62490  -0.44384   0.72088   6.40000  6
  -0.31510  -0.02352   0.35330   0.35609   6.40000  7
  -0.20513  -0.51836   0.68607  -0.44296   6.40000  8
  -0.62977  -0.22558  -0.15371   0.05141   6.40000  9
  -0.53698   0.05799   0.25204  -0.75813   6.40000 10
   0.25406  -0.32283  -0.37498   0.03139   6.50000  1
   0.00880  -0.92256   0.71928  -0.07204   6.50000  2
  -0.03606  -1.16180  -0.26285   0.19994   6.50000  3
  -0.29894  -0.09848  -0.00353   0.44308   6.50000  4
   0.24664  -0.52944  -0.97729  -0.41021   6.50000  5
  -0.01580  -0.55126  -0.47028   0.74917   6.50000  6
  -0.28187   0.00647   0.30850   0.24034   6.50000  7
  -0.13306  -0.56175   0.76204  -0.42350   6.50000  8
  -0.63972  -0.21840  -0.04416   0.09297   6.50000  9
  -0.50735  -0.02266   0.34327  -0.85113   6.50000 10
   0.21170  -0.32398  -0.47601  -0.05370   6.60000  1
   0.07952  -0.92671   0.68991  -0.00848   6.60000  2
  -0.06153  -1.13683  -0.24329   0.29924   6.60000  3
  -0.30056  -0.05415  -0.02662   0.43557   6.60000  4
   0.14309  -0.56866  -1.09547  -0.37427   6.60000  5
  -0.06284  -0.47697  -0.45872   0.72664   6.60000  6
  -0.25377   0.02392   0.25215   0.10660   6.60000  7
  -0.05257  -0.60139   0.84122  -0.36038   6.60000  8
  -0.63815  -0.20704   0.07863   0.13230   6.60000  9
  -0.46818  -0.11089   0.43819  -0.90352   6.60000 10
   0.15830  -0.33338  -0.59381  -0.13314   6.70000  1
   0.14577  -0.92369   0.63050   0.07099   6.70000  2
  -0.08422  -1.10207  -0.20887   0.39522   6.70000  3
  -0.30315  -0.01332  -0.01776   0.37255   6.70000  4
   0.02787  -0.60441  -1.19246  -0.34129   6.70000  5
  -0.10601  -0.40632  -0.40609   0.69001   6.70000  6
  -0.23164   0.02774   0.18967  -0.02871   6.70000  7
   0.03379  -0.63336   0.87159  -0.28082   6.70000  8
  -0.62344  -0.19272   0.21716   0.14935   6.70000  9
  -0.42057  -0.20118   0.51008  -0.89415   6.70000 10
   0.09279  -0.35022  -0.71600  -0.20022   6.80000  1
   0.20492  -0.91234   0.55050   0.15580   6.80000  2
  -0.10314  -1.05783  -0.16947   0.48989   6.80000  3
  -0.30280   0.01911   0.02904   0.27094   6.80000  4
  -0.09014  -0.63632  -1.15470  -0.29153   6.80000  5
  -0.14536  -0.33809  -0.38909   0.67766   6.80000  6
  -0.21598   0.01864   0.12316  -0.15075   6.80000  7
   0.11737  -0.65860   0.78957  -0.23124   6.80000  8
  -0.59470  -0.17806   0.35715   0.14069   6.80000  9
  -0.36625  -0.28899   0.57985  -0.86124   6.80000 10
   0.01524  -0.37236  -0.83451  -0.23610   6.90000  1
   0.25577  -0.89257   0.46682   0.23978   6.90000  2
  -0.11824  -1.00397  -0.13390   0.58824   6.90000  3
  -0.29698   0.03996   0.08728   0.14158   6.90000  4
  -0.20304  -0.66198  -1.10397  -0.21878   6.90000  5
  -0.18535  -0.27090  -0.41408   0.66134   6.90000  6
  -0.20699  -0.00197   0.05684  -0.26002   6.90000  7
   0.19188  -0.68081   0.70270  -0.21791   6.90000  8
  -0.55209  -0.16495   0.49536   0.12047   6.90000  9
  -0.30349  -0.37316   0.67747  -0.81861   6.90000 10
  -0.07412  -0.39620  -0.95265  -0.23715   7.00000  1
   0.29838  -0.86429   0.38585   0.32663   7.00000  2
  -0.13034  -0.93998  -0.11057   0.69250   7.00000  3
  -0.28563   0.04647   0.13703  -0.01651   7.00000  4
  -0.31050  -0.67951  -1.03958  -0.13032   7.00000  5
  -0.22771  -0.20654  -0.42939   0.62883   7.00000  6
  -0.20463  -0.03330  -0.01080  -0.36702   7.00000  7
   0.25826  -0.70309   0.62653  -0.23157   7.00000  8
  -0.49533  -0.15406   0.64255   0.09724   7.00000  9
  -0.23167  -0.45221   0.75103  -0.76263   7.00000 10
  -0.17438  -0.42002  -1.03762  -0.24139   7.10000  1
   0.33307  -0.82710   0.30900   0.41705   7.10000  2
  -0.14089  -0.86528  -0.10272   0.80294   7.10000  3
  -0.27033   0.03559   0.16396  -0.20646   7.10000  4
  -0.40961  -0.68821  -0.93811  -0.04604   7.10000  5
  -0.27085  -0.14384  -0.43142   0.62824   7.10000  6
  -0.20977  -0.07536  -0.09752  -0.47117   7.10000  7
   0.31747  -0.72770   0.55838  -0.26193   7.10000  8
  -0.42279  -0.14548   0.81263   0.07523   7.10000  9
  -0.15521  -0.52532   0.76341  -0.69646   7.10000 10
  -0.27804  -0.44378  -1.02427  -0.22694   7.20000  1
   0.36050  -0.78131   0.24222   0.49265   7.20000  2
  -0.15112  -0.77897  -0.10118   0.92566   7.20000  3
  -0.25424   0.00416   0.14893  -0.42476   7.20000  4
  -0.49786  -0.68915  -0.82744   0.02617   7.20000  5
  -0.31283  -0.08214  -0.39450   0.58943   7.20000  6
  -0.22545  -0.12572  -0.21907  -0.52230   7.20000  7
   0.36989  -0.75520   0.48859  -0.28240   7.20000  8
  -0.33250  -0.13835   0.98369   0.07327   7.20000  9
  -0.08165  -0.59224   0.70303  -0.65077   7.20000 10
  -0.37782  -0.46461  -0.96581  -0.18929   7.30000  1
   0.38211  -0.73067   0.19195   0.50883   7.30000  2
  -0.16043  -0.68018  -0.08138   1.04358   7.30000  3
  -0.24222  -0.04881   0.08932  -0.62577   7.30000  4
  -0.57534  -0.68303  -0.72335   0.09636   7.30000  5
  -0.34622  -0.02941  -0.26379   0.45464   7.30000  6
  -0.25220  -0.17700  -0.29706  -0.49183   7.30000  7
   0.41470  -0.78216   0.40582  -0.24602   7.30000  8
  -0.23097  -0.13037   1.01351   0.07991   7.30000  9
  -0.01491  -0.65648   0.63079  -0.63042   7.30000 10
  -0.47047  -0.48185  -0.88575  -0.15643   7.40000  1
   0.39893  -0.68110   0.14348   0.47866   7.40000  2
  -0.16767  -0.57216  -0.06938   1.11199   7.40000  3
  -0.23513  -0.11842   0.06032  -0.75331   7.40000  4
  -0.64278  -0.66983  -0.62645   0.16793   7.40000  5
  -0.36605   0.00797  -0.14013   0.29329   7.40000  6
  -0.28092  -0.22322  -0.26686  -0.43544   7.40000  7
   0.45101  -0.80303   0.32123  -0.16898   7.40000  8
  -0.13544  -0.12439   0.88361   0.03070   7.40000  9
   0.04523  -0.71668   0.57993  -0.56841   7.40000 10
  -0.55512  -0.49608  -0.80959  -0.12967   7.50000  1
   0.41059  -0.63526   0.08891   0.43758   7.50000  2
  -0.17553  -0.45745  -0.09291   1.18772   7.50000  3
  -0.22957  -0.19767   0.04950  -0.82804   7.50000  4
  -0.70073  -0.64938  -0.53269   0.24141   7.50000  5
  -0.37570   0.02980  -0.05854   0.14670   7.50000  6
  -0.30457  -0.26523  -0.20134  -0.41087   7.50000  7
   0.47917  -0.81597   0.24290  -0.09101   7.50000  8
  -0.05446  -0.12553   0.74002  -0.05666   7.50000  9
   0.10263  -0.76994   0.57373  -0.49716   7.50000 10
  -0.63300  -0.50819  -0.75125  -0.11498   7.60000  1
   0.41667  -0.59363   0.03280   0.39520   7.60000  2
  -0.18739  -0.33344  -0.15101   1.28827   7.60000  3
  -0.22561  -0.28389   0.02982  -0.89116   7.60000  4
  -0.74925  -0.62151  -0.43697   0.31597   7.60000  5
  -0.37856   0.03792  -0.00130   0.01798   7.60000  6
  -0.32000  -0.30631  -0.10096  -0.41051   7.60000  7
   0.49971  -0.82156   0.16814  -0.02262   7.60000  8
   0.01344  -0.13589   0.62095  -0.14953   7.60000  9
   0.16069  -0.81621   0.58978  -0.42862   7.60000 10
  -0.70607  -0.51956  -0.71359  -0.11412   7.70000  1
   0.41724  -0.55617  -0.02063   0.35429   7.70000  2
  -0.20591  -0.20503  -0.20957   1.25146   7.70000  3
  -0.22380  -0.37175   0.00108  -0.84379   7.70000  4
  -0.78795  -0.58628  -0.33635   0.38724   7.70000  5
  -0.37622   0.03371   0.04804  -0.10140   7.70000  6
  -0.32431  -0.34620   0.00989  -0.38190   7.70000  7
   0.51278  -0.82085   0.09285   0.03504   7.70000  8
   0.07009  -0.15488   0.51423  -0.22593   7.70000  9
   0.22085  -0.85569   0.61405  -0.36089   7.70000 10
  -0.77616  -0.53102  -0.68839  -0.11254   7.80000  1
   0.41266  -0.52264  -0.07058   0.31712   7.80000  2
  -0.22804  -0.08402  -0.23338   1.17351   7.80000  3
  -0.22590  -0.45174  -0.04238  -0.75681   7.80000  4
  -0.81656  -0.54466  -0.23778   0.43978   7.80000  5
  -0.36868   0.01773   0.10583  -0.21714   7.80000  6
  -0.31937  -0.38283   0.08324  -0.35483   7.80000  7
   0.51816  -0.81494   0.01410   0.08094   7.80000  8
   0.11699  -0.18024   0.42827  -0.27849   7.80000  9
   0.28359  -0.88834   0.64107  -0.29155   7.80000 10
  -0.84320  -0.54096  -0.64760  -0.07971   7.90000  1
   0.40319  -0.49255  -0.11871   0.28585   7.90000  2
  -0.25332   0.03001  -0.27448   1.10263   7.90000  3
  -0.23189  -0.52312  -0.07503  -0.67027   7.90000  4
  -0.83649  -0.49995  -0.16782   0.44552   7.90000  5
  -0.35434  -0.00880   0.18192  -0.30329   7.90000  6
  -0.30846  -0.41802   0.13194  -0.35257   7.90000  7
   0.51549  -0.80516  -0.06782   0.11181   7.90000  8
   0.15668  -0.21034   0.36983  -0.32360   7.90000  9
   0.34906  -0.91381   0.66776  -0.21636   7.90000 10
  -0.90474  -0.54601  -0.58039  -0.01928   8.00000  1
   0.38887  -0.46520  -0.16819   0.26263   8.00000  2
  -0.28229   0.13513  -0.29883   0.99763   8.00000  3
  -0.24038  -0.58566  -0.09209  -0.57982   8.00000  4
  -0.85144  -0.45693  -0.13584   0.41113   8.00000  5
  -0.33320  -0.04061   0.23357  -0.32692   8.00000  6
  -0.29344  -0.45385   0.16669  -0.36558   8.00000  7
   0.50474  -0.79324  -0.14501   0.12313   8.00000  8
   0.19171  -0.24513   0.33430  -0.37346   8.00000  9
   0.41687  -0.93121   0.68578  -0.12945   8.00000 10
  -0.95911  -0.54488  -0.50719   0.04051   8.10000  1
   0.36936  -0.43968  -0.22344   0.24964   8.10000  2
  -0.31219   0.23018  -0.29700   0.90817   8.10000  3
  -0.24980  -0.63898  -0.09382  -0.48611   8.10000  4
  -0.86418  -0.41798  -0.12035   0.36769   8.10000  5
  -0.30872  -0.07419   0.25319  -0.34709   8.10000  6
  -0.27541  -0.49136   0.19271  -0.38548   8.10000  7
   0.48722  -0.78110  -0.20067   0.11833   8.10000  8
   0.22418  -0.28537   0.31814  -0.43340   8.10000  9
   0.48536  -0.93933   0.67843  -0.03225   8.10000 10
