  -0.47417  -0.70039  -0.01345   0.00568   0.10000  1
  -0.52260   1.22682   0.00818  -0.00418   0.10000  2
   1.02142  -0.58001  -0.00780   0.00040   0.10000  3
   0.07254   0.57639  -0.00011   0.00359   0.10000  4
   0.53463   1.54034   0.00458   0.00877   0.10000  5
   0.60218  -1.55084   0.00354   0.03214   0.10000  6
   0.82826   2.00461  -0.01004  -0.01567   0.10000  7
   0.65518  -1.15035   0.00019  -0.01404   0.10000  8
  -0.95193  -0.56561   0.02131  -0.00452   0.10000  9
   1.12164   0.06161  -0.00640  -0.01216   0.10000 10
  -0.47620  -0.69953  -0.02715   0.01142   0.20000  1
  -0.52137   1.22620   0.01638  -0.00836   0.20000  2
   1.02025  -0.57995  -0.01557   0.00082   0.20000  3
   0.07252   0.57693  -0.00024   0.00718   0.20000  4
   0.53532   1.54166   0.00924   0.01767   0.20000  5
   0.60272  -1.54600   0.00717   0.06474   0.20000  6
   0.82675   2.00226  -0.02016  -0.03148   0.20000  7
   0.65521  -1.15248   0.00029  -0.02852   0.20000  8
  -0.94872  -0.56629   0.04286  -0.00911   0.20000  9
   1.12068   0.05978  -0.01282  -0.02437   0.20000 10
  -0.47962  -0.69810  -0.04134   0.01730   0.30000  1
  -0.51932   1.22515   0.02462  -0.01257   0.30000  2
   1.01831  -0.57984  -0.02327   0.00130   0.30000  3
   0.07249   0.57782  -0.00041   0.01079   0.30000  4
   0.53648   1.54388   0.01407   0.02686   0.30000  5
   0.60362  -1.53786   0.01097   0.09832   0.30000  6
   0.82422   1.99831  -0.03048  -0.04757   0.30000  7
   0.65524  -1.15609   0.00018  -0.04393   0.30000  8
  -0.94334  -0.56744   0.06491  -0.01383   0.30000  9
   1.11907   0.05673  -0.01926  -0.03668   0.30000 10
  -0.48449  -0.69606  -0.05630   0.02340   0.40000  1
  -0.51645   1.22368   0.03290  -0.01681   0.40000  2
   1.01560  -0.57968  -0.03087   0.00185   0.40000  3
   0.07244   0.57908  -0.00062   0.01443   0.40000  4
   0.53814   1.54704   0.01918   0.03647   0.40000  5
   0.60492  -1.52629   0.01506   0.13345   0.40000  6
   0.82065   1.99273  -0.04108  -0.06409   0.40000  7
   0.65523  -1.16131  -0.00027  -0.06079   0.40000  8
  -0.93571  -0.56907   0.08774  -0.01875   0.40000  9
   1.11682   0.05244  -0.02574  -0.04915   0.40000 10
  -0.49091  -0.69341  -0.07238   0.02980   0.50000  1
  -0.51274   1.22179   0.04125  -0.02110   0.50000  2
   1.01214  -0.57947  -0.03834   0.00252   0.50000  3
   0.07236   0.58071  -0.00091   0.01811   0.50000  4
   0.54033   1.55119   0.02468   0.04669   0.50000  5
   0.60665  -1.51110   0.01958   0.17082   0.50000  6
   0.81599   1.98547  -0.05209  -0.08122   0.50000  7
   0.65517  -1.16832  -0.00120  -0.07980   0.50000  8
  -0.92575  -0.57120   0.11168  -0.02396   0.50000  9
   1.11392   0.04689  -0.03228  -0.06184   0.50000 10
  -0.49902  -0.69009  -0.08995   0.03661   0.60000  1
  -0.50819   1.21946   0.04969  -0.02545   0.60000  2
   1.00794  -0.57917  -0.04565   0.00334   0.60000  3
   0.07225   0.58271  -0.00129   0.02184   0.60000  4
   0.54310   1.55641   0.03070   0.05771   0.60000  5
   0.60886  -1.49202   0.02472   0.21132   0.60000  6
   0.81021   1.97646  -0.06365  -0.09917   0.60000  7
   0.65497  -1.17737  -0.00282  -0.10180   0.60000  8
  -0.91333  -0.57387   0.13712  -0.02957   0.60000  9
   1.11037   0.04006  -0.03888  -0.07482   0.60000 10
  -0.50897  -0.68607  -0.10954   0.04397   0.70000  1
  -0.50280   1.21669   0.05824  -0.02988   0.70000  2
   1.00302  -0.57879  -0.05275   0.00434   0.70000  3
   0.07210   0.58508  -0.00178   0.02562   0.70000  4
   0.54649   1.56277   0.03739   0.06978   0.70000  5
   0.61162  -1.46869   0.03075   0.25613   0.70000  6
   0.80324   1.96560  -0.07591  -0.11817   0.70000  7
   0.65457  -1.18882  -0.00542  -0.12794   0.70000  8
  -0.89826  -0.57713   0.16459  -0.03572   0.70000  9
   1.10615   0.03192  -0.04556  -0.08814   0.70000 10
  -0.52101  -0.68127  -0.13180   0.05206   0.80000  1
  -0.49654   1.21348   0.06691  -0.03439   0.80000  2
   0.99740  -0.57830  -0.05962   0.00558   0.80000  3
   0.07189   0.58784  -0.00241   0.02949   0.80000  4
   0.55060   1.57041   0.04497   0.08321   0.80000  5
   0.61505  -1.44060   0.03808   0.30678   0.80000  6
   0.79500   1.95278  -0.08910  -0.13855   0.80000  7
   0.65384  -1.20314  -0.00940  -0.15972   0.80000  8
  -0.88032  -0.58104   0.19474  -0.04256   0.80000  9
   1.10125   0.02242  -0.05236  -0.10190   0.80000 10
  -0.53545  -0.67562  -0.15764   0.06112   0.90000  1
  -0.48941   1.20981   0.07572  -0.03901   0.90000  2
   0.99110  -0.57767  -0.06625   0.00711   0.90000  3
   0.07161   0.59098  -0.00319   0.03345   0.90000  4
   0.55553   1.57947   0.05370   0.09839   0.90000  5
   0.61930  -1.40708   0.04734   0.36506   0.90000  6
   0.78538   1.93784  -0.10347  -0.16068   0.90000  7
   0.65262  -1.22101  -0.01541  -0.19890   0.90000  8
  -0.85920  -0.58568   0.22848  -0.05036   0.90000  9
   1.09567   0.01152  -0.05929  -0.11618   0.90000 10
  -0.55270  -0.66900  -0.18832   0.07150   1.00000  1
  -0.48139   1.20567   0.08471  -0.04376   1.00000  2
   0.98415  -0.57686  -0.07261   0.00896   1.00000  3
   0.07125   0.59453  -0.00415   0.03752   1.00000  4
   0.56139   1.59016   0.06393   0.11583   1.00000  5
   0.62461  -1.36731   0.05938   0.43142   1.00000  6
   0.77425   1.92057  -0.11939  -0.18511   1.00000  7
   0.65066  -1.24319  -0.02425  -0.24585   1.00000  8
  -0.83447  -0.59115   0.26709  -0.05942   1.00000  9
   1.08939  -0.00084  -0.06638  -0.13109   1.00000 10
  -0.57333  -0.66127  -0.22557   0.08363   1.10000  1
  -0.47246   1.20106   0.09389  -0.04865   1.10000  2
   0.97659  -0.57586  -0.07874   0.01115   1.10000  3
   0.07078   0.59849  -0.00532   0.04173   1.10000  4
   0.56838   1.60274   0.07615   0.13624   1.10000  5
   0.63128  -1.32083   0.07407   0.49520   1.10000  6
   0.76144   1.90071  -0.13735  -0.21253   1.10000  7
   0.64767  -1.27013  -0.03575  -0.28980   1.10000  8
  -0.80556  -0.59762   0.31230  -0.07020   1.10000  9
   1.08239  -0.01472  -0.07368  -0.14677   1.10000 10
  -0.59810  -0.65220  -0.27138   0.09799   1.20000  1
  -0.46261   1.19594   0.10330  -0.05373   1.20000  2
   0.96841  -0.57463  -0.08473   0.01364   1.20000  3
   0.07018   0.60288  -0.00673   0.04610   1.20000  4
   0.57671   1.61754   0.09105   0.16060   1.20000  5
   0.63931  -1.26979   0.08516   0.51431   1.20000  6
   0.74669   1.87793  -0.15805  -0.24393   1.20000  7
   0.64363  -1.29961  -0.04352  -0.28845   1.20000  8
  -0.77172  -0.60527   0.36613  -0.08315   1.20000  9
   1.07464  -0.03022  -0.08124  -0.16339   1.20000 10
  -0.62790  -0.64160  -0.32518   0.11422   1.30000  1
  -0.45179   1.19030   0.11296  -0.05901   1.30000  2
   0.95964  -0.57313  -0.09069   0.01635   1.30000  3
   0.06942   0.60772  -0.00839   0.05068   1.30000  4
   0.58671   1.63503   0.10963   0.19028   1.30000  5
   0.64795  -1.21996   0.08614   0.47691   1.30000  6
   0.72970   1.85175  -0.18248  -0.28070   1.30000  7
   0.63934  -1.32579  -0.04086  -0.22965   1.30000  8
  -0.73204  -0.61431   0.42803  -0.09791   1.30000  9
   1.06613  -0.04744  -0.08915  -0.18118   1.30000 10
  -0.66282  -0.62947  -0.36702   0.12646   1.40000  1
  -0.44000   1.18413   0.12293  -0.06454   1.40000  2
   0.95027  -0.57135  -0.09673   0.01919   1.40000  3
   0.06849   0.61302  -0.01035   0.05551   1.40000  4
   0.59880   1.65583   0.13320   0.22697   1.40000  5
   0.65640  -1.17467   0.08276   0.42965   1.40000  6
   0.71003   1.82155  -0.21200  -0.32455   1.40000  7
   0.63562  -1.34523  -0.03336  -0.15969   1.40000  8
  -0.68643  -0.62473   0.47806  -0.10862   1.40000  9
   1.05680  -0.06650  -0.09751  -0.20039   1.40000 10
  -0.69909  -0.61693  -0.34707   0.12127   1.50000  1
  -0.42720   1.17739   0.13325  -0.07035   1.50000  2
   0.94029  -0.56929  -0.10291   0.02214   1.50000  3
   0.06734   0.61883  -0.01262   0.06066   1.50000  4
   0.61355   1.68069   0.16263   0.27122   1.50000  5
   0.66450  -1.13373   0.07936   0.39101   1.50000  6
   0.68710   1.78657  -0.24746  -0.37604   1.50000  7
   0.63269  -1.35798  -0.02526  -0.09671   1.50000  8
  -0.63863  -0.63541   0.46651  -0.10184   1.50000  9
   1.04661  -0.08758  -0.10643  -0.22135   1.50000 10
  -0.73088  -0.60557  -0.28673   0.10555   1.60000  1
  -0.41334   1.17005   0.14399  -0.07650   1.60000  2
   0.92969  -0.56692  -0.10922   0.02522   1.60000  3
   0.06595   0.62517  -0.01524   0.06623   1.60000  4
   0.63136   1.71002   0.19182   0.31211   1.60000  5
   0.67231  -1.09614   0.07703   0.36224   1.60000  6
   0.66050   1.74639  -0.28284  -0.42432   1.60000  7
   0.63055  -1.36484  -0.01758  -0.04158   1.60000  8
  -0.59447  -0.64475   0.41484  -0.08452   1.60000  9
   1.03549  -0.11084  -0.11607  -0.24444   1.60000 10
  -0.75654  -0.59578  -0.22772   0.09075   1.70000  1
  -0.39838   1.16207   0.15527  -0.08304   1.70000  2
   0.91844  -0.56423  -0.11560   0.02853   1.70000  3
   0.06428   0.63209  -0.01823   0.07234   1.70000  4
   0.65095   1.74152   0.19304   0.30732   1.70000  5
   0.67995  -1.06100   0.07596   0.34191   1.70000  6
   0.63149   1.70329  -0.29046  -0.42714   1.70000  7
   0.62915  -1.36650  -0.01045   0.00753   1.70000  8
  -0.55556  -0.65236   0.36485  -0.06810   1.70000  9
   1.02336  -0.13655  -0.12666  -0.27013   1.70000 10
  -0.77673  -0.58732  -0.17759   0.07868   1.80000  1
  -0.38226   1.15342   0.16721  -0.09004   1.80000  2
   0.90657  -0.56120  -0.12189   0.03223   1.80000  3
   0.06229   0.63966  -0.02162   0.07918   1.80000  4
   0.66886   1.76988   0.16270   0.25652   1.80000  5
   0.68754  -1.02752   0.07613   0.32879   1.80000  6
   0.60350   1.66256  -0.26685  -0.38425   1.80000  7
   0.62844  -1.36348  -0.00379   0.05233   1.80000  8
  -0.52118  -0.65846   0.32417  -0.05440   1.80000  9
   1.01012  -0.16498  -0.13846  -0.29903   1.80000 10
  -0.79231  -0.57997  -0.13500   0.06882   1.90000  1
  -0.36491   1.14405   0.17997  -0.09759   1.90000  2
   0.89408  -0.55777  -0.12785   0.03653   1.90000  3
   0.05994   0.64796  -0.02547   0.08691   1.90000  4
   0.68340   1.79280   0.12868   0.20299   1.90000  5
   0.69522  -0.99502   0.07754   0.32212   1.90000  6
   0.57819   1.62646  -0.24000  -0.33904   1.90000  7
   0.62838  -1.35613   0.00250   0.09411   1.90000  8
  -0.49045  -0.66331   0.29152  -0.04290   1.90000  9
   0.99561  -0.19649  -0.15189  -0.33196   1.90000 10
  -0.80392  -0.57351  -0.09801   0.06061   2.00000  1
  -0.34624   1.13388   0.19371  -0.10580   2.00000  2
   0.88102  -0.55386  -0.13305   0.04180   2.00000  3
   0.05718   0.65708  -0.02984   0.09576   2.00000  4
   0.69475   1.81077   0.09912   0.15771   2.00000  5
   0.70309  -0.96289   0.08016   0.32164   2.00000  6
   0.55533   1.59445  -0.21815  -0.30260   2.00000  7
   0.62894  -1.34472   0.00856   0.13387   2.00000  8
  -0.46267  -0.66710   0.26502  -0.03302   2.00000  9
   0.97967  -0.23154  -0.16751  -0.36997   2.00000 10
  -0.81204  -0.56780  -0.06513   0.05360   2.10000  1
  -0.32613   1.12286   0.20860  -0.11480   2.10000  2
   0.86751  -0.54936  -0.13680   0.04851   2.10000  3
   0.05395   0.66716  -0.03484   0.10597   2.10000  4
   0.70338   1.82459   0.07398   0.11982   2.10000  5
   0.71129  -0.93049   0.08406   0.32752   2.10000  6
   0.53439   1.56567  -0.20133  -0.27416   2.10000  7
   0.63009  -1.32940   0.01446   0.17238   2.10000  8
  -0.43729  -0.66996   0.24324  -0.02431   2.10000  9
   0.96201  -0.27070  -0.18623  -0.41453   2.10000 10
  -0.81704  -0.56276  -0.03529   0.04749   2.20000  1
  -0.30447   1.11089   0.22485  -0.12478   2.20000  2
   0.85375  -0.54409  -0.13796   0.05727   2.20000  3
   0.05019   0.67833  -0.04057   0.11781   2.20000  4
   0.70966   1.83491   0.05221   0.08744   2.20000  5
   0.71995  -0.89715   0.08932   0.34042   2.20000  6
   0.51492   1.53941  -0.18860  -0.25193   2.20000  7
   0.63183  -1.31026   0.02031   0.21031   2.20000  8
  -0.41390  -0.67199   0.22518  -0.01645   2.20000  9
   0.94227  -0.31473  -0.20945  -0.46758   2.20000 10
  -0.81918  -0.55828  -0.00769   0.04207   2.30000  1
  -0.28111   1.09787   0.24271  -0.13599   2.30000  2
   0.84007  -0.53782  -0.13463   0.06846   2.30000  3
   0.04581   0.69079  -0.04720   0.13168   2.30000  4
   0.71390   1.84221   0.03294   0.05908   2.30000  5
   0.72921  -0.86213   0.09617   0.36164   2.30000  6
   0.49656   1.51512  -0.17920  -0.23455   2.30000  7
   0.63415  -1.28734   0.02621   0.24826   2.30000  8
  -0.39216  -0.67327   0.21012  -0.00923   2.30000  9
   0.91989  -0.36458  -0.23944  -0.53142   2.30000 10
  -0.81864  -0.55432   0.01824   0.03719   2.40000  1
  -0.25586   1.08364   0.26250  -0.14878   2.40000  2
   0.82707  -0.53037  -0.12397   0.08004   2.40000  3
   0.04071   0.70475  -0.05491   0.14807   2.40000  4
   0.71631   1.84683   0.01555   0.03371   2.40000  5
   0.73925  -0.82447   0.10505   0.39349   2.40000  6
   0.47899   1.49237  -0.17260  -0.22113   2.40000  7
   0.63707  -1.26059   0.03227   0.28684   2.40000  8
  -0.37179  -0.67385   0.19757  -0.00246   2.40000  9
   0.89404  -0.42141  -0.27969  -0.60698   2.40000 10
  -0.81557  -0.55083   0.04295   0.03271   2.50000  1
  -0.22853   1.06804   0.28459  -0.16366   2.50000  2
   0.81558  -0.52223  -0.10492   0.07769   2.50000  3
   0.03478   0.72051  -0.06397   0.16767   2.50000  4
   0.71706   1.84903  -0.00043   0.01060   2.50000  5
   0.75032  -0.78294   0.11691   0.44015   2.50000  6
   0.46196   1.47078  -0.16848  -0.21110   2.50000  7
   0.64062  -1.22992   0.03863   0.32683   2.50000  8
  -0.35257  -0.67377   0.18718   0.00398   2.50000  9
   0.86352  -0.48610  -0.33245  -0.68486   2.50000 10
  -0.81007  -0.54777   0.06681   0.02856   2.60000  1
  -0.19886   1.05082   0.30946  -0.18137   2.60000  2
   0.80592  -0.51667  -0.09154   0.02126   2.60000  3
   0.02786   0.73842  -0.07470   0.19143   2.60000  4
   0.71626   1.84901  -0.01533  -0.01081   2.60000  5
   0.76279  -0.73571   0.13332   0.50897   2.60000  6
   0.44522   1.45005  -0.16665  -0.20415   2.60000  7
   0.64482  -1.19514   0.04552   0.36932   2.60000  8
  -0.33429  -0.67306   0.17868   0.01016   2.60000  9
   0.82751  -0.55737  -0.38556  -0.73337   2.60000 10
  -0.80223  -0.54511   0.09010   0.02464   2.70000  1
  -0.16653   1.03163   0.33771  -0.20304   2.70000  2
   0.79641  -0.52004  -0.10222  -0.09494   2.70000  3
   0.01977   0.75898  -0.08750   0.22079   2.70000  4
   0.71402   1.84691  -0.02941  -0.03091   2.70000  5
   0.77705  -0.68029   0.14970   0.59922   2.70000  6
   0.42855   1.42986  -0.16702  -0.20015   2.70000  7
   0.64975  -1.15591   0.05322   0.41619   2.70000  8
  -0.31678  -0.67174   0.17191   0.01614   2.70000  9
   0.78714  -0.63171  -0.41649  -0.74794   2.70000 10
  -0.79206  -0.54284   0.11309   0.02091   2.80000  1
  -0.13118   1.01002   0.36990  -0.23048   2.80000  2
   0.78514  -0.53616  -0.12270  -0.22667   2.80000  3
   0.01028   0.78284  -0.10274   0.25789   2.80000  4
   0.71040   1.84286  -0.04286  -0.05000   2.80000  5
   0.79134  -0.61811   0.12821   0.62835   2.80000  6
   0.41174   1.40992  -0.16959  -0.19917   2.80000  7
   0.65550  -1.11165   0.06206   0.47081   2.80000  8
  -0.29986  -0.66984   0.16672   0.02189   2.80000  9
   0.74586  -0.70445  -0.40209  -0.69352   2.80000 10
  -0.77961  -0.54093   0.13600   0.01729   2.90000  1
  -0.09241   0.98526   0.40600  -0.26635   2.90000  2
   0.77233  -0.56427  -0.13041  -0.32448   2.90000  3
  -0.00085   0.81092  -0.12015   0.30583   2.90000  4
   0.70546   1.83693  -0.05582  -0.06835   2.90000  5
   0.80177  -0.55674   0.07808   0.59007   2.90000  6
   0.39456   1.38991  -0.17439  -0.20141   2.90000  7
   0.66220  -1.06130   0.07201   0.53906   2.90000  8
  -0.28339  -0.66737   0.16300   0.02739   2.90000  9
   0.70709  -0.76984  -0.37431  -0.61905   2.90000 10
  -0.76486  -0.53938   0.15903   0.01373   3.00000  1
  -0.04996   0.95639   0.44203  -0.31244   3.00000  2
   0.75942  -0.59860  -0.12821  -0.35425   3.00000  3
  -0.01371   0.84446  -0.13558   0.36694   3.00000  4
   0.69925   1.82921  -0.06841  -0.08613   3.00000  5
   0.80680  -0.50196   0.02373   0.50002   3.00000  6
   0.37679   1.36951  -0.18149  -0.20723   3.00000  7
   0.66988  -1.00309   0.08083   0.62947   3.00000  8
  -0.26721  -0.66437   0.16064   0.03258   3.00000  9
   0.67076  -0.82960  -0.35255  -0.58267   3.00000 10
  -0.74779  -0.53818   0.18239   0.01019   3.10000  1
  -0.00464   0.92285   0.45797  -0.35371   3.10000  2
   0.74634  -0.63470  -0.13548  -0.36924   3.10000  3
  -0.02726   0.88434  -0.12885   0.42669   3.10000  4
   0.69179   1.81972  -0.08073  -0.10351   3.10000  5
   0.80694  -0.45692  -0.01888   0.40242   3.10000  6
   0.35818   1.34833  -0.19093  -0.21709   3.10000  7
   0.67789  -0.93469   0.07449   0.73727   3.10000  8
  -0.25122  -0.66087   0.15952   0.03740   3.10000  9
   0.63692  -0.88732  -0.31951  -0.57041   3.10000 10
  -0.72837  -0.53734   0.20627   0.00661   3.20000  1
   0.04005   0.88755   0.43052  -0.34190   3.20000  2
   0.73194  -0.67308  -0.15450  -0.40226   3.20000  3
  -0.03782   0.92802  -0.07652   0.43723   3.20000  4
   0.68311   1.80851  -0.09284  -0.12059   3.20000  5
   0.80336  -0.42103  -0.05161   0.31747   3.20000  6
   0.33852   1.32595  -0.20274  -0.23134   3.20000  7
   0.68374  -0.85758   0.04185   0.79434   3.20000  8
  -0.23527  -0.65691   0.15949   0.04186   3.20000  9
   0.60790  -0.94154  -0.25992  -0.50142   3.20000 10
  -0.70651  -0.53686   0.23088   0.00298   3.30000  1
   0.08121   0.85577   0.39395  -0.29126   3.30000  2
   0.71502  -0.71588  -0.18574  -0.45377   3.30000  3
  -0.04224   0.97062  -0.01254   0.41301   3.30000  4
   0.67323   1.79561  -0.10481  -0.13748   3.30000  5
   0.79679  -0.39307  -0.07928   0.24303   3.30000  6
   0.31755   1.30191  -0.21714  -0.25021   3.30000  7
   0.68706  -0.77641   0.02929   0.82877   3.30000  8
  -0.21929  -0.65251   0.16034   0.04601   3.30000  9
   0.58433  -0.98662  -0.21494  -0.40107   3.30000 10
  -0.68216  -0.53675   0.25644  -0.00075   3.40000  1
   0.11921   0.82939   0.36764  -0.23655   3.40000  2
   0.69474  -0.76199  -0.21747  -0.45361   3.40000  3
  -0.04059   1.01067   0.04441   0.38896   3.40000  4
   0.66215   1.78102  -0.11672  -0.15425   3.40000  5
   0.78755  -0.37225  -0.10534   0.17390   3.40000  6
   0.29499   1.27575  -0.23474  -0.27391   3.40000  7
   0.69004  -0.69332   0.02918   0.82003   3.40000  8
  -0.20318  -0.64771   0.16187   0.04993   3.40000  9
   0.56441  -1.02224  -0.18525  -0.31376   3.40000 10
  -0.65519  -0.53701   0.28320  -0.00458   3.50000  1
   0.15501   0.80834   0.34945  -0.18500   3.50000  2
   0.67205  -0.80491  -0.23533  -0.40504   3.50000  3
  -0.03348   1.04868   0.09769   0.37252   3.50000  4
   0.64988   1.76476  -0.12867  -0.17103   3.50000  5
   0.77568  -0.35829  -0.13240   0.10483   3.50000  6
   0.27046   1.24696  -0.25666  -0.30264   3.50000  7
   0.69255  -0.61371   0.02084   0.77457   3.50000  8
  -0.18690  -0.64253   0.16382   0.05369   3.50000  9
   0.54708  -1.04973  -0.16194  -0.23733   3.50000 10
  -0.62547  -0.53767   0.31145  -0.00856   3.60000  1
   0.18924   0.79230   0.33556  -0.13614   3.60000  2
   0.64766  -0.84373  -0.25300  -0.37521   3.60000  3
  -0.02099   1.08540   0.15301   0.36288   3.60000  4
   0.63641   1.74681  -0.14076  -0.18792   3.60000  5
   0.76097  -0.35143  -0.16271   0.03136   3.60000  6
   0.24345   1.21506  -0.28464  -0.33606   3.60000  7
   0.69435  -0.53733   0.01626   0.75852   3.60000  8
  -0.17041  -0.63698   0.16594   0.05732   3.60000  9
   0.53194  -1.06988  -0.14112  -0.16618   3.60000 10
  -0.59284  -0.53873   0.34156  -0.01271   3.70000  1
   0.22217   0.78107   0.32292  -0.08868   3.70000  2
   0.62132  -0.88064  -0.27448  -0.36598   3.70000  3
  -0.00262   1.12136   0.21597   0.35631   3.70000  4
   0.62172   1.72716  -0.15313  -0.20512   3.70000  5
   0.74296  -0.35223  -0.19846  -0.04789   3.70000  6
   0.21325   1.17967  -0.32109  -0.37167   3.70000  7
   0.69608  -0.46102   0.01976   0.77124   3.70000  8
  -0.15372  -0.63107   0.16795   0.06079   3.70000  9
   0.51883  -1.08301  -0.12099  -0.09630   3.70000 10
  -0.55708  -0.54022   0.37395  -0.01707   3.80000  1
   0.25378   0.77455   0.30882  -0.04183   3.80000  2
   0.59262  -0.91744  -0.30016  -0.37249   3.80000  3
   0.02259   1.15645   0.28990   0.34280   3.80000  4
   0.60577   1.70577  -0.16601  -0.22284   3.80000  5
   0.72114  -0.36068  -0.23730  -0.11463   3.80000  6
   0.17892   1.14095  -0.36642  -0.40010   3.80000  7
   0.69850  -0.38291   0.02817   0.78667   3.80000  8
  -0.13684  -0.62483   0.16953   0.06405   3.80000  9
   0.50775  -1.08908  -0.10049  -0.02456   3.80000 10
  -0.51795  -0.54215   0.40918  -0.02170   3.90000  1
   0.28380   0.77267   0.29087   0.00392   3.90000  2
   0.56116  -0.95555  -0.32963  -0.39152   3.90000  3
   0.05537   1.18900   0.36264   0.30205   3.90000  4
   0.58849   1.68257  -0.17971  -0.24147   3.90000  5
   0.69605  -0.37284  -0.26063  -0.11676   3.90000  6
   0.14012   1.10061  -0.40567  -0.40034   3.90000  7
   0.70120  -0.30568   0.02196   0.74749   3.90000  8
  -0.11984  -0.61827   0.17030   0.06696   3.90000  9
   0.49876  -1.08778  -0.07930   0.05137   3.90000 10
  -0.47513  -0.54457   0.44796  -0.02668   4.00000  1
   0.31178   0.77523   0.26789   0.04669   4.00000  2
   0.52665  -0.99601  -0.36029  -0.41806   4.00000  3
   0.09396   1.21583   0.40241   0.23240   4.00000  4
   0.56978   1.65743  -0.19471  -0.26162   4.00000  5
   0.66961  -0.38269  -0.26680  -0.07892   4.00000  6
   0.09917   1.06202  -0.40538  -0.36836   4.00000  7
   0.70229  -0.23453  -0.00135   0.67506   4.00000  8
  -0.10282  -0.61145   0.16976   0.06936   4.00000  9
   0.49186  -1.07869  -0.05950   0.13014   4.00000 10
  -0.42821  -0.54750   0.49122  -0.03211   4.10000  1
   0.33725   0.78184   0.24094   0.08460   4.10000  2
   0.48940  -1.03882  -0.38150  -0.43302   4.10000  3
   0.13482   1.23564   0.41175   0.16620   4.10000  4
   0.54949   1.63016  -0.21152  -0.28417   4.10000  5
   0.64275  -0.38881  -0.27075  -0.04534   4.10000  6
   0.06028   1.02698  -0.36853  -0.33388   4.10000  7
   0.70085  -0.17032  -0.02743   0.61152   4.10000  8
  -0.08595  -0.60442   0.16725   0.07113   4.10000  9
   0.48649  -1.06217  -0.05144   0.19507   4.10000 10
  -0.37669  -0.55101   0.54021  -0.03811   4.20000  1
   0.35991   0.79198   0.21221   0.11745   4.20000  2
   0.45125  -1.08098  -0.37699  -0.40130   4.20000  3
   0.17607   1.24965   0.41323   0.11672   4.20000  4
   0.52740   1.60047  -0.23072  -0.31029   4.20000  5
   0.61537  -0.39212  -0.27730  -0.02244   4.20000  6
   0.02585   0.99491  -0.31925  -0.30888   4.20000  7
   0.69686  -0.11176  -0.05208   0.56182   4.20000  8
  -0.06947  -0.59725   0.16184   0.07226   4.20000  9
   0.48059  -1.04134  -0.07114   0.21277   4.20000 10
  -0.31992  -0.55515   0.59662  -0.04478   4.30000  1
   0.37969   0.80520   0.18348   0.14641   4.30000  2
   0.41457  -1.11778  -0.35564  -0.33159   4.30000  3
   0.21755   1.25947   0.41717   0.08199   4.30000  4
   0.50325   1.56793  -0.25289  -0.34159   4.30000  5
   0.58717  -0.39360  -0.28737  -0.00853   4.30000  6
  -0.00355   0.96496  -0.26902  -0.29104   4.30000  7
   0.69049  -0.05759  -0.07500   0.52316   4.30000  8
  -0.05372  -0.58999   0.15231   0.07277   4.30000  9
   0.47162  -1.02089  -0.10965   0.19321   4.30000 10
  -0.25705  -0.55999   0.66271  -0.05211   4.40000  1
   0.39664   0.82119   0.15579   0.17316   4.40000  2
   0.38012  -1.14710  -0.33381  -0.25479   4.40000  3
   0.25969   1.26645   0.42653   0.05956   4.40000  4
   0.47670   1.53191  -0.27860  -0.38048   4.40000  5
   0.55777  -0.39407  -0.30132  -0.00191   4.40000  6
  -0.02803   0.93657  -0.22122  -0.27732   4.40000  7
   0.68191  -0.00685  -0.09654   0.49291   4.40000  8
  -0.03920  -0.58272   0.13712   0.07258   4.40000  9
   0.45860  -1.00283  -0.15065   0.16840   4.40000 10
  -0.18698  -0.56558   0.74085  -0.05965   4.50000  1
   0.41090   0.83982   0.12962   0.19951   4.50000  2
   0.34768  -1.16885  -0.31567  -0.18084   4.50000  3
   0.30305   1.27179   0.44148   0.04947   4.50000  4
   0.44741   1.49146  -0.30782  -0.43074   4.50000  5
   0.52676  -0.39419  -0.31970  -0.00157   4.50000  6
  -0.04789   0.90942  -0.17644  -0.26586   4.50000  7
   0.67122   0.04121  -0.11708   0.46926   4.50000  8
  -0.02653  -0.57552   0.11496   0.07103   4.50000  9
   0.44155  -0.98700  -0.19020   0.14939   4.50000 10
  -0.10850  -0.57186   0.82941  -0.06537   4.60000  1
   0.42262   0.86114   0.10517   0.22723   4.60000  2
   0.31688  -1.18337  -0.30085  -0.10996   4.60000  3
   0.34807   1.27684   0.45855   0.05427   4.60000  4
   0.41511   1.44519  -0.33749  -0.49790   4.60000  5
   0.49365  -0.39458  -0.34345  -0.00726   4.60000  6
  -0.06342   0.88336  -0.13443  -0.25558   4.60000  7
   0.65852   0.08718  -0.13686   0.45100   4.60000  8
  -0.01636  -0.56863   0.08893   0.06572   4.60000  9
   0.42059  -0.97270  -0.22897   0.13784   4.60000 10
  -0.02149  -0.57840   0.90431  -0.06369   4.70000  1
   0.43199   0.88537   0.08240   0.25810   4.70000  2
   0.28743  -1.19088  -0.28830  -0.04031   4.70000  3
   0.39435   1.28316   0.46214   0.07341   4.70000  4
   0.38036   1.39120  -0.35253  -0.58407   4.70000  5
   0.45783  -0.39587  -0.37417  -0.01972   4.70000  6
  -0.07485   0.85829  -0.09461  -0.24572   4.70000  7
   0.64387   0.13156  -0.15604   0.43730   4.70000  8
  -0.00807  -0.56270   0.08504   0.05065   4.70000  9
   0.39574  -0.95918  -0.26825   0.13405   4.70000 10
   0.07035  -0.58431   0.92356  -0.05397   4.80000  1
   0.43914   0.91292   0.06071   0.29391   4.80000  2
   0.25918  -1.19140  -0.27679   0.03011   4.80000  3
   0.43894   1.29107   0.42143   0.07808   4.80000  4
   0.34620   1.32859  -0.32210  -0.66303   4.80000  5
   0.41850  -0.39883  -0.41427  -0.04148   4.80000  6
  -0.08239   0.83422  -0.05623  -0.23560   4.80000  7
   0.62732   0.17478  -0.17470   0.42764   4.80000  8
   0.00301  -0.55888   0.14735   0.02514   4.80000  9
   0.36689  -0.94560  -0.30896   0.13920   4.80000 10
   0.16229  -0.58926   0.91417  -0.04541   4.90000  1
   0.44410   0.94438   0.03800   0.33657   4.90000  2
   0.23208  -1.18478  -0.26502   0.10294   4.90000  3
   0.47767   1.29717   0.35270   0.03770   4.90000  4
   0.31698   1.25988  -0.26120  -0.70686   4.90000  5
   0.37459  -0.40468  -0.46607  -0.07891   4.90000  6
  -0.08612   0.81120  -0.01840  -0.22464   4.90000  7
   0.60894   0.21722  -0.19282   0.42176   4.90000  8
   0.02270  -0.55762   0.24886   0.00083   4.90000  9
   0.33392  -0.93095  -0.35021   0.15602   4.90000 10
   0.25307  -0.59327   0.89878  -0.03313   5.00000  1
   0.44656   0.98051   0.00970   0.38701   5.00000  2
   0.20622  -1.17070  -0.25190   0.17926   5.00000  3
   0.50978   1.29788   0.29148  -0.02544   5.00000  4
   0.29387   1.18756  -0.20155  -0.73946   5.00000  5
   0.32503  -0.41555  -0.52438  -0.14430   5.00000  6
  -0.08605   0.78934   0.01987  -0.21242   5.00000  7
   0.58878   0.25926  -0.21045   0.41976   5.00000  8
   0.05291  -0.55855   0.35547  -0.01869   5.00000  9
   0.29699  -0.91390  -0.38703   0.18741   5.00000 10
   0.34074  -0.59556   0.84536  -0.01300   5.10000  1
   0.44562   1.02187  -0.03102   0.43900   5.10000  2
   0.18177  -1.14879  -0.23690   0.25964   5.10000  3
   0.53629   1.29189   0.23982  -0.09483   5.10000  4
   0.27677   1.11195  -0.13914  -0.77182   5.10000  5
   0.27045  -0.43465  -0.56139  -0.24090   5.10000  6
  -0.08209   0.76877   0.05968  -0.19868   5.10000  7
   0.56687   0.30131  -0.22776   0.42204   5.10000  8
   0.09378  -0.56119   0.46176  -0.03298   5.10000  9
   0.25697  -0.89303  -0.41041   0.23154   5.10000 10
   0.42050  -0.59638   0.74552  -0.00651   5.20000  1
   0.44001   1.06757  -0.08046   0.46908   5.20000  2
   0.15890  -1.11862  -0.22017   0.34459   5.20000  3
   0.55781   1.27884   0.19017  -0.16641   5.20000  4
   0.26628   1.03383  -0.07091  -0.78524   5.20000  5
   0.21384  -0.46389  -0.56698  -0.34432   5.20000  6
  -0.07402   0.74965   0.10236  -0.18341   5.20000  7
   0.54322   0.34384  -0.24525   0.42940   5.20000  8
   0.14511  -0.56484   0.56191  -0.03815   5.20000  9
   0.21550  -0.86743  -0.41620   0.28097   5.20000 10
   0.48965  -0.59728   0.63825  -0.01243   5.30000  1
   0.43030   1.11448  -0.10761   0.46463   5.30000  2
   0.13778  -1.07968  -0.20209   0.43515   5.30000  3
   0.57411   1.25865   0.13413  -0.23669   5.30000  4
   0.26197   0.95587  -0.02021  -0.77137   5.30000  5
   0.15827  -0.50362  -0.53415  -0.44851   5.30000  6
  -0.06147   0.73212   0.14956  -0.16704   5.30000  7
   0.51778   0.38740  -0.26394   0.44305   5.30000  8
   0.20450  -0.56859   0.61175  -0.03909   5.30000  9
   0.17427  -0.83677  -0.40569   0.33230   5.30000 10
   0.54842  -0.59889   0.53861  -0.01964   5.40000  1
   0.41980   1.15994  -0.09685   0.44238   5.40000  2
   0.11852  -1.03135  -0.18302   0.53295   5.40000  3
   0.58423   1.23181   0.06631  -0.29747   5.40000  4
   0.26127   0.87957   0.00235  -0.75610   5.40000  5
   0.10893  -0.55267  -0.44898  -0.52843   5.40000  6
  -0.04389   0.71625   0.20320  -0.15057   5.40000  7
   0.49033   0.43272  -0.28559   0.46488   5.40000  8
   0.26462  -0.57384   0.58249  -0.07144   5.40000  9
   0.13493  -0.80097  -0.37850   0.38345   5.40000 10
   0.59763  -0.60114   0.44653  -0.02498   5.50000  1
   0.41177   1.20249  -0.06105   0.40593   5.50000  2
   0.10119  -0.97276  -0.16358   0.64076   5.50000  3
   0.58706   1.19981  -0.01041  -0.33879   5.50000  4
   0.26184   0.80418   0.00711  -0.75424   5.50000  5
   0.06833  -0.60908  -0.36473  -0.60107   5.50000  6
  -0.02053   0.70196   0.26569  -0.13569   5.50000  7
   0.46046   0.48074  -0.31330   0.49763   5.50000  8
   0.32046  -0.58339   0.53429  -0.11964   5.50000  9
   0.09894  -0.76023  -0.34054   0.43010   5.50000 10
   0.63790  -0.60384   0.35950  -0.02877   5.60000  1
   0.40779   1.24057  -0.01902   0.35310   5.60000  2
   0.08574  -0.90271  -0.14644   0.76319   5.60000  3
   0.58220   1.16479  -0.08575  -0.35849   5.60000  4
   0.26248   0.72825   0.00549  -0.76646   5.60000  5
   0.03581  -0.67325  -0.28497  -0.68045   5.60000  6
   0.00964   0.68897   0.34011  -0.12523   5.60000  7
   0.42727   0.53272  -0.35333   0.54447   5.60000  8
   0.37164  -0.59746   0.49043  -0.15944   5.60000  9
   0.06670  -0.71547  -0.30603   0.45808   5.60000 10
   0.66962  -0.60688   0.27521  -0.03198   5.70000  1
   0.40773   1.27272   0.01627   0.28861   5.70000  2
   0.07144  -0.81957  -0.14409   0.89895   5.70000  3
   0.57024   1.12857  -0.15165  -0.36460   5.70000  4
   0.26320   0.65074   0.01173  -0.78118   5.70000  5
   0.01160  -0.74333  -0.19787  -0.70690   5.70000  6
   0.04799   0.67661   0.42944  -0.12388   5.70000  7
   0.38896   0.59003  -0.41829   0.60124   5.70000  8
   0.41884  -0.61479   0.45508  -0.18456   5.70000  9
   0.03753  -0.67152  -0.27583   0.40431   5.70000 10
   0.69297  -0.61025   0.19197  -0.03567   5.80000  1
   0.41066   1.29813   0.04045   0.21941   5.80000  2
   0.05581  -0.72513  -0.16986   0.97142   5.80000  3
   0.55221   1.09197  -0.20740  -0.36762   5.80000  4
   0.26526   0.57376   0.02738  -0.74428   5.80000  5
  -0.00367  -0.81108  -0.11151  -0.63085   5.80000  6
   0.09604   0.66373   0.53386  -0.13586   5.80000  7
   0.34270   0.65171  -0.50660   0.62076   5.80000  8
   0.46300  -0.63383   0.43018  -0.19368   5.80000  9
   0.01216  -0.63644  -0.22847   0.29636   5.80000 10
   0.70801  -0.61407   0.10865  -0.04118   5.90000  1
   0.41546   1.31660   0.05391   0.15013   5.90000  2
   0.03793  -0.62791  -0.18627   0.96569   5.90000  3
   0.52896   1.05490  -0.25721  -0.37483   5.90000  4
   0.26753   0.50414   0.01374  -0.64436   5.90000  5
  -0.01213  -0.86816  -0.06343  -0.51366   5.90000  6
   0.15504   0.64928   0.64513  -0.15101   5.90000  7
   0.28867   0.71218  -0.56785   0.58318   5.90000  8
   0.50532  -0.65301   0.41860  -0.18742   5.90000  9
  -0.00762  -0.61138  -0.16527   0.21347   5.90000 10
   0.71468  -0.61862   0.02466  -0.05060   6.00000  1
   0.42115   1.32824   0.05836   0.08318   6.00000  2
   0.01875  -0.53343  -0.19571   0.91675   6.00000  3
   0.50080   1.01675  -0.30614  -0.38951   6.00000  4
   0.26789   0.44480  -0.00451  -0.54438   6.00000  5
  -0.01702  -0.91482  -0.03607  -0.42417   6.00000  6
   0.22384   0.63456   0.71802  -0.13781   6.00000  7
   0.23073   0.76750  -0.57856   0.51982   6.00000  8
   0.54721  -0.67089   0.42165  -0.16843   6.00000  9
  -0.02087  -0.59151  -0.10171   0.19514   6.00000 10
   0.71294  -0.62443  -0.05905  -0.06708   6.10000  1
   0.42690   1.33336   0.05558   0.01991   6.10000  2
  -0.00075  -0.44541  -0.19201   0.84278   6.10000  3
   0.46767   0.97673  -0.35675  -0.41228   6.10000  4
   0.26718   0.39472  -0.00700  -0.46043   6.10000  5
  -0.01958  -0.95373  -0.01596  -0.35684   6.10000  6
   0.29607   0.62201   0.71836  -0.11468   6.10000  7
   0.17524   0.81643  -0.52472   0.46370   6.10000  8
   0.59005  -0.68631   0.43655  -0.13798   6.10000  9
  -0.02856  -0.57080  -0.05499   0.22292   6.10000 10
   0.70307  -0.63240  -0.13620  -0.09437   6.20000  1
   0.43208   1.33237   0.04722  -0.03898   6.20000  2
  -0.01931  -0.36466  -0.17791   0.77432   6.20000  3
   0.42946   0.93404  -0.40671  -0.44261   6.20000  4
   0.26689   0.35204   0.00237  -0.39647   6.20000  5
  -0.02032  -0.98667   0.00088  -0.30384   6.20000  6
   0.36669   0.61142   0.69188  -0.09707   6.20000  7
   0.12633   0.86109  -0.45281   0.43229   6.20000  8
   0.63463  -0.69806   0.45416  -0.09472   6.20000  9
  -0.03236  -0.54660  -0.02286   0.26145   6.20000 10
   0.68653  -0.64367  -0.18800  -0.13197   6.30000  1
   0.43620   1.32572   0.03466  -0.09320   6.30000  2
  -0.03615  -0.29007  -0.15817   0.71985   6.30000  3
   0.38661   0.88806  -0.44789  -0.47712   6.30000  4
   0.26777   0.31481   0.01521  -0.35071   6.30000  5
  -0.01946  -1.01482   0.01594  -0.26055   6.30000  6
   0.43410   0.60276   0.65458  -0.07532   6.30000  7
   0.08467   0.90318  -0.38083   0.40998   6.30000  8
   0.68027  -0.70486   0.45321  -0.04012   6.30000  9
  -0.03339  -0.51855   0.00129   0.29915   6.30000 10
   0.66707  -0.65866  -0.19350  -0.16546   6.40000  1
   0.43891   1.31388   0.01902  -0.14284   6.40000  2
  -0.05082  -0.22024  -0.13452   0.67871   6.40000  3
   0.34051   0.83878  -0.47073  -0.50664   6.40000  4
   0.26986   0.28142   0.02589  -0.31920   6.40000  5
  -0.01716  -1.03900   0.02995  -0.22416   6.40000  6
   0.49718   0.59640   0.60490  -0.05242   6.40000  7
   0.05001   0.94303  -0.31329   0.38635   6.40000  8
   0.72383  -0.70620   0.41094   0.01106   6.40000  9
  -0.03224  -0.48685   0.02133   0.33460   6.40000 10
   0.64899  -0.67608  -0.16488  -0.17963   6.50000  1
   0.43993   1.29729   0.00121  -0.18820   6.50000  2
  -0.06293  -0.15396  -0.10698   0.64870   6.50000  3
   0.29310   0.78719  -0.47481  -0.52287   6.50000  4
   0.27276   0.25062   0.03108  -0.29824   6.50000  5
  -0.01349  -1.05982   0.04339  -0.19280   6.50000  6
   0.55480   0.59199   0.54705  -0.03750   6.50000  7
   0.02174   0.98031  -0.25360   0.35856   6.50000  8
   0.76143  -0.70330   0.33826   0.04348   6.50000  9
  -0.02919  -0.45168   0.03927   0.36850   6.50000 10
   0.63436  -0.69401  -0.12747  -0.17657   6.60000  1
   0.43910   1.27637  -0.01816  -0.22975   6.60000  2
  -0.07206  -0.09020  -0.07476   0.62768   6.60000  3
   0.24592   0.73457  -0.46753  -0.52837   6.60000  4
   0.27582   0.22152   0.02852  -0.28483   6.60000  5
  -0.00849  -1.07769   0.05656  -0.16519   6.60000  6
   0.60663   0.58856   0.49015  -0.03254   6.60000  7
  -0.00102   1.01467  -0.20321   0.32852   6.60000  8
   0.79132  -0.69806   0.25973   0.05915   6.60000  9
  -0.02442  -0.41316   0.05619   0.40190   6.60000 10
   0.62341  -0.71106  -0.09211  -0.16338   6.70000  1
   0.43626   1.25146  -0.03870  -0.26789   6.70000  2
  -0.07769  -0.02819  -0.03680   0.61352   6.70000  3
   0.19977   0.68159  -0.45503  -0.53145   6.70000  4
   0.27815   0.19349   0.01653  -0.27644   6.70000  5
  -0.00218  -1.09295   0.06969  -0.14043   6.70000  6
   0.65303   0.58527   0.43897  -0.03395   6.70000  7
  -0.01917   1.04603  -0.16098   0.29894   6.70000  8
   0.81353  -0.69179   0.18559   0.06509   6.70000  9
  -0.01797  -0.37128   0.07283   0.43601   6.70000 10
   0.61581  -0.72650  -0.06055  -0.14458   6.80000  1
   0.43133   1.22289  -0.06015  -0.30294   6.80000  2
  -0.07920   0.03266   0.00771   0.60409   6.80000  3
   0.15499   0.62814  -0.44043  -0.53883   6.80000  4
   0.27877   0.16615  -0.00594  -0.27066   6.80000  5
   0.00545  -1.10585   0.08292  -0.11784   6.80000  6
   0.69463   0.58168   0.39393  -0.03831   6.80000  7
  -0.03341   1.07452  -0.12460   0.27117   6.80000  8
   0.82863  -0.68522   0.11722   0.06567   6.80000  9
  -0.00984  -0.32589   0.08991   0.47222   6.80000 10
   0.61120  -0.73987  -0.03206  -0.12237   6.90000  1
   0.42421   1.19097  -0.08230  -0.33507   6.90000  2
  -0.07592   0.09272   0.05888   0.59762   6.90000  3
   0.11169   0.57354  -0.42549  -0.55500   6.90000  4
   0.27661   0.13935  -0.03906  -0.26510   6.90000  5
   0.01441  -1.11657   0.09633  -0.09687   6.90000  6
   0.73198   0.57758   0.35384  -0.04368   6.90000  7
  -0.04422   1.10032  -0.09200   0.24524   6.90000  8
   0.83713  -0.67876   0.05352   0.06301   6.90000  9
   0.00006  -0.27671   0.10834   0.51221   6.90000 10
   0.60934  -0.75089  -0.00547  -0.09773   7.00000  1
   0.41485   1.15597  -0.10490  -0.36438   7.00000  2
  -0.06723   0.15227   0.11588   0.59386   7.00000  3
   0.06986   0.51671  -0.41147  -0.58416   7.00000  4
   0.27063   0.11319  -0.08209  -0.25782   7.00000  5
   0.02472  -1.12526   0.11000  -0.07710   7.00000  6
   0.76552   0.57294   0.31736  -0.04920   7.00000  7
  -0.05189   1.12360  -0.06172   0.22048   7.00000  8
   0.83944  -0.67270  -0.00701   0.05798   7.00000  9
   0.01192  -0.22325   0.12941   0.55808   7.00000 10
   0.61008  -0.75934   0.02029  -0.07096   7.10000  1
   0.40322   1.11818  -0.12771  -0.39100   7.10000  2
  -0.05261   0.21168   0.17695   0.59597   7.10000  3
   0.02933   0.45607  -0.39934  -0.63263   7.10000  4
   0.25990   0.08788  -0.13393  -0.24794   7.10000  5
   0.03642  -1.13202   0.12398  -0.05817   7.10000  6
   0.79554   0.56775   0.28336  -0.05455   7.10000  7
  -0.05661   1.14443  -0.03293   0.19598   7.10000  8
   0.83579  -0.66724  -0.06574   0.05073   7.10000  9
   0.02609  -0.16481   0.15507   0.61258   7.10000 10
   0.61340  -0.76501   0.04615  -0.04184   7.20000  1
   0.38931   1.07785  -0.15045  -0.41523   7.20000  2
  -0.03184   0.27190   0.23711   0.61043   7.20000  3
  -0.01002   0.38923  -0.38636  -0.70878   7.20000  4
   0.24355   0.06367  -0.19475  -0.23578   7.20000  5
   0.04953  -1.13691   0.13829  -0.03974   7.20000  6
   0.82224   0.56203   0.25090  -0.05967   7.20000  7
  -0.05851   1.16278  -0.00528   0.17081   7.20000  8
   0.82631  -0.66263  -0.12389   0.04096   7.20000  9
   0.04318  -0.10034   0.18828   0.67884   7.20000 10
   0.61934  -0.76761   0.07285  -0.00972   7.30000  1
   0.37314   1.03520  -0.17291  -0.43769   7.30000  2
  -0.00618   0.33322   0.26731   0.60256   7.30000  3
  -0.04693   0.31433  -0.34237  -0.77855   7.30000  4
   0.22054   0.04083  -0.26795  -0.21986   7.30000  5
   0.06409  -1.13997   0.15294  -0.02151   7.30000  6
   0.84574   0.55582   0.21924  -0.06462   7.30000  7
  -0.05770   1.17854   0.02126   0.14419   7.30000  8
   0.81100  -0.65916  -0.18246   0.02784   7.30000  9
   0.06411  -0.02861   0.23209   0.75736   7.30000 10
   0.62801  -0.76681   0.10083   0.02657   7.40000  1
   0.35474   0.99033  -0.19506  -0.45962   7.40000  2
   0.02039   0.38942   0.26384   0.51634   7.40000  3
  -0.07689   0.23605  -0.25315  -0.78279   7.40000  4
   0.18948   0.02038  -0.35372  -0.18219   7.40000  5
   0.08013  -1.14121   0.16793  -0.00317   7.40000  6
   0.86609   0.54911   0.18777  -0.06945   7.40000  7
  -0.05430   1.19154   0.04652   0.11546   7.40000  8
   0.78978  -0.65722  -0.24214   0.01001   7.40000  9
   0.08972   0.05097   0.27718   0.82885   7.40000 10
   0.63954  -0.76210   0.12967   0.06881   7.50000  1
   0.33413   0.94322  -0.21714  -0.48302   7.50000  2
   0.04700   0.43677   0.27033   0.43338   7.50000  3
  -0.09697   0.15778  -0.14603  -0.78075   7.50000  4
   0.15053   0.00622  -0.41837  -0.09416   7.50000  5
   0.09768  -1.14059   0.18323   0.01562   7.50000  6
   0.88328   0.54193   0.15594  -0.07422   7.50000  7
  -0.04845   1.20155   0.07021   0.08423   7.50000  8
   0.76254  -0.65739  -0.30271  -0.01465   7.50000  9
   0.11787   0.13517   0.27486   0.84474   7.50000 10
   0.65387  -0.75278   0.15610   0.11900   7.60000  1
   0.31129   0.89358  -0.23974  -0.51098   7.60000  2
   0.07478   0.47661   0.28657   0.36564   7.60000  3
  -0.10603   0.08062  -0.03685  -0.75969   7.60000  4
   0.10694   0.00184  -0.45097   0.00381   7.60000  5
   0.11678  -1.13806   0.19884   0.03521   7.60000  6
   0.89726   0.53427   0.12334  -0.07895   7.60000  7
  -0.04032   1.20830   0.09203   0.05043   7.60000  8
   0.72930  -0.66046  -0.36109  -0.04846   7.60000  9
   0.14327   0.21865   0.23177   0.82398   7.60000 10
   0.67031  -0.73806   0.16857   0.17596   7.70000  1
   0.28613   0.84072  -0.26391  -0.54829   7.70000  2
   0.10457   0.51026   0.31041   0.30896   7.70000  3
  -0.10471   0.00614   0.06202  -0.72835   7.70000  4
   0.06038   0.00614  -0.48118   0.07665   7.70000  5
   0.13746  -1.13351   0.21478   0.05597   7.70000  6
   0.90792   0.52614   0.08970  -0.08353   7.70000  7
  -0.03011   1.21156   0.11176   0.01418   7.70000  8
   0.69075  -0.66737  -0.40597  -0.09056   7.70000  9
   0.16445   0.30055   0.19383   0.81900   7.70000 10
   0.68636  -0.71782   0.14486   0.22556   7.80000  1
   0.25841   0.78335  -0.29103  -0.60283   7.80000  2
   0.13710   0.53873   0.34143   0.26235   7.80000  3
  -0.09396  -0.06445   0.14954  -0.67895   7.80000  4
   0.01067   0.01575  -0.51117   0.10736   7.80000  5
   0.15976  -1.12681   0.23119   0.07844   7.80000  6
   0.91516   0.51758   0.05489  -0.08775   7.80000  7
  -0.01804   1.21107   0.12936  -0.02428   7.80000  8
   0.64931  -0.67840  -0.41556  -0.12711   7.80000  9
   0.18239   0.38356   0.16648   0.84721   7.80000 10
   0.69789  -0.69393   0.08116   0.24706   7.90000  1
   0.22783   0.71914  -0.32050  -0.68779   7.90000  2
   0.17302   0.56324   0.37683   0.23158   7.90000  3
  -0.07593  -0.12880   0.20432  -0.60610   7.90000  4
  -0.04093   0.02610  -0.51469   0.09486   7.90000  5
   0.18372  -1.11774   0.24828   0.10333   7.90000  6
   0.91886   0.50862   0.01893  -0.09134   7.90000  7
  -0.00430   1.20663   0.14507  -0.06473   7.90000  8
   0.60898  -0.69188  -0.38668  -0.13768   7.90000  9
   0.19801   0.47119   0.14729   0.91081   7.90000 10
   0.70215  -0.66926   0.00376   0.24330   8.00000  1
   0.19484   0.64450  -0.33095  -0.80662   8.00000  2
   0.21190   0.58613   0.39274   0.23230   8.00000  3
  -0.05423  -0.18582   0.22592  -0.53690   8.00000  4
  -0.09123   0.03438  -0.48794   0.07131   8.00000  5
   0.20944  -1.10603   0.26629   0.13156   8.00000  6
   0.91891   0.49934  -0.01803  -0.09399   8.00000  7
   0.01093   1.19806   0.15954  -0.10717   8.00000  8
   0.57233  -0.70517  -0.34644  -0.12549   8.00000  9
   0.21211   0.56644   0.13512   0.99170   8.00000 10
   0.69875  -0.64566  -0.07089   0.22739   8.10000  1
   0.16468   0.56198  -0.26276  -0.81401   8.10000  2
   0.24907   0.61003   0.34124   0.24391   8.10000  3
  -0.03115  -0.23680   0.23487  -0.48574   8.10000  4
  -0.13812   0.04064  -0.44887   0.05541   8.10000  5
   0.23702  -1.09128   0.28542   0.16424   8.10000  6
   0.91523   0.48986  -0.05560  -0.09541   8.10000  7
   0.02761   1.18511   0.17418  -0.15220   8.10000  8
   0.53948  -0.71668  -0.31216  -0.10406   8.10000  9
   0.22459   0.66538   0.11458   0.96044   8.10000 10
