  -0.47353  -0.70022  -0.00064   0.00905   0.10000  1
  -0.52291   1.22678   0.00197  -0.00507   0.10000  2
   0.04888   0.77908  -0.00147   0.00060   0.10000  3
   0.16146   1.55575  -0.00189  -0.00348   0.10000  4
   1.09722   0.61257  -0.00428  -0.00131   0.10000  5
  -1.25856   0.40815   0.00343   0.00082   0.10000  6
  -0.59174  -0.49809   0.00724  -0.00787   0.10000  7
   0.61078   0.35237  -0.00002   0.00276   0.10000  8
  -0.65415   0.73814   0.00211   0.00225   0.10000  9
   0.00089  -0.73609  -0.00644   0.00224   0.10000 10
  -0.47363  -0.69886  -0.00131   0.01815   0.20000  1
  -0.52262   1.22602   0.00393  -0.01014   0.20000  2
   0.04866   0.77917  -0.00295   0.00120   0.20000  3
   0.16117   1.55523  -0.00379  -0.00696   0.20000  4
   1.09658   0.61237  -0.00856  -0.00262   0.20000  5
  -1.25804   0.40827   0.00687   0.00164   0.20000  6
  -0.59065  -0.49927   0.01452  -0.01579   0.20000  7
   0.61078   0.35278  -0.00003   0.00553   0.20000  8
  -0.65384   0.73847   0.00423   0.00450   0.20000  9
  -0.00008  -0.73576  -0.01291   0.00449   0.20000 10
  -0.47379  -0.69659  -0.00203   0.02732   0.30000  1
  -0.52213   1.22475   0.00590  -0.01524   0.30000  2
   0.04829   0.77932  -0.00444   0.00181   0.30000  3
   0.16070   1.55436  -0.00569  -0.01046   0.30000  4
   1.09551   0.61205  -0.01286  -0.00394   0.30000  5
  -1.25718   0.40848   0.01031   0.00247   0.30000  6
  -0.58883  -0.50125   0.02191  -0.02381   0.30000  7
   0.61078   0.35347  -0.00004   0.00830   0.30000  8
  -0.65331   0.73904   0.00636   0.00678   0.30000  9
  -0.00170  -0.73519  -0.01941   0.00676   0.30000 10
  -0.47404  -0.69339  -0.00285   0.03663   0.40000  1
  -0.52144   1.22297   0.00787  -0.02036   0.40000  2
   0.04777   0.77953  -0.00594   0.00243   0.40000  3
   0.16004   1.55314  -0.00760  -0.01397   0.40000  4
   1.09401   0.61159  -0.01717  -0.00526   0.40000  5
  -1.25598   0.40877   0.01375   0.00330   0.40000  6
  -0.58626  -0.50404   0.02944  -0.03200   0.40000  7
   0.61077   0.35444  -0.00003   0.01108   0.40000  8
  -0.65256   0.73983   0.00851   0.00908   0.40000  9
  -0.00397  -0.73440  -0.02597   0.00907   0.40000 10
  -0.47437  -0.68925  -0.00379   0.04610   0.50000  1
  -0.52055   1.22068   0.00984  -0.02553   0.50000  2
   0.04710   0.77980  -0.00747   0.00307   0.50000  3
   0.15918   1.55157  -0.00951  -0.01749   0.50000  4
   1.09208   0.61099  -0.02152  -0.00659   0.50000  5
  -1.25444   0.40914   0.01719   0.00414   0.50000  6
  -0.58294  -0.50766   0.03719  -0.04039   0.50000  7
   0.61077   0.35569  -0.00001   0.01387   0.50000  8
  -0.65160   0.74086   0.01070   0.01142   0.50000  9
  -0.00689  -0.73338  -0.03262   0.01141   0.50000 10
  -0.47480  -0.68416  -0.00489   0.05578   0.60000  1
  -0.51947   1.21786   0.01181  -0.03075   0.60000  2
   0.04627   0.78014  -0.00901   0.00372   0.60000  3
   0.15813   1.54964  -0.01143  -0.02105   0.60000  4
   1.08970   0.61027  -0.02591  -0.00792   0.60000  5
  -1.25254   0.40960   0.02064   0.00499   0.60000  6
  -0.57882  -0.51213   0.04520  -0.04905   0.60000  7
   0.61077   0.35722   0.00004   0.01667   0.60000  8
  -0.65042   0.74212   0.01292   0.01380   0.60000  9
  -0.01049  -0.73212  -0.03937   0.01382   0.60000 10
  -0.47535  -0.67809  -0.00619   0.06570   0.70000  1
  -0.51819   1.21452   0.01378  -0.03603   0.70000  2
   0.04529   0.78055  -0.01058   0.00440   0.70000  3
   0.15689   1.54736  -0.01336  -0.02463   0.70000  4
   1.08689   0.60941  -0.03034  -0.00927   0.70000  5
  -1.25031   0.41014   0.02410   0.00585   0.70000  6
  -0.57389  -0.51748   0.05353  -0.05802   0.70000  7
   0.61078   0.35902   0.00012   0.01948   0.70000  8
  -0.64902   0.74362   0.01519   0.01623   0.70000  9
  -0.01477  -0.73061  -0.04624   0.01629   0.70000 10
  -0.47605  -0.67101  -0.00772   0.07587   0.80000  1
  -0.51671   1.21065   0.01576  -0.04139   0.80000  2
   0.04415   0.78102  -0.01219   0.00511   0.80000  3
   0.15546   1.54471  -0.01531  -0.02825   0.80000  4
   1.08363   0.60841  -0.03482  -0.01063   0.80000  5
  -1.24772   0.41077   0.02756   0.00672   0.80000  6
  -0.56810  -0.52374   0.06226  -0.06733   0.80000  7
   0.61080   0.36111   0.00022   0.02231   0.80000  8
  -0.64738   0.74536   0.01751   0.01873   0.80000  9
  -0.01975  -0.72886  -0.05327   0.01884   0.80000 10
  -0.47691  -0.66291  -0.00952   0.08628   0.90000  1
  -0.51504   1.20624   0.01773  -0.04684   0.90000  2
   0.04285   0.78157  -0.01384   0.00585   0.90000  3
   0.15383   1.54171  -0.01726  -0.03191   0.90000  4
   1.07993   0.60728  -0.03937  -0.01200   0.90000  5
  -1.24479   0.41149   0.03104   0.00761   0.90000  6
  -0.56142  -0.53096   0.07143  -0.07697   0.90000  7
   0.61083   0.36349   0.00037   0.02517   0.90000  8
  -0.64551   0.74737   0.01990   0.02131   0.90000  9
  -0.02543  -0.72684  -0.06048   0.02149   0.90000 10
  -0.47796  -0.65375  -0.01159   0.09686   1.00000  1
  -0.51317   1.20128   0.01971  -0.05239   1.00000  2
   0.04138   0.78220  -0.01554   0.00663   1.00000  3
   0.15201   1.53833  -0.01924  -0.03561   1.00000  4
   1.07576   0.60602  -0.04398  -0.01338   1.00000  5
  -1.24152   0.41229   0.03452   0.00851   1.00000  6
  -0.55380  -0.53915   0.08110  -0.08689   1.00000  7
   0.61087   0.36615   0.00056   0.02804   1.00000  8
  -0.64340   0.74963   0.02236   0.02397   1.00000  9
  -0.03185  -0.72455  -0.06791   0.02425   1.00000 10
  -0.47923  -0.64354  -0.01389   0.10740   1.10000  1
  -0.51110   1.19576   0.02169  -0.05806   1.10000  2
   0.03974   0.78290  -0.01729   0.00745   1.10000  3
   0.14998   1.53458  -0.02123  -0.03937   1.10000  4
   1.07113   0.60461  -0.04868  -0.01479   1.10000  5
  -1.23789   0.41319   0.03802   0.00943   1.10000  6
  -0.54518  -0.54834   0.09123  -0.09690   1.10000  7
   0.61094   0.36910   0.00081   0.03094   1.10000  8
  -0.64104   0.75216   0.02492   0.02674   1.10000  9
  -0.03902  -0.72199  -0.07557   0.02714   1.10000 10
  -0.48074  -0.63229  -0.01625   0.11747   1.20000  1
  -0.50883   1.18967   0.02366  -0.06386   1.20000  2
   0.03792   0.78369  -0.01910   0.00832   1.20000  3
   0.14776   1.53045  -0.02325  -0.04319   1.20000  4
   1.06602   0.60306  -0.05347  -0.01621   1.20000  5
  -1.23391   0.41418   0.04153   0.01037   1.20000  6
  -0.53554  -0.55852   0.10172  -0.10657   1.20000  7
   0.61104   0.37234   0.00111   0.03387   1.20000  8
  -0.63841   0.75498   0.02757   0.02962   1.20000  9
  -0.04697  -0.71912  -0.08353   0.03018   1.20000 10
  -0.48247  -0.62008  -0.01829   0.12626   1.30000  1
  -0.50637   1.18298   0.02563  -0.06981   1.30000  2
   0.03592   0.78457  -0.02099   0.00925   1.30000  3
   0.14533   1.52594  -0.02528  -0.04707   1.30000  4
   1.06043   0.60136  -0.05837  -0.01766   1.30000  5
  -1.22958   0.41526   0.04506   0.01133   1.30000  6
  -0.52484  -0.56961   0.11223  -0.11512   1.30000  7
   0.61117   0.37587   0.00149   0.03683   1.30000  8
  -0.63552   0.75809   0.03034   0.03263   1.30000  9
  -0.05574  -0.71595  -0.09181   0.03337   1.30000 10
  -0.48437  -0.60712  -0.01932   0.13250   1.40000  1
  -0.50370   1.17570   0.02760  -0.07593   1.40000  2
   0.03372   0.78554  -0.02295   0.01023   1.40000  3
   0.14270   1.52104  -0.02735  -0.05103   1.40000  4
   1.05434   0.59952  -0.06338  -0.01913   1.40000  5
  -1.22490   0.41645   0.04861   0.01231   1.40000  6
  -0.51311  -0.58146   0.12210  -0.12128   1.40000  7
   0.61134   0.37970   0.00194   0.03982   1.40000  8
  -0.63234   0.76151   0.03324   0.03578   1.40000  9
  -0.06535  -0.71244  -0.10049   0.03672   1.40000 10
  -0.48627  -0.59372  -0.01838   0.13474   1.50000  1
  -0.50085   1.16779   0.02955  -0.08225   1.50000  2
   0.03133   0.78662  -0.02501   0.01128   1.50000  3
   0.13986   1.51573  -0.02943  -0.05507   1.50000  4
   1.04775   0.59754  -0.06852  -0.02062   1.50000  5
  -1.21986   0.41773   0.05218   0.01331   1.50000  6
  -0.50047  -0.59374   0.13047  -0.12361   1.50000  7
   0.61156   0.38384   0.00248   0.04286   1.50000  8
  -0.62887   0.76525   0.03629   0.03910   1.50000  9
  -0.07585  -0.70859  -0.10961   0.04026   1.50000 10
  -0.48795  -0.58033  -0.01472   0.13214   1.60000  1
  -0.49780   1.15924   0.03148  -0.08877   1.60000  2
   0.02872   0.78780  -0.02717   0.01241   1.60000  3
   0.13681   1.51002  -0.03155  -0.05920   1.60000  4
   1.04063   0.59540  -0.07381  -0.02215   1.60000  5
  -1.21446   0.41911   0.05577   0.01433   1.60000  6
  -0.48709  -0.60603   0.13663  -0.12127   1.60000  7
   0.61184   0.38828   0.00312   0.04593   1.60000  8
  -0.62508   0.76934   0.03950   0.04260   1.60000  9
  -0.08729  -0.70438  -0.11926   0.04398   1.60000 10
  -0.48912  -0.56744  -0.00828   0.12520   1.70000  1
  -0.49455   1.15003   0.03339  -0.09554   1.70000  2
   0.02589   0.78910  -0.02945   0.01361   1.70000  3
   0.13355   1.50389  -0.03370  -0.06342   1.70000  4
   1.03298   0.59311  -0.07926  -0.02370   1.70000  5
  -1.20870   0.42059   0.05940   0.01537   1.70000  6
  -0.47321  -0.61786   0.14065  -0.11475   1.70000  7
   0.61219   0.39302   0.00388   0.04904   1.70000  8
  -0.62096   0.77378   0.04292   0.04631   1.70000  9
  -0.09972  -0.69979  -0.12954   0.04788   1.70000 10
  -0.48953  -0.55539   0.00033   0.11534   1.80000  1
  -0.49112   1.14012   0.03526  -0.10258   1.80000  2
   0.02283   0.79052  -0.03186   0.01491   1.80000  3
   0.13007   1.49733  -0.03589  -0.06776   1.80000  4
   1.02477   0.59066  -0.08490  -0.02529   1.80000  5
  -1.20258   0.42218   0.06305   0.01643   1.80000  6
  -0.45901  -0.62888   0.14325  -0.10547   1.80000  7
   0.61262   0.39809   0.00477   0.05221   1.80000  8
  -0.61649   0.77861   0.04656   0.05026   1.80000  9
  -0.11322  -0.69480  -0.14056   0.05196   1.80000 10
  -0.48901  -0.54442   0.01034   0.10398   1.90000  1
  -0.48750   1.12950   0.03709  -0.10992   1.90000  2
   0.01951   0.79208  -0.03441   0.01630   1.90000  3
   0.12637   1.49033  -0.03812  -0.07222   1.90000  4
   1.01600   0.58805  -0.09073  -0.02691   1.90000  5
  -1.19609   0.42388   0.06673   0.01752   1.90000  6
  -0.44458  -0.63891   0.14530  -0.09484   1.90000  7
   0.61314   0.40347   0.00580   0.05542   1.90000  8
  -0.61164   0.78384   0.05045   0.05446   1.90000  9
  -0.12786  -0.68939  -0.15245   0.05621   1.90000 10
  -0.48744  -0.53461   0.02120   0.09206   2.00000  1
  -0.48370   1.11813   0.03885  -0.11760   2.00000  2
   0.01594   0.79379  -0.03714   0.01780   2.00000  3
   0.12245   1.48288  -0.04038  -0.07680   2.00000  4
   1.00662   0.58527  -0.09680  -0.02857   2.00000  5
  -1.18923   0.42569   0.07045   0.01863   2.00000  6
  -0.42994  -0.64784   0.14754  -0.08376   2.00000  7
   0.61378   0.40917   0.00700   0.05868   2.00000  8
  -0.60639   0.78951   0.05464   0.05897   2.00000  9
  -0.14375  -0.68356  -0.16537   0.06060   2.00000 10
  -0.48475  -0.52601   0.03258   0.08003   2.10000  1
  -0.47973   1.10597   0.04052  -0.12566   2.10000  2
   0.01208   0.79565  -0.04005   0.01941   2.10000  3
   0.11829   1.47497  -0.04270  -0.08153   2.10000  4
   0.99663   0.58233  -0.10312  -0.03027   2.10000  5
  -1.18200   0.42761   0.07421   0.01976   2.10000  6
  -0.41505  -0.65566   0.15046  -0.07267   2.10000  7
   0.61455   0.41521   0.00840   0.06200   2.10000  8
  -0.60070   0.79565   0.05918   0.06381   2.10000  9
  -0.16098  -0.67727  -0.17949   0.06510   2.10000 10
  -0.48091  -0.51860   0.04436   0.06807   2.20000  1
  -0.47560   1.09298   0.04208  -0.13414   2.20000  2
   0.00792   0.79768  -0.04318   0.02116   2.20000  3
   0.11391   1.46657  -0.04506  -0.08641   2.20000  4
   0.98599   0.57922  -0.10973  -0.03201   2.20000  5
  -1.17439   0.42964   0.07801   0.02092   2.20000  6
  -0.39982  -0.66237   0.15435  -0.06166   2.20000  7
   0.61547   0.42157   0.01002   0.06538   2.20000  8
  -0.59454   0.80229   0.06413   0.06902   2.20000  9
  -0.17969  -0.67053  -0.19498   0.06966   2.20000 10
  -0.47587  -0.51239   0.05652   0.05616   2.30000  1
  -0.47132   1.07912   0.04348  -0.14308   2.30000  2
   0.00344   0.79988  -0.04655   0.02304   2.30000  3
   0.10928   1.45768  -0.04747  -0.09146   2.30000  4
   0.97467   0.57593  -0.11666  -0.03379   2.30000  5
  -1.16640   0.43179   0.08186   0.02210   2.30000  6
  -0.38414  -0.66799   0.15937  -0.05059   2.30000  7
   0.61656   0.42828   0.01188   0.06882   2.30000  8
  -0.58786   0.80947   0.06955   0.07466   2.30000  9
  -0.20003  -0.66334  -0.21197   0.07414   2.30000 10
  -0.46959  -0.50737   0.06908   0.04419   2.40000  1
  -0.46692   1.06435   0.04467  -0.15253   2.40000  2
  -0.00140   0.80229  -0.05019   0.02506   2.40000  3
   0.10441   1.44828  -0.04995  -0.09670   2.40000  4
   0.96264   0.57246  -0.12395  -0.03561   2.40000  5
  -1.15802   0.43406   0.08575   0.02331   2.40000  6
  -0.36791  -0.67248   0.16539  -0.03913   2.40000  7
   0.61786   0.43534   0.01404   0.07232   2.40000  8
  -0.58061   0.81723   0.07554   0.08077   2.40000  9
  -0.22213  -0.65571  -0.23039   0.07832   2.40000 10
  -0.46203  -0.50356   0.08213   0.03196   2.50000  1
  -0.46240   1.04860   0.04558  -0.16254   2.50000  2
  -0.00661   0.80490  -0.05415   0.02725   2.50000  3
   0.09929   1.43834  -0.05249  -0.10214   2.50000  4
   0.94987   0.56880  -0.13166  -0.03747   2.50000  5
  -1.14924   0.43645   0.08969   0.02455   2.50000  6
  -0.35105  -0.67578   0.17177  -0.02667   2.50000  7
   0.61938   0.44275   0.01653   0.07587   2.50000  8
  -0.57273   0.82564   0.08222   0.08739   2.50000  9
  -0.24613  -0.64770  -0.24964   0.08179   2.50000 10
  -0.45315  -0.50100   0.09569   0.01920   2.60000  1
  -0.45781   1.03182   0.04613  -0.17311   2.60000  2
  -0.01224   0.80774  -0.05846   0.02960   2.60000  3
   0.09391   1.42784  -0.05510  -0.10780   2.60000  4
   0.93630   0.56496  -0.13983  -0.03937   2.60000  5
  -1.14008   0.43897   0.09369   0.02581   2.60000  6
  -0.33360  -0.67775   0.17670  -0.01246   2.60000  7
   0.62118   0.45052   0.01941   0.07948   2.60000  8
  -0.56414   0.83473   0.08972   0.09455   2.60000  9
  -0.27203  -0.63940  -0.26794   0.08409   2.60000 10
  -0.44288  -0.49975   0.10969   0.00556   2.70000  1
  -0.45319   1.01396   0.04618  -0.18422   2.70000  2
  -0.01832   0.81083  -0.06317   0.03213   2.70000  3
   0.08827   1.41677  -0.05779  -0.11370   2.70000  4
   0.92188   0.56093  -0.14854  -0.04129   2.70000  5
  -1.13051   0.44162   0.09774   0.02710   2.70000  6
  -0.31587  -0.67820   0.17697   0.00390   2.70000  7
   0.62328   0.45865   0.02273   0.08313   2.70000  8
  -0.55475   0.84456   0.09822   0.10222   2.70000  9
  -0.29958  -0.63093  -0.28203   0.08517   2.70000 10
  -0.43121  -0.49993   0.12374  -0.00938   2.80000  1
  -0.44860   0.99496   0.04559  -0.19574   2.80000  2
  -0.02489   0.81417  -0.06834   0.03484   2.80000  3
   0.08235   1.40509  -0.06057  -0.11987   2.80000  4
   0.90657   0.55670  -0.15786  -0.04322   2.80000  5
  -1.12053   0.44439   0.10186   0.02842   2.80000  6
  -0.29846  -0.67693   0.16996   0.02155   2.80000  7
   0.62574   0.46714   0.02656   0.08680   2.80000  8
  -0.54445   0.85519   0.10794   0.11031   2.80000  9
  -0.32819  -0.62236  -0.28889   0.08630   2.80000 10
  -0.41816  -0.50168   0.13697  -0.02591   2.90000  1
  -0.44410   0.97481   0.04421  -0.20733   2.90000  2
  -0.03200   0.81780  -0.07402   0.03773   2.90000  3
   0.07615   1.39278  -0.06346  -0.12633   2.90000  4
   0.89029   0.55229  -0.16787  -0.04513   2.90000  5
  -1.11013   0.44730   0.10605   0.02976   2.90000  6
  -0.28209  -0.67391   0.15655   0.03878   2.90000  7
   0.62861   0.47601   0.03099   0.09047   2.90000  8
  -0.53312   0.86663   0.11910   0.11848   2.90000  9
  -0.35712  -0.61359  -0.28852   0.08948   2.90000 10
  -0.40389  -0.50516   0.14776  -0.04380   3.00000  1
  -0.43978   0.95352   0.04195  -0.21825   3.00000  2
  -0.03971   0.82173  -0.08029   0.04080   3.00000  3
   0.06965   1.37982  -0.06647  -0.13311   3.00000  4
   0.87297   0.54768  -0.17867  -0.04697   3.00000  5
  -1.09931   0.45034   0.11032   0.03112   3.00000  6
  -0.26725  -0.66922   0.13986   0.05459   3.00000  7
   0.63196   0.48524   0.03611   0.09409   3.00000  8
  -0.52058   0.87886   0.13186   0.12602   3.00000  9
  -0.38571  -0.60437  -0.28244   0.09551   3.00000 10
  -0.38875  -0.51045   0.15424  -0.06189   3.10000  1
  -0.43573   0.93123   0.03900  -0.22708   3.10000  2
  -0.04808   0.82597  -0.08721   0.04403   3.10000  3
   0.06285   1.36615  -0.06962  -0.14024   3.10000  4
   0.85452   0.54290  -0.19037  -0.04867   3.10000  5
  -1.08806   0.45353   0.11467   0.03251   3.10000  6
  -0.25415  -0.66304   0.12222   0.06897   3.10000  7
   0.63586   0.49482   0.04202   0.09759   3.10000  8
  -0.50669   0.89177   0.14613   0.13157   3.10000  9
  -0.41343  -0.59444  -0.27108   0.10321   3.10000 10
  -0.37321  -0.51748   0.15574  -0.07822   3.20000  1
  -0.43198   0.90824   0.03617  -0.23180   3.20000  2
  -0.05718   0.83054  -0.09483   0.04741   3.20000  3
   0.05572   1.35175  -0.07296  -0.14776   3.20000  4
   0.83486   0.53796  -0.20306  -0.05010   3.20000  5
  -1.07638   0.45685   0.11912   0.03391   3.20000  6
  -0.24281  -0.65547   0.10461   0.08228   3.20000  7
   0.64039   0.50474   0.04879   0.10082   3.20000  8
  -0.49133   0.90505   0.16117   0.13316   3.20000  9
  -0.43976  -0.58375  -0.25476   0.11030   3.20000 10
  -0.35772  -0.52599   0.15375  -0.09139   3.30000  1
  -0.42845   0.88506   0.03491  -0.23071   3.30000  2
  -0.06707   0.83545  -0.10322   0.05090   3.30000  3
   0.04825   1.33658  -0.07651  -0.15571   3.30000  4
   0.81388   0.53289  -0.21676  -0.05103   3.30000  5
  -1.06424   0.46031   0.12368   0.03533   3.30000  6
  -0.23322  -0.64660   0.08721   0.09482   3.30000  7
   0.64565   0.51497   0.05646   0.10358   3.30000  8
  -0.47448   0.91821   0.17564   0.12915   3.30000  9
  -0.46427  -0.57246  -0.23517   0.11507   3.30000 10
  -0.34250  -0.53564   0.15075  -0.10126   3.40000  1
  -0.42490   0.86229   0.03654  -0.22393   3.40000  2
  -0.07785   0.84072  -0.11243   0.05448   3.40000  3
   0.04041   1.32060  -0.08033  -0.16413   3.40000  4
   0.79148   0.52778  -0.23136  -0.05113   3.40000  5
  -1.05163   0.46391   0.12837   0.03676   3.40000  6
  -0.22536  -0.63652   0.06990   0.10668   3.40000  7
   0.65171   0.52543   0.06490   0.10550   3.40000  8
  -0.45626   0.93069   0.18828   0.11972   3.40000  9
  -0.48676  -0.56082  -0.21464   0.11731   3.40000 10
  -0.32754  -0.54615   0.14858  -0.10840   3.50000  1
  -0.42103   0.84040   0.04134  -0.21336   3.50000  2
  -0.08959   0.84635  -0.12247   0.05815   3.50000  3
   0.03218   1.30374  -0.08450  -0.17309   3.50000  4
   0.76759   0.52271  -0.24640  -0.04984   3.50000  5
  -1.03856   0.46766   0.13321   0.03819   3.50000  6
  -0.21924  -0.62529   0.05250   0.11777   3.50000  7
   0.65864   0.53602   0.07364   0.10605   3.50000  8
  -0.43689   0.94204   0.19892   0.10685   3.50000  9
  -0.50722  -0.54906  -0.19483   0.11768   3.50000 10
  -0.31272  -0.55725   0.14808  -0.11317   3.60000  1
  -0.41655   0.81968   0.04871  -0.20101   3.60000  2
  -0.10237   0.85235  -0.13338   0.06190   3.60000  3
   0.02350   1.28596  -0.08910  -0.18267   3.60000  4
   0.74222   0.51788  -0.26075  -0.04640   3.60000  5
  -1.02499   0.47155   0.13822   0.03964   3.60000  6
  -0.21487  -0.61301   0.03490   0.12771   3.60000  7
   0.66641   0.54657   0.08155   0.10448   3.60000  8
  -0.41652   0.95202   0.20826   0.09259   3.60000  9
  -0.52578  -0.53732  -0.17649   0.11693   3.60000 10
  -0.29787  -0.56870   0.14928  -0.11545   3.70000  1
  -0.41123   0.80022   0.05784  -0.18808   3.70000  2
  -0.11629   0.85874  -0.14516   0.06577   3.70000  3
   0.01434   1.26718  -0.09423  -0.19292   3.70000  4
   0.71553   0.51353  -0.27242  -0.04016   3.70000  5
  -1.01091   0.47559   0.14341   0.04110   3.70000  6
  -0.21226  -0.59981   0.01723   0.13583   3.70000  7
   0.67485   0.55683   0.08662   0.10012   3.70000  8
  -0.39525   0.96055   0.21719   0.07818   3.70000  9
  -0.54258  -0.52569  -0.15975   0.11562   3.70000 10
  -0.28283  -0.58023   0.15157  -0.11464   3.80000  1
  -0.40494   0.78207   0.06809  -0.17499   3.80000  2
  -0.13143   0.86551  -0.15777   0.06979   3.80000  3
   0.00463   1.24735  -0.10003  -0.20397   3.80000  4
   0.68790   0.50994  -0.27927  -0.03119   3.80000  5
  -0.99630   0.47977   0.14881   0.04256   3.80000  6
  -0.21141  -0.58593  -0.00001   0.14120   3.80000  7
   0.68357   0.56650   0.08668   0.09306   3.80000  8
  -0.37307   0.96766   0.22645   0.06408   3.80000  9
  -0.55778  -0.51420  -0.14453   0.11411   3.80000 10
  -0.26756  -0.59150   0.15384  -0.11002   3.90000  1
  -0.39759   0.76523   0.07902  -0.16177   3.90000  2
  -0.14787   0.87270  -0.17109   0.07406   3.90000  3
  -0.00570   1.22636  -0.10667  -0.21591   3.90000  4
   0.65986   0.50734  -0.28062  -0.02065   3.90000  5
  -0.98114   0.48410   0.15442   0.04403   3.90000  6
  -0.21222  -0.57170  -0.01587   0.14286   3.90000  7
   0.69200   0.57539   0.08104   0.08446   3.90000  8
  -0.34993   0.97338   0.23654   0.05031   3.90000  9
  -0.57153  -0.50287  -0.13062   0.11262   3.90000 10
  -0.25211  -0.60210   0.15473  -0.10129   4.00000  1
  -0.38913   0.74972   0.09026  -0.14824   4.00000  2
  -0.16567   0.88034  -0.18480   0.07877   4.00000  3
  -0.01674   1.20413  -0.11436  -0.22887   4.00000  4
   0.63192   0.50581  -0.27782  -0.01004   4.00000  5
  -0.96540   0.48858   0.16028   0.04551   4.00000  6
  -0.21450  -0.55750  -0.02922   0.14042   4.00000  7
   0.69963   0.58340   0.07103   0.07586   4.00000  8
  -0.32573   0.97773   0.24772   0.03661   4.00000  9
  -0.58394  -0.49167  -0.11782   0.11128   4.00000 10
  -0.23669  -0.61164   0.15333  -0.08907   4.10000  1
  -0.37954   0.73560   0.10147  -0.13419   4.10000  2
  -0.18482   0.88848  -0.19816   0.08416   4.10000  3
  -0.02861   1.18055  -0.12336  -0.24300   4.10000  4
   0.60437   0.50530  -0.27290  -0.00030   4.10000  5
  -0.94907   0.49320   0.16640   0.04701   4.10000  6
  -0.21795  -0.54373  -0.03935   0.13445   4.10000  7
   0.70612   0.59059   0.05864   0.06818   4.10000  8
  -0.30035   0.98069   0.25986   0.02264   4.10000  9
  -0.59512  -0.48060  -0.10592   0.11013   4.10000 10
  -0.22153  -0.61984   0.14949  -0.07467   4.20000  1
  -0.36884   0.72291   0.11232  -0.11941   4.20000  2
  -0.20523   0.89720  -0.20952   0.09046   4.20000  3
  -0.04146   1.15549  -0.13402  -0.25846   4.20000  4
   0.57735   0.50571  -0.26739   0.00832   4.20000  5
  -0.93212   0.49798   0.17279   0.04854   4.20000  6
  -0.22226  -0.53069  -0.04626   0.12623   4.20000  7
   0.71133   0.59707   0.04535   0.06170   4.20000  8
  -0.27375   0.98224   0.27201   0.00809   4.20000  9
  -0.60515  -0.46964  -0.09476   0.10921   4.20000 10
  -0.20686  -0.62655   0.14366  -0.05938   4.30000  1
  -0.35710   0.71174   0.12244  -0.10382   4.30000  2
  -0.22656   0.90659  -0.21586   0.09737   4.30000  3
  -0.05548   1.12881  -0.14668  -0.27542   4.30000  4
   0.55088   0.50693  -0.26216   0.01591   4.30000  5
  -0.91451   0.50291   0.17948   0.05010   4.30000  6
  -0.22712  -0.51852  -0.05056   0.11709   4.30000  7
   0.71519   0.60297   0.03199   0.05635   4.30000  8
  -0.24603   0.98230   0.28189  -0.00672   4.30000  9
  -0.61409  -0.45876  -0.08419   0.10851   4.30000 10
  -0.19284  -0.63172   0.13647  -0.04414   4.40000  1
  -0.34439   0.70217   0.13153  -0.08747   4.40000  2
  -0.24811   0.91665  -0.21360   0.10334   4.40000  3
  -0.07088   1.10035  -0.16169  -0.29402   4.40000  4
   0.52490   0.50887  -0.25765   0.02268   4.40000  5
  -0.89621   0.50800   0.18648   0.05173   4.40000  6
  -0.23231  -0.50727  -0.05298   0.10797   4.40000  7
   0.71773   0.60838   0.01893   0.05195   4.40000  8
  -0.21755   0.98094   0.28659  -0.02005   4.40000  9
  -0.62200  -0.44793  -0.07408   0.10802   4.40000 10
  -0.17959  -0.63539   0.12843  -0.02943   4.50000  1
  -0.33083   0.69427   0.13944  -0.07059   4.50000  2
  -0.26896   0.92715  -0.20195   0.10611   4.50000  3
  -0.08790   1.06995  -0.17902  -0.31423   4.50000  4
   0.49932   0.51145  -0.25403   0.02882   4.50000  5
  -0.87720   0.51326   0.19381   0.05345   4.50000  6
  -0.23767  -0.49691  -0.05415   0.09937   4.50000  7
   0.71899   0.61338   0.00630   0.04833   4.50000  8
  -0.18890   0.97842   0.28549  -0.02956   4.50000  9
  -0.62892  -0.43715  -0.06433   0.10771   4.50000 10
  -0.16717  -0.63763   0.11993  -0.01545   4.60000  1
  -0.31654   0.68807   0.14625  -0.05337   4.60000  2
  -0.28829   0.93773  -0.18380   0.10475   4.60000  3
  -0.10673   1.03747  -0.19759  -0.33532   4.60000  4
   0.47406   0.51462  -0.25142   0.03452   4.60000  5
  -0.85744   0.51870   0.20150   0.05529   4.60000  6
  -0.24311  -0.48737  -0.05451   0.09154   4.60000  7
   0.71901   0.61806  -0.00588   0.04534   4.60000  8
  -0.16058   0.97517   0.28038  -0.03487   4.60000  9
  -0.63488  -0.42638  -0.05486   0.10757   4.60000 10
  -0.15561  -0.63851   0.11120  -0.00224   4.70000  1
  -0.30161   0.68360   0.15219  -0.03595   4.70000  2
  -0.30561   0.94798  -0.16236   0.09964   4.70000  3
  -0.12735   1.00293  -0.21397  -0.35483   4.70000  4
   0.44900   0.51834  -0.24986   0.03993   4.70000  5
  -0.83689   0.52432   0.20958   0.05729   4.70000  6
  -0.24856  -0.47857  -0.05436   0.08455   4.70000  7
   0.71783   0.62247  -0.01764   0.04285   4.70000  8
  -0.13297   0.97150   0.27082  -0.03880   4.70000  9
  -0.63990  -0.41563  -0.04559   0.10757   4.70000 10
  -0.14493  -0.63810   0.10236   0.01024   4.80000  1
  -0.28612   0.68089   0.15755  -0.01822   4.80000  2
  -0.32071   0.95754  -0.13959   0.09104   4.80000  3
  -0.14930   0.96670  -0.22388  -0.36868   4.80000  4
   0.42405   0.52260  -0.24938   0.04518   4.80000  5
  -0.81551   0.53016   0.21808   0.05948   4.80000  6
  -0.25397  -0.47043  -0.05391   0.07838   4.80000  7
   0.71549   0.62665  -0.02903   0.04078   4.80000  8
  -0.10666   0.96730   0.25427  -0.04587   4.80000  9
  -0.64400  -0.40486  -0.03647   0.10768   4.80000 10
  -0.13514  -0.63648   0.09351   0.02204   4.90000  1
  -0.27012   0.67997   0.16252   0.00007   4.90000  2
  -0.33353   0.96607  -0.11685   0.07890   4.90000  3
  -0.17192   0.92943  -0.22801  -0.37584   4.90000  4
   0.39909   0.52738  -0.25002   0.05039   4.90000  5
  -0.79325   0.53623   0.22708   0.06193   4.90000  6
  -0.25933  -0.46287  -0.05325   0.07300   4.90000  7
   0.71204   0.63064  -0.04011   0.03905   4.90000  8
  -0.08229   0.96217   0.23259  -0.05743   4.90000  9
  -0.64720  -0.39409  -0.02745   0.10788   4.90000 10
  -0.12623  -0.63371   0.08466   0.03326   5.00000  1
  -0.25363   0.68093   0.16708   0.01929   5.00000  2
  -0.34413   0.97321  -0.09536   0.06339   5.00000  3
  -0.19483   0.89165  -0.22982  -0.37921   5.00000  4
   0.37401   0.53268  -0.25182   0.05566   5.00000  5
  -0.77007   0.54256   0.23663   0.06468   5.00000  6
  -0.26462  -0.45580  -0.05248   0.06837   5.00000  7
   0.70748   0.63447  -0.05095   0.03761   5.00000  8
  -0.06015   0.95574   0.21053  -0.07121   5.00000  9
  -0.64949  -0.38329  -0.01848   0.10816   5.00000 10
  -0.11821  -0.62985   0.07584   0.04397   5.10000  1
  -0.23673   0.68387   0.17074   0.03972   5.10000  2
  -0.35267   0.97865  -0.07600   0.04523   5.10000  3
  -0.21785   0.85361  -0.23026  -0.38164   5.10000  4
   0.34868   0.53852  -0.25481   0.06108   5.10000  5
  -0.74590   0.54918   0.24687   0.06779   5.10000  6
  -0.26983  -0.44917  -0.05164   0.06442   5.10000  7
   0.70185   0.63816  -0.06159   0.03641   5.10000  8
  -0.04012   0.94791   0.19037  -0.08548   5.10000  9
  -0.65089  -0.37245  -0.00951   0.10850   5.10000 10
  -0.11106  -0.62493   0.06703   0.05425   5.20000  1
  -0.21955   0.68890   0.17226   0.06093   5.20000  2
  -0.35941   0.98220  -0.05908   0.02546   5.20000  3
  -0.24080   0.81531  -0.22811  -0.38447   5.20000  4
   0.32300   0.54490  -0.25908   0.06676   5.20000  5
  -0.72067   0.55613   0.25792   0.07134   5.20000  6
  -0.27495  -0.44290  -0.05075   0.06113   5.20000  7
   0.69517   0.64176  -0.07209   0.03544   5.20000  8
  -0.02200   0.93865   0.17243  -0.09971   5.20000  9
  -0.65139  -0.36159  -0.00051   0.10888   5.20000 10
  -0.10480  -0.61901   0.05822   0.06415   5.30000  1
  -0.20241   0.69602   0.16976   0.08084   5.30000  2
  -0.36457   0.98373  -0.04440   0.00505   5.30000  3
  -0.26332   0.77673  -0.22144  -0.38674   5.30000  4
   0.29682   0.55188  -0.26468   0.07281   5.30000  5
  -0.69429   0.56346   0.26999   0.07540   5.30000  6
  -0.27998  -0.43692  -0.04984   0.05845   5.30000  7
   0.68744   0.64526  -0.08251   0.03467   5.30000  8
  -0.00558   0.92797   0.15636  -0.11392   5.30000  9
  -0.65099  -0.35068   0.00854   0.10929   5.30000 10
  -0.09942  -0.61211   0.04940   0.07374   5.40000  1
  -0.18576   0.70491   0.16274   0.09592   5.40000  2
  -0.36835   0.98321  -0.03148  -0.01539   5.40000  3
  -0.28491   0.73808  -0.20986  -0.38555   5.40000  4
   0.27002   0.55948  -0.27171   0.07938   5.40000  5
  -0.66663   0.57123   0.28335   0.08004   5.40000  6
  -0.28492  -0.43119  -0.04891   0.05636   5.40000  7
   0.67867   0.64870  -0.09290   0.03408   5.40000  8
   0.00932   0.91586   0.14169  -0.12830   5.40000  9
  -0.64968  -0.33973   0.01770   0.10972   5.40000 10
  -0.09492  -0.60427   0.04053   0.08307   5.50000  1
  -0.16993   0.71498   0.15390   0.10460   5.50000  2
  -0.37090   0.98066  -0.01979  -0.03555   5.50000  3
  -0.30522   0.69979  -0.19637  -0.37967   5.50000  4
   0.24243   0.56778  -0.28025   0.08666   5.50000  5
  -0.63756   0.57949   0.29834   0.08527   5.50000  6
  -0.28976  -0.42563  -0.04797   0.05484   5.50000  7
   0.66885   0.65208  -0.10332   0.03366   5.50000  8
   0.02279   0.90230   0.12794  -0.14304   5.50000  9
  -0.64745  -0.32873   0.02698   0.11015   5.50000 10
  -0.09132  -0.59551   0.03159   0.09219   5.60000  1
  -0.15493   0.72567   0.14653   0.10861   5.60000  2
  -0.37233   0.97611  -0.00886  -0.05539   5.60000  3
  -0.32425   0.66224  -0.18458  -0.37085   5.60000  4
   0.21391   0.57685  -0.29036   0.09486   5.60000  5
  -0.60690   0.58830   0.31540   0.09100   5.60000  6
  -0.29451  -0.42020  -0.04701   0.05389   5.60000  7
   0.65800   0.65543  -0.11381   0.03340   5.60000  8
   0.03492   0.88723   0.11467  -0.15831   5.60000  9
  -0.64428  -0.31770   0.03643   0.11059   5.60000 10
  -0.08861  -0.58584   0.02254   0.10115   5.70000  1
  -0.14052   0.73662   0.14209   0.10997   5.70000  2
  -0.37269   0.96959   0.00169  -0.07500   5.70000  3
  -0.34226   0.62565  -0.17623  -0.36087   5.70000  4
   0.18431   0.58679  -0.30209   0.10429   5.70000  5
  -0.57440   0.59770   0.33499   0.09688   5.70000  6
  -0.29916  -0.41484  -0.04604   0.05350   5.70000  7
   0.64609   0.65877  -0.12445   0.03330   5.70000  8
   0.04573   0.87061   0.10143  -0.17423   5.70000  9
  -0.64015  -0.30662   0.04607   0.11101   5.70000 10
  -0.08681  -0.57528   0.01336   0.10999   5.80000  1
  -0.12640   0.74761   0.14073   0.10955   5.80000  2
  -0.37199   0.96111   0.01217  -0.09454   5.80000  3
  -0.35962   0.59010  -0.17148  -0.34993   5.80000  4
   0.15344   0.59776  -0.31542   0.11532   5.80000  5
  -0.53981   0.60765   0.35728   0.10202   5.80000  6
  -0.30371  -0.40948  -0.04504   0.05368   5.80000  7
   0.63310   0.66210  -0.13529   0.03333   5.80000  8
   0.05519   0.85237   0.08776  -0.19084   5.80000  9
  -0.63506  -0.29549   0.05593   0.11142   5.80000 10
  -0.08594  -0.56384   0.00401   0.11875   5.90000  1
  -0.11228   0.75847   0.14217   0.10724   5.90000  2
  -0.37025   0.95067   0.02287  -0.11422   5.90000  3
  -0.37663   0.55574  -0.16901  -0.33665   5.90000  4
   0.12117   0.60992  -0.33016   0.12842   5.90000  5
  -0.50288   0.61802   0.38142   0.10481   5.90000  6
  -0.30817  -0.40408  -0.04402   0.05443   5.90000  7
   0.61902   0.66544  -0.14640   0.03349   5.90000  8
   0.06325   0.83242   0.07309  -0.20806   5.90000  9
  -0.62896  -0.28433   0.06604   0.11180   5.90000 10
  -0.08602  -0.55153  -0.00555   0.12746   6.00000  1
  -0.09789   0.76897   0.14590   0.10227   6.00000  2
  -0.36740   0.93825   0.03409  -0.13426   6.00000  3
  -0.39338   0.52290  -0.16546  -0.31953   6.00000  4
   0.08738   0.62353  -0.34573   0.14405   6.00000  5
  -0.46356   0.62848   0.40452   0.10385   6.00000  6
  -0.31252  -0.39858  -0.04295   0.05579   6.00000  7
   0.60381   0.66880  -0.15787   0.03375   6.00000  8
   0.06975   0.81074   0.05664  -0.22554   6.00000  9
  -0.62184  -0.27313   0.07642   0.11216   6.00000 10
  -0.08706  -0.53835  -0.01536   0.13617   6.10000  1
  -0.08305   0.77879   0.15111   0.09348   6.10000  2
  -0.36340   0.92380   0.04622  -0.15486   6.10000  3
  -0.40957   0.49193  -0.15744  -0.29978   6.10000  4
   0.05204   0.63883  -0.36095   0.16236   6.10000  5
  -0.42211   0.63871   0.42362   0.10063   6.10000  6
  -0.31676  -0.39290  -0.04184   0.05778   6.10000  7
   0.58743   0.67219  -0.16979   0.03410   6.10000  8
   0.07448   0.78734   0.03732  -0.24235   6.10000  9
  -0.61367  -0.26190   0.08711   0.11247   6.10000 10
  -0.08910  -0.52430  -0.02547   0.14490   6.20000  1
  -0.06767   0.78749   0.15627   0.07963   6.20000  2
  -0.35811   0.90726   0.05977  -0.17620   6.20000  3
  -0.42473   0.46292  -0.14519  -0.28080   6.20000  4
   0.01527   0.65606  -0.37377   0.18239   6.20000  5
  -0.37895   0.64866   0.43934   0.09885   6.20000  6
  -0.32088  -0.38700  -0.04066   0.06043   6.20000  7
   0.56984   0.67562  -0.18225   0.03448   6.20000  8
   0.07708   0.76236   0.01383  -0.25641   6.20000  9
  -0.60441  -0.25064   0.09813   0.11274   6.20000 10
  -0.09216  -0.50937  -0.03591   0.15370   6.30000  1
  -0.05188   0.79452   0.15875   0.06003   6.30000  2
  -0.35137   0.88854   0.07543  -0.19835   6.30000  3
  -0.43855   0.43568  -0.13109  -0.26453   6.30000  4
  -0.02256   0.67527  -0.38210   0.20145   6.30000  5
  -0.33427   0.65860   0.45442   0.10063   6.30000  6
  -0.32489  -0.38079  -0.03940   0.06378   6.30000  7
   0.55096   0.67909  -0.19537   0.03485   6.30000  8
   0.07709   0.73626  -0.01421  -0.26449   6.30000  9
  -0.59403  -0.23936   0.10948   0.11294   6.30000 10
  -0.09629  -0.49355  -0.04674   0.16260   6.40000  1
  -0.03613   0.79934   0.15514   0.03568   6.40000  2
  -0.34293   0.86756   0.09412  -0.22115   6.40000  3
  -0.45094   0.40992  -0.11686  -0.25111   6.40000  4
  -0.06099   0.69619  -0.38565   0.21599   6.40000  5
  -0.28802   0.66891   0.47095   0.10617   6.40000  6
  -0.32876  -0.37422  -0.03802   0.06788   6.40000  7
   0.53074   0.68259  -0.20926   0.03515   6.40000  8
   0.07414   0.70975  -0.04487  -0.26427   6.40000  9
  -0.58250  -0.22806   0.12119   0.11306   6.40000 10
  -0.10153  -0.47684  -0.05801   0.17165   6.50000  1
  -0.02113   0.80160   0.14337   0.00946   6.50000  2
  -0.33241   0.84430   0.11693  -0.24403   6.50000  3
  -0.46194   0.38537  -0.10325  -0.24015   6.50000  4
  -0.09960   0.71823  -0.38648   0.22325   6.50000  5
  -0.24000   0.67995   0.48979   0.11507   6.50000  6
  -0.33249  -0.36719  -0.03649   0.07280   6.50000  7
   0.50908   0.68611  -0.22405   0.03531   6.50000  8
   0.06813   0.68366  -0.07505  -0.25644   6.50000  9
  -0.56978  -0.21675   0.13325   0.11308   6.50000 10
  -0.10791  -0.45922  -0.06979   0.18089   6.60000  1
  -0.00768   0.80126   0.12480  -0.01608   6.60000  2
  -0.31937   0.81879   0.14479  -0.26578   6.60000  3
  -0.47162   0.36182  -0.09043  -0.23124   6.60000  4
  -0.13825   0.74054  -0.38591   0.22146   6.60000  5
  -0.19005   0.69203   0.50864   0.12711   6.60000  6
  -0.33605  -0.35963  -0.03476   0.07861   6.60000  7
   0.48589   0.68964  -0.23988   0.03528   6.60000  8
   0.05921   0.65864  -0.10312  -0.24320   6.60000  9
  -0.55584  -0.20544   0.14566   0.11295   6.60000 10
  -0.11550  -0.44066  -0.08216   0.19039   6.70000  1
   0.00370   0.79842   0.10245  -0.04052   6.70000  2
  -0.30328   0.79125   0.17775  -0.28437   6.70000  3
  -0.48005   0.33907  -0.07837  -0.22411   6.70000  4
  -0.17654   0.76223  -0.37836   0.21117   6.70000  5
  -0.13857   0.70542   0.51886   0.14022   6.70000  6
  -0.33943  -0.35143  -0.03277   0.08542   6.70000  7
   0.46106   0.69316  -0.25695   0.03503   6.70000  8
   0.04759   0.63515  -0.12887  -0.22587   6.70000  9
  -0.54064  -0.19416   0.15841   0.11265   6.70000 10
  -0.12436  -0.42113  -0.09519   0.20021   6.80000  1
   0.01276   0.79316   0.07874  -0.06456   6.80000  2
  -0.28373   0.76214   0.21318  -0.29632   6.80000  3
  -0.48731   0.31694  -0.06688  -0.21861   6.80000  4
  -0.21365   0.78263  -0.36286   0.19611   6.80000  5
  -0.08661   0.71987   0.51927   0.14745   6.80000  6
  -0.34259  -0.34251  -0.03043   0.09334   6.80000  7
   0.43445   0.69664  -0.27553   0.03455   6.80000  8
   0.03352   0.61361  -0.15175  -0.20429   6.80000  9
  -0.52414  -0.18292   0.17146   0.11212   6.80000 10
  -0.13457  -0.40060  -0.10899   0.21042   6.90000  1
   0.01948   0.78551   0.05595  -0.08848   6.90000  2
  -0.26080   0.73233   0.24417  -0.29821   6.90000  3
  -0.49344   0.29529  -0.05574  -0.21466   6.90000  4
  -0.24898   0.80126  -0.34287   0.17562   6.90000  5
  -0.03482   0.73461   0.51599   0.14603   6.90000  6
  -0.34550  -0.33272  -0.02765   0.10251   6.90000  7
   0.40589   0.70006  -0.29602   0.03387   6.90000  8
   0.01740   0.59444  -0.16960  -0.17840   6.90000  9
  -0.50634  -0.17175   0.18474   0.11130   6.90000 10
  -0.14619  -0.37903  -0.12367   0.22114   7.00000  1
   0.02410   0.77551   0.03778  -0.11114   7.00000  2
  -0.23517   0.70272   0.26742  -0.29358   7.00000  3
  -0.49846   0.27396  -0.04470  -0.21224   7.00000  4
  -0.28206   0.81764  -0.31846   0.15202   7.00000  5
   0.01641   0.74886   0.50755   0.13797   7.00000  6
  -0.34810  -0.32196  -0.02427   0.11308   7.00000  7
   0.37516   0.70341  -0.31895   0.03306   7.00000  8
  -0.00017   0.57800  -0.18087  -0.15043   7.00000  9
  -0.48719  -0.16067   0.19816   0.11012   7.00000 10
  -0.15933  -0.35635  -0.13935   0.23249   7.10000  1
   0.02732   0.76340   0.02798  -0.13030   7.10000  2
  -0.20742   0.67362   0.28740  -0.28860   7.10000  3
  -0.50238   0.25279  -0.03352  -0.21135   7.10000  4
  -0.31266   0.83173  -0.29373   0.13018   7.10000  5
   0.06645   0.76204   0.49211   0.12493   7.10000  6
  -0.35033  -0.31006  -0.02012   0.12521   7.10000  7
   0.34199   0.70668  -0.34505   0.03230   7.10000  8
  -0.01861   0.56432  -0.18729  -0.12333   7.10000  9
  -0.46670  -0.14974   0.21156   0.10848   7.10000 10
  -0.17410  -0.33250  -0.15618   0.24462   7.20000  1
   0.02995   0.74958   0.02539  -0.14575   7.20000  2
  -0.17768   0.64494   0.30762  -0.28530   7.20000  3
  -0.50515   0.23164  -0.02197  -0.21200   7.20000  4
  -0.34089   0.84378  -0.27125   0.11129   7.20000  5
   0.11472   0.77371   0.47320   0.10791   7.20000  6
  -0.35209  -0.29686  -0.01495   0.13908   7.20000  7
   0.30602   0.70989  -0.37505   0.03201   7.20000  8
  -0.03756   0.55327  -0.19151  -0.09809   7.20000  9
  -0.44489  -0.13900   0.22470   0.10622   7.20000 10
  -0.19061  -0.30739  -0.17427   0.25776   7.30000  1
   0.03249   0.73431   0.02581  -0.15956   7.30000  2
  -0.14586   0.61651   0.32866  -0.28346   7.30000  3
  -0.50675   0.21034  -0.00980  -0.21417   7.30000  4
  -0.36700   0.85407  -0.25138   0.09484   7.30000  5
   0.16114   0.78352   0.45549   0.08785   7.30000  6
  -0.35328  -0.28218  -0.00850   0.15486   7.30000  7
   0.26686   0.71312  -0.40874   0.03308   7.30000  8
  -0.05687   0.54465  -0.19455  -0.07438   7.30000  9
  -0.42178  -0.12852   0.23727   0.10317   7.30000 10
  -0.20900  -0.28091  -0.19366   0.27217   7.40000  1
   0.03513   0.71767   0.02692  -0.17328   7.40000  2
  -0.11198   0.58824   0.34832  -0.28170   7.40000  3
  -0.50708   0.18875   0.00327  -0.21783   7.40000  4
  -0.39124   0.86281  -0.23376   0.08023   7.40000  5
   0.20580   0.79118   0.43703   0.06479   7.40000  6
  -0.35374  -0.26582  -0.00048   0.17267   7.40000  7
   0.22429   0.71657  -0.44180   0.03610   7.40000  8
  -0.07637   0.53834  -0.19465  -0.05222   7.40000  9
  -0.39747  -0.11840   0.24882   0.09909   7.40000 10
  -0.22938  -0.25291  -0.21417   0.28818   7.50000  1
   0.03788   0.69965   0.02811  -0.18701   7.50000  2
  -0.07642   0.56028   0.36129  -0.27665   7.50000  3
  -0.50606   0.16673   0.01751  -0.22295   7.50000  4
  -0.41381   0.87016  -0.21792   0.06694   7.50000  5
   0.24827   0.79648   0.41113   0.04174   7.50000  6
  -0.35331  -0.24757   0.00934   0.19262   7.50000  7
   0.17879   0.72028  -0.46681   0.03697   7.50000  8
  -0.09555   0.53410  -0.18719  -0.03351   7.50000  9
  -0.37207  -0.10875   0.25871   0.09368   7.50000 10
  -0.25185  -0.22321  -0.23503   0.30612   7.60000  1
   0.04073   0.68030   0.02864  -0.19950   7.60000  2
  -0.04008   0.53315   0.36407  -0.26456   7.60000  3
  -0.50353   0.14412   0.03323  -0.22946   7.60000  4
  -0.43487   0.87623  -0.20342   0.05461   7.60000  5
   0.28790   0.79969   0.38146   0.02331   7.60000  6
  -0.35181  -0.22722   0.02097   0.21475   7.60000  7
   0.13113   0.72365  -0.48579   0.02868   7.60000  8
  -0.11348   0.53144  -0.17006  -0.02066   7.60000  9
  -0.34581  -0.09972   0.26591   0.08670   7.60000 10
  -0.27633  -0.19162  -0.25405   0.32601   7.70000  1
   0.04350   0.65985   0.02597  -0.20908   7.70000  2
  -0.00387   0.50759   0.35896  -0.24573   7.70000  3
  -0.49935   0.12079   0.05076  -0.23732   7.70000  4
  -0.45453   0.88110  -0.18989   0.04299   7.70000  5
   0.32466   0.80128   0.35442   0.00908   7.70000  6
  -0.34908  -0.20455   0.03386   0.23901   7.70000  7
   0.08176   0.72565  -0.50060   0.00953   7.70000  8
  -0.12940   0.52980  -0.14795  -0.01274   7.70000  9
  -0.31904  -0.09146   0.26851   0.07826   7.70000 10
  -0.30245  -0.15798  -0.26677   0.34653   7.80000  1
   0.04572   0.63858   0.01728  -0.21591   7.80000  2
   0.03152   0.48411   0.34804  -0.22367   7.80000  3
  -0.49331   0.09661   0.07050  -0.24655   7.80000  4
  -0.47287   0.88484  -0.17703   0.03185   7.80000  5
   0.35892   0.80159   0.33132  -0.00262   7.80000  6
  -0.34504  -0.17935   0.04660   0.26523   7.80000  7
   0.03127   0.72529  -0.50770  -0.01745   7.80000  8
  -0.14305   0.52881  -0.12534  -0.00738   7.80000  9
  -0.29238  -0.08406   0.26311   0.06997   7.80000 10
  -0.32931  -0.12240  -0.26850   0.36454   7.90000  1
   0.04679   0.61668   0.00353  -0.22230   7.90000  2
   0.06558   0.46284   0.33237  -0.20200   7.90000  3
  -0.48516   0.07143   0.09300  -0.25723   7.90000  4
  -0.48995   0.88748  -0.16461   0.02100   7.90000  5
   0.39104   0.80081   0.31165  -0.01279   7.90000  6
  -0.33984  -0.15146   0.05690   0.29287   7.90000  7
  -0.01952   0.72209  -0.50720  -0.04669   7.90000  8
  -0.15450   0.52829  -0.10392  -0.00306   7.90000  9
  -0.26679  -0.07733   0.24679   0.06566   7.90000 10
  -0.35580  -0.08523  -0.26007   0.37819   8.00000  1
   0.04637   0.59409  -0.01188  -0.22972   8.00000  2
   0.09789   0.44363   0.31338  -0.18280   8.00000  3
  -0.47459   0.04512   0.11911  -0.26920   8.00000  4
  -0.50580   0.88905  -0.15245   0.01029   8.00000  5
   0.42134   0.79906   0.29467  -0.02193   8.00000  6
  -0.33381  -0.12077   0.06270   0.32068   8.00000  7
  -0.07005   0.71600  -0.50291  -0.07473   8.00000  8
  -0.16390   0.52818  -0.08421   0.00087   8.00000  9
  -0.24332  -0.07069   0.22166   0.06835   8.00000 10
  -0.38116  -0.04687  -0.24657   0.38846   8.10000  1
   0.04443   0.57071  -0.02674  -0.23798   8.10000  2
   0.12819   0.42618   0.29236  -0.16670   8.10000  3
  -0.46119   0.01760   0.14964  -0.28074   8.10000  4
  -0.52044   0.88954  -0.14041  -0.00048   8.10000  5
   0.45004   0.79645   0.27980  -0.03031   8.10000  6
  -0.32747  -0.08738   0.06329   0.34669   8.10000  7
  -0.12007   0.70720  -0.49748  -0.10098   8.10000  8
  -0.17142   0.52846  -0.06669   0.00464   8.10000  9
  -0.22258  -0.06345   0.19281   0.07741   8.10000 10
