  -0.47278  -0.69985   0.01444   0.01631   0.10000  1
  -0.52296   1.22652   0.00101  -0.01021   0.10000  2
  -0.26523   0.17577   0.02667  -0.01939   0.10000  3
  -0.78862   0.37814   0.02239  -0.00623   0.10000  4
   0.73281  -0.10975  -0.02377   0.00389   0.10000  5
   1.12356  -0.99378  -0.00626   0.00929   0.10000  6
   1.27930   0.13680  -0.01882  -0.00815   0.10000  7
   0.02306  -0.04378   0.01524   0.01231   0.10000  8
   0.29124   0.12310  -0.02566  -0.03445   0.10000  9
   0.22770  -0.46037  -0.00523   0.03662   0.10000 10
  -0.47061  -0.69740   0.02896   0.03276   0.20000  1
  -0.52281   1.22499   0.00204  -0.02043   0.20000  2
  -0.26121   0.17285   0.05398  -0.03905   0.20000  3
  -0.78526   0.37720   0.04480  -0.01249   0.20000  4
   0.72923  -0.10917  -0.04793   0.00770   0.20000  5
   1.12262  -0.99239  -0.01253   0.01860   0.20000  6
   1.27647   0.13558  -0.03768  -0.01631   0.20000  7
   0.02537  -0.04193   0.03096   0.02466   0.20000  8
   0.28737   0.11792  -0.05208  -0.06924   0.20000  9
   0.22692  -0.45485  -0.01051   0.07381   0.20000 10
  -0.46698  -0.69329   0.04366   0.04947   0.30000  1
  -0.52255   1.22243   0.00309  -0.03069   0.30000  2
  -0.25439   0.16794   0.08261  -0.05923   0.30000  3
  -0.77965   0.37563   0.06727  -0.01884   0.30000  4
   0.72320  -0.10822  -0.07287   0.01133   0.30000  5
   1.12105  -0.99006  -0.01882   0.02794   0.30000  6
   1.27176   0.13354  -0.05666  -0.02447   0.30000  7
   0.02929  -0.03885   0.04768   0.03703   0.30000  8
   0.28078   0.10923  -0.08009  -0.10472   0.30000  9
   0.22560  -0.44557  -0.01588   0.11219   0.30000 10
  -0.46187  -0.68750   0.05863   0.06658   0.40000  1
  -0.52219   1.21885   0.00418  -0.04100   0.40000  2
  -0.24462   0.16098   0.11333  -0.08023   0.40000  3
  -0.77180   0.37343   0.08982  -0.02531   0.40000  4
   0.71461  -0.10692  -0.09901   0.01466   0.40000  5
   1.11885  -0.98680  -0.02514   0.03735   0.40000  6
   1.26514   0.13068  -0.07578  -0.03265   0.40000  7
   0.03496  -0.03453   0.06606   0.04933   0.40000  8
   0.27126   0.09694  -0.11069  -0.14122   0.40000  9
   0.22374  -0.43235  -0.02140   0.15248   0.40000 10
  -0.45524  -0.67996   0.07397   0.08427   0.50000  1
  -0.52171   1.21423   0.00533  -0.05137   0.50000  2
  -0.23163   0.15186   0.14705  -0.10238   0.50000  3
  -0.76169   0.37057   0.11247  -0.03195   0.50000  4
   0.70334  -0.10530  -0.12685   0.01758   0.50000  5
   1.11602  -0.98259  -0.03150   0.04682   0.50000  6
   1.25659   0.12701  -0.09512  -0.04084   0.50000  7
   0.04258  -0.02899   0.08691   0.06129   0.50000  8
   0.25851   0.08094  -0.14511  -0.17897   0.50000  9
   0.22131  -0.41498  -0.02717   0.19556   0.50000 10
  -0.44706  -0.67062   0.08983   0.10271   0.60000  1
  -0.52112   1.20857   0.00655  -0.06183   0.60000  2
  -0.21507   0.14045   0.18490  -0.12610   0.60000  3
  -0.74930   0.36703   0.13526  -0.03880   0.60000  4
   0.68917  -0.10342  -0.15693   0.01994   0.60000  5
   1.11255  -0.97743  -0.03790   0.05639   0.60000  6
   1.24610   0.12251  -0.11471  -0.04904   0.60000  7
   0.05246  -0.02231   0.11127   0.07213   0.60000  8
   0.24206   0.06110  -0.18492  -0.21799   0.60000  9
   0.21829  -0.39311  -0.03334   0.24259   0.60000 10
  -0.43726  -0.65938   0.10634   0.12212   0.70000  1
  -0.52040   1.20186   0.00787  -0.07238   0.70000  2
  -0.19446   0.12657   0.22831  -0.15189   0.70000  3
  -0.73463   0.36280   0.15820  -0.04591   0.70000  4
   0.67185  -0.10134  -0.18991   0.02157   0.70000  5
   1.10844  -0.97131  -0.04438   0.06607   0.70000  6
   1.23364   0.11720  -0.13461  -0.05724   0.70000  7
   0.06499  -0.01466   0.14020   0.07997   0.70000  8
   0.22129   0.03732  -0.23182  -0.25746   0.70000  9
   0.21462  -0.36628  -0.04021   0.29515   0.70000 10
  -0.42576  -0.64615   0.12371   0.14277   0.80000  1
  -0.51954   1.19409   0.00929  -0.08304   0.80000  2
  -0.16916   0.10998   0.27913  -0.18052   0.80000  3
  -0.71766   0.35784   0.18133  -0.05333   0.80000  4
   0.65106  -0.09913  -0.22660   0.02235   0.80000  5
   1.10367  -0.96421  -0.05093   0.07586   0.80000  6
   1.21917   0.11107  -0.15486  -0.06542   0.80000  7
   0.08065  -0.00656   0.17343   0.08004   0.80000  8
   0.19544   0.00969  -0.28606  -0.29419   0.80000  9
   0.21020  -0.33382  -0.04845   0.35548   0.80000 10
  -0.41248  -0.63078   0.14221   0.16499   0.90000  1
  -0.51854   1.18525   0.01086  -0.09383   0.90000  2
  -0.13831   0.09033   0.33975  -0.21329   0.90000  3
  -0.69836   0.35212   0.20467  -0.06113   0.90000  4
   0.62638  -0.09689  -0.26802   0.02229   0.90000  5
   1.09825  -0.95613  -0.05758   0.08579   0.90000  6
   1.20265   0.10412  -0.17553  -0.07355   0.90000  7
   0.09961   0.00074   0.20377   0.06159   0.90000  8
   0.16405  -0.02114  -0.34038  -0.31949   0.90000  9
   0.20483  -0.29482  -0.05975   0.42663   0.90000 10
  -0.39727  -0.61309   0.16221   0.18922   1.00000  1
  -0.51737   1.17532   0.01258  -0.10474   1.00000  2
  -0.10079   0.06710   0.41302  -0.25281   1.00000  3
  -0.67671   0.34559   0.22830  -0.06943   1.00000  4
   0.59725  -0.09469  -0.31564   0.02172   1.00000  5
   1.09215  -0.94705  -0.06434   0.09586   1.00000  6
   1.18405   0.09636  -0.19670  -0.08161   1.00000  7
   0.12060   0.00468   0.21021   0.01189   1.00000  8
   0.12815  -0.05342  -0.37138  -0.32188   1.00000  9
   0.19802  -0.24802  -0.07826   0.51180   1.00000 10
  -0.37997  -0.59285   0.18419   0.21601   1.10000  1
  -0.51601   1.16430   0.01449  -0.11580   1.10000  2
  -0.05519   0.03937   0.50158  -0.30419   1.10000  3
  -0.65269   0.33821   0.25228  -0.07837   1.10000  4
   0.56297  -0.09254  -0.37166   0.02151   1.10000  5
   1.08538  -0.93696  -0.07124   0.10608   1.10000  6
   1.16329   0.08780  -0.21846  -0.08954   1.10000  7
   0.14042   0.00225   0.18126  -0.06340   1.10000  8
   0.09124  -0.08479  -0.35964  -0.30202   1.10000  9
   0.18865  -0.19201  -0.11280   0.60973   1.10000 10
  -0.36034  -0.56978   0.20882   0.24601   1.20000  1
  -0.51446   1.15216   0.01661  -0.12703   1.20000  2
   0.00001   0.00564   0.60419  -0.37378   1.20000  3
  -0.62624   0.32989   0.27681  -0.08817   1.20000  4
   0.52254  -0.09032  -0.43921   0.02333   1.20000  5
   1.07790  -0.92583  -0.07831   0.11647   1.20000  6
   1.14033   0.07846  -0.24092  -0.09731   1.20000  7
   0.15617  -0.00835   0.13156  -0.14948   1.20000  8
   0.05756  -0.11287  -0.30773  -0.25267   1.20000  9
   0.17461  -0.12622  -0.17182   0.70263   1.20000 10
  -0.33809  -0.54352   0.23694   0.27981   1.30000  1
  -0.51268   1.13888   0.01900  -0.13847   1.30000  2
   0.06567  -0.03569   0.70638  -0.44960   1.30000  3
  -0.59729   0.32054   0.30223  -0.09906   1.30000  4
   0.47461  -0.08773  -0.52238   0.02927   1.30000  5
   1.06971  -0.91366  -0.08563   0.12706   1.30000  6
   1.11508   0.06834  -0.26419  -0.10489   1.30000  7
   0.16631  -0.02748   0.06865  -0.22855   1.30000  8
   0.03082  -0.13392  -0.22184  -0.16386   1.30000  9
   0.15396  -0.05299  -0.23917   0.74828   1.30000 10
  -0.31281  -0.51367   0.26951   0.31789   1.40000  1
  -0.51065   1.12445   0.02173  -0.15022   1.40000  2
   0.13944  -0.08175   0.75286  -0.45408   1.40000  3
  -0.56574   0.31003   0.32919  -0.11136   1.40000  4
   0.41736  -0.08432  -0.62687   0.03937   1.40000  5
   1.06076  -0.90041  -0.09333   0.13795   1.40000  6
   1.08746   0.05748  -0.28834  -0.11234   1.40000  7
   0.16965  -0.05233   0.00123  -0.26042   1.40000  8
   0.01406  -0.14563  -0.11085  -0.07387   1.40000  9
   0.12853   0.01893  -0.25514   0.66708   1.40000 10
  -0.28400  -0.47979   0.30757   0.36067   1.50000  1
  -0.50832   1.10883   0.02490  -0.16240   1.50000  2
   0.21356  -0.12446   0.72201  -0.39589   1.50000  3
  -0.53137   0.29821   0.35871  -0.12544   1.50000  4
   0.34826  -0.07999  -0.75987   0.04476   1.50000  5
   1.05102  -0.88605  -0.10157   0.14926   1.50000  6
   1.05738   0.04587  -0.31354  -0.11986   1.50000  7
   0.16815  -0.07891  -0.02145  -0.27037   1.50000  8
   0.00869  -0.14955   0.00236  -0.00819   1.50000  9
   0.10471   0.07862  -0.21911   0.52744   1.50000 10
  -0.25106  -0.44135   0.35252   0.40909   1.60000  1
  -0.50565   1.09195   0.02859  -0.17511   1.60000  2
   0.28256  -0.16016   0.64748  -0.31472   1.60000  3
  -0.49387   0.28487   0.39202  -0.14183   1.60000  4
   0.26525  -0.07649  -0.89239   0.01778   1.60000  5
   1.04042  -0.87054  -0.11054   0.16118   1.60000  6
   1.02471   0.03350  -0.34011  -0.12778   1.60000  7
   0.16678  -0.10610  -0.00316  -0.27047   1.60000  8
   0.01432  -0.14783   0.10952   0.04049   1.60000  9
   0.08463   0.12494  -0.18393   0.40136   1.60000 10
  -0.21319  -0.39772   0.40669   0.46512   1.70000  1
  -0.50259   1.07378   0.03289  -0.18844   1.70000  2
   0.34117  -0.18778   0.52266  -0.24306   1.70000  3
  -0.45279   0.26974   0.43069  -0.16134   1.70000  4
   0.17218  -0.07717  -0.95900  -0.03214   1.70000  5
   1.02889  -0.85379  -0.12042   0.17394   1.70000  6
   0.98929   0.02029  -0.36864  -0.13658   1.70000  7
   0.16701  -0.13207  -0.00046  -0.24374   1.70000  8
   0.03056  -0.14173   0.21535   0.08069   1.70000  9
   0.06756   0.15923  -0.15977   0.28555   1.70000 10
  -0.16930  -0.34795   0.47376   0.53255   1.80000  1
  -0.49905   1.05424   0.03787  -0.20243   1.80000  2
   0.38757  -0.20967   0.40921  -0.19777   1.80000  3
  -0.40749   0.25245   0.47679  -0.18542   1.80000  4
   0.07534  -0.08301  -0.96699  -0.08419   1.80000  5
   1.01631  -0.83571  -0.13138   0.18779   1.80000  6
   0.95089   0.00613  -0.39997  -0.14679   1.80000  7
   0.16460  -0.15416  -0.05589  -0.19668   1.80000  8
   0.05700  -0.13176   0.30646   0.11799   1.80000  9
   0.05220   0.18221  -0.14987   0.17496   1.80000 10
  -0.11788  -0.29058   0.55725   0.61898   1.90000  1
  -0.49499   1.03327   0.04356  -0.21710   1.90000  2
   0.42370  -0.22768   0.31633  -0.16324   1.90000  3
  -0.35710   0.23242   0.53289  -0.21667   1.90000  4
  -0.01862  -0.09349  -0.90261  -0.12176   1.90000  5
   1.00257  -0.81619  -0.14362   0.20297   1.90000  6
   0.90917  -0.00914  -0.43518  -0.15896   1.90000  7
   0.15507  -0.17129  -0.13519  -0.14496   1.90000  8
   0.08903  -0.11894   0.32014   0.13127   1.90000  9
   0.03712   0.19439  -0.15357   0.06947   1.90000 10
  -0.05763  -0.22325   0.64517   0.72960   2.00000  1
  -0.49032   1.01080   0.04997  -0.23242   2.00000  2
   0.45134  -0.24239   0.23870  -0.13103   2.00000  3
  -0.30049   0.20874   0.60143  -0.25928   2.00000  4
  -0.10441  -0.10686  -0.80941  -0.14316   2.00000  5
   0.98753  -0.79506  -0.15734   0.21974   2.00000  6
   0.86368  -0.02574  -0.47561  -0.17363   2.00000  7
   0.13784  -0.18280  -0.20742  -0.08286   2.00000  8
   0.11937  -0.10690   0.28133   0.10486   2.00000  9
   0.02117   0.19625  -0.16682  -0.03182   2.00000 10
   0.01019  -0.14558   0.70860   0.81250   2.10000  1
  -0.48497   0.98677   0.05711  -0.24834   2.10000  2
   0.47182  -0.25380   0.17250  -0.09635   2.10000  3
  -0.23637   0.18004   0.68309  -0.31735   2.10000  4
  -0.17940  -0.12086  -0.68798  -0.12751   2.10000  5
   0.97104  -0.77218  -0.17278   0.23835   2.10000  6
   0.81382  -0.04396  -0.52303  -0.19137   2.10000  7
   0.11408  -0.18723  -0.26416  -0.00082   2.10000  8
   0.14431  -0.09844   0.21239   0.06458   2.10000  9
   0.00357   0.18801  -0.18573  -0.13369   2.10000 10
   0.08342  -0.06336   0.74728   0.81975   2.20000  1
  -0.47887   0.96112   0.06496  -0.26477   2.20000  2
   0.48617  -0.26146   0.11601  -0.05552   2.20000  3
  -0.16346   0.14483   0.77713  -0.38793   2.20000  4
  -0.24227  -0.13117  -0.57151  -0.07644   2.20000  5
   0.95291  -0.74733  -0.19020   0.25902   2.20000  6
   0.75876  -0.06413  -0.57984  -0.21263   2.20000  7
   0.08641  -0.18165  -0.27960   0.11729   2.20000  8
   0.16100  -0.09333   0.11973   0.04406   2.20000  9
  -0.01598   0.16927  -0.20395  -0.24284   2.20000 10
   0.15705   0.01641   0.71259   0.76812   2.30000  1
  -0.47195   0.93380   0.07349  -0.28164   2.30000  2
   0.49533  -0.26460   0.06893  -0.00550   2.30000  3
  -0.08064   0.10257   0.87838  -0.45516   2.30000  4
  -0.29398  -0.13619  -0.46350  -0.02541   2.30000  5
   0.93292  -0.72029  -0.20996   0.28199   2.30000  6
   0.69743  -0.08661  -0.64912  -0.23742   2.30000  7
   0.05982  -0.16358  -0.24772   0.24268   2.30000  8
   0.16861  -0.08790   0.03655   0.07196   2.30000  9
  -0.03652   0.13917  -0.19963  -0.35962   2.30000 10
   0.22417   0.08909   0.62624   0.68052   2.40000  1
  -0.46415   0.90477   0.08264  -0.29894   2.40000  2
   0.50024  -0.26217   0.03026   0.05631   2.40000  3
   0.01105   0.05424   0.94687  -0.51138   2.40000  4
  -0.33517  -0.13664  -0.36160   0.01444   2.40000  5
   0.91082  -0.69084  -0.23252   0.30743   2.40000  6
   0.62843  -0.11170  -0.73346  -0.26459   2.40000  7
   0.03726  -0.13337  -0.20193   0.36125   2.40000  8
   0.16897  -0.07811  -0.02838   0.12564   2.40000  9
  -0.05353   0.09752  -0.12812  -0.47066   2.40000 10
   0.28241   0.15169   0.54154   0.56856   2.50000  1
  -0.45541   0.87400   0.09240  -0.31673   2.50000  2
   0.50145  -0.25285  -0.00732   0.13258   2.50000  3
   0.10724   0.00006   0.96943  -0.57116   2.50000  4
  -0.36653  -0.13361  -0.26664   0.04501   2.50000  5
   0.88631  -0.65872  -0.25846   0.33542   2.50000  6
   0.55033  -0.13951  -0.82935  -0.29089   2.50000  7
   0.02007  -0.09143  -0.13603   0.47409   2.50000  8
   0.16283  -0.06262  -0.09449   0.18403   2.50000  9
  -0.06062   0.04577  -0.01108  -0.56091   2.50000 10
   0.33312   0.20254   0.47532   0.44884   2.60000  1
  -0.44565   0.84141   0.10286  -0.33523   2.60000  2
   0.49796  -0.23533  -0.07010   0.21719   2.60000  3
   0.20300  -0.05843   0.93644  -0.58601   2.60000  4
  -0.38869  -0.12785  -0.17744   0.06925   2.60000  5
   0.85900  -0.62367  -0.28850   0.36600   2.60000  6
   0.46287  -0.16943  -0.91567  -0.30253   2.60000  7
   0.01087  -0.04045  -0.04868   0.53107   2.60000  8
   0.15104  -0.04218  -0.13092   0.21439   2.60000  9
  -0.05542  -0.01381   0.11668  -0.62298   2.60000 10
   0.37782   0.24181   0.41968   0.33893   2.70000  1
  -0.43480   0.80692   0.11424  -0.35479   2.70000  2
   0.48563  -0.21013  -0.18358   0.28204   2.70000  3
   0.29442  -0.11591   0.89746  -0.56610   2.70000  4
  -0.40218  -0.11995  -0.09316   0.08796   2.70000  5
   0.82844  -0.58543  -0.32341   0.39927   2.70000  6
   0.36815  -0.19813  -0.97427  -0.25921   2.70000  7
   0.00996   0.01145   0.03056   0.49231   2.70000  8
   0.13794  -0.02168  -0.13033   0.18983   2.70000  9
  -0.03731  -0.07617   0.24282  -0.61024   2.70000 10
   0.41720   0.27085   0.36841   0.24425   2.80000  1
  -0.42276   0.77040   0.12686  -0.37588   2.80000  2
   0.46040  -0.17973  -0.32175   0.32131   2.80000  3
   0.38242  -0.17264   0.85561  -0.56619   2.80000  4
  -0.40749  -0.11042  -0.01365   0.10181   2.80000  5
   0.79412  -0.54371  -0.36422   0.43585   2.80000  6
   0.26988  -0.21926  -0.97932  -0.16094   2.80000  7
   0.01721   0.05629   0.11459   0.40088   2.80000  8
   0.12475  -0.00489  -0.13409   0.14362   2.80000  9
  -0.00765  -0.13410   0.34757  -0.54472   2.80000 10
   0.45157   0.29109   0.31923   0.16251   2.90000  1
  -0.40938   0.73167   0.14107  -0.39902   2.90000  2
   0.42253  -0.14749  -0.42427   0.31557   2.90000  3
   0.46433  -0.22721   0.77772  -0.51773   2.90000  4
  -0.40503  -0.09970   0.06239   0.11222   2.90000  5
   0.75533  -0.49809  -0.41316   0.47785   2.90000  6
   0.17290  -0.23060  -0.96436  -0.06570   2.90000  7
   0.03266   0.09125   0.19243   0.29692   2.90000  8
   0.11120   0.00680  -0.13557   0.08995   2.90000  9
   0.03197  -0.18494   0.44453  -0.47257   2.90000 10
   0.48105   0.30365   0.27039   0.09000   3.00000  1
  -0.39448   0.69051   0.15729  -0.42474   3.00000  2
   0.37700  -0.11704  -0.48555   0.29519   3.00000  3
   0.53785  -0.27621   0.69734  -0.46727   3.00000  4
  -0.39503  -0.08806   0.13785   0.12025   3.00000  5
   0.71107  -0.44781  -0.47483   0.52990   3.00000  6
   0.07663  -0.23226  -0.95346   0.03075   3.00000  7
   0.05511   0.11542   0.25290   0.18527   3.00000  8
   0.09797   0.01327  -0.12708   0.04108   3.00000  9
   0.08092  -0.22869   0.52515  -0.40042   3.00000 10
   0.50562   0.30931   0.22060   0.02394   3.10000  1
  -0.37784   0.64661   0.17592  -0.45372   3.10000  2
   0.32510  -0.08809  -0.55420   0.28466   3.10000  3
   0.60501  -0.32185   0.65006  -0.45013   3.10000  4
  -0.37735  -0.07573   0.21676   0.12577   3.10000  5
   0.65977  -0.39155  -0.55276   0.59753   3.10000  6
  -0.01503  -0.22532  -0.87225   0.10487   3.10000  7
   0.08249   0.12815   0.29113   0.06907   3.10000  8
   0.08625   0.01542  -0.10472   0.00413   3.10000  9
   0.13406  -0.26417   0.52947  -0.30613   3.10000 10
   0.52511   0.30859   0.16897  -0.03766   3.20000  1
  -0.35920   0.59962   0.19742  -0.48688   3.20000  2
   0.26598  -0.06000  -0.62803   0.27821   3.20000  3
   0.66726  -0.36595   0.58634  -0.42384   3.20000  4
  -0.35141  -0.06304   0.30374   0.12693   3.20000  5
   0.60137  -0.32892  -0.60632   0.64601   3.20000  6
  -0.09799  -0.21148  -0.79000   0.17183   3.20000  7
   0.11266   0.12919   0.30920  -0.04851   3.20000  8
   0.07758   0.01448  -0.06584  -0.02149   3.20000  9
   0.18672  -0.28971   0.52452  -0.20460   3.20000 10
   0.53933   0.30186   0.11491  -0.09666   3.30000  1
  -0.33824   0.54905   0.22247  -0.52561   3.30000  2
   0.19971  -0.03203  -0.69532   0.28444   3.30000  3
   0.72150  -0.40552   0.50110  -0.36802   3.30000  4
  -0.31621  -0.05063   0.40217   0.11926   3.30000  5
   0.53913  -0.26361  -0.64266   0.65973   3.30000  6
  -0.17363  -0.19088  -0.72512   0.24119   3.30000  7
   0.14377   0.11836   0.30979  -0.16901   3.30000  8
   0.07368   0.01135  -0.00941  -0.04003   3.30000  9
   0.23904  -0.30517   0.52208  -0.10529   3.30000 10
   0.54799   0.28927   0.05772  -0.15520   3.40000  1
  -0.31455   0.49425   0.25213  -0.57202   3.40000  2
   0.12775  -0.00249  -0.73570   0.30637   3.40000  3
   0.76823  -0.43999   0.43644  -0.32349   3.40000  4
  -0.27077  -0.03971   0.50557   0.09684   3.40000  5
   0.47167  -0.19677  -0.71159   0.67720   3.40000  6
  -0.24316  -0.16290  -0.66349   0.32021   3.40000  7
   0.17364   0.09531   0.28038  -0.29030   3.40000  8
   0.07607   0.00669   0.05691  -0.05121   3.40000  9
   0.29121  -0.31088   0.52162  -0.00841   3.40000 10
   0.55072   0.27077  -0.00413  -0.21531   3.50000  1
  -0.28760   0.43429   0.28820  -0.62938   3.50000  2
   0.05491   0.02819  -0.71011   0.29867   3.50000  3
   0.80926  -0.47054   0.38603  -0.28862   3.50000  4
  -0.21581  -0.03134   0.58976   0.07379   3.50000  5
   0.39618  -0.12831  -0.79944   0.69183   3.50000  6
  -0.30524  -0.12678  -0.57147   0.39947   3.50000  7
   0.19838   0.06126   0.21041  -0.38412   3.50000  8
   0.08420   0.00176   0.09867  -0.04378   3.50000  9
   0.34309  -0.30651   0.51208   0.09745   3.50000 10
   0.54692   0.24614  -0.07329  -0.27752   3.60000  1
  -0.25660   0.36785   0.33365  -0.70263   3.60000  2
  -0.01316   0.05580  -0.65140   0.24900   3.60000  3
   0.84571  -0.49789   0.34401  -0.25904   3.60000  4
  -0.15291  -0.02371   0.67134   0.08605   3.60000  5
   0.31168  -0.05804  -0.89277   0.71658   3.60000  6
  -0.35662  -0.08392  -0.45513   0.45363   3.60000  7
   0.21580   0.01963   0.14104  -0.44360   3.60000  8
   0.09470  -0.00166   0.10982  -0.02502   3.60000  9
   0.39257  -0.29140   0.47275   0.20254   3.60000 10
   0.53574   0.21526  -0.15191  -0.33970   3.70000  1
  -0.22040   0.29301   0.39339  -0.79846   3.70000  2
  -0.07560   0.07746  -0.59466   0.18338   3.70000  3
   0.87825  -0.52244   0.30749  -0.23227   3.70000  4
  -0.08089  -0.01269   0.76870   0.14054   3.70000  5
   0.21714   0.01473  -0.99525   0.72658   3.70000  6
  -0.39639  -0.03660  -0.34100   0.49133   3.70000  7
   0.22680  -0.02588   0.07295  -0.45103   3.70000  8
   0.10641  -0.00344   0.12574  -0.01025   3.70000  9
   0.43702  -0.26663   0.41456   0.28988   3.70000 10
   0.51626   0.17827  -0.23879  -0.40003   3.80000  1
  -0.17720   0.20725   0.47490  -0.92045   3.80000  2
  -0.13084   0.09325  -0.50520   0.14101   3.80000  3
   0.90734  -0.54440   0.27503  -0.20717   3.80000  4
   0.00010   0.00483   0.84809   0.20844   3.80000  5
   0.11387   0.08415  -1.06482   0.65023   3.80000  6
  -0.42480   0.01412  -0.22616   0.52156   3.80000  7
   0.22897  -0.06776  -0.03045  -0.38015   3.80000  8
   0.11919  -0.00301   0.12012   0.02393   3.80000  9
   0.47519  -0.23391   0.34729   0.36264   3.80000 10
   0.48776   0.13521  -0.33242  -0.46176   3.90000  1
  -0.12484   0.10941   0.57178  -1.02066   3.90000  2
  -0.17586   0.10689  -0.38865   0.12976   3.90000  3
   0.93336  -0.56392   0.24585  -0.18339   3.90000  4
   0.08734   0.02847   0.88116   0.25590   3.90000  5
   0.00556   0.14329  -1.09275   0.52954   3.90000  6
  -0.44135   0.06725  -0.10385   0.53793   3.90000  7
   0.22129  -0.10102  -0.11880  -0.28014   3.90000  8
   0.12865   0.00161   0.06673   0.06661   3.90000  9
   0.50618  -0.19441   0.27096   0.42621   3.90000 10
   0.44946   0.08572  -0.43554  -0.52876   4.00000  1
  -0.06366   0.00823   0.64789  -0.98531   4.00000  2
  -0.20790   0.11824  -0.25556   0.09791   4.00000  3
   0.95660  -0.58112   0.21942  -0.16100   4.00000  4
   0.17370   0.05298   0.83857   0.22077   4.00000  5
  -0.10329   0.18945  -1.07836   0.39326   4.00000  6
  -0.44551   0.12106   0.02059   0.53574   4.00000  7
   0.20625  -0.12275  -0.17635  -0.15031   4.00000  8
   0.13344   0.00978   0.03670   0.09258   4.00000  9
   0.52899  -0.14882   0.18264   0.48511   4.00000 10
   0.40024   0.02960  -0.55048  -0.58948   4.10000  1
   0.00504  -0.08656   0.73057  -0.90770   4.10000  2
  -0.22851   0.12758  -0.16612   0.09499   4.10000  3
   0.97732  -0.59617   0.19525  -0.14016   4.10000  4
   0.25455   0.07103   0.77972   0.13551   4.10000  5
  -0.20973   0.22275  -1.05083   0.27669   4.10000  6
  -0.43722   0.17401   0.14584   0.52162   4.10000  7
   0.18700  -0.13067  -0.20529  -0.00840   4.10000  8
   0.13740   0.01877   0.04843   0.07866   4.10000  9
   0.54199  -0.09755   0.07291   0.53828   4.10000 10
   0.33956  -0.03033  -0.65802  -0.59681   4.20000  1
   0.08301  -0.17243   0.82816  -0.80255   4.20000  2
  -0.24309   0.13815  -0.13356   0.11837   4.20000  3
   0.99571  -0.60921   0.17282  -0.12102   4.20000  4
   0.32987   0.07913   0.72320   0.02170   4.20000  5
  -0.31343   0.24547  -1.02242   0.18205   4.20000  6
  -0.41613   0.22510   0.27656   0.49838   4.20000  7
   0.16574  -0.12506  -0.21549   0.11353   4.20000  8
   0.14421   0.02393   0.09243   0.01854   4.20000  9
   0.54263  -0.04197  -0.06368   0.56780   4.20000 10
   0.26967  -0.08828  -0.73640  -0.55976   4.30000  1
   0.16932  -0.24533   0.88765  -0.64946   4.30000  2
  -0.25622   0.15133  -0.13113   0.14523   4.30000  3
   1.01192  -0.62042   0.15157  -0.10348   4.30000  4
   0.39834   0.07540   0.64595  -0.09174   4.30000  5
  -0.41337   0.26035  -0.96562   0.12313   4.30000  6
  -0.38284   0.27300   0.37603   0.45410   4.30000  7
   0.14587  -0.10986  -0.16995   0.18300   4.30000  8
   0.15642   0.02159   0.15161  -0.06875   4.30000  9
   0.52897   0.01501  -0.20972   0.56773   4.30000 10
   0.19342  -0.14181  -0.77697  -0.50467   4.40000  1
   0.25842  -0.30206   0.88450  -0.48829   4.40000  2
  -0.26928   0.16718  -0.12862   0.17192   4.40000  3
   1.02604  -0.62995   0.13088  -0.08719   4.40000  4
   0.45956   0.06208   0.57877  -0.16610   4.40000  5
  -0.50451   0.27137  -0.85531   0.10042   4.40000  6
  -0.34370   0.31488   0.40044   0.38076   4.40000  7
   0.13329  -0.08940  -0.08028   0.22121   4.40000  8
   0.17393   0.00973   0.19315  -0.16861   4.40000  9
   0.50092   0.07075  -0.34656   0.54056   4.40000 10
   0.11706  -0.18759  -0.73978  -0.40558   4.50000  1
   0.34487  -0.34434   0.84258  -0.36486   4.50000  2
  -0.28153   0.18573  -0.11399   0.19880   4.50000  3
   1.03810  -0.63789   0.11014  -0.07160   4.50000  4
   0.51314   0.04421   0.48603  -0.18367   4.50000  5
  -0.58510   0.28071  -0.76071   0.08722   4.50000  6
  -0.30303   0.34892   0.41270   0.29951   4.50000  7
   0.12919  -0.06677  -0.00631   0.22705   4.50000  8
   0.19378  -0.01155   0.19811  -0.25084   4.50000  9
   0.46159   0.12134  -0.42879   0.46397   4.50000 10
   0.04648  -0.22283  -0.67061  -0.30174   4.60000  1
   0.42702  -0.37620   0.80158  -0.27675   4.60000  2
  -0.29160   0.20687  -0.08523   0.22331   4.60000  3
   1.04805  -0.64427   0.08875  -0.05606   4.60000  4
   0.55630   0.02585   0.37839  -0.18419   4.60000  5
  -0.65740   0.28892  -0.68853   0.07726   4.60000  6
  -0.26129   0.37475   0.42107   0.21731   4.60000  7
   0.13146  -0.04447   0.05053   0.21736   4.60000  8
   0.21265  -0.03886   0.17632  -0.28655   4.60000  9
   0.41643   0.16303  -0.47226   0.37005   4.60000 10
  -0.01717  -0.24856  -0.60364  -0.21590   4.70000  1
   0.50547  -0.40036   0.76877  -0.20903   4.70000  2
  -0.29816   0.23021  -0.04401   0.24245   4.70000  3
   1.05580  -0.64908   0.06609  -0.03998   4.70000  4
   0.58931   0.00712   0.28452  -0.19166   4.70000  5
  -0.72333   0.29624  -0.63217   0.06947   4.70000  6
  -0.21900   0.39247   0.42382   0.13768   4.70000  7
   0.13916  -0.02357   0.10268   0.19980   4.70000  8
   0.22869  -0.06721   0.14381  -0.27347   4.70000  9
   0.36730   0.19552  -0.50989   0.28065   4.70000 10
  -0.07455  -0.26654  -0.54543  -0.14602   4.80000  1
   0.58100  -0.41845   0.74293  -0.15475   4.80000  2
  -0.30008   0.25511   0.00705   0.25431   4.80000  3
   1.06120  -0.65223   0.04154  -0.02276   4.80000  4
   0.61368  -0.01269   0.20496  -0.20536   4.80000  5
  -0.78420   0.30286  -0.58698   0.06327   4.80000  6
  -0.17667   0.40244   0.42240   0.06253   4.80000  7
   0.15177  -0.00457   0.14809   0.18051   4.80000  8
   0.24145  -0.09248   0.11201  -0.22807   4.80000  9
   0.31448   0.21933  -0.54659   0.19634   4.80000 10
  -0.12652  -0.27814  -0.49514  -0.08745   4.90000  1
   0.65424  -0.43165   0.72277  -0.11074   4.90000  2
  -0.29650   0.28080   0.06567   0.25799   4.90000  3
   1.06403  -0.65357   0.01445  -0.00362   4.90000  4
   0.63068  -0.03408   0.13656  -0.22268   4.90000  5
  -0.84099   0.30893  -0.55003   0.05822   4.90000  6
  -0.13456   0.40513   0.42002  -0.00809   4.90000  7
   0.16843   0.01274   0.18295   0.16713   4.90000  8
   0.25128  -0.11230   0.08553  -0.16675   4.90000  9
   0.25800   0.23492  -0.58278   0.11599   4.90000 10
  -0.17378  -0.28429  -0.45086  -0.03672   5.00000  1
   0.72571  -0.44091   0.70735  -0.07595   5.00000  2
  -0.28674   0.30642   0.13040   0.25303   5.00000  3
   1.06399  -0.65285  -0.01582   0.01850   5.00000  4
   0.64129  -0.05727   0.07697  -0.24126   5.00000  5
  -0.89442   0.31453  -0.51937   0.05396   5.00000  6
  -0.09257   0.40091   0.42040  -0.07606   5.00000  7
   0.18785   0.02917   0.20242   0.16273   5.00000  8
   0.25876  -0.12561   0.06496  -0.09888   5.00000  9
   0.19800   0.24269  -0.61647   0.04066   5.00000 10
  -0.21683  -0.28566  -0.41088   0.00855   5.10000  1
   0.79585  -0.44717   0.69600  -0.05100   5.10000  2
  -0.27023   0.33109   0.20065   0.23871   5.10000  3
   1.06074  -0.64972  -0.04978   0.04520   5.10000  4
   0.64631  -0.08229   0.02460  -0.25862   5.10000  5
  -0.94503   0.31974  -0.49360   0.05021   5.10000  6
  -0.05027   0.38986   0.42667  -0.14589   5.10000  7
   0.20821   0.04546   0.20111   0.16317   5.10000  8
   0.26444  -0.13202   0.04951  -0.02906   5.10000  9
   0.13490   0.24348  -0.64429  -0.02127   5.10000 10
  -0.25605  -0.28271  -0.37383   0.05005   5.20000  1
   0.86503  -0.45151   0.68798  -0.03817   5.20000  2
  -0.24643   0.35380   0.27628   0.21331   5.20000  3
   1.05391  -0.64358  -0.08728   0.07890   5.20000  4
   0.64640  -0.10887  -0.02182  -0.27215   5.20000  5
  -0.99327   0.32459  -0.47167   0.04678   5.20000  6
  -0.00710   0.37141   0.43628  -0.22551   5.20000  7
   0.22739   0.06166   0.17974   0.15975   5.20000  8
   0.26879  -0.13144   0.03803   0.04039   5.20000  9
   0.06941   0.23944  -0.66371  -0.05335   5.20000 10
  -0.29166  -0.27574  -0.33862   0.08900   5.30000  1
   0.93350  -0.45532   0.68128  -0.04085   5.30000  2
  -0.21482   0.37326   0.35657   0.17310   5.30000  3
   1.04323  -0.63359  -0.12610   0.12294   5.30000  4
   0.64210  -0.13651  -0.06364  -0.27954   5.30000  5
  -1.03947   0.32910  -0.45276   0.04350   5.30000  6
   0.03640   0.34430   0.42813  -0.31722   5.30000  7
   0.24376   0.07713   0.14630   0.14841   5.30000  8
   0.27214  -0.12399   0.02931   0.10840   5.30000  9
   0.00290   0.23413  -0.66047  -0.04774   5.30000 10
  -0.32381  -0.26496  -0.30442   0.12623   5.40000  1
   1.00111  -0.46028   0.66911  -0.06111   5.40000  2
  -0.17511   0.38772   0.43646   0.11194   5.40000  3
   1.02889  -0.61856  -0.15879   0.17973   5.40000  4
   0.63378  -0.16452  -0.10218  -0.27927   5.40000  5
  -1.08390   0.33329  -0.43621   0.04030   5.40000  6
   0.07737   0.30838   0.38827  -0.39756   5.40000  7
   0.25646   0.09117   0.10705   0.13193   5.40000  8
   0.27470  -0.10980   0.02211   0.17520   5.40000  9
  -0.06142   0.23035  -0.62140  -0.02739   5.40000 10
  -0.35256  -0.25053  -0.27061   0.16228   5.50000  1
   1.06669  -0.46793   0.63848  -0.09237   5.50000  2
  -0.12804   0.39485   0.50066   0.02746   5.50000  3
   1.01214  -0.59738  -0.17186   0.24365   5.50000  4
   0.62174  -0.19209  -0.13822  -0.27085   5.50000  5
  -1.12677   0.33716  -0.42150   0.03714   5.50000  6
   0.11412   0.26549   0.34948  -0.45786   5.50000  7
   0.26500   0.10348   0.06259   0.11431   5.50000  8
   0.27655  -0.08894   0.01461   0.24234   5.50000  9
  -0.12080   0.22868  -0.56362  -0.00609   5.50000 10
  -0.37793  -0.23254  -0.23674   0.19747   5.60000  1
   1.12802  -0.47850   0.58531  -0.11664   5.60000  2
  -0.07598   0.39290   0.53624  -0.06635   5.60000  3
   0.99534  -0.57016  -0.16136   0.29792   5.60000  4
   0.60623  -0.21843  -0.17160  -0.25457   5.60000  5
  -1.16824   0.34072  -0.40822   0.03402   5.60000  6
   0.14804   0.21703   0.33322  -0.51095   5.60000  7
   0.26873   0.11405   0.01048   0.09686   5.60000  8
   0.27752  -0.06122   0.00383   0.31289   5.60000  9
  -0.17363   0.22895  -0.49116   0.00936   5.60000 10
  -0.39989  -0.21106  -0.20240   0.23196   5.70000  1
   1.18351  -0.49069   0.52471  -0.12456   5.70000  2
  -0.02136   0.38179   0.55512  -0.15473   5.70000  3
   0.98012  -0.53843  -0.14317   0.33407   5.70000  4
   0.58754  -0.24276  -0.20148  -0.23102   5.70000  5
  -1.20845   0.34397  -0.39606   0.03097   5.70000  6
   0.18168   0.16335   0.34396  -0.56191   5.70000  7
   0.26679   0.12272  -0.05043   0.07493   5.70000  8
   0.27705  -0.02609  -0.01507   0.39151   5.70000  9
  -0.21892   0.22999  -0.41518   0.00877   5.70000 10
  -0.41838  -0.18616  -0.16733   0.26586   5.80000  1
   1.23317  -0.50303   0.46982  -0.12096   5.80000  2
   0.03504   0.36207   0.57358  -0.23966   5.80000  3
   0.96648  -0.50378  -0.13127   0.35729   5.80000  4
   0.56607  -0.26441  -0.22732  -0.20076   5.80000  5
  -1.24749   0.34692  -0.38481   0.02802   5.80000  6
   0.21747   0.10515   0.37261  -0.59650   5.80000  7
   0.25868   0.12833  -0.10910   0.03192   5.80000  8
   0.27401   0.01746  -0.04877   0.48048   5.80000  9
  -0.25696   0.23024  -0.34741  -0.00569   5.80000 10
  -0.43332  -0.15790  -0.13133   0.29937   5.90000  1
   1.27778  -0.51471   0.42399  -0.11211   5.90000  2
   0.09360   0.33367   0.59890  -0.33027   5.90000  3
   0.95351  -0.46719  -0.12972   0.37377   5.90000  4
   0.54220  -0.28270  -0.24963  -0.16391   5.90000  5
  -1.28544   0.34958  -0.37433   0.02522   5.90000  6
   0.25564   0.04599   0.38419  -0.57276   5.90000  7
   0.24600   0.12813  -0.13817  -0.03734   5.90000  8
   0.26687   0.06935  -0.09346   0.54662   5.90000  9
  -0.28876   0.22857  -0.29044  -0.02860   5.90000 10
  -0.44461  -0.12629  -0.09423   0.33297   6.00000  1
   1.31824  -0.52540   0.38644  -0.10155   6.00000  2
   0.15510   0.29545   0.63200  -0.43801   6.00000  3
   0.94020  -0.42913  -0.13823   0.38695   6.00000  4
   0.51620  -0.29694  -0.27005  -0.11961   6.00000  5
  -1.32238   0.35196  -0.36452   0.02258   6.00000  6
   0.29277  -0.00693   0.35375  -0.48123   6.00000  7
   0.23212   0.12163  -0.13545  -0.08427   6.00000  8
   0.25579   0.12409  -0.12675   0.53887   6.00000  9
  -0.31536   0.22435  -0.24295  -0.05671   6.00000 10
  -0.45212  -0.09128  -0.05570   0.36747   6.10000  1
   1.35529  -0.53502   0.35556  -0.09090   6.10000  2
   0.21991   0.24520   0.66026  -0.56925   6.10000  3
   0.92557  -0.38985  -0.15561   0.39857   6.10000  4
   0.48820  -0.30630  -0.29012  -0.06578   6.10000  5
  -1.35836   0.35410  -0.35530   0.02013   6.10000  6
   0.32618  -0.05065   0.31509  -0.39721   6.10000  7
   0.21950   0.11330  -0.11421  -0.07360   6.10000  8
   0.24153   0.17618  -0.15667   0.49941   6.10000  9
  -0.33761   0.21710  -0.20329  -0.08884   6.10000 10
  -0.45568  -0.05273  -0.01513   0.40397   6.20000  1
   1.38953  -0.54360   0.32991  -0.08083   6.20000  2
   0.28510   0.18254   0.63053  -0.67216   6.20000  3
   0.90881  -0.34943  -0.18105   0.40975   6.20000  4
   0.45819  -0.30968  -0.30989   0.00062   6.20000  5
  -1.39345   0.35600  -0.34664   0.01790   6.20000  6
   0.35607  -0.08716   0.28413  -0.33631   6.20000  7
   0.21003   0.10789  -0.07074  -0.03440   6.20000  8
   0.22575   0.22251  -0.15077   0.41648   6.20000  9
  -0.35624   0.20644  -0.17036  -0.12502   6.20000 10
  -0.45505  -0.01037   0.02845   0.44389   6.30000  1
   1.42141  -0.55121   0.30829  -0.07160   6.30000  2
   0.34444   0.11289   0.55499  -0.71596   6.30000  3
   0.88909  -0.30788  -0.21466   0.42146   6.30000  4
   0.42632  -0.30564  -0.32648   0.08316   6.30000  5
  -1.42771   0.35769  -0.33849   0.01588   6.30000  6
   0.38326  -0.11849   0.26060  -0.29262   6.30000  7
   0.20606   0.10573  -0.00724  -0.01359   6.30000  8
   0.21216   0.25813  -0.12158   0.29538   6.30000  9
  -0.37190   0.19194  -0.14388  -0.16601   6.30000 10
  -0.44984   0.03620   0.07652   0.48803   6.40000  1
   1.45129  -0.55795   0.28980  -0.06325   6.40000  2
   0.39652   0.03952   0.48955  -0.75270   6.40000  3
   0.86556  -0.26510  -0.25784   0.43438   6.40000  4
   0.39326  -0.29243  -0.33172   0.18380   6.40000  5
  -1.46117   0.35918  -0.33087   0.01410   6.40000  6
   0.40824  -0.14602   0.23846  -0.25874   6.40000  7
   0.20839   0.10432   0.05162  -0.01775   6.40000  8
   0.20109   0.28201  -0.10112   0.18451   6.40000  9
  -0.38525   0.17306  -0.12440  -0.21238   6.40000 10
  -0.43955   0.08723   0.13000   0.53085   6.50000  1
   1.47945  -0.56389   0.27372  -0.05577   6.50000  2
   0.44283  -0.03814   0.43790  -0.80300   6.50000  3
   0.83711  -0.22097  -0.31366   0.44828   6.50000  4
   0.36084  -0.26844  -0.31077   0.29674   6.50000  5
  -1.49390   0.36051  -0.32378   0.01254   6.50000  6
   0.43072  -0.17018   0.20986  -0.22285   6.50000  7
   0.21587   0.10179   0.09538  -0.03417   6.50000  8
   0.19173   0.29545  -0.08668   0.08598   6.50000  9
  -0.39702   0.14943  -0.11198  -0.25860   6.50000 10
  -0.42390   0.14136   0.18117   0.54298   6.60000  1
   1.50610  -0.56913   0.25948  -0.04912   6.60000  2
   0.48399  -0.12127   0.38316  -0.85657   6.60000  3
   0.80224  -0.17551  -0.38700   0.45998   6.60000  4
   0.33246  -0.23337  -0.25037   0.40055   6.60000  5
  -1.52594   0.36170  -0.31723   0.01119   6.60000  6
   0.45005  -0.19006   0.17729  -0.17244   6.60000  7
   0.22702   0.09729   0.12585  -0.05654   6.60000  8
   0.18369   0.29946  -0.07434  -0.00458   6.60000  9
  -0.40762   0.12230  -0.09802  -0.27545   6.60000 10
  -0.40394   0.19398   0.21519   0.50344   6.70000  1
   1.53139  -0.57374   0.24666  -0.04325   6.70000  2
   0.51901  -0.20768   0.31646  -0.85792   6.70000  3
   0.75901  -0.12940  -0.48057   0.45867   6.70000  4
   0.31170  -0.18967  -0.16354   0.46636   6.70000  5
  -1.55736   0.36276  -0.31123   0.01004   6.70000  6
   0.46666  -0.20459   0.15811  -0.12056   6.70000  7
   0.24073   0.09031   0.14724  -0.08404   6.70000  8
   0.17688   0.29468  -0.06150  -0.09059   6.70000  9
  -0.41600   0.09614  -0.06682  -0.24215   6.70000 10
  -0.38118   0.24160   0.23957   0.44883   6.80000  1
   1.55546  -0.57780   0.23492  -0.03815   6.80000  2
   0.54751  -0.29000   0.25547  -0.77831   6.80000  3
   0.70585  -0.08468  -0.58237   0.43141   6.80000  4
   0.29933  -0.14112  -0.08745   0.50239   6.80000  5
  -1.58821   0.36371  -0.30578   0.00907   6.80000  6
   0.48216  -0.21486   0.15276  -0.08686   6.80000  7
   0.25631   0.08026   0.16380  -0.11828   6.80000  8
   0.17148   0.28141  -0.04590  -0.17457   6.80000  9
  -0.42063   0.07426  -0.02503  -0.19553   6.80000 10
  -0.35603   0.28389   0.26362   0.39780   6.90000  1
   1.57841  -0.58139   0.22405  -0.03375   6.90000  2
   0.57045  -0.36244   0.20482  -0.67020   6.90000  3
   0.64276  -0.04371  -0.67832   0.38652   6.90000  4
   0.29349  -0.08915  -0.03247   0.53867   6.90000  5
  -1.61854   0.36458  -0.30086   0.00823   6.90000  6
   0.49715  -0.22193   0.14601  -0.05275   6.90000  7
   0.27346   0.06636   0.17919  -0.16136   6.90000  8
   0.16788   0.25976  -0.02486  -0.25857   6.90000  9
  -0.42095   0.05682   0.01882  -0.15458   6.90000 10
  -0.32838   0.32130   0.28978   0.35098   7.00000  1
   1.60030  -0.58458   0.21389  -0.02999   7.00000  2
   0.58878  -0.42439   0.16339  -0.57138   7.00000  3
   0.57026  -0.00749  -0.77212   0.33816   7.00000  4
   0.29240  -0.03301   0.00958   0.58499   7.00000  5
  -1.64840   0.36536  -0.29644   0.00752   7.00000  6
   0.51096  -0.22493   0.12747  -0.00495   7.00000  7
   0.29219   0.04776   0.19579  -0.21024   7.00000  8
   0.16683   0.22963   0.00582  -0.34459   7.00000  9
  -0.41687   0.04312   0.06285  -0.12050   7.00000 10
  -0.29800   0.35415   0.31817   0.30616   7.10000  1
   1.62120  -0.58741   0.20435  -0.02675   7.10000  2
   0.60340  -0.47726   0.13012  -0.48851   7.10000  3
   0.48803   0.02413  -0.87538   0.29576   7.10000  4
   0.29535   0.02740   0.04949   0.61615   7.10000  5
  -1.67784   0.36608  -0.29249   0.00690   7.10000  6
   0.52205  -0.22261   0.09147   0.05198   7.10000  7
   0.31263   0.02502   0.21278  -0.23620   7.10000  8
   0.16963   0.19073   0.05420  -0.43385   7.10000  9
  -0.40837   0.03255   0.10729  -0.09165   7.10000 10
  -0.26469   0.38253   0.34834   0.26147   7.20000  1
   1.64118  -0.58994   0.19536  -0.02394   7.20000  2
   0.61502  -0.52255   0.10309  -0.41943   7.20000  3
   0.39458   0.05198  -0.99273   0.26235   7.20000  4
   0.30212   0.08811   0.08223   0.58650   7.20000  5
  -1.70691   0.36675  -0.28896   0.00637   7.20000  6
   0.52873  -0.21451   0.03986   0.10970   7.20000  7
   0.33467   0.00281   0.22506  -0.19713   7.20000  8
   0.17875   0.14295   0.13490  -0.51926   7.20000  9
  -0.39537   0.02466   0.15287  -0.06663   7.20000 10
  -0.22828   0.40640   0.38008   0.21563   7.30000  1
   1.66029  -0.59221   0.18687  -0.02148   7.30000  2
   0.62417  -0.56150   0.08056  -0.36107   7.30000  3
   0.29144   0.07693  -1.05283   0.23908   7.30000  4
   0.31023   0.14232   0.06923   0.48709   7.30000  5
  -1.73564   0.36736  -0.28583   0.00591   7.30000  6
   0.52968  -0.20074  -0.02212   0.16554   7.30000  7
   0.35596  -0.01293   0.19047  -0.11638   7.30000  8
   0.19795   0.08803   0.25302  -0.56985   7.30000  9
  -0.37772   0.01913   0.20056  -0.04447   7.30000 10
  -0.18860   0.42557   0.41389   0.16703   7.40000  1
   1.67857  -0.59425   0.17884  -0.01931   7.40000  2
   0.63123  -0.59504   0.06120  -0.31077   7.40000  3
   0.18769   0.09960  -1.00548   0.20893   7.40000  4
   0.31434   0.18444   0.01100   0.35571   7.40000  5
  -1.76409   0.36793  -0.28303   0.00551   7.40000  6
   0.52405  -0.18139  -0.09198   0.22190   7.40000  7
   0.37154  -0.02122   0.12002  -0.05479   7.40000  8
   0.22849   0.03143   0.34375  -0.54999   7.40000  9
  -0.35514   0.01570   0.25181  -0.02422   7.40000 10
  -0.14542   0.43962   0.45008   0.11257   7.50000  1
   1.69607  -0.59608   0.17122  -0.01735   7.50000  2
   0.63648  -0.62385   0.04402  -0.26645   7.50000  3
   0.09169   0.11864  -0.91680   0.17515   7.50000  4
   0.31275   0.21399  -0.04006   0.23858   7.50000  5
  -1.79226   0.36846  -0.28054   0.00516   7.50000  6
   0.51095  -0.15623  -0.17199   0.28199   7.50000  7
   0.38009  -0.02494   0.05227  -0.02459   7.50000  8
   0.26490  -0.02109   0.38303  -0.50077   7.50000  9
  -0.32717   0.01427   0.30877  -0.00429   7.50000 10
  -0.09858   0.44776   0.48636   0.04837   7.60000  1
   1.71283  -0.59772   0.16400  -0.01558   7.60000  2
   0.64008  -0.64847   0.02829  -0.22649   7.60000  3
   0.00325   0.13536  -0.85698   0.16196   7.60000  4
   0.30680   0.23276  -0.07708   0.13947   7.60000  5
  -1.82020   0.36896  -0.27829   0.00485   7.60000  6
   0.48913  -0.12486  -0.26764   0.34569   7.60000  7
   0.38241  -0.02715  -0.00272  -0.02483   7.60000  8
   0.30545  -0.06878   0.42974  -0.45173   7.60000  9
  -0.29310   0.01493   0.37431   0.01830   7.60000 10
  -0.04835   0.44892   0.51664  -0.02653   7.70000  1
   1.72889  -0.59920   0.15714  -0.01398   7.70000  2
   0.64217  -0.66925   0.01351  -0.18959   7.70000  3
  -0.08045   0.15129  -0.81914   0.15613   7.70000  4
   0.29761   0.24232  -0.10566   0.05331   7.70000  5
  -1.84793   0.36944  -0.27625   0.00458   7.70000  6
   0.45679  -0.08733  -0.38082   0.40097   7.70000  7
   0.38040  -0.03081  -0.03265  -0.05149   7.70000  8
   0.35090  -0.11079   0.47676  -0.38318   7.70000  9
  -0.25194   0.01822   0.45047   0.04979   7.70000 10
   0.00442   0.44228   0.53743  -0.10662   7.80000  1
   1.74427  -0.60052   0.15060  -0.01250   7.80000  2
   0.64281  -0.68645  -0.00055  -0.15459   7.80000  3
  -0.16057   0.16606  -0.78048   0.13532   7.80000  4
   0.28580   0.24370  -0.13008  -0.02450   7.80000  5
  -1.87546   0.36988  -0.27437   0.00433   7.80000  6
   0.41345  -0.04610  -0.47797   0.41517   7.80000  7
   0.37678  -0.03755  -0.03720  -0.08051   7.80000  8
   0.39948  -0.14405   0.48434  -0.27649   7.80000  9
  -0.20291   0.02554   0.52828   0.10039   7.80000 10
   0.05902   0.42756   0.55473  -0.18845   7.90000  1
   1.75901  -0.60170   0.14432  -0.01113   7.90000  2
   0.64208  -0.70021  -0.01384  -0.12057   7.90000  3
  -0.23544   0.17775  -0.71128   0.09834   7.90000  4
   0.27163   0.23758  -0.15328  -0.09744   7.90000  5
  -1.90280   0.37030  -0.27263   0.00411   7.90000  6
   0.36331  -0.00553  -0.51609   0.39359   7.90000  7
   0.37284  -0.04578  -0.04471  -0.07733   7.90000  8
   0.44564  -0.16589   0.43182  -0.16323   7.90000  9
  -0.14721   0.03871   0.58095   0.16211   7.90000 10
   0.11545   0.40431   0.57423  -0.27876   8.00000  1
   1.77314  -0.60275   0.13826  -0.00984   8.00000  2
   0.64007  -0.71058  -0.02623  -0.08703   8.00000  3
  -0.30227   0.18616  -0.62552   0.07257   8.00000  4
   0.25513   0.22430  -0.17702  -0.16767   8.00000  5
  -1.92998   0.37070  -0.27098   0.00391   8.00000  6
   0.31130   0.03272  -0.52200   0.37435   8.00000  7
   0.36713  -0.05185  -0.07212  -0.04004   8.00000  8
   0.48518  -0.17759   0.35761  -0.07500   8.00000  9
  -0.08706   0.05735   0.62377   0.20750   8.00000 10
   0.17381   0.37113   0.59124  -0.38918   8.10000  1
   1.78667  -0.60367   0.13238  -0.00859   8.10000  2
   0.63687  -0.71762  -0.03766  -0.05378   8.10000  3
  -0.36092   0.19266  -0.54998   0.05877   8.10000  4
   0.23622   0.20411  -0.20088  -0.23578   8.10000  5
  -1.95700   0.37108  -0.26941   0.00372   8.10000  6
   0.25889   0.07021  -0.52738   0.38032   8.10000  7
   0.35806  -0.05328  -0.11037   0.01328   8.10000  8
   0.51710  -0.18159   0.28087  -0.00784   8.10000  9
  -0.02160   0.07975   0.69119   0.23908   8.10000 10
