  -0.47291  -0.69970   0.01180   0.01939   0.10000  1
  -0.52480   1.22477  -0.03588  -0.04536   0.10000  2
  -0.94837   0.87291   0.04893   0.03149   0.10000  3
  -0.76167   1.04455   0.00415  -0.01646   0.10000  4
  -1.59044   0.35425   0.01315   0.00650   0.10000  5
   0.12292   0.33643  -0.01065  -0.00812   0.10000  6
  -0.26450  -0.02088   0.03008   0.00769   0.10000  7
   0.14138   0.76275  -0.01716  -0.03287   0.10000  8
   0.30128  -0.18078   0.01276  -0.01423   0.10000  9
   0.44151  -0.31582  -0.05718   0.05197   0.10000 10
  -0.47114  -0.69679   0.02373   0.03889   0.20000  1
  -0.53022   1.21793  -0.07277  -0.09155   0.20000  2
  -0.94098   0.87767   0.09928   0.06398   0.20000  3
  -0.76106   1.04208   0.00805  -0.03316   0.20000  4
  -1.58847   0.35523   0.02628   0.01296   0.20000  5
   0.12132   0.33521  -0.02140  -0.01632   0.20000  6
  -0.25997  -0.01972   0.06056   0.01553   0.20000  7
   0.13880   0.75780  -0.03437  -0.06615   0.20000  8
   0.30323  -0.18296   0.02644  -0.02949   0.20000  9
   0.43288  -0.30798  -0.11580   0.10531   0.20000 10
  -0.46816  -0.69191   0.03591   0.05860   0.30000  1
  -0.53942   1.20640  -0.11178  -0.13952   0.30000  2
  -0.92841   0.88577   0.15264   0.09856   0.30000  3
  -0.76008   1.03791   0.01144  -0.05035   0.30000  4
  -1.58519   0.35684   0.03938   0.01936   0.30000  5
   0.11863   0.33316  -0.03238  -0.02473   0.30000  6
  -0.25236  -0.01776   0.09185   0.02367   0.30000  7
   0.13450   0.74949  -0.05168  -0.10025   0.30000  8
   0.30663  -0.18674   0.04177  -0.04663   0.30000  9
   0.41826  -0.29467  -0.17714   0.16128   0.30000 10
  -0.46394  -0.68506   0.04849   0.07865   0.40000  1
  -0.55269   1.18993  -0.15431  -0.19040   0.40000  2
  -0.91029   0.89749   0.21088   0.13646   0.40000  3
  -0.75880   1.03198   0.01398  -0.06822   0.40000  4
  -1.58060   0.35910   0.05243   0.02567   0.40000  5
   0.11483   0.33025  -0.04371  -0.03349   0.40000  6
  -0.24156  -0.01497   0.12444   0.03229   0.40000  7
   0.12846   0.73771  -0.06913  -0.13564   0.40000  8
   0.31164  -0.19235   0.05863  -0.06574   0.40000  9
   0.39734  -0.27561  -0.24171   0.22041   0.40000 10
  -0.45844  -0.67617   0.06159   0.09915   0.50000  1
  -0.57046   1.16817  -0.20220  -0.24568   0.50000  2
  -0.88600   0.91322   0.27628   0.17900   0.50000  3
  -0.75732   1.02424   0.01545  -0.08673   0.50000  4
  -1.57470   0.36198   0.06544   0.03187   0.50000  5
   0.10987   0.32644  -0.05552  -0.04287   0.50000  6
  -0.22741  -0.01128   0.15892   0.04161   0.50000  7
   0.12067   0.72230  -0.08674  -0.17287   0.50000  8
   0.31829  -0.19986   0.07324  -0.08334   0.50000  9
   0.36990  -0.25057  -0.30646   0.27985   0.50000 10
  -0.45160  -0.66521   0.07535   0.12026   0.60000  1
  -0.59340   1.14058  -0.25818  -0.30747   0.60000  2
  -0.85471   0.93348   0.35125   0.22707   0.60000  3
  -0.75573   1.01465   0.01632  -0.10483   0.60000  4
  -1.56751   0.36547   0.07843   0.03796   0.60000  5
   0.10371   0.32164  -0.06798  -0.05331   0.60000  6
  -0.20969  -0.00661   0.19610   0.05191   0.60000  7
   0.11110   0.70305  -0.10454  -0.21259   0.60000  8
   0.32575  -0.20853   0.07122  -0.08577   0.60000  9
   0.33648  -0.22004  -0.35796   0.32677   0.60000 10
  -0.44334  -0.65209   0.08990   0.14215   0.70000  1
  -0.62250   1.10637  -0.32629  -0.37868   0.70000  2
  -0.81541   0.95876   0.43598   0.27851   0.70000  3
  -0.75396   1.00343   0.02058  -0.11768   0.70000  4
  -1.55902   0.36956   0.09146   0.04394   0.70000  5
   0.09625   0.31572  -0.08127  -0.06554   0.70000  6
  -0.18807  -0.00085   0.23708   0.06354   0.70000  7
   0.09975   0.67967  -0.12250  -0.25562   0.70000  8
   0.33128  -0.21582   0.03294  -0.05387   0.70000  9
   0.29941  -0.18628  -0.37788   0.34325   0.70000 10
  -0.43359  -0.63674   0.10538   0.16505   0.80000  1
  -0.65922   1.06445  -0.41051  -0.46110   0.80000  2
  -0.76752   0.98888   0.51935   0.31995   0.80000  3
  -0.75102   0.99177   0.04341  -0.11043   0.80000  4
  -1.54922   0.37425   0.10462   0.04985   0.80000  5
   0.08742   0.30844  -0.09553  -0.08064   0.80000  6
  -0.16209   0.00616   0.28338   0.07699   0.80000  7
   0.08660   0.65178  -0.14050  -0.30306   0.80000  8
   0.33137  -0.21837  -0.03400   0.00555   0.80000  9
   0.26165  -0.15214  -0.37561   0.33784   0.80000 10
  -0.42223  -0.61904   0.12193   0.18919   0.90000  1
  -0.70449   1.01444  -0.48518  -0.53008   0.90000  2
  -0.71287   1.02124   0.55972   0.31437   0.90000  3
  -0.74403   0.98251   0.10067  -0.07108   0.90000  4
  -1.53808   0.37954   0.11809   0.05579   0.90000  5
   0.07711   0.29945  -0.11080  -0.10014   0.90000  6
  -0.13115   0.01462   0.33696   0.09281   0.90000  7
   0.07166   0.61887  -0.15822  -0.35629   0.90000  8
   0.32419  -0.21443  -0.11024   0.07401   0.90000  9
   0.22428  -0.11872  -0.37293   0.33142   0.90000 10
  -0.40916  -0.59885   0.13973   0.21491   1.00000  1
  -0.75247   0.96146  -0.45696  -0.51681   1.00000  2
  -0.65916   1.04885   0.50288   0.22996   1.00000  3
  -0.73106   0.97736   0.15284  -0.03707   1.00000  4
  -1.52558   0.38542   0.13216   0.06189   1.00000  5
   0.06524   0.28819  -0.12671  -0.12625   1.00000  6
  -0.09438   0.02482   0.40009   0.11152   1.00000  7
   0.05499   0.58027  -0.17498  -0.41729   1.00000  8
   0.30925  -0.20350  -0.18875   0.14482   1.00000  9
   0.18673  -0.08554  -0.38029   0.33432   1.00000 10
  -0.39424  -0.57599   0.15896   0.24263   1.10000  1
  -0.79400   0.91235  -0.37048  -0.46365   1.10000  2
  -0.61284   1.06710   0.42462   0.13679   1.10000  3
  -0.71480   0.97389   0.16815  -0.03648   1.10000  4
  -1.51162   0.39192   0.14713   0.06833   1.10000  5
   0.05179   0.27387  -0.14185  -0.16235   1.10000  6
  -0.05074   0.03703   0.47468   0.13305   1.10000  7
   0.03674   0.53506  -0.18952  -0.48896   1.10000  8
   0.28636  -0.18537  -0.26973   0.21865   1.10000  9
   0.14774  -0.05137  -0.40196   0.35198   1.10000 10
  -0.37731  -0.55024   0.17982   0.27298   1.20000  1
  -0.82663   0.86861  -0.28403  -0.41271   1.20000  2
  -0.57390   1.07662   0.35578   0.05529   1.20000  3
  -0.69772   0.96969   0.17350  -0.04797   1.20000  4
  -1.49611   0.39910   0.16335   0.07521   1.20000  5
   0.03702   0.25524  -0.15198  -0.21304   1.20000  6
   0.00084   0.05144   0.55661   0.15490   1.20000  7
   0.01724   0.48198  -0.19950  -0.57565   1.20000  8
   0.25514  -0.15954  -0.35561   0.29962   1.20000  9
   0.10583  -0.01442  -0.43795   0.39136   1.20000 10
  -0.35822  -0.52128   0.20244   0.30689   1.30000  1
  -0.85125   0.82943  -0.21033  -0.37266   1.30000  2
  -0.54142   1.07844   0.29471  -0.01784   1.30000  3
  -0.67996   0.96430   0.18273  -0.05977   1.30000  4
  -1.47890   0.40699   0.18111   0.08262   1.30000  5
   0.02189   0.23066  -0.14709  -0.28128   1.30000  6
   0.05962   0.06781   0.60581   0.17178   1.30000  7
  -0.00286   0.41923  -0.20016  -0.68346   1.30000  8
   0.21500  -0.12495  -0.44847   0.39558   1.30000  9
   0.06048   0.02787  -0.46077   0.45814   1.30000 10
  -0.33677  -0.48870   0.22683   0.34574   1.40000  1
  -0.86909   0.79375  -0.14821  -0.34235   1.40000  2
  -0.51481   1.07322   0.23807  -0.08596   1.40000  3
  -0.66098   0.95780   0.19766  -0.06988   1.40000  4
  -1.45982   0.41564   0.20077   0.09055   1.40000  5
   0.00845   0.19864  -0.11803  -0.35906   1.40000  6
   0.11797   0.08589   0.54186   0.18973   1.40000  7
  -0.02219   0.34435  -0.18238  -0.81929   1.40000  8
   0.16533  -0.07949  -0.54413   0.51934   1.40000  9
   0.01630   0.07738  -0.41243   0.53118   1.40000 10
  -0.31279  -0.45190   0.25300   0.39156   1.50000  1
  -0.88118   0.76070  -0.09501  -0.31973   1.50000  2
  -0.49375   1.06133   0.18324  -0.15148   1.50000  3
  -0.64024   0.95038   0.21809  -0.07821   1.50000  4
  -1.43867   0.42511   0.22268   0.09900   1.50000  5
  -0.00143   0.15940  -0.08107  -0.41816   1.50000  6
   0.16507   0.10529   0.38866   0.19500   1.50000  7
  -0.03825   0.25431  -0.13232  -0.98542   1.50000  8
   0.10670  -0.01989  -0.62451   0.67768   1.50000  9
  -0.02107   0.13374  -0.33275   0.58975   1.50000 10
  -0.28610  -0.41006   0.28123   0.44730   1.60000  1
  -0.88831   0.72961  -0.04854  -0.30313   1.60000  2
  -0.47816   1.04294   0.12833  -0.21636   1.60000  3
  -0.61718   0.94221   0.24412  -0.08490   1.60000  4
  -1.41520   0.43545   0.24724   0.10790   1.60000  5
  -0.00839   0.11734  -0.06076  -0.41283   1.60000  6
   0.19396   0.12446   0.18477   0.18733   1.60000  7
  -0.04726   0.14817  -0.04205  -1.11459   1.60000  8
   0.04095   0.05657  -0.69139   0.84878   1.60000  9
  -0.04991   0.19177  -0.24296   0.54051   1.60000 10
  -0.25643  -0.36197   0.31311   0.51718   1.70000  1
  -0.89106   0.69992  -0.00702  -0.29132   1.70000  2
  -0.46813   1.01802   0.07208  -0.28238   1.70000  3
  -0.59121   0.93344   0.27638  -0.09049   1.70000  4
  -1.38912   0.44671   0.27489   0.11720   1.70000  5
  -0.01441   0.07855  -0.06657  -0.35511   1.70000  6
   0.20209   0.14254  -0.01855   0.17270   1.70000  7
  -0.04641   0.03849   0.04993  -1.04683   1.70000  8
  -0.03113   0.14562  -0.73581   0.89615   1.70000  9
  -0.06980   0.23718  -0.15846   0.36289   1.70000 10
  -0.22320  -0.30597   0.35375   0.60655   1.80000  1
  -0.88983   0.67122   0.03112  -0.28331   1.80000  2
  -0.46380   0.98639   0.01434  -0.35060   1.80000  3
  -0.56169   0.92410   0.31506  -0.09672   1.80000  4
  -1.36010   0.45890   0.30624   0.12680   1.80000  5
  -0.02252   0.04652  -0.09506  -0.29099   1.80000  6
   0.19127   0.15870  -0.19295   0.14936   1.80000  7
  -0.04000  -0.05850   0.06896  -0.89579   1.80000  8
  -0.10290   0.23185  -0.69051   0.82700   1.80000  9
  -0.08284   0.26528  -0.11094   0.20771   1.80000 10
  -0.18499  -0.23988   0.41523   0.71849   1.90000  1
  -0.88490   0.64316   0.06737  -0.27829   1.90000  2
  -0.46520   0.94788  -0.04113  -0.41913   1.90000  3
  -0.52809   0.91390   0.35662  -0.10894   1.90000  4
  -1.32772   0.47207   0.34207   0.13650   1.90000  5
  -0.03304   0.01920  -0.11410  -0.25949   1.90000  6
   0.16433   0.17222  -0.34255   0.12020   1.90000  7
  -0.03403  -0.14187   0.04359  -0.77649   1.90000  8
  -0.16814   0.31087  -0.61184   0.75137   1.90000  9
  -0.09383   0.28093  -0.11527   0.11577   1.90000 10
  -0.13905  -0.16228   0.50651   0.82803   2.00000  1
  -0.87637   0.61549   0.10333  -0.27525   2.00000  2
  -0.47146   0.90285  -0.07903  -0.47874   2.00000  3
  -0.49074   0.90166   0.38614  -0.14076   2.00000  4
  -1.29150   0.48620   0.38339   0.14599   2.00000  5
  -0.04533  -0.00603  -0.13254  -0.24783   2.00000  6
   0.12324   0.18262  -0.47768   0.08730   2.00000  7
  -0.03254  -0.21392  -0.01657  -0.65847   2.00000  8
  -0.22548   0.38201  -0.53835   0.67328   2.00000  9
  -0.10638   0.28987  -0.13520   0.06646   2.00000 10
  -0.08451  -0.07535   0.57484   0.90798   2.10000  1
  -0.86418   0.58809   0.14079  -0.27275   2.10000  2
  -0.47961   0.85281  -0.07635  -0.51925   2.10000  3
  -0.45205   0.88453   0.38123  -0.20822   2.10000  4
  -1.25082   0.50124   0.43146   0.15470   2.10000  5
  -0.05978  -0.03074  -0.15540  -0.24411   2.10000  6
   0.06903   0.18952  -0.60559   0.04952   2.10000  7
  -0.03654  -0.27218  -0.05707  -0.50505   2.10000  8
  -0.27664   0.44616  -0.48922   0.61374   2.10000  9
  -0.12050   0.29440  -0.14468   0.02344   2.10000 10
  -0.02684   0.01837   0.56242   0.95937   2.20000  1
  -0.84809   0.56099   0.18180  -0.26867   2.20000  2
  -0.48547   0.79924  -0.03640  -0.55280   2.20000  3
  -0.41553   0.85896   0.34608  -0.30721   2.20000  4
  -1.20493   0.51708   0.48782   0.16169   2.20000  5
  -0.07517  -0.05268  -0.14390  -0.17910   2.20000  6
   0.00240   0.19220  -0.72374   0.00230   2.20000  7
  -0.04306  -0.31560  -0.07134  -0.36806   2.20000  8
  -0.32416   0.50569  -0.46532   0.58184   2.20000  9
  -0.13476   0.29422  -0.13742  -0.02936   2.20000 10
   0.02519   0.11638   0.46423   1.00012   2.30000  1
  -0.82762   0.53450   0.22871  -0.26017   2.30000  2
  -0.48624   0.74178   0.02352  -0.59989   2.30000  3
  -0.38322   0.82237   0.29874  -0.42805   2.30000  4
  -1.15292   0.53347   0.55425   0.16547   2.30000  5
  -0.08813  -0.06520  -0.11798  -0.07175   2.30000  6
  -0.07405   0.19006  -0.79086  -0.03856   2.30000  7
  -0.05069  -0.34660  -0.08144  -0.25511   2.30000  8
  -0.37053   0.56366  -0.46599   0.58377   2.30000  9
  -0.14740   0.28806  -0.11318  -0.09584   2.30000 10
   0.06413   0.21706   0.31295   1.00596   2.40000  1
  -0.80206   0.50923   0.28418  -0.24361   2.40000  2
  -0.48023   0.67862   0.09928  -0.66413   2.40000  3
  -0.35620   0.77264   0.23780  -0.56966   2.40000  4
  -1.09368   0.55000   0.63269   0.16392   2.40000  5
  -0.09953  -0.06737  -0.11388   0.02666   2.40000  6
  -0.15324   0.18693  -0.78549  -0.01324   2.40000  7
  -0.05940  -0.36713  -0.09301  -0.15760   2.40000  8
  -0.41802   0.62353  -0.48493   0.61552   2.40000  9
  -0.15739   0.27498  -0.08958  -0.16383   2.40000 10
   0.08824   0.31662   0.17268   0.98249   2.50000  1
  -0.77043   0.48617   0.35022  -0.21553   2.50000  2
  -0.46669   0.61059   0.16459  -0.68261   2.50000  3
  -0.33691   0.70852   0.14190  -0.70710   2.50000  4
  -1.02592   0.56599   0.72514   0.15437   2.50000  5
  -0.11159  -0.06015  -0.13028   0.11676   2.50000  6
  -0.22998   0.18850  -0.74419   0.04644   2.50000  7
  -0.06937  -0.37843  -0.10668  -0.06959   2.50000  8
  -0.46639   0.68450  -0.47117   0.58118   2.50000  9
  -0.16657   0.25617  -0.10222  -0.20642   2.50000 10
   0.09934   0.41327   0.05200   0.94969   2.60000  1
  -0.73163   0.46651   0.42798  -0.17617   2.60000  2
  -0.44865   0.54356   0.19384  -0.65965   2.60000  3
  -0.32819   0.63267   0.03486  -0.80586   2.60000  4
  -0.94813   0.58051   0.83347   0.13409   2.60000  5
  -0.12609  -0.04411  -0.16202   0.20421   2.60000  6
  -0.30137   0.19627  -0.68206   0.10954   2.60000  7
  -0.08080  -0.38124  -0.12227   0.01270   2.60000  8
  -0.51073   0.73606  -0.41628   0.44309   2.60000  9
  -0.17936   0.23498  -0.15952  -0.21164   2.60000 10
   0.09901   0.50643  -0.05708   0.91238   2.70000  1
  -0.68432   0.45109   0.52129  -0.13258   2.70000  2
  -0.42792   0.47779   0.22099  -0.66001   2.70000  3
  -0.32929   0.54741  -0.05485  -0.90088   2.70000  4
  -0.85863   0.59237   0.95943   0.10052   2.70000  5
  -0.14442  -0.01915  -0.20673   0.29638   2.70000  6
  -0.36641   0.21077  -0.61952   0.18404   2.70000  7
  -0.09389  -0.37599  -0.13982   0.09207   2.70000  8
  -0.55045   0.77303  -0.38193   0.29763   2.70000  9
  -0.19929   0.21474  -0.24180  -0.18956   2.70000 10
   0.08823   0.59543  -0.15657   0.86609   2.80000  1
  -0.62661   0.43962   0.63740  -0.10078   2.80000  2
  -0.40457   0.41071   0.24351  -0.68570   2.80000  3
  -0.33912   0.45215  -0.14316  -1.00522   2.80000  4
  -0.75569   0.60011   1.10122   0.05149   2.80000  5
  -0.16795   0.01562  -0.26704   0.40227   2.80000  6
  -0.42528   0.23415  -0.55564   0.29010   2.80000  7
  -0.10884  -0.36284  -0.15972   0.17102   2.80000  8
  -0.58769   0.79577  -0.36421   0.15691   2.80000  9
  -0.22810   0.19776  -0.33578  -0.14618   2.80000 10
   0.06817   0.67937  -0.24229   0.81182   2.90000  1
  -0.55602   0.42948   0.77682  -0.11336   2.90000  2
  -0.38036   0.34003   0.23175  -0.72854   2.90000  3
  -0.35824   0.34667  -0.23869  -1.09751   2.90000  4
  -0.63855   0.60199   1.23624  -0.01866   2.90000  5
  -0.19868   0.06211  -0.35346   0.53230   2.90000  6
  -0.47624   0.26988  -0.45142   0.42441   2.90000  7
  -0.12594  -0.34171  -0.18285   0.25216   2.90000  8
  -0.62307   0.80419  -0.33888   0.01040   2.90000  9
  -0.26670   0.18648  -0.43722  -0.07303   2.90000 10
   0.04017   0.75771  -0.31626   0.75453   3.00000  1
  -0.47196   0.41404   0.89189  -0.20868   3.00000  2
  -0.35978   0.26553   0.17733  -0.75775   3.00000  3
  -0.38510   0.23591  -0.27782  -1.09488   3.00000  4
  -0.51040   0.59472   1.31476  -0.13743   3.00000  5
  -0.24034   0.12313  -0.49164   0.69183   3.00000  6
  -0.51281   0.31685  -0.26975   0.49720   3.00000  7
  -0.14557  -0.31223  -0.21086   0.33874   3.00000  8
  -0.65415   0.79815  -0.27704  -0.12689   3.00000  9
  -0.31567   0.18468  -0.54062   0.04332   3.00000 10
   0.00512   0.83014  -0.38384   0.69281   3.10000  1
  -0.38119   0.38642   0.90727  -0.34517   3.10000  2
  -0.34461   0.18971   0.12341  -0.74065   3.10000  3
  -0.40876   0.13268  -0.18147  -0.94498   3.10000  4
  -0.37798   0.57268   1.32239  -0.30816   3.10000  5
  -0.29970   0.19978  -0.69954   0.82258   3.10000  6
  -0.52910   0.36585  -0.05539   0.46898   3.10000  7
  -0.16837  -0.27364  -0.24664   0.43525   3.10000  8
  -0.67794   0.77987  -0.19836  -0.23439   3.10000  9
  -0.37308   0.19500  -0.58783   0.15373   3.10000 10
  -0.03633   0.89595  -0.44281   0.62197   3.20000  1
  -0.29368   0.34521   0.82302  -0.46984   3.20000  2
  -0.33684   0.12232   0.02715  -0.59690   3.20000  3
  -0.42167   0.04982  -0.08234  -0.71345   3.20000  4
  -0.24821   0.53307   1.26083  -0.47966   3.20000  5
  -0.37656   0.28276  -0.80441   0.82174   3.20000  6
  -0.52465   0.40861   0.13805   0.37874   3.20000  7
  -0.19530  -0.22462  -0.29451   0.54852   3.20000  8
  -0.69389   0.75180  -0.12101  -0.32584   3.20000  9
  -0.42848   0.21358  -0.50397   0.21472   3.20000 10
  -0.08288   0.95440  -0.48541   0.54743   3.30000  1
  -0.21933   0.29599   0.66598  -0.50107   3.30000  2
  -0.33839   0.06919  -0.05047  -0.47596   3.30000  3
  -0.42567  -0.01178   0.00341  -0.52761   3.30000  4
  -0.12797   0.47840   1.13777  -0.60368   3.30000  5
  -0.45556   0.36229  -0.76812   0.76445   3.30000  6
  -0.50312   0.44041   0.28184   0.25269   3.30000  7
  -0.22787  -0.16308  -0.36062   0.68725   3.30000  8
  -0.70206   0.71474  -0.04123  -0.41585   3.30000  9
  -0.47276   0.23793  -0.38316   0.27235   3.30000 10
  -0.13297   1.00566  -0.51491   0.47916   3.40000  1
  -0.15924   0.24600   0.54122  -0.49818   3.40000  2
  -0.34539   0.02512  -0.08221  -0.41402   3.40000  3
  -0.42045  -0.05698   0.10434  -0.37893   3.40000  4
  -0.02100   0.41388   1.00225  -0.68170   3.40000  5
  -0.52915   0.43573  -0.69525   0.70390   3.40000  6
  -0.47151   0.45897   0.32927   0.12320   3.40000  7
  -0.26831  -0.08628  -0.45291   0.85099   3.40000  8
  -0.70176   0.66838   0.05000  -0.51337   3.40000  9
  -0.50582   0.26801  -0.28180   0.32893   3.40000 10
  -0.18566   1.05046  -0.53808   0.41788   3.50000  1
  -0.11046   0.19625   0.43555  -0.49686   3.50000  2
  -0.35351  -0.01431  -0.07736  -0.36803   3.50000  3
  -0.40454  -0.08699   0.20999  -0.21480   3.50000  4
   0.07270   0.34282   0.87296  -0.73627   3.50000  5
  -0.59376   0.50281  -0.59954   0.63830   3.50000  6
  -0.44056   0.46646   0.28076   0.03147   3.50000  7
  -0.31878   0.00583  -0.54936   0.97173   3.50000  8
  -0.69133   0.61154   0.16329  -0.62628   3.50000  9
  -0.52971   0.30363  -0.19822   0.38287   3.50000 10
  -0.24046   1.08938  -0.55742   0.36096   3.60000  1
  -0.07207   0.14694   0.33327  -0.48666   3.60000  2
  -0.36128  -0.04620  -0.07992  -0.26475   3.60000  3
  -0.38016  -0.09908   0.26846  -0.02810   3.60000  4
   0.15385   0.26728   0.75179  -0.77125   3.60000  5
  -0.65005   0.56333  -0.52567   0.56358   3.60000  6
  -0.41624   0.46562   0.20247  -0.04841   3.60000  7
  -0.37514   0.10363  -0.56515   0.97512   3.60000  8
  -0.66824   0.54311   0.29779  -0.73358   3.60000  9
  -0.54581   0.34446  -0.12562   0.43310   3.60000 10
  -0.29703   1.12274  -0.57353   0.30670   3.70000  1
  -0.04336   0.09934   0.24336  -0.46444   3.70000  2
  -0.36904  -0.06755  -0.07040  -0.16420   3.70000  3
  -0.35237  -0.09365   0.28116   0.12992   3.70000  4
   0.22347   0.18915   0.64281  -0.78881   3.70000  5
  -0.69756   0.61306  -0.41969   0.42698   3.70000  6
  -0.40072   0.45654   0.10398  -0.13459   3.70000  7
  -0.43098   0.20163  -0.55319   0.99434   3.70000  8
  -0.63275   0.46723   0.41125  -0.77936   3.70000  9
  -0.55525   0.38998  -0.06575   0.47347   3.70000 10
  -0.35507   1.15078  -0.58681   0.25414   3.80000  1
  -0.02301   0.05407   0.16475  -0.44119   3.80000  2
  -0.37426  -0.07907  -0.02907  -0.06482   3.80000  3
  -0.32496  -0.07455   0.26321   0.24493   3.80000  4
   0.28287   0.10992   0.54728  -0.79413   3.80000  5
  -0.73398   0.64943  -0.31012   0.30503   3.80000  6
  -0.39639   0.43839  -0.02300  -0.22866   3.80000  7
  -0.48648   0.30481  -0.56004   1.07882   3.80000  8
  -0.58510   0.38769   0.54453  -0.80202   3.80000  9
  -0.55923   0.43701  -0.01071   0.44791   3.80000 10
  -0.41432   1.17359  -0.59786   0.20222   3.90000  1
  -0.01036   0.01107   0.08781  -0.41867   3.90000  2
  -0.37419  -0.08015   0.03224   0.04515   3.90000  3
  -0.30022  -0.04587   0.23001   0.32390   3.90000  4
   0.33333   0.03060   0.46377  -0.79118   3.90000  5
  -0.75979   0.67479  -0.20640   0.20466   3.90000  6
  -0.40649   0.41148  -0.18115  -0.30190   3.90000  7
  -0.54241   0.41635  -0.54446   1.12999   3.90000  8
  -0.52479   0.31052   0.64771  -0.72238   3.90000  9
  -0.55636   0.47611   0.06832   0.32821   3.90000 10
  -0.47459   1.19119  -0.60715   0.14949   4.00000  1
  -0.00562  -0.02950   0.00594  -0.39106   4.00000  2
  -0.36766  -0.06965   0.09843   0.16665   4.00000  3
  -0.27917  -0.01050   0.18975   0.38081   4.00000  4
   0.37597  -0.04811   0.39076  -0.78222   4.00000  5
  -0.77518   0.69070  -0.10037   0.11475   4.00000  6
  -0.43142   0.37963  -0.30427  -0.33072   4.00000  7
  -0.59294   0.52714  -0.46460   1.07710   4.00000  8
  -0.45797   0.24401   0.68381  -0.61642   4.00000  9
  -0.54702   0.50358   0.10770   0.23163   4.00000 10
  -0.53570   1.20341  -0.61473   0.09429   4.10000  1
  -0.00937  -0.06671  -0.08146  -0.35060   4.10000  2
  -0.35457  -0.04641   0.16295   0.30046   4.10000  3
  -0.26271   0.02989   0.13606   0.42545   4.10000  4
   0.41180  -0.12570   0.32734  -0.76881   4.10000  5
  -0.77947   0.69799   0.01718   0.03319   4.10000  6
  -0.46418   0.34568  -0.33640  -0.34675   4.10000  7
  -0.63620   0.63098  -0.40837   1.00021   4.10000  8
  -0.38867   0.18507   0.70021  -0.57439   4.10000  9
  -0.53654   0.52428   0.09721   0.18695   4.10000 10
  -0.59746   1.20991  -0.62020   0.03480   4.20000  1
  -0.02199  -0.09901  -0.17104  -0.29197   4.20000  2
  -0.33511  -0.00910   0.22668   0.44740   4.20000  3
  -0.25283   0.07425   0.05750   0.45797   4.20000  4
   0.44174  -0.20178   0.27295  -0.75235   4.20000  5
  -0.77128   0.69823   0.14674  -0.02076   4.20000  6
  -0.49649   0.31062  -0.30220  -0.35295   4.20000  7
  -0.67621   0.72738  -0.39683   0.92613   4.20000  8
  -0.31794   0.12672   0.71463  -0.60105   4.20000  9
  -0.52803   0.54125   0.07176   0.15279   4.20000 10
  -0.65964   1.21016  -0.62281  -0.03105   4.30000  1
  -0.04354  -0.12441  -0.25967  -0.21232   4.30000  2
  -0.30886   0.04276   0.30120   0.58124   4.30000  3
  -0.25128   0.11953  -0.02027   0.43129   4.30000  4
   0.46667  -0.27611   0.22687  -0.73418   4.30000  5
  -0.75087   0.69569   0.25430  -0.02294   4.30000  6
  -0.52351   0.27532  -0.23377  -0.35199   4.30000  7
  -0.71557   0.81549  -0.38607   0.83382   4.30000  8
  -0.24665   0.06517   0.69874  -0.61434   4.30000  9
  -0.52235   0.55489   0.04148   0.12046   4.30000 10
  -0.72189   1.20341  -0.62137  -0.10554   4.40000  1
  -0.07379  -0.14065  -0.34383  -0.10799   4.40000  2
  -0.27511   0.10417   0.36573   0.63287   4.40000  3
  -0.25545   0.15841  -0.05886   0.34517   4.40000  4
   0.48736  -0.34859   0.18809  -0.71539   4.40000  5
  -0.72174   0.69406   0.32392  -0.01142   4.40000  6
  -0.54254   0.24053  -0.14409  -0.34158   4.40000  7
  -0.75256   0.89457  -0.35115   0.75321   4.40000  8
  -0.18011   0.00713   0.63161  -0.54050   4.40000  9
  -0.51978   0.56544   0.00995   0.09116   4.40000 10
  -0.78370   1.18868  -0.61344  -0.19116   4.50000  1
  -0.11166  -0.14512  -0.40720   0.02203   4.50000  2
  -0.23809   0.16757   0.36204   0.62896   4.50000  3
  -0.26237   0.18923  -0.07550   0.27680   4.50000  4
   0.50449  -0.41919   0.15557  -0.69672   4.50000  5
  -0.68658   0.69276   0.37826  -0.01826   4.50000  6
  -0.55196   0.20751  -0.04337  -0.31636   4.50000  7
  -0.78566   0.96740  -0.31154   0.70998   4.50000  8
  -0.11977  -0.04364   0.57567  -0.48205   4.50000  9
  -0.52032   0.57329  -0.02047   0.06680   4.50000 10
  -0.84416   1.16478  -0.59248  -0.28786   4.60000  1
  -0.15317  -0.13631  -0.41239   0.14921   4.60000  2
  -0.20488   0.22888   0.29428   0.59281   4.60000  3
  -0.26977   0.21505  -0.07004   0.24537   4.60000  4
   0.51864  -0.48795   0.12826  -0.67857   4.60000  5
  -0.64618   0.68962   0.42942  -0.04872   4.60000  6
  -0.55119   0.17772   0.05827  -0.27762   4.60000  7
  -0.81525   1.03777  -0.28355   0.70219   4.60000  8
  -0.06589  -0.09011   0.49565  -0.44676   4.60000  9
  -0.52376   0.57905  -0.04741   0.04996   4.60000 10
  -0.90122   1.13146  -0.54281  -0.37083   4.70000  1
  -0.19287  -0.11661  -0.38040   0.23984   4.70000  2
  -0.18024   0.28553   0.19572   0.53855   4.70000  3
  -0.27620   0.23917  -0.05901   0.23988   4.70000  4
   0.53029  -0.55493   0.10519  -0.66119   4.70000  5
  -0.60076   0.68217   0.47802  -0.10445   4.70000  6
  -0.54041   0.15227   0.15670  -0.23031   4.70000  7
  -0.84339   1.10813  -0.28548   0.70022   4.70000  8
  -0.02127  -0.13233   0.39790  -0.39512   4.70000  9
  -0.52953   0.58363  -0.06581   0.04341   4.70000 10
  -0.95192   1.09314  -0.47104  -0.38458   4.80000  1
  -0.22963  -0.08883  -0.35775   0.31521   4.80000  2
  -0.16602   0.33645   0.08789   0.47975   4.80000  3
  -0.28183   0.26335  -0.05502   0.24472   4.80000  4
   0.53980  -0.62022   0.08558  -0.64469   4.80000  5
  -0.55096   0.66789   0.51462  -0.18467   4.80000  6
  -0.51995   0.13182   0.25218  -0.17804   4.80000  7
  -0.87322   1.17583  -0.31159   0.64484   4.80000  8
   0.01434  -0.16900   0.31800  -0.33872   4.80000  9
  -0.53622   0.58806  -0.06287   0.04618   4.80000 10
  -0.99594   1.05564  -0.41232  -0.36410   4.90000  1
  -0.26504  -0.05342  -0.35349   0.39478   4.90000  2
  -0.16278   0.38150  -0.02372   0.42164   4.90000  3
  -0.28751   0.28822  -0.06007   0.25308   4.90000  4
   0.54750  -0.68390   0.06886  -0.62914   4.90000  5
  -0.49881   0.64481   0.52305  -0.27741   4.90000  6
  -0.49002   0.11675   0.34650  -0.12297   4.90000  7
  -0.90528   1.23642  -0.32710   0.56764   4.90000  8
   0.04298  -0.20028   0.25749  -0.28801   4.90000  9
  -0.54072   0.59273  -0.01920   0.04448   4.90000 10
  -1.03484   1.02021  -0.36726  -0.34567   5.00000  1
  -0.30092  -0.00939  -0.36703   0.48876   5.00000  2
  -0.17094   0.42082  -0.14089   0.36489   5.00000  3
  -0.29408   0.31407  -0.07241   0.26469   5.00000  4
   0.55365  -0.74608   0.05461  -0.61458   5.00000  5
  -0.44724   0.61260   0.50618  -0.36576   5.00000  6
  -0.45063   0.10725   0.44132  -0.06705   5.00000  7
  -0.93827   1.28978  -0.33148   0.50197   5.00000  8
   0.06629  -0.22683   0.21047  -0.24408   5.00000  9
  -0.53862   0.59606   0.06649   0.01682   5.00000 10
  -1.06964   0.98629  -0.32976  -0.33360   5.10000  1
  -0.33887   0.04506  -0.39186   0.60360   5.10000  2
  -0.19132   0.45449  -0.26901   0.30820   5.10000  3
  -0.30216   0.34141  -0.08966   0.28399   5.10000  4
   0.55849  -0.80685   0.04248  -0.60101   5.10000  5
  -0.39749   0.57171   0.49119  -0.45298   5.10000  6
  -0.40185   0.10333   0.53159  -0.01052   5.10000  7
  -0.97140   1.33727  -0.33063   0.44994   5.10000  8
   0.08537  -0.24928   0.17239  -0.20557   5.10000  9
  -0.52674   0.59504   0.17326  -0.04204   5.10000 10
  -1.10093   0.95332  -0.29662  -0.32643   5.20000  1
  -0.37812   0.11145  -0.38022   0.72074   5.20000  2
  -0.22535   0.48230  -0.41482   0.24581   5.20000  3
  -0.31210   0.37144  -0.10929   0.32034   5.20000  4
   0.56221  -0.86632   0.03218  -0.58844   5.20000  5
  -0.34828   0.52152   0.49613  -0.55327   5.20000  6
  -0.34598   0.10593   0.57090   0.07104   5.20000  7
  -1.00432   1.38012  -0.32746   0.40851   5.20000  8
   0.10096  -0.26807   0.14021  -0.17071   5.20000  9
  -0.50369   0.58677   0.28900  -0.12760   5.20000 10
  -1.12906   0.92089  -0.26622  -0.32275   5.30000  1
  -0.41232   0.18847  -0.29623   0.82042   5.30000  2
  -0.27443   0.50251  -0.56035   0.14799   5.30000  3
  -0.32382   0.40619  -0.12201   0.37459   5.30000  4
   0.56498  -0.92457   0.02347  -0.57682   5.30000  5
  -0.29853   0.46123   0.48635  -0.64352   5.30000  6
  -0.29053   0.11939   0.53047   0.20336   5.30000  7
  -1.03686   1.41924  -0.32329   0.37497   5.30000  8
   0.11355  -0.28348   0.11206  -0.13778   5.30000  9
  -0.46858   0.56862   0.41576  -0.24046   5.30000 10
  -1.15423   0.88869  -0.23734  -0.32168   5.40000  1
  -0.43643   0.27639  -0.18042   0.94239   5.40000  2
  -0.33481   0.50989  -0.63383  -0.00350   5.40000  3
  -0.33583   0.44496  -0.11945   0.38917   5.40000  4
   0.56695  -0.98171   0.01613  -0.56616   5.40000  5
  -0.25534   0.39605   0.35994  -0.64503   5.40000  6
  -0.24043   0.14700   0.47022   0.34992   5.40000  7
  -1.06896   1.45531  -0.31870   0.34730   5.40000  8
   0.12347  -0.29564   0.08694  -0.10547   5.40000  9
  -0.42001   0.53754   0.55651  -0.38694   5.40000 10
  -1.17654   0.85649  -0.20895  -0.32260   5.50000  1
  -0.44702   0.37735  -0.02389   1.07427   5.50000  2
  -0.39803   0.50203  -0.60854  -0.15185   5.50000  3
  -0.34911   0.48190  -0.15185   0.33695   5.50000  4
   0.56824  -1.03784   0.00996  -0.55643   5.50000  5
  -0.22753   0.33386   0.20049  -0.59442   5.50000  6
  -0.19689   0.18962   0.39720   0.50380   5.50000  7
  -1.10060   1.48885  -0.31396   0.32405   5.50000  8
   0.13102  -0.30457   0.06427  -0.07306   5.50000  9
  -0.35914   0.49079   0.63527  -0.54068   5.50000 10
  -1.19600   0.82412  -0.18021  -0.32484   5.60000  1
  -0.44024   0.48861   0.15355   1.12111   5.60000  2
  -0.45254   0.48077  -0.46919  -0.25512   5.60000  3
  -0.36612   0.50939  -0.18568   0.20501   5.60000  4
   0.56897  -1.09303   0.00480  -0.54764   5.60000  5
  -0.21323   0.27790   0.09816  -0.51776   5.60000  6
  -0.16214   0.24766   0.28957   0.65074   5.60000  7
  -1.13175   1.52023  -0.30918   0.30418   5.60000  8
   0.13639  -0.31025   0.04338  -0.04038   5.60000  9
  -0.29895   0.43307   0.55481  -0.59531   5.60000 10
  -1.21257   0.79150  -0.15099  -0.32750   5.70000  1
  -0.41954   0.59477   0.24457   0.98246   5.70000  2
  -0.49060   0.45558  -0.29223  -0.23569   5.70000  3
  -0.38573   0.52384  -0.20163   0.09498   5.70000  4
   0.56923  -1.14739   0.00048  -0.53974   5.70000  5
  -0.20579   0.23269   0.05594  -0.37584   5.70000  6
  -0.14061   0.31709   0.13569   0.72208   5.70000  7
  -1.16243   1.54977  -0.30435   0.28701   5.70000  8
   0.13972  -0.31264   0.02331  -0.00742   5.70000  9
  -0.24729   0.37327   0.48921  -0.60033   5.70000 10
  -1.22620   0.75863  -0.12175  -0.32997   5.80000  1
  -0.39353   0.68422   0.26878   0.80951   5.80000  2
  -0.51181   0.43429  -0.13638  -0.18957   5.80000  3
  -0.40523   0.53014  -0.18352   0.03508   5.80000  4
   0.56909  -1.20101  -0.00316  -0.53270   5.80000  5
  -0.20164   0.20355   0.02894  -0.20788   5.80000  6
  -0.13520   0.38904  -0.02309   0.70243   5.80000  7
  -1.19262   1.57771  -0.29950   0.27210   5.80000  8
   0.14104  -0.31171   0.00307   0.02610   5.80000  9
  -0.19951   0.31361   0.46661  -0.58509   5.80000 10
  -1.23693   0.72552  -0.09290  -0.33203   5.90000  1
  -0.36650   0.75771   0.27028   0.66521   5.90000  2
  -0.51862   0.41773  -0.00288  -0.14109   5.90000  3
  -0.42183   0.53104  -0.14682  -0.01733   5.90000  4
   0.56862  -1.25396  -0.00622  -0.52646   5.90000  5
  -0.19942   0.19042   0.01947  -0.05991   5.90000  6
  -0.14364   0.45576  -0.13904   0.63029   5.90000  7
  -1.22233   1.60426  -0.29467   0.25912   5.90000  8
   0.14030  -0.30738  -0.01808   0.06091   5.90000  9
  -0.15526   0.25738   0.41086  -0.53870   5.90000 10
  -1.24480   0.69223  -0.06458  -0.33369   6.00000  1
  -0.33962   0.81809   0.26708   0.54564   6.00000  2
  -0.51288   0.40620   0.11560  -0.08867   6.00000  3
  -0.43434   0.52659  -0.10232  -0.07219   6.00000  4
   0.56786  -1.30632  -0.00880  -0.52094   6.00000  5
  -0.19692   0.19024   0.03358   0.04874   6.00000  6
  -0.16229   0.51551  -0.23219   0.56721   6.00000  7
  -1.25156   1.62959  -0.28993   0.24780   6.00000  8
   0.13738  -0.29946  -0.04061   0.09796   6.00000  9
  -0.11844   0.20580   0.32217  -0.49186   6.00000 10
  -1.24986   0.65880  -0.03677  -0.33495   6.10000  1
  -0.31310   0.86730   0.26306   0.44017   6.10000  2
  -0.49586   0.40019   0.22294  -0.03055   6.10000  3
  -0.44210   0.51657  -0.05173  -0.12807   6.10000  4
   0.56687  -1.35817  -0.01097  -0.51608   6.10000  5
  -0.19244   0.19866   0.05539   0.11306   6.10000  6
  -0.18987   0.56953  -0.31849   0.51409   6.10000  7
  -1.28032   1.65386  -0.28533   0.23792   6.10000  8
   0.13212  -0.28767  -0.06493   0.13837   6.10000  9
  -0.09104   0.15941   0.22684  -0.43396   6.10000 10
  -1.25217   0.62526  -0.00941  -0.33574   6.20000  1
  -0.28707   0.90634   0.25715   0.34121   6.20000  2
  -0.46868   0.40030   0.31846   0.03370   6.20000  3
  -0.44445   0.50106   0.00608  -0.18126   6.20000  4
   0.56568  -1.40956  -0.01280  -0.51183   6.20000  5
  -0.18625   0.21188   0.06572   0.14807   6.20000  6
  -0.22572   0.61835  -0.39635   0.46155   6.20000  7
  -1.30863   1.67722  -0.28092   0.22927   6.20000  8
   0.12432  -0.27163  -0.09166   0.18329   6.20000  9
  -0.07265   0.11927   0.14373  -0.36826   6.20000 10
  -1.25176   0.59167   0.01757  -0.33601   6.30000  1
  -0.26185   0.93562   0.24592   0.24480   6.30000  2
  -0.43279   0.40701   0.39527   0.09982   6.30000  3
  -0.44055   0.48060   0.07407  -0.22577   6.30000  4
   0.56432  -1.46055  -0.01434  -0.50812   6.30000  5
  -0.17993   0.22787   0.05758   0.17077   6.30000  6
  -0.26854   0.66163  -0.45589   0.40271   6.30000  7
  -1.33651   1.69975  -0.27671   0.22169   6.30000  8
   0.11368  -0.25082  -0.12161   0.23399   6.30000  9
  -0.06170   0.08571   0.07814  -0.30386   6.30000 10
  -1.24866   0.55808   0.04427  -0.33567   6.40000  1
  -0.23818   0.95538   0.22577   0.15100   6.40000  2
  -0.39065   0.41985   0.44156   0.15300   6.40000  3
  -0.42913   0.45653   0.15695  -0.25151   6.40000  4
   0.56282  -1.51120  -0.01563  -0.50492   6.40000  5
  -0.17534   0.24598   0.03133   0.19189   6.40000  6
  -0.31586   0.69859  -0.48453   0.33516   6.40000  7
  -1.36398   1.72158  -0.27273   0.21500   6.40000  8
   0.09985  -0.22459  -0.15595   0.29191   6.40000  9
  -0.05647   0.05828   0.02895  -0.24586   6.40000 10
  -1.24291   0.52456   0.07075  -0.33464   6.50000  1
  -0.21701   0.96600   0.19625   0.06255   6.50000  2
  -0.34566   0.43643   0.45299   0.17148   6.50000  3
  -0.40864   0.43125   0.25481  -0.24931   6.50000  4
   0.56120  -1.56155  -0.01671  -0.50216   6.50000  5
  -0.17419   0.26642  -0.01078   0.21817   6.50000  6
  -0.36420   0.72848  -0.47640   0.26236   6.50000  7
  -1.39107   1.74278  -0.26898   0.20908   6.50000  8
   0.08230  -0.19214  -0.19628   0.35874   6.50000  9
  -0.05542   0.03625  -0.00565  -0.19628   6.50000 10
  -1.23452   0.49118   0.09712  -0.33285   6.60000  1
  -0.19913   0.96812   0.16083  -0.01909   6.60000  2
  -0.30081   0.45267   0.44162   0.14632   6.60000  3
  -0.37795   0.40741   0.35943  -0.22515   6.60000  4
   0.55949  -1.61165  -0.01761  -0.49981   6.60000  5
  -0.17795   0.28996  -0.06645   0.25461   6.60000  6
  -0.41012   0.75113  -0.43804   0.19152   6.60000  7
  -1.41779   1.76342  -0.26546   0.20381   6.60000  8
   0.06031  -0.15249  -0.24504   0.43637   6.60000  9
  -0.05714   0.01872  -0.02640  -0.15574   6.60000 10
  -1.22349   0.45801   0.12348  -0.33023   6.70000  1
  -0.18490   0.96236   0.12371  -0.09548   6.70000  2
  -0.25764   0.46442   0.42073   0.08303   6.70000  3
  -0.33669   0.38644   0.46613  -0.19406   6.70000  4
   0.55769  -1.66153  -0.01836  -0.49781   6.70000  5
  -0.18784   0.31780  -0.13282   0.30455   6.70000  6
  -0.45123   0.76703  -0.38239   0.12783   6.70000  7
  -1.44417   1.78356  -0.26215   0.19909   6.70000  8
   0.03290  -0.10447  -0.30548   0.52571   6.70000  9
  -0.06022   0.00485  -0.03284  -0.12265   6.70000 10
  -1.20982   0.42516   0.14999  -0.32672   6.80000  1
  -0.17436   0.94910   0.08752  -0.16974   6.80000  2
  -0.21692   0.46826   0.39168  -0.01057   6.80000  3
  -0.28469   0.36862   0.57257  -0.16140   6.80000  4
   0.55582  -1.71122  -0.01899  -0.49612   6.80000  5
  -0.20455   0.35122  -0.19870   0.36361   6.80000  6
  -0.48638   0.77696  -0.31998   0.07200   6.80000  7
  -1.47023   1.80326  -0.25908   0.19486   6.80000  8
  -0.00124  -0.04713  -0.37888   0.62040   6.80000  9
  -0.06325  -0.00574  -0.02613  -0.08631   6.80000 10
  -1.19348   0.39270   0.17691  -0.32227   6.90000  1
  -0.16733   0.92838   0.05329  -0.24508   6.90000  2
  -0.17996   0.46173   0.34311  -0.12060   6.90000  3
  -0.22326   0.35481   0.64438  -0.10940   6.90000  4
   0.55389  -1.76076  -0.01950  -0.49470   6.90000  5
  -0.22592   0.38972  -0.21283   0.39753   6.90000  6
  -0.51519   0.78162  -0.25610   0.02185   6.90000  7
  -1.49599   1.82255  -0.25622   0.19104   6.90000  8
  -0.04283   0.01890  -0.44974   0.69402   6.90000  9
  -0.06555  -0.01116  -0.02330  -0.01239   6.90000 10
  -1.17441   0.36074   0.20457  -0.31677   7.00000  1
  -0.16363   0.89995   0.02102  -0.32444   7.00000  2
  -0.14910   0.44452   0.27195  -0.22011   7.00000  3
  -0.15854   0.34733   0.63898  -0.04192   7.00000  4
   0.55192  -1.81017  -0.01993  -0.49350   7.00000  5
  -0.24370   0.42875  -0.13120   0.37531   7.00000  6
  -0.53760   0.78142  -0.19210  -0.02559   7.00000  7
  -1.52148   1.84148  -0.25358   0.18759   7.00000  8
  -0.09010   0.09078  -0.49000   0.74402   7.00000  9
  -0.06896  -0.00632  -0.04971   0.11540   7.00000 10
  -1.15252   0.32939   0.23337  -0.31007   7.10000  1
  -0.16308   0.86325  -0.00988  -0.41106   7.10000  2
  -0.12539   0.41845   0.20539  -0.29823   7.10000  3
  -0.09719   0.34540   0.57884  -0.00266   7.10000  4
   0.54991  -1.85946  -0.02028  -0.49248   7.10000  5
  -0.25131   0.46370  -0.02153   0.31992   7.10000  6
  -0.55358   0.77650  -0.12715  -0.07289   7.10000  7
  -1.54671   1.86008  -0.25115   0.18447   7.10000  8
  -0.13974   0.16872  -0.49631   0.82230   7.10000  9
  -0.07599   0.01245  -0.09129   0.26070   7.10000 10
  -1.12768   0.29877   0.26375  -0.30200   7.20000  1
  -0.16559   0.81735  -0.04029  -0.50942   7.20000  2
  -0.10740   0.38543   0.15580  -0.35841   7.20000  3
  -0.04499   0.34594   0.45407   0.01192   7.20000  4
   0.54786  -1.90867  -0.02057  -0.49162   7.20000  5
  -0.24849   0.49219   0.07448   0.24773   7.20000  6
  -0.56294   0.76678  -0.05945  -0.12209   7.20000  7
  -1.57171   1.87838  -0.24891   0.18164   7.20000  8
  -0.18758   0.25642  -0.44982   0.93350   7.20000  9
  -0.08708   0.04589  -0.12906   0.40874   7.20000 10
  -1.09971   0.26905   0.29611  -0.29217   7.30000  1
  -0.17117   0.76073  -0.07158  -0.62697   7.30000  2
  -0.09456   0.34837   0.09943  -0.37018   7.30000  3
  -0.00790   0.34784   0.28405   0.02620   7.30000  4
   0.54579  -1.95779  -0.02081  -0.49090   7.30000  5
  -0.23712   0.51287   0.14913   0.16439   7.30000  6
  -0.56529   0.75195   0.01363  -0.17534   7.30000  7
  -1.59650   1.89641  -0.24686   0.17909   7.30000  8
  -0.22776   0.35458  -0.34802   1.02092   7.30000  9
  -0.10141   0.09446  -0.15508   0.56495   7.30000 10
  -1.06839   0.24041   0.33070  -0.28010   7.40000  1
  -0.18002   0.69090  -0.10658  -0.77637   7.40000  2
  -0.08717   0.31379   0.05163  -0.31451   7.40000  3
   0.01156   0.35103   0.10451   0.03671   7.40000  4
   0.54370  -2.00685  -0.02101  -0.49028   7.40000  5
  -0.21964   0.52500   0.19372   0.08107   7.40000  6
  -0.55990   0.73149   0.09624  -0.23522   7.40000  7
  -1.62109   1.91420  -0.24498   0.17678   7.40000  8
  -0.25713   0.45901  -0.24064   1.06259   7.40000  9
  -0.11752   0.15950  -0.16360   0.73933   7.40000 10
  -1.03349   0.21312   0.36756  -0.26534   7.50000  1
  -0.19289   0.60423  -0.15377  -0.95677   7.50000  2
  -0.08399   0.28627   0.00981  -0.22969   7.50000  3
   0.01285   0.35505  -0.08009   0.04383   7.50000  4
   0.54159  -2.05585  -0.02117  -0.48975   7.50000  5
  -0.19995   0.53065   0.19347   0.04178   7.50000  6
  -0.54549   0.70463   0.19538  -0.30322   7.50000  7
  -1.64550   1.93178  -0.24326   0.17470   7.50000  8
  -0.27561   0.56575  -0.12564   1.05788   7.50000  9
  -0.13313   0.24285  -0.14229   0.92658   7.50000 10
  -0.99479   0.18744   0.40682  -0.24771   7.60000  1
  -0.20984   0.50309  -0.16708  -1.04255   7.60000  2
  -0.08582   0.27047  -0.04741  -0.07052   7.60000  3
  -0.00497   0.36016  -0.27935   0.06215   7.60000  4
   0.53947  -2.10480  -0.02131  -0.48930   7.60000  5
  -0.18183   0.53322   0.16549  -0.00470   7.60000  6
  -0.52000   0.67077   0.31861  -0.37313   7.60000  7
  -1.66975   1.94915  -0.24167   0.17282   7.60000  8
  -0.28302   0.66580  -0.03646   0.92402   7.60000  9
  -0.14506   0.34319  -0.09764   1.06891   7.60000 10
  -0.95203   0.16367   0.44901  -0.22726   7.70000  1
  -0.22234   0.39885  -0.06838  -1.02104   7.70000  2
  -0.09349   0.27400  -0.10800   0.14378   7.70000  3
  -0.04336   0.36858  -0.48735   0.11194   7.70000  4
   0.53733  -2.15371  -0.02144  -0.48890   7.70000  5
  -0.16704   0.52662   0.13157  -0.13564   7.70000  6
  -0.48111   0.63041   0.46133  -0.43153   7.70000  7
  -1.69384   1.96635  -0.24020   0.17114   7.70000  8
  -0.28517   0.74954  -0.01188   0.75104   7.70000  9
  -0.15456   0.45417  -0.10467   1.12646   7.70000 10
  -0.90486   0.14208   0.49502  -0.20410   7.80000  1
  -0.22302   0.30289   0.05134  -0.88717   7.80000  2
  -0.10840   0.29893  -0.19702   0.34904   7.80000  3
  -0.10137   0.38294  -0.66267   0.17291   7.80000  4
   0.53518  -2.20258  -0.02155  -0.48854   7.80000  5
  -0.15556   0.50682   0.09489  -0.24658   7.80000  6
  -0.42741   0.58482   0.61464  -0.47929   7.80000  7
  -1.71779   1.98339  -0.23883   0.16964   7.80000  8
  -0.28561   0.81616   0.00432   0.58264   7.80000  9
  -0.16676   0.56303  -0.14014   1.03146   7.80000 10
  -0.85286   0.12294   0.54593  -0.17806   7.90000  1
  -0.21365   0.22361   0.12322  -0.69027   7.90000  2
  -0.13388   0.34195  -0.31395   0.50222   7.90000  3
  -0.17278   0.40257  -0.74603   0.21863   7.90000  4
   0.53302  -2.25142  -0.02165  -0.48822   7.90000  5
  -0.14913   0.47888   0.02564  -0.31225   7.90000  6
  -0.35764   0.53473   0.78343  -0.52205   7.90000  7
  -1.74161   2.00028  -0.23754   0.16827   7.90000  8
  -0.28396   0.86636   0.03026   0.42289   7.90000  9
  -0.18312   0.65858  -0.18934   0.87883   7.90000 10
  -0.79548   0.10660   0.60290  -0.14797   8.00000  1
  -0.20079   0.16502   0.12579  -0.48530   8.00000  2
  -0.17111   0.39832  -0.42888   0.61954   8.00000  3
  -0.24679   0.42679  -0.71499   0.26534   8.00000  4
   0.53085  -2.30023  -0.02174  -0.48793   8.00000  5
  -0.15260   0.44475  -0.10575  -0.36208   8.00000  6
  -0.27064   0.47987   0.94974  -0.58020   8.00000  7
  -1.76530   2.01704  -0.23631   0.16703   8.00000  8
  -0.27933   0.90098   0.06292   0.27018   8.00000  9
  -0.20443   0.73933  -0.23368   0.74138   8.00000 10
  -0.73206   0.09356   0.66659  -0.11140   8.10000  1
  -0.18935   0.12552   0.10119  -0.30941   8.10000  2
  -0.21807   0.46281  -0.49236   0.64326   8.10000  3
  -0.31108   0.45416  -0.55537   0.27224   8.10000  4
   0.52868  -2.34901  -0.02182  -0.48767   8.10000  5
  -0.17129   0.40936  -0.26029  -0.33196   8.10000  6
  -0.17288   0.41964   0.96398  -0.60553   8.10000  7
  -1.78887   2.03369  -0.23512   0.16588   8.10000  8
  -0.27140   0.92047   0.09466   0.11966   8.10000  9
  -0.22928   0.80829  -0.26144   0.64493   8.10000 10
