  -0.47309  -0.70129   0.00821  -0.01233   0.10000  1
  -0.52300   1.22690   0.00025  -0.00257   0.10000  2
  -0.37958  -1.23207   0.00129   0.00923   0.10000  3
   1.24697   0.34335  -0.00400   0.00137   0.10000  4
   0.51277  -0.85170  -0.00299  -0.00064   0.10000  5
  -0.37075  -0.84919  -0.00507   0.00375   0.10000  6
   0.38338  -1.75423  -0.00125   0.00242   0.10000  7
   0.79182   0.56395   0.00231  -0.00205   0.10000  8
  -0.28824   0.51634  -0.00064   0.00067   0.10000  9
  -1.24866   0.52169   0.00190   0.00014   0.10000 10
  -0.47186  -0.70314   0.01644  -0.02474   0.20000  1
  -0.52296   1.22652   0.00050  -0.00515   0.20000  2
  -0.37939  -1.23069   0.00258   0.01851   0.20000  3
   1.24637   0.34356  -0.00801   0.00275   0.20000  4
   0.51232  -0.85179  -0.00599  -0.00128   0.20000  5
  -0.37151  -0.84862  -0.01016   0.00754   0.20000  6
   0.38319  -1.75387  -0.00250   0.00485   0.20000  7
   0.79216   0.56364   0.00463  -0.00411   0.20000  8
  -0.28833   0.51644  -0.00129   0.00135   0.20000  9
  -1.24837   0.52171   0.00380   0.00029   0.20000 10
  -0.46980  -0.70624   0.02474  -0.03731   0.30000  1
  -0.52290   1.22587   0.00076  -0.00772   0.30000  2
  -0.37906  -1.22837   0.00384   0.02785   0.30000  3
   1.24537   0.34390  -0.01204   0.00414   0.30000  4
   0.51157  -0.85195  -0.00899  -0.00192   0.30000  5
  -0.37278  -0.84768  -0.01528   0.01141   0.30000  6
   0.38288  -1.75326  -0.00375   0.00727   0.30000  7
   0.79274   0.56313   0.00697  -0.00617   0.30000  8
  -0.28849   0.51661  -0.00194   0.00203   0.30000  9
  -1.24790   0.52174   0.00570   0.00043   0.30000 10
  -0.46691  -0.71061   0.03311  -0.05013   0.40000  1
  -0.52281   1.22497   0.00101  -0.01031   0.40000  2
  -0.37862  -1.22511   0.00507   0.03732   0.40000  3
   1.24396   0.34439  -0.01609   0.00553   0.40000  4
   0.51052  -0.85218  -0.01201  -0.00257   0.40000  5
  -0.37456  -0.84634  -0.02043   0.01541   0.40000  6
   0.38244  -1.75241  -0.00500   0.00971   0.40000  7
   0.79356   0.56241   0.00933  -0.00825   0.40000  8
  -0.28872   0.51685  -0.00259   0.00271   0.40000  9
  -1.24723   0.52179   0.00761   0.00058   0.40000 10
  -0.46317  -0.71628   0.04158  -0.06326   0.50000  1
  -0.52269   1.22381   0.00126  -0.01290   0.50000  2
  -0.37805  -1.22090   0.00626   0.04693   0.50000  3
   1.24215   0.34501  -0.02018   0.00694   0.50000  4
   0.50917  -0.85247  -0.01505  -0.00322   0.50000  5
  -0.37687  -0.84459  -0.02561   0.01955   0.50000  6
   0.38188  -1.75132  -0.00625   0.01215   0.50000  7
   0.79461   0.56148   0.01173  -0.01034   0.50000  8
  -0.28901   0.51715  -0.00324   0.00341   0.50000  9
  -1.24638   0.52186   0.00951   0.00073   0.50000 10
  -0.45859  -0.72327   0.05013  -0.07676   0.60000  1
  -0.52256   1.22239   0.00152  -0.01551   0.60000  2
  -0.37737  -1.21572   0.00739   0.05676   0.60000  3
   1.23992   0.34578  -0.02432   0.00838   0.60000  4
   0.50751  -0.85282  -0.01811  -0.00387   0.60000  5
  -0.37969  -0.84242  -0.03080   0.02385   0.60000  6
   0.38119  -1.74998  -0.00750   0.01461   0.60000  7
   0.79591   0.56034   0.01418  -0.01245   0.60000  8
  -0.28937   0.51753  -0.00391   0.00412   0.60000  9
  -1.24533   0.52194   0.01143   0.00089   0.60000 10
  -0.45315  -0.73164   0.05872  -0.09065   0.70000  1
  -0.52239   1.22071   0.00177  -0.01813   0.70000  2
  -0.37658  -1.20954   0.00845   0.06683   0.70000  3
   1.23728   0.34669  -0.02851   0.00983   0.70000  4
   0.50554  -0.85324  -0.02120  -0.00454   0.70000  5
  -0.38303  -0.83982  -0.03594   0.02828   0.70000  6
   0.38038  -1.74840  -0.00875   0.01708   0.70000  7
   0.79745   0.55899   0.01668  -0.01458   0.70000  8
  -0.28979   0.51798  -0.00458   0.00484   0.70000  9
  -1.24409   0.52204   0.01335   0.00105   0.70000 10
  -0.44685  -0.74142   0.06727  -0.10490   0.80000  1
  -0.52220   1.21877   0.00203  -0.02076   0.80000  2
  -0.37568  -1.20234   0.00943   0.07721   0.80000  3
   1.23422   0.34774  -0.03276   0.01132   0.80000  4
   0.50327  -0.85373  -0.02433  -0.00521   0.80000  5
  -0.38687  -0.83676  -0.04091   0.03274   0.80000  6
   0.37944  -1.74656  -0.01000   0.01956   0.80000  7
   0.79924   0.55742   0.01925  -0.01674   0.80000  8
  -0.29029   0.51850  -0.00526   0.00557   0.80000  9
  -1.24266   0.52215   0.01528   0.00121   0.80000 10
  -0.43970  -0.75263   0.07556  -0.11935   0.90000  1
  -0.52199   1.21656   0.00228  -0.02341   0.90000  2
  -0.37469  -1.19409   0.01032   0.08797   0.90000  3
   1.23073   0.34895  -0.03709   0.01283   0.90000  4
   0.50068  -0.85428  -0.02750  -0.00589   0.90000  5
  -0.39120  -0.83327  -0.04549   0.03700   0.90000  6
   0.37838  -1.74448  -0.01124   0.02206   0.90000  7
   0.80130   0.55564   0.02190  -0.01893   0.90000  8
  -0.29085   0.51909  -0.00595   0.00633   0.90000  9
  -1.24103   0.52228   0.01721   0.00138   0.90000 10
  -0.43175  -0.76528   0.08325  -0.13364   1.00000  1
  -0.52175   1.21408   0.00254  -0.02608   1.00000  2
  -0.37362  -1.18473   0.01110   0.09918   1.00000  3
   1.22680   0.35031  -0.04152   0.01439   1.00000  4
   0.49777  -0.85491  -0.03072  -0.00658   1.00000  5
  -0.39594  -0.82938  -0.04932   0.04064   1.00000  6
   0.37719  -1.74215  -0.01249   0.02459   1.00000  7
   0.80363   0.55363   0.02464  -0.02117   1.00000  8
  -0.29148   0.51976  -0.00665   0.00710   1.00000  9
  -1.23921   0.52243   0.01916   0.00156   1.00000 10
  -0.42309  -0.77933   0.08980  -0.14713   1.10000  1
  -0.52148   1.21134   0.00279  -0.02878   1.10000  2
  -0.37248  -1.17423   0.01177   0.11093   1.10000  3
   1.22242   0.35183  -0.04604   0.01599   1.10000  4
   0.49453  -0.85560  -0.03400  -0.00728   1.10000  5
  -0.40101  -0.82519  -0.05182   0.04292   1.10000  6
   0.37588  -1.73957  -0.01374   0.02714   1.10000  7
   0.80623   0.55140   0.02749  -0.02344   1.10000  8
  -0.29218   0.52051  -0.00737   0.00790   1.10000  9
  -1.23720   0.52259   0.02112   0.00175   1.10000 10
  -0.41386  -0.79465   0.09449  -0.15890   1.20000  1
  -0.52119   1.20833   0.00305  -0.03150   1.20000  2
  -0.37127  -1.16253   0.01230   0.12333   1.20000  3
   1.21759   0.35351  -0.05068   0.01764   1.20000  4
   0.49097  -0.85636  -0.03733  -0.00801   1.20000  5
  -0.40624  -0.82088  -0.05228   0.04282   1.20000  6
   0.37445  -1.73672  -0.01499   0.02972   1.20000  7
   0.80913   0.54895   0.03046  -0.02577   1.20000  8
  -0.29295   0.52135  -0.00810   0.00873   1.20000  9
  -1.23499   0.52278   0.02309   0.00194   1.20000 10
  -0.40428  -0.81102   0.09670  -0.16803   1.30000  1
  -0.52087   1.20504   0.00331  -0.03425   1.30000  2
  -0.37002  -1.14954   0.01271   0.13652   1.30000  3
   1.21228   0.35536  -0.05546   0.01935   1.30000  4
   0.48706  -0.85720  -0.04075  -0.00875   1.30000  5
  -0.41138  -0.81674  -0.05006   0.03926   1.30000  6
   0.37289  -1.73362  -0.01624   0.03233   1.30000  7
   0.81233   0.54625   0.03356  -0.02815   1.30000  8
  -0.29380   0.52226  -0.00886   0.00958   1.30000  9
  -1.23258   0.52298   0.02508   0.00215   1.30000 10
  -0.39461  -0.82815   0.09624  -0.17411   1.40000  1
  -0.52052   1.20148   0.00357  -0.03703   1.40000  2
  -0.36874  -1.13519   0.01298   0.15065   1.40000  3
   1.20649   0.35738  -0.06039   0.02112   1.40000  4
   0.48281  -0.85812  -0.04424  -0.00951   1.40000  5
  -0.41615  -0.81316  -0.04495   0.03168   1.40000  6
   0.37120  -1.73026  -0.01749   0.03497   1.40000  7
   0.81585   0.54331   0.03682  -0.03059   1.40000  8
  -0.29472   0.52326  -0.00963   0.01046   1.40000  9
  -1.22997   0.52321   0.02708   0.00236   1.40000 10
  -0.38510  -0.84575   0.09351  -0.17758   1.50000  1
  -0.52015   1.19763   0.00383  -0.03984   1.50000  2
  -0.36743  -1.11937   0.01314   0.16593   1.50000  3
   1.20019   0.35959  -0.06550   0.02297   1.50000  4
   0.47821  -0.85911  -0.04782  -0.01031   1.50000  5
  -0.42029  -0.81053  -0.03735   0.02033   1.50000  6
   0.36939  -1.72663  -0.01875   0.03766   1.50000  7
   0.81970   0.54013   0.04026  -0.03311   1.50000  8
  -0.29573   0.52435  -0.01043   0.01138   1.50000  9
  -1.22717   0.52345   0.02910   0.00258   1.50000 10
  -0.37596  -0.86362   0.08922  -0.17950   1.60000  1
  -0.51976   1.19351   0.00410  -0.04270   1.60000  2
  -0.36611  -1.10196   0.01321   0.18257   1.60000  3
   1.19338   0.36198  -0.07080   0.02490   1.60000  4
   0.47325  -0.86018  -0.05150  -0.01113   1.60000  5
  -0.42357  -0.80919  -0.02800   0.00605   1.60000  6
   0.36745  -1.72272  -0.02001   0.04039   1.60000  7
   0.82390   0.53669   0.04390  -0.03571   1.60000  8
  -0.29681   0.52554  -0.01126   0.01232   1.60000  9
  -1.22415   0.52372   0.03114   0.00281   1.60000 10
  -0.36729  -0.88164   0.08405  -0.18096   1.70000  1
  -0.51933   1.18909   0.00436  -0.04560   1.70000  2
  -0.36479  -1.08281   0.01322   0.20077   1.70000  3
   1.18603   0.36457  -0.07633   0.02693   1.70000  4
   0.46791  -0.86133  -0.05528  -0.01198   1.70000  5
  -0.42585  -0.80939  -0.01760  -0.01027   1.70000  6
   0.36539  -1.71855  -0.02129   0.04316   1.70000  7
   0.82849   0.53298   0.04777  -0.03841   1.70000  8
  -0.29798   0.52682  -0.01211   0.01331   1.70000  9
  -1.22094   0.52402   0.03321   0.00305   1.70000 10
  -0.35916  -0.89982   0.07837  -0.18274   1.80000  1
  -0.51888   1.18439   0.00463  -0.04854   1.80000  2
  -0.36346  -1.06175   0.01326   0.22065   1.80000  3
   1.17811   0.36737  -0.08212   0.02906   1.80000  4
   0.46219  -0.86258  -0.05918  -0.01288   1.80000  5
  -0.42707  -0.81129  -0.00660  -0.02797   1.80000  6
   0.36319  -1.71409  -0.02257   0.04599   1.80000  7
   0.83347   0.52900   0.05190  -0.04121   1.80000  8
  -0.29923   0.52820  -0.01299   0.01434   1.80000  9
  -1.21751   0.52433   0.03529   0.00330   1.80000 10
  -0.35163  -0.91820   0.07226  -0.18496   1.90000  1
  -0.51841   1.17938   0.00490  -0.05154   1.90000  2
  -0.36213  -1.03863   0.01347   0.24199   1.90000  3
   1.16959   0.37039  -0.08819   0.03132   1.90000  4
   0.45607  -0.86391  -0.06321  -0.01380   1.90000  5
  -0.42716  -0.81502   0.00482  -0.04671   1.90000  6
   0.36087  -1.70935  -0.02387   0.04888   1.90000  7
   0.83888   0.52474   0.05632  -0.04413   1.90000  8
  -0.30058   0.52969  -0.01391   0.01541   1.90000  9
  -1.21388   0.52468   0.03741   0.00356   1.90000 10
  -0.34473  -0.93680   0.06549  -0.18665   2.00000  1
  -0.51790   1.17408   0.00517  -0.05459   2.00000  2
  -0.36076  -1.01334   0.01406   0.26364   2.00000  3
   1.16046   0.37364  -0.09460   0.03372   2.00000  4
   0.44954  -0.86534  -0.06737  -0.01477   2.00000  5
  -0.42609  -0.82067   0.01666  -0.06633   2.00000  6
   0.35842  -1.70431  -0.02519   0.05182   2.00000  7
   0.84474   0.52017   0.06109  -0.04719   2.00000  8
  -0.30202   0.53129  -0.01487   0.01652   2.00000  9
  -1.21003   0.52505   0.03956   0.00384   2.00000 10
  -0.33856  -0.95542   0.05778  -0.18497   2.10000  1
  -0.51737   1.16846   0.00545  -0.05770   2.10000  2
  -0.35930  -0.98599   0.01518   0.28266   2.10000  3
   1.15066   0.37713  -0.10140   0.03627   2.10000  4
   0.44259  -0.86687  -0.07167  -0.01578   2.10000  5
  -0.42381  -0.82831   0.02908  -0.08671   2.10000  6
   0.35583  -1.69898  -0.02653   0.05483   2.10000  7
   0.85111   0.51529   0.06623  -0.05041   2.10000  8
  -0.30355   0.53300  -0.01586   0.01769   2.10000  9
  -1.20597   0.52544   0.04173   0.00412   2.10000 10
  -0.33320  -0.97355   0.04928  -0.17616   2.20000  1
  -0.51681   1.16253   0.00573  -0.06088   2.20000  2
  -0.35772  -0.95704   0.01636   0.29495   2.20000  3
   1.14016   0.38090  -0.10863   0.03900   2.20000  4
   0.43520  -0.86850  -0.07612  -0.01683   2.20000  5
  -0.42024  -0.83802   0.04240  -0.10752   2.20000  6
   0.35311  -1.69334  -0.02790   0.05791   2.20000  7
   0.85800   0.51008   0.07182  -0.05380   2.20000  8
  -0.30519   0.53482  -0.01689   0.01890   2.20000  9
  -1.20168   0.52587   0.04394   0.00442   2.20000 10
  -0.32870  -0.99039   0.04094  -0.15952   2.30000  1
  -0.51623   1.15629   0.00601  -0.06412   2.30000  2
  -0.35607  -0.92728   0.01634   0.29886   2.30000  3
   1.12892   0.38494  -0.11637   0.04193   2.30000  4
   0.42736  -0.87023  -0.08072  -0.01792   2.30000  5
  -0.41529  -0.84980   0.05696  -0.12781   2.30000  6
   0.35025  -1.68739  -0.02931   0.06107   2.30000  7
   0.86549   0.50453   0.07792  -0.05739   2.30000  8
  -0.30693   0.53678  -0.01798   0.02017   2.30000  9
  -1.19718   0.52633   0.04620   0.00474   2.30000 10
  -0.32498  -1.00530   0.03355  -0.13843   2.40000  1
  -0.51561   1.14971   0.00630  -0.06745   2.40000  2
  -0.35452  -0.89750   0.01431   0.29562   2.40000  3
   1.11687   0.38929  -0.12469   0.04509   2.40000  4
   0.41905  -0.87208  -0.08547  -0.01905   2.40000  5
  -0.40881  -0.86350   0.07278  -0.14545   2.40000  6
   0.34725  -1.68113  -0.03075   0.06430   2.40000  7
   0.87361   0.49860   0.08460  -0.06121   2.40000  8
  -0.30879   0.53886  -0.01911   0.02150   2.40000  9
  -1.19244   0.52682   0.04849   0.00507   2.40000 10
  -0.32195  -1.01804   0.02725  -0.11614   2.50000  1
  -0.51497   1.14279   0.00660  -0.07086   2.50000  2
  -0.35325  -0.86838   0.01104   0.28558   2.50000  3
   1.10396   0.39397  -0.13369   0.04850   2.50000  4
   0.41026  -0.87404  -0.09039  -0.02021   2.50000  5
  -0.40072  -0.87870   0.08895  -0.15751   2.50000  6
   0.34410  -1.67453  -0.03225   0.06762   2.50000  7
   0.88243   0.49228   0.09196  -0.06528   2.50000  8
  -0.31076   0.54108  -0.02029   0.02289   2.50000  9
  -1.18748   0.52734   0.05083   0.00542   2.50000 10
  -0.31950  -1.02854   0.02185  -0.09414   2.60000  1
  -0.51429   1.13553   0.00690  -0.07437   2.60000  2
  -0.35229  -0.84061   0.00844   0.26901   2.60000  3
   1.09011   0.39900  -0.14344   0.05219   2.60000  4
   0.40097  -0.87612  -0.09548  -0.02141   2.60000  5
  -0.39106  -0.89477   0.10379  -0.16280   2.60000  6
   0.34079  -1.66760  -0.03380   0.07103   2.60000  7
   0.89203   0.48553   0.10007  -0.06962   2.60000  8
  -0.31285   0.54344  -0.02153   0.02434   2.60000  9
  -1.18227   0.52790   0.05321   0.00578   2.60000 10
  -0.31756  -1.03689   0.01721  -0.07282   2.70000  1
  -0.51359   1.12792   0.00721  -0.07797   2.70000  2
  -0.35149  -0.81472   0.00776   0.24840   2.70000  3
   1.07524   0.40441  -0.15402   0.05615   2.70000  4
   0.39116  -0.87833  -0.10075  -0.02266   2.70000  5
  -0.38004  -0.91111   0.11617  -0.16343   2.70000  6
   0.33733  -1.66032  -0.03542   0.07453   2.70000  7
   0.90247   0.47834   0.10901  -0.07425   2.70000  8
  -0.31506   0.54595  -0.02283   0.02587   2.70000  9
  -1.17683   0.52850   0.05565   0.00616   2.70000 10
  -0.31604  -1.04313   0.01332  -0.05214   2.80000  1
  -0.51285   1.11993   0.00753  -0.08169   2.80000  2
  -0.35067  -0.79095   0.00899   0.22685   2.80000  3
   1.05928   0.41024  -0.16543   0.06036   2.80000  4
   0.38081  -0.88066  -0.10620  -0.02395   2.80000  5
  -0.36791  -0.92741   0.12618  -0.16251   2.80000  6
   0.33371  -1.65269  -0.03711   0.07815   2.80000  7
   0.91385   0.47068   0.11878  -0.07911   2.80000  8
  -0.31741   0.54862  -0.02420   0.02747   2.80000  9
  -1.17114   0.52914   0.05815   0.00656   2.80000 10
  -0.31487  -1.04733   0.01028  -0.03205   2.90000  1
  -0.51208   1.11157   0.00786  -0.08552   2.90000  2
  -0.34965  -0.76931   0.01152   0.20618   2.90000  3
   1.04213   0.41649  -0.17750   0.06466   2.90000  4
   0.36991  -0.88312  -0.11187  -0.02531   2.90000  5
  -0.35487  -0.94362   0.13432  -0.16192   2.90000  6
   0.32991  -1.64469  -0.03888   0.08188   2.90000  7
   0.92625   0.46252   0.12920  -0.08406   2.90000  8
  -0.31991   0.55145  -0.02564   0.02916   2.90000  9
  -1.16520   0.52981   0.06072   0.00698   2.90000 10
  -0.31394  -1.04956   0.00833  -0.01260   3.00000  1
  -0.51128   1.10283   0.00820  -0.08949   3.00000  2
  -0.34834  -0.74967   0.01484   0.18705   3.00000  3
   1.02377   0.42316  -0.18959   0.06868   3.00000  4
   0.35843  -0.88572  -0.11776  -0.02674   3.00000  5
  -0.34110  -0.95982   0.14090  -0.16227   3.00000  6
   0.32593  -1.63631  -0.04074   0.08574   3.00000  7
   0.93970   0.45387   0.13964  -0.08874   3.00000  8
  -0.32255   0.55445  -0.02716   0.03094   3.00000  9
  -1.15900   0.53053   0.06335   0.00742   3.00000 10
  -0.31315  -1.04988   0.00785   0.00593   3.10000  1
  -0.51044   1.09367   0.00856  -0.09360   3.10000  2
  -0.34667  -0.73185   0.01859   0.16952   3.10000  3
   1.00426   0.43019  -0.20018   0.07166   3.10000  4
   0.34635  -0.88847  -0.12391  -0.02824   3.10000  5
  -0.32674  -0.97610   0.14592  -0.16334   3.10000  6
   0.32176  -1.62754  -0.04270   0.08975   3.10000  7
   0.95413   0.44480   0.14856  -0.09237   3.10000  8
  -0.32534   0.55764  -0.02875   0.03282   3.10000  9
  -1.15253   0.53130   0.06606   0.00788   3.10000 10
  -0.31231  -1.04842   0.00934   0.02293   3.20000  1
  -0.50957   1.08410   0.00893  -0.09786   3.20000  2
  -0.34462  -0.71571   0.02258   0.15344   3.20000  3
   0.98387   0.43742  -0.20669   0.07244   3.20000  4
   0.33364  -0.89137  -0.13033  -0.02985   3.20000  5
  -0.31197  -0.99249   0.14914  -0.16439   3.20000  6
   0.31739  -1.61836  -0.04477   0.09391   3.20000  7
   0.96927   0.43547   0.15340  -0.09380   3.20000  8
  -0.32830   0.56102  -0.03044   0.03482   3.20000  9
  -1.14578   0.53211   0.06884   0.00837   3.20000 10
  -0.31120  -1.04538   0.01328   0.03750   3.30000  1
  -0.50865   1.07409   0.00932  -0.10230   3.30000  2
  -0.34215  -0.70112   0.02668   0.13860   3.30000  3
   0.96314   0.44458  -0.20690   0.07022   3.30000  4
   0.32027  -0.89444  -0.13707  -0.03157   3.30000  5
  -0.29699  -1.00894   0.15022  -0.16429   3.30000  6
   0.31280  -1.60875  -0.04697   0.09824   3.30000  7
   0.98459   0.42614   0.15193  -0.09222   3.30000  8
  -0.33143   0.56461  -0.03222   0.03694   3.30000  9
  -1.13875   0.53297   0.07172   0.00888   3.30000 10
  -0.30956  -1.04104   0.01992   0.04872   3.40000  1
  -0.50770   1.06363   0.00974  -0.10693   3.40000  2
  -0.33928  -0.68796   0.03084   0.12479   3.40000  3
   0.94269   0.45138  -0.20129   0.06550   3.40000  4
   0.30622  -0.89769  -0.14415  -0.03342   3.40000  5
  -0.28201  -1.02527   0.14903  -0.16191   3.40000  6
   0.30799  -1.59870  -0.04931   0.10276   3.40000  7
   0.99946   0.41711   0.14462  -0.08815   3.40000  8
  -0.33475   0.56841  -0.03410   0.03920   3.40000  9
  -1.13144   0.53389   0.07469   0.00943   3.40000 10
  -0.30713  -1.03576   0.02904   0.05605   3.50000  1
  -0.50670   1.05270   0.01018  -0.11177   3.50000  2
  -0.33598  -0.67614   0.03502   0.11181   3.50000  3
   0.92299   0.45764  -0.19238   0.05960   3.50000  4
   0.29143  -0.90113  -0.15161  -0.03542   3.50000  5
  -0.26725  -1.04122   0.14588  -0.15651   3.50000  6
   0.30293  -1.58819  -0.05181   0.10750   3.50000  7
   1.01341   0.40855   0.13400  -0.08289   3.50000  8
  -0.33825   0.57245  -0.03609   0.04162   3.50000  9
  -1.12381   0.53486   0.07775   0.01000   3.50000 10
  -0.30369  -1.02995   0.03999   0.05967   3.60000  1
  -0.50566   1.04127   0.01066  -0.11684   3.60000  2
  -0.33227  -0.66558   0.03922   0.09948   3.60000  3
   0.90425   0.46329  -0.18243   0.05353   3.60000  4
   0.27588  -0.90478  -0.15950  -0.03761   3.60000  5
  -0.25287  -1.05647   0.14149  -0.14808   3.60000  6
   0.29762  -1.57719  -0.05448   0.11247   3.60000  7
   1.02623   0.40054   0.12232  -0.07746   3.60000  8
  -0.34197   0.57674  -0.03820   0.04422   3.60000  9
  -1.11588   0.53589   0.08093   0.01061   3.60000 10
  -0.29910  -1.02393   0.05198   0.06032   3.70000  1
  -0.50457   1.02933   0.01117  -0.12216   3.70000  2
  -0.32814  -0.65622   0.04344   0.08765   3.70000  3
   0.88650   0.46835  -0.17265   0.04777   3.70000  4
   0.25952  -0.90866  -0.16785  -0.04001   3.70000  5
  -0.23896  -1.07075   0.13668  -0.13722   3.70000  6
   0.29203  -1.56569  -0.05737   0.11769   3.70000  7
   1.03788   0.39305   0.11079  -0.07233   3.70000  8
  -0.34590   0.58130  -0.04044   0.04702   3.70000  9
  -1.10762   0.53698   0.08424   0.01126   3.70000 10
  -0.29328  -1.01796   0.06441   0.05889   3.80000  1
  -0.50343   1.01683   0.01173  -0.12777   3.80000  2
  -0.32358  -0.64803   0.04772   0.07620   3.80000  3
   0.86970   0.47286  -0.16351   0.04245   3.80000  4
   0.24229  -0.91279  -0.17672  -0.04264   3.80000  5
  -0.22552  -1.08386   0.13216  -0.12468   3.80000  6
   0.28614  -1.55365  -0.06048   0.12320   3.80000  7
   1.04841   0.38606   0.09987  -0.06764   3.80000  8
  -0.35006   0.58615  -0.04283   0.05004   3.80000  9
  -1.09903   0.53814   0.08767   0.01195   3.80000 10
  -0.28622  -1.01219   0.07690   0.05616   3.90000  1
  -0.50222   1.00376   0.01233  -0.13369   3.90000  2
  -0.31859  -0.64097   0.05206   0.06500   3.90000  3
   0.85377   0.47686  -0.15514   0.03759   3.90000  4
   0.22415  -0.91720  -0.18617  -0.04555   3.90000  5
  -0.21251  -1.09566   0.12833  -0.11112   3.90000  6
   0.27992  -1.54104  -0.06386   0.12903   3.90000  7
   1.05788   0.37951   0.08970  -0.06340   3.90000  8
  -0.35447   0.59132  -0.04539   0.05331   3.90000  9
  -1.09008   0.53937   0.09124   0.01268   3.90000 10
  -0.27791  -1.00675   0.08931   0.05266   4.00000  1
  -0.50096   0.99008   0.01300  -0.13997   4.00000  2
  -0.31317  -0.63503   0.05650   0.05395   4.00000  3
   0.83864   0.48039  -0.14754   0.03314   4.00000  4
   0.20504  -0.92191  -0.19627  -0.04877   4.00000  5
  -0.19983  -1.10606   0.12544  -0.09697   4.00000  6
   0.27336  -1.52783  -0.06755   0.13520   4.00000  7
   1.06637   0.37336   0.08028  -0.05958   4.00000  8
  -0.35914   0.59683  -0.04813   0.05687   4.00000  9
  -1.08078   0.54068   0.09497   0.01347   4.00000 10
  -0.26836  -1.00168   0.10163   0.04872   4.10000  1
  -0.49962   0.97575   0.01373  -0.14664   4.10000  2
  -0.30729  -0.63018   0.06106   0.04297   4.10000  3
   0.82424   0.48350  -0.14064   0.02906   4.10000  4
   0.18487  -0.92696  -0.20711  -0.05235   4.10000  5
  -0.18738  -1.11504   0.12358  -0.08244   4.10000  6
   0.26640  -1.51398  -0.07157   0.14175   4.10000  7
   1.07396   0.36758   0.07152  -0.05612   4.10000  8
  -0.36410   0.60270  -0.05108   0.06075   4.10000  9
  -1.07108   0.54207   0.09887   0.01431   4.10000 10
  -0.25758  -0.99701   0.11396   0.04453   4.20000  1
  -0.49821   0.96074   0.01455  -0.15377   4.20000  2
  -0.30095  -0.62644   0.06578   0.03196   4.20000  3
   0.81049   0.48621  -0.13437   0.02530   4.20000  4
   0.16359  -0.93240  -0.21878  -0.05635   4.20000  5
  -0.17508  -1.12254   0.12279  -0.06764   4.20000  6
   0.25903  -1.49946  -0.07598   0.14873   4.20000  7
   1.08070   0.36213   0.06336  -0.05297   4.20000  8
  -0.36937   0.60899  -0.05426   0.06500   4.20000  9
  -1.06099   0.54354   0.10296   0.01521   4.20000 10
  -0.24556  -0.99278   0.12642   0.04019   4.30000  1
  -0.49671   0.94498   0.01546  -0.16140   4.30000  2
  -0.29413  -0.62379   0.07067   0.02084   4.30000  3
   0.79735   0.48857  -0.12864   0.02180   4.30000  4
   0.14109  -0.93825  -0.23140  -0.06085   4.30000  5
  -0.16279  -1.12856   0.12308  -0.05254   4.30000  6
   0.25119  -1.48422  -0.08085   0.15619   4.30000  7
   1.08665   0.35698   0.05573  -0.05009   4.30000  8
  -0.37496   0.61572  -0.05772   0.06968   4.30000  9
  -1.05049   0.54511   0.10725   0.01618   4.30000 10
  -0.23229  -0.98898   0.13919   0.03571   4.40000  1
  -0.49511   0.92844   0.01649  -0.16961   4.40000  2
  -0.28681  -0.62227   0.07576   0.00952   4.40000  3
   0.78475   0.49058  -0.12341   0.01854   4.40000  4
   0.11727  -0.94458  -0.24510  -0.06592   4.40000  5
  -0.15042  -1.13304   0.12444  -0.03705   4.40000  6
   0.24284  -1.46821  -0.08622   0.16417   4.40000  7
   1.09186   0.35210   0.04856  -0.04744   4.40000  8
  -0.38092   0.62294  -0.06150   0.07485   4.40000  9
  -1.03954   0.54678   0.11177   0.01723   4.40000 10
  -0.21771  -0.98564   0.15249   0.03108   4.50000  1
  -0.49341   0.91104   0.01767  -0.17847   4.50000  2
  -0.27897  -0.62190   0.08108  -0.00208   4.50000  3
   0.77265   0.49228  -0.11860   0.01548   4.50000  4
   0.09203  -0.95146  -0.26001  -0.07169   4.50000  5
  -0.13787  -1.13595   0.12686  -0.02100   4.50000  6
   0.23393  -1.45137  -0.09218   0.17273   4.50000  7
   1.09637   0.34748   0.04178  -0.04500   4.50000  8
  -0.38727   0.63071  -0.06564   0.08058   4.50000  9
  -1.02812   0.54856   0.11655   0.01836   4.50000 10
  -0.20176  -0.98277   0.16657   0.02622   4.60000  1
  -0.49157   0.89272   0.01902  -0.18809   4.60000  2
  -0.27059  -0.62270   0.08662  -0.01407   4.60000  3
   0.76102   0.49368  -0.11418   0.01258   4.60000  4
   0.06522  -0.95895  -0.27626  -0.07828   4.60000  5
  -0.12502  -1.13721   0.13026  -0.00416   4.60000  6
   0.22438  -1.43364  -0.09881   0.18197   4.60000  7
   1.10023   0.34310   0.03536  -0.04272   4.60000  8
  -0.39406   0.63908  -0.07020   0.08697   4.60000  9
  -1.01622   0.55046   0.12160   0.01959   4.60000 10
  -0.18436  -0.98041   0.18171   0.02097   4.70000  1
  -0.48960   0.87340   0.02059  -0.19856   4.70000  2
  -0.26164  -0.62473   0.09241  -0.02655   4.70000  3
   0.74981   0.49480  -0.11008   0.00984   4.70000  4
   0.03673  -0.96715  -0.29384  -0.08583   4.70000  5
  -0.11179  -1.13674   0.13450   0.01378   4.70000  6
   0.21414  -1.41495  -0.10623   0.19195   4.70000  7
   1.10345   0.33893   0.02924  -0.04060   4.70000  8
  -0.40133   0.64813  -0.07525   0.09408   4.70000  9
  -1.00379   0.55248   0.12697   0.02091   4.70000 10
  -0.16538  -0.97860   0.19809   0.01505   4.80000  1
  -0.48745   0.85298   0.02241  -0.20996   4.80000  2
  -0.25210  -0.62803   0.09840  -0.03961   4.80000  3
   0.73899   0.49566  -0.10629   0.00723   4.80000  4
   0.00642  -0.97615  -0.31243  -0.09441   4.80000  5
  -0.09810  -1.13441   0.13919   0.03315   4.80000  6
   0.20311  -1.39522  -0.11455   0.20279   4.80000  7
   1.10608   0.33497   0.02338  -0.03861   4.80000  8
  -0.40913   0.65792  -0.08087   0.10202   4.80000  9
  -0.99081   0.55465   0.13268   0.02235   4.80000 10
  -0.14471  -0.97744   0.21542   0.00789   4.90000  1
  -0.48510   0.83137   0.02452  -0.22233   4.90000  2
  -0.24195  -0.63267   0.10458  -0.05335   4.90000  3
   0.72854   0.49625  -0.10276   0.00473   4.90000  4
  -0.02575  -0.98606  -0.33074  -0.10374   4.90000  5
  -0.08396  -1.13006   0.14349   0.05423   4.90000  6
   0.19119  -1.37436  -0.12390   0.21459   4.90000  7
   1.10814   0.33121   0.01776  -0.03674   4.90000  8
  -0.41753   0.66856  -0.08715   0.11080   4.90000  9
  -0.97724   0.55696   0.13878   0.02392   4.90000 10
  -0.12232  -0.97710   0.23172  -0.00152   5.00000  1
  -0.48253   0.80848   0.02693  -0.23554   5.00000  2
  -0.23118  -0.63873   0.11086  -0.06785   5.00000  3
   0.71843   0.49661  -0.09947   0.00233   5.00000  4
  -0.05960  -0.99689  -0.34505  -0.11265   5.00000  5
  -0.06947  -1.12351   0.14586   0.07678   5.00000  6
   0.17829  -1.35226  -0.13441   0.22752   5.00000  7
   1.10964   0.32762   0.01235  -0.03498   5.00000  8
  -0.42658   0.68011  -0.09412   0.12028   5.00000  9
  -0.96304   0.55943   0.14532   0.02562   5.00000 10
  -0.09857  -0.97786   0.24190  -0.01427   5.10000  1
  -0.47971   0.78425   0.02950  -0.24899   5.10000  2
  -0.21978  -0.64627   0.11716  -0.08313   5.10000  3
   0.70864   0.49672  -0.09639   0.00001   5.10000  4
  -0.09438  -1.00849  -0.34812  -0.11885   5.10000  5
  -0.05492  -1.11469   0.14439   0.09947   5.10000  6
   0.16427  -1.32881  -0.14620   0.24175   5.10000  7
   1.11061   0.32421   0.00711  -0.03331   5.10000  8
  -0.43637   0.69262  -0.10171   0.12986   5.10000  9
  -0.94816   0.56209   0.15235   0.02748   5.10000 10
  -0.07429  -0.98004   0.24200  -0.02974   5.20000  1
  -0.47664   0.75873   0.03172  -0.26110   5.20000  2
  -0.20775  -0.65538   0.12337  -0.09920   5.20000  3
   0.69915   0.49661  -0.09349  -0.00224   5.20000  4
  -0.12867  -1.02051  -0.33517  -0.12086   5.20000  5
  -0.04075  -1.10369   0.13840   0.11993   5.20000  6
   0.14900  -1.30386  -0.15932   0.25753   5.20000  7
   1.11107   0.32095   0.00203  -0.03173   5.20000  8
  -0.44693   0.70603  -0.10946   0.13793   5.20000  9
  -0.93255   0.56493   0.15992   0.02949   5.20000 10
  -0.05038  -0.98383   0.23553  -0.04592   5.30000  1
  -0.47342   0.73218   0.03249  -0.26888   5.30000  2
  -0.19511  -0.66613   0.12944  -0.11599   5.30000  3
   0.68993   0.49628  -0.09077  -0.00443   5.30000  4
  -0.16105  -1.03255  -0.31137  -0.11930   5.30000  5
  -0.02733  -1.09084   0.12962   0.13642   5.30000  6
   0.13236  -1.27724  -0.17379   0.27516   5.30000  7
   1.11102   0.31786  -0.00291  -0.03023   5.30000  8
  -0.45824   0.72006  -0.11634   0.14150   5.30000  9
  -0.91616   0.56799   0.16809   0.03167   5.30000 10
  -0.02724  -0.98922   0.22721  -0.06182   5.40000  1
  -0.47024   0.70519   0.03048  -0.26952   5.40000  2
  -0.18187  -0.67860   0.13537  -0.13349   5.40000  3
   0.68099   0.49573  -0.08820  -0.00657   5.40000  4
  -0.19083  -1.04429  -0.28405  -0.11532   5.40000  5
  -0.01483  -1.07655   0.12056   0.14867   5.40000  6
   0.11421  -1.24875  -0.18950   0.29506   5.40000  7
   1.11049   0.31491  -0.00774  -0.02880   5.40000  8
  -0.47013   0.73408  -0.12105   0.13776   5.40000  9
  -0.89891   0.57127   0.17691   0.03402   5.40000 10
  -0.00495  -0.99617   0.21859  -0.07717   5.50000  1
  -0.46742   0.67850   0.02546  -0.26358   5.50000  2
  -0.16803  -0.69286   0.14125  -0.15171   5.50000  3
   0.67229   0.49496  -0.08577  -0.00867   5.50000  4
  -0.21787  -1.05556  -0.25675  -0.10982   5.50000  5
  -0.00318  -1.06124   0.11281   0.15683   5.50000  6
   0.09443  -1.21814  -0.20614   0.31773   5.50000  7
   1.10948   0.31209  -0.01246  -0.02744   5.50000  8
  -0.48237   0.74738  -0.12343   0.12727   5.50000  9
  -0.88075   0.57480   0.18644   0.03656   5.50000 10
   0.01645  -1.00461   0.20930  -0.09140   5.60000  1
  -0.46522   0.65259   0.01840  -0.25426   5.60000  2
  -0.15361  -0.70897   0.14722  -0.17076   5.60000  3
   0.66383   0.49399  -0.08345  -0.01074   5.60000  4
  -0.24222  -1.06623  -0.23049  -0.10338   5.60000  5
   0.00779  -1.04533   0.10682   0.16054   5.60000  6
   0.07297  -1.18510  -0.22293   0.34363   5.60000  7
   1.10800   0.30941  -0.01709  -0.02614   5.60000  8
  -0.49477   0.75942  -0.12449   0.11322   5.60000  9
  -0.86160   0.57859   0.19672   0.03928   5.60000 10
   0.03684  -1.01438   0.19787  -0.10334   5.70000  1
  -0.46378   0.62767   0.01025  -0.24411   5.70000  2
  -0.13858  -0.72704   0.15349  -0.19083   5.70000  3
   0.65559   0.49282  -0.08125  -0.01278   5.70000  4
  -0.26400  -1.07621  -0.20533  -0.09627   5.70000  5
   0.01823  -1.02931   0.10206   0.15915   5.70000  6
   0.04990  -1.14930  -0.23801   0.37275   5.70000  7
   1.10606   0.30686  -0.02165  -0.02490   5.70000  8
  -0.50725   0.76999  -0.12522   0.09814   5.70000  9
  -0.84138   0.58266   0.20780   0.04219   5.70000 10
   0.05588  -1.02513   0.18186  -0.11064   5.80000  1
  -0.46318   0.60376   0.00156  -0.23423   5.80000  2
  -0.12290  -0.74718   0.16029  -0.21226   5.80000  3
   0.64757   0.49144  -0.07915  -0.01481   5.80000  4
  -0.28332  -1.08546  -0.18110  -0.08854   5.80000  5
   0.02819  -1.01367   0.09689   0.15274   5.80000  6
   0.02555  -1.11050  -0.24770   0.40303   5.80000  7
   1.10367   0.30443  -0.02615  -0.02371   5.80000  8
  -0.51982   0.77905  -0.12621   0.08314   5.80000  9
  -0.82001   0.58704   0.21971   0.04528   5.80000 10
   0.07298  -1.03621   0.15912  -0.10913   5.90000  1
  -0.46348   0.58081  -0.00749  -0.22487   5.90000  2
  -0.10650  -0.76956   0.16789  -0.23554   5.90000  3
   0.63976   0.48986  -0.07713  -0.01682   5.90000  4
  -0.30025  -1.09390  -0.15770  -0.08008   5.90000  5
   0.03751  -0.99886   0.08890   0.14328   5.90000  6
   0.00068  -1.06885  -0.24781   0.42869   5.90000  7
   1.10084   0.30212  -0.03059  -0.02257   5.90000  8
  -0.53251   0.78663  -0.12766   0.06846   5.90000  9
  -0.79741   0.59173   0.23247   0.04858   5.90000 10
   0.08755  -1.04657   0.13187  -0.09653   6.00000  1
  -0.46469   0.55877  -0.01683  -0.21590   6.00000  2
  -0.08928  -0.79437   0.17654  -0.26131   6.00000  3
   0.63215   0.48807  -0.07519  -0.01882   6.00000  4
  -0.31489  -1.10145  -0.13519  -0.07080   6.00000  5
   0.04582  -0.98500   0.07634   0.13429   6.00000  6
  -0.02371  -1.02511  -0.23899   0.44453   6.00000  7
   1.09756   0.29992  -0.03500  -0.02147   6.00000  8
  -0.54537   0.79275  -0.12960   0.05395   6.00000  9
  -0.77349   0.59676   0.24605   0.05207   6.00000 10
   0.09937  -1.05526   0.10482  -0.07643   6.10000  1
  -0.46685   0.53762  -0.02640  -0.20704   6.10000  2
  -0.07116  -0.82192   0.18611  -0.29016   6.10000  3
   0.62472   0.48609  -0.07332  -0.02083   6.10000  4
  -0.32732  -1.10803  -0.11373  -0.06074   6.10000  5
   0.05264  -0.97190   0.05961   0.12840   6.10000  6
  -0.04698  -0.98022  -0.22609   0.45212   6.10000  7
   1.09384   0.29782  -0.03937  -0.02041   6.10000  8
  -0.55845   0.79742  -0.13194   0.03935   6.10000  9
  -0.74818   0.60215   0.26032   0.05574   6.10000 10
   0.10858  -1.06176   0.07993  -0.05315   6.20000  1
  -0.46998   0.51737  -0.03614  -0.19795   6.20000  2
  -0.05208  -0.85248   0.19513  -0.32080   6.20000  3
   0.61748   0.48391  -0.07152  -0.02283   6.20000  4
  -0.33767  -1.11358  -0.09348  -0.05018   6.20000  5
   0.05765  -0.95921   0.04035   0.12578   6.20000  6
  -0.06886  -0.93484  -0.21105   0.45461   6.20000  7
   1.08968   0.29583  -0.04373  -0.01939   6.20000  8
  -0.57177   0.80061  -0.13447   0.02432   6.20000  9
  -0.72141   0.60791   0.27497   0.05958   6.20000 10
   0.11542  -1.06586   0.05694  -0.02883   6.30000  1
  -0.47408   0.49805  -0.04584  -0.18825   6.30000  2
  -0.03227  -0.88588   0.20019  -0.34529   6.30000  3
   0.61042   0.48152  -0.06977  -0.02483   6.30000  4
  -0.34606  -1.11806  -0.07447  -0.03948   6.30000  5
   0.06067  -0.94669   0.01993   0.12462   6.30000  6
  -0.08904  -0.88959  -0.19156   0.44841   6.30000  7
   1.08509   0.29394  -0.04807  -0.01840   6.30000  8
  -0.58533   0.80226  -0.13678   0.00854   6.30000  9
  -0.69319   0.61407   0.28943   0.06352   6.30000 10
   0.12001  -1.06752   0.03501  -0.00430   6.40000  1
  -0.47913   0.47975  -0.05518  -0.17760   6.40000  2
  -0.01212  -0.92104   0.20290  -0.35570   6.40000  3
   0.60352   0.47894  -0.06807  -0.02684   6.40000  4
  -0.35261  -1.12148  -0.05661  -0.02903   6.40000  5
   0.06164  -0.93435  -0.00041   0.12161   6.40000  6
  -0.10709  -0.84559  -0.16971   0.43010   6.40000  7
   1.08007   0.29215  -0.05241  -0.01744   6.40000  8
  -0.59909   0.80228  -0.13822  -0.00822   6.40000  9
  -0.66357   0.62061   0.30270   0.06742   6.40000 10
   0.12243  -1.06673   0.01333   0.02000   6.50000  1
  -0.48508   0.46257  -0.06364  -0.16580   6.50000  2
   0.00837  -0.95669   0.20721  -0.35587   6.50000  3
   0.59680   0.47616  -0.06643  -0.02886   6.50000  4
  -0.35742  -1.12389  -0.03976  -0.01909   6.50000  5
   0.06067  -0.92256  -0.01847   0.11309   6.50000  6
  -0.12309  -0.80369  -0.15099   0.40791   6.50000  7
   1.07461   0.29045  -0.05676  -0.01651   6.50000  8
  -0.61292   0.80058  -0.13789  -0.02587   6.50000  9
  -0.63274   0.62754   0.31339   0.07099   6.50000 10
   0.12266  -1.06354  -0.00862   0.04346   6.60000  1
  -0.49181   0.44663  -0.07065  -0.15288   6.60000  2
   0.02932  -0.99199   0.21161  -0.34942   6.60000  3
   0.59024   0.47317  -0.06483  -0.03089   6.60000  4
  -0.36059  -1.12532  -0.02375  -0.00979   6.60000  5
   0.05811  -0.91194  -0.03176   0.09827   6.60000  6
  -0.13741  -0.76396  -0.13602   0.38702   6.60000  7
   1.06871   0.28885  -0.06113  -0.01560   6.60000  8
  -0.62658   0.79709  -0.13484  -0.04387   6.60000  9
  -0.60103   0.63479   0.31999   0.07371   6.60000 10
   0.12070  -1.05811  -0.03068   0.06459   6.70000  1
  -0.49915   0.43202  -0.07576  -0.13923   6.70000  2
   0.05064  -1.02643   0.21452  -0.33871   6.70000  3
   0.58383   0.46998  -0.06327  -0.03292   6.70000  4
  -0.36219  -1.12587  -0.00847  -0.00116   6.70000  5
   0.05449  -0.90301  -0.03995   0.08008   6.70000  6
  -0.15039  -0.72621  -0.12383   0.36834   6.70000  7
   1.06238   0.28733  -0.06552  -0.01470   6.70000  8
  -0.63978   0.79183  -0.12859  -0.06120   6.70000  9
  -0.56891   0.64223   0.32155   0.07491   6.70000 10
   0.11657  -1.05079  -0.05130   0.08080   6.80000  1
  -0.50690   0.41879  -0.07881  -0.12541   6.80000  2
   0.07215  -1.05960   0.21497  -0.32398   6.80000  3
   0.57758   0.46658  -0.06176  -0.03497   6.80000  4
  -0.36230  -1.12558   0.00620   0.00687   6.80000  5
   0.05024  -0.89594  -0.04450   0.06148   6.80000  6
  -0.16225  -0.69022  -0.11368   0.35174   6.80000  7
   1.05561   0.28591  -0.06995  -0.01382   6.80000  8
  -0.65220   0.78491  -0.11950  -0.07683   6.80000  9
  -0.53688   0.64970   0.31832   0.07413   6.80000 10
   0.11057  -1.04219  -0.06794   0.09012   6.90000  1
  -0.51485   0.40692  -0.08002  -0.11200   6.90000  2
   0.09350  -1.09106   0.21126  -0.30433   6.90000  3
   0.57148   0.46298  -0.06029  -0.03702   6.90000  4
  -0.36097  -1.12451   0.02036   0.01439   6.90000  5
   0.04566  -0.89069  -0.04683   0.04372   6.90000  6
  -0.17317  -0.65580  -0.10506   0.33692   6.90000  7
   1.04839   0.28457  -0.07442  -0.01295   6.90000  8
  -0.66362   0.77654  -0.10861  -0.09025   6.90000  9
  -0.50536   0.65699   0.31155   0.07140   6.90000 10
   0.10315  -1.03295  -0.07969   0.09413   7.00000  1
  -0.52285   0.39636  -0.07980  -0.09937   7.00000  2
   0.11424  -1.12036   0.20295  -0.28131   7.00000  3
   0.56552   0.45918  -0.05886  -0.03908   7.00000  4
  -0.35824  -1.12271   0.03411   0.02150   7.00000  5
   0.04092  -0.88716  -0.04784   0.02695   7.00000  6
  -0.18330  -0.62278  -0.09764   0.32364   7.00000  7
   1.04072   0.28332  -0.07895  -0.01209   7.00000  8
  -0.67390   0.76693  -0.09700  -0.10153   7.00000  9
  -0.47464   0.66393   0.30272   0.06717   7.00000 10
   0.09474  -1.02342  -0.08811   0.09630   7.10000  1
  -0.53078   0.38702  -0.07860  -0.08769   7.10000  2
   0.13399  -1.14732   0.19174  -0.25813   7.10000  3
   0.55971   0.45517  -0.05748  -0.04115   7.10000  4
  -0.35416  -1.12022   0.04759   0.02834   7.10000  5
   0.03612  -0.88527  -0.04806   0.01095   7.10000  6
  -0.19273  -0.59103  -0.09119   0.31170   7.10000  7
   1.03260   0.28215  -0.08355  -0.01123   7.10000  8
  -0.68302   0.75629  -0.08542  -0.11109   7.10000  9
  -0.44484   0.67039   0.29307   0.06199   7.10000 10
   0.08558  -1.01367  -0.09505   0.09889   7.20000  1
  -0.53855   0.37879  -0.07678  -0.07696   7.20000  2
   0.15256  -1.17204   0.17952  -0.23671   7.20000  3
   0.55403   0.45095  -0.05613  -0.04321   7.20000  4
  -0.34873  -1.11705   0.06089   0.03499   7.20000  5
   0.03132  -0.88495  -0.04777  -0.00453   7.20000  6
  -0.20156  -0.56040  -0.08555   0.30096   7.20000  7
   1.02401   0.28107  -0.08823  -0.01038   7.20000  8
  -0.69100   0.74476  -0.07427  -0.11939   7.20000  9
  -0.41602   0.67631   0.28337   0.05634   7.20000 10
   0.07574  -1.00361  -0.10165   0.10262   7.30000  1
  -0.54612   0.37160  -0.07463  -0.06711   7.30000  2
   0.16990  -1.19474   0.16735  -0.21756   7.30000  3
   0.54848   0.44652  -0.05482  -0.04528   7.30000  4
  -0.34198  -1.11322   0.07416   0.04157   7.30000  5
   0.02657  -0.88617  -0.04717  -0.01969   7.30000  6
  -0.20987  -0.53080  -0.08059   0.29131   7.30000  7
   1.01495   0.28008  -0.09299  -0.00952   7.30000  8
  -0.69789   0.73244  -0.06372  -0.12684   7.30000  9
  -0.38816   0.68166   0.27406   0.05051   7.30000 10
   0.06524  -0.99311  -0.10841   0.10747   7.40000  1
  -0.55347   0.36535  -0.07232  -0.05801   7.40000  2
   0.18605  -1.21563   0.15570  -0.20057   7.40000  3
   0.54306   0.44189  -0.05354  -0.04735   7.40000  4
  -0.33390  -1.10874   0.08751   0.04817   7.40000  5
   0.02189  -0.88889  -0.04645  -0.03463   7.40000  6
  -0.21770  -0.50211  -0.07621   0.28264   7.40000  7
   1.00541   0.27917  -0.09786  -0.00866   7.40000  8
  -0.70376   0.71941  -0.05376  -0.13374   7.40000  9
  -0.36119   0.68641   0.26536   0.04468   7.40000 10
   0.05405  -0.98209  -0.11550   0.11307   7.50000  1
  -0.56059   0.35997  -0.07000  -0.04953   7.50000  2
   0.20106  -1.23491   0.14470  -0.18543   7.50000  3
   0.53777   0.43705  -0.05229  -0.04942   7.50000  4
  -0.32447  -1.10358   0.10107   0.05487   7.50000  5
   0.01728  -0.89308  -0.04579  -0.04926   7.50000  6
  -0.22513  -0.47424  -0.07233   0.27489   7.50000  7
   0.99538   0.27835  -0.10284  -0.00779   7.50000  8
  -0.70866   0.70570  -0.04437  -0.14035   7.50000  9
  -0.33506   0.69059   0.25736   0.03896   7.50000 10
   0.04213  -0.97049  -0.12285   0.11881   7.60000  1
  -0.56747   0.35542  -0.06774  -0.04155   7.60000  2
   0.21501  -1.25276   0.13436  -0.17184   7.60000  3
   0.53260   0.43201  -0.05107  -0.05148   7.60000  4
  -0.31367  -1.09775   0.11498   0.06178   7.60000  5
   0.01272  -0.89872  -0.04546  -0.06333   7.60000  6
  -0.23218  -0.44710  -0.06887   0.26798   7.60000  7
   0.98484   0.27761  -0.10795  -0.00691   7.60000  8
  -0.71265   0.69134  -0.03545  -0.14685   7.60000  9
  -0.30969   0.69421   0.25006   0.03337   7.60000 10
   0.02948  -0.95835  -0.13025   0.12379   7.70000  1
  -0.57414   0.35165  -0.06559  -0.03395   7.70000  2
   0.22795  -1.26932   0.12464  -0.15952   7.70000  3
   0.52755   0.42676  -0.04986  -0.05353   7.70000  4
  -0.30146  -1.09122   0.12936   0.06901   7.70000  5
   0.00817  -0.90571  -0.04584  -0.07624   7.70000  6
  -0.23891  -0.42062  -0.06579   0.26187   7.70000  7
   0.97378   0.27696  -0.11321  -0.00601   7.70000  8
  -0.71577   0.67633  -0.02693  -0.15336   7.70000  9
  -0.28502   0.69727   0.24347   0.02794   7.70000 10
   0.01610  -0.94580  -0.13730   0.12684   7.80000  1
  -0.58060   0.34862  -0.06360  -0.02663   7.80000  2
   0.23995  -1.28470   0.11547  -0.14826   7.80000  3
   0.52263   0.42130  -0.04867  -0.05557   7.80000  4
  -0.28778  -1.08394   0.14438   0.07668   7.80000  5
   0.00352  -0.91390  -0.04744  -0.08710   7.80000  6
  -0.24535  -0.39470  -0.06303   0.25650   7.80000  7
   0.96219   0.27641  -0.11862  -0.00510   7.80000  8
  -0.71805   0.66066  -0.01871  -0.16001   7.80000  9
  -0.26098   0.69980   0.23753   0.02264   7.80000 10
   0.00204  -0.93309  -0.14357   0.12666   7.90000  1
  -0.58687   0.34632  -0.06181  -0.01948   7.90000  2
   0.25106  -1.29900   0.10679  -0.13788   7.90000  3
   0.51782   0.41564  -0.04748  -0.05759   7.90000  4
  -0.27256  -1.07586   0.16016   0.08494   7.90000  5
  -0.00138  -0.92303  -0.05082  -0.09489   7.90000  6
  -0.25153  -0.36929  -0.06057   0.25183   7.90000  7
   0.95005   0.27595  -0.12422  -0.00417   7.90000  8
  -0.71952   0.64432  -0.01071  -0.16689   7.90000  9
  -0.23750   0.70181   0.23222   0.01747   7.90000 10
  -0.01258  -0.92061  -0.14872   0.12225   8.00000  1
  -0.59297   0.34472  -0.06022  -0.01241   8.00000  2
   0.26132  -1.31230   0.09853  -0.12821   8.00000  3
   0.51313   0.40978  -0.04628  -0.05959   8.00000  4
  -0.25571  -1.06692   0.17687   0.09395   8.00000  5
  -0.00672  -0.93275  -0.05643  -0.09889   8.00000  6
  -0.25747  -0.34432  -0.05836   0.24783   8.00000  7
   0.93734   0.27558  -0.13002  -0.00322   8.00000  8
  -0.72019   0.62728  -0.00284  -0.17411   8.00000  9
  -0.21452   0.70330   0.22748   0.01240   8.00000 10
  -0.02766  -0.90879  -0.15272   0.11341   8.10000  1
  -0.59892   0.34384  -0.05889  -0.00533   8.10000  2
   0.27078  -1.32467   0.09063  -0.11915   8.10000  3
   0.50856   0.40373  -0.04507  -0.06157   8.10000  4
  -0.23715  -1.05704   0.19463   0.10391   8.10000  5
  -0.01275  -0.94268  -0.06440  -0.09916   8.10000  6
  -0.26321  -0.31971  -0.05639   0.24446   8.10000  7
   0.92404   0.27530  -0.13604  -0.00224   8.10000  8
  -0.72009   0.60949   0.00497  -0.18174   8.10000  9
  -0.19198   0.70429   0.22328   0.00741   8.10000 10
