   0.19822   0.97094  -0.02384   0.02200   0.10000  1
   0.07936   1.12236   0.06424  -0.10031   0.10000  2
  -0.15726  -1.56319   0.04177   0.02148   0.10000  3
   0.02342  -1.48806  -0.03894  -0.00984   0.10000  4
   0.18187  -0.53994   0.03300   0.02363   0.10000  5
   0.34459  -0.43121  -0.04021  -0.02183   0.10000  6
   0.14216   0.94808   0.05308   0.05910   0.10000  7
   0.32580   0.99835  -0.12658  -0.01311   0.10000  8
  -0.42249   0.49116  -0.02050   0.02622   0.10000  9
  -0.60811   0.55332   0.05798  -0.00735   0.10000 10
   0.19473   0.97433  -0.04554   0.04646   0.20000  1
   0.08918   1.10716   0.13330  -0.20443   0.20000  2
  -0.15096  -1.55995   0.08450   0.04344   0.20000  3
   0.01754  -1.48955  -0.07881  -0.02018   0.20000  4
   0.18685  -0.53637   0.06680   0.04796   0.20000  5
   0.33853  -0.43451  -0.08125  -0.04433   0.20000  6
   0.15004   0.95694   0.10374   0.11795   0.20000  7
   0.30662   0.99644  -0.25803  -0.02475   0.20000  8
  -0.42560   0.49510  -0.04191   0.05261   0.20000  9
  -0.59937   0.55222   0.11720  -0.01473   0.20000 10
   0.18926   0.98037  -0.06288   0.07512   0.30000  1
   0.10636   1.08126   0.21237  -0.31445   0.30000  2
  -0.14030  -1.55448   0.12899   0.06634   0.30000  3
   0.00760  -1.49213  -0.12039  -0.03146   0.30000  4
   0.19528  -0.53030   0.10206   0.07364   0.30000  5
   0.32829  -0.44012  -0.12380  -0.06814   0.30000  6
   0.16266   0.97158   0.14651   0.17349   0.30000  7
   0.27393   0.99355  -0.39668  -0.03171   0.30000  8
  -0.43093   0.50169  -0.06502   0.07922   0.30000  9
  -0.58459   0.55038   0.17883  -0.02205   0.30000 10
   0.18232   0.98941  -0.07522   0.10468   0.40000  1
   0.13206   1.04429   0.30247  -0.42227   0.40000  2
  -0.12510  -1.54665   0.17543   0.09041   0.40000  3
  -0.00660  -1.49588  -0.16387  -0.04392   0.40000  4
   0.20732  -0.52158   0.13890   0.10101   0.40000  5
   0.31371  -0.44819  -0.16800  -0.09357   0.40000  6
   0.17860   0.99113   0.16630   0.21260   0.40000  7
   0.22741   0.99051  -0.52954  -0.02588   0.40000  8
  -0.43867   0.51094  -0.09002   0.10579   0.40000  9
  -0.56350   0.54782   0.24354  -0.02885   0.40000 10
   0.17435   1.00068  -0.08323   0.11476   0.50000  1
   0.16615   0.99839   0.36744  -0.48030   0.50000  2
  -0.10522  -1.53637   0.22159   0.11498   0.50000  3
  -0.02517  -1.50093  -0.20698  -0.05688   0.50000  4
   0.22305  -0.51007   0.17522   0.12908   0.50000  5
   0.29470  -0.45886  -0.21175  -0.11960   0.50000  6
   0.19415   1.01245   0.13449   0.20277   0.50000  7
   0.17032   0.98904  -0.59167  -0.00227   0.50000  8
  -0.44894   0.52280  -0.11488   0.13100   0.50000  9
  -0.53582   0.54468   0.30977  -0.03353   0.50000 10
   0.16599   1.01092  -0.08245   0.08406   0.60000  1
   0.20194   0.95210   0.33234  -0.42967   0.60000  2
  -0.08109  -1.52375   0.25783   0.13638   0.60000  3
  -0.04768  -1.50716  -0.24011  -0.06664   0.60000  4
   0.24207  -0.49591   0.20239   0.15258   0.60000  5
   0.27165  -0.47197  -0.24643  -0.14092   0.60000  6
   0.20406   1.02965   0.06046   0.13448   0.60000  7
   0.11375   0.98962  -0.52241   0.01057   0.60000  8
  -0.46135   0.53697  -0.13053   0.15094   0.60000  9
  -0.50176   0.54133   0.36890  -0.03177   0.60000 10
   0.15799   1.01693  -0.07762   0.03567   0.70000  1
   0.23101   0.91395   0.24635  -0.33148   0.70000  2
  -0.05464  -1.50948   0.26519   0.14668   0.70000  3
  -0.07221  -1.51388  -0.24432  -0.06522   0.70000  4
   0.26264  -0.48010   0.20344   0.16009   0.70000  5
   0.24630  -0.48650  -0.25502  -0.14613   0.70000  6
   0.20613   1.03876  -0.01840   0.04722   0.70000  7
   0.06735   0.99073  -0.40389   0.01052   0.70000  8
  -0.47408   0.55260  -0.11787   0.15941   0.70000  9
  -0.46292   0.53877   0.40214  -0.01677   0.70000 10
   0.15042   1.01812  -0.07418  -0.01125   0.80000  1
   0.25111   0.88567   0.15600  -0.23563   0.80000  2
  -0.02922  -1.49489   0.23873   0.14313   0.80000  3
  -0.09538  -1.51972  -0.21470  -0.04978   0.80000  4
   0.28170  -0.46459   0.17396   0.14749   0.80000  5
   0.22170  -0.50049  -0.23305  -0.13108   0.80000  6
   0.20054   1.03923  -0.09262  -0.03672   0.80000  7
   0.03286   0.99156  -0.28701   0.00522   0.80000  8
  -0.48369   0.56846  -0.06945   0.15665   0.80000  9
  -0.42248   0.53845   0.40231   0.01196   0.80000 10
   0.14305   1.01480  -0.07398  -0.05497   0.90000  1
   0.26226   0.86651   0.06698  -0.14896   0.90000  2
  -0.00740  -1.48107   0.19667   0.13282   0.90000  3
  -0.11464  -1.52360  -0.16951  -0.02734   0.90000  4
   0.29697  -0.45093   0.13041   0.12493   0.90000  5
   0.20015  -0.51238  -0.19694  -0.10598   0.90000  6
   0.18779   1.03167  -0.16148  -0.11325   0.90000  7
   0.00971   0.99161  -0.17680  -0.00511   0.90000  8
  -0.48735   0.58382  -0.00202   0.15051   0.90000  9
  -0.38298   0.54138   0.38668   0.04736   0.90000 10
   0.13543   1.00714  -0.07963  -0.09840   1.00000  1
   0.26446   0.85564  -0.02367  -0.06938   1.00000  2
   0.01005  -1.46836   0.15244   0.12139   1.00000  3
  -0.12922  -1.52515  -0.12220  -0.00352   1.00000  4
   0.30774  -0.43965   0.08502   0.10064   1.00000  5
   0.18236  -0.52164  -0.15891  -0.07907   1.00000  6
   0.16846   1.01685  -0.22375  -0.18153   1.00000  7
  -0.00261   0.99034  -0.06976  -0.02144   1.00000  8
  -0.48394   0.59862   0.07054   0.14597   1.00000  9
  -0.34517   0.54800   0.36991   0.08534   1.00000 10
   0.12680   0.99501  -0.09490  -0.14493   1.10000  1
   0.25732   0.85248  -0.12058   0.00552   1.10000  2
   0.02315  -1.45677   0.11001   0.11064   1.10000  3
  -0.13915  -1.52432  -0.07673   0.01994   1.10000  4
   0.31404  -0.43077   0.04137   0.07722   1.10000  5
   0.16831  -0.52823  -0.12253  -0.05295   1.10000  6
   0.14335   0.99569  -0.27648  -0.23972   1.10000  7
  -0.00420   0.98706   0.03821  -0.04575   1.10000  8
  -0.47320   0.61312   0.14429   0.14442   1.10000  9
  -0.30885   0.55852   0.35733   0.12561   1.10000 10
   0.11602   0.97798  -0.12279  -0.19648   1.20000  1
   0.23995   0.85663  -0.22933   0.07676   1.20000  2
   0.03212  -1.44621   0.06964   0.10072   1.20000  3
  -0.14464  -1.52118  -0.03337   0.04287   1.20000  4
   0.31608  -0.42417  -0.00027   0.05493   1.20000  5
   0.15779  -0.53226  -0.08806  -0.02787   1.20000  6
   0.11364   0.96936  -0.31485  -0.28418   1.20000  7
   0.00513   0.98078   0.14873  -0.08245   1.20000  8
  -0.45503   0.62762   0.21967   0.14626   1.20000  9
  -0.27351   0.57324   0.35063   0.16943   1.20000 10
   0.10189   0.95561  -0.16090  -0.25097   1.30000  1
   0.21084   0.86766  -0.35631   0.14265   1.30000  2
   0.03713  -1.43661   0.03064   0.09134   1.30000  3
  -0.14587  -1.51575   0.00861   0.06561   1.30000  4
   0.31403  -0.41976  -0.04054   0.03331   1.30000  5
   0.15065  -0.53382  -0.05488  -0.00336   1.30000  6
   0.08114   0.93950  -0.32998  -0.30949   1.30000  7
   0.02539   0.96988   0.25353  -0.13993   1.30000  8
  -0.42915   0.64250   0.29883   0.15194   1.30000  9
  -0.23849   0.59260   0.35100   0.21890   1.30000 10
   0.08392   0.92795  -0.19645  -0.30025   1.40000  1
   0.16792   0.88473  -0.50544   0.19493   1.40000  2
   0.03826  -1.42794  -0.00790   0.08202   1.40000  3
  -0.14293  -1.50805   0.05014   0.08861   1.40000  4
   0.30799  -0.41751  -0.08024   0.01173   1.40000  5
   0.14680  -0.53293  -0.02223   0.02124   1.40000  6
   0.04899   0.90823  -0.30523  -0.31241   1.40000  7
   0.05465   0.95183   0.32193  -0.22558   1.40000  8
  -0.39503   0.65817   0.38505   0.16254   1.40000  9
  -0.20301   0.61731   0.36037   0.27718   1.40000 10
   0.06321   0.89617  -0.21537  -0.33119   1.50000  1
   0.10960   0.90531  -0.65503   0.20469   1.50000  2
   0.03553  -1.42022  -0.04689   0.07224   1.50000  3
  -0.13582  -1.49801   0.09215   0.11241   1.50000  4
   0.29798  -0.41744  -0.12011  -0.01057   1.50000  5
   0.14622  -0.52954   0.01066   0.04669   1.50000  6
   0.02149   0.87751  -0.24088  -0.30056   1.50000  7
   0.08712   0.92430   0.31049  -0.32312   1.50000  8
  -0.35175   0.67524   0.48294   0.18032   1.50000  9
  -0.16601   0.64848   0.38205   0.34910   1.50000 10
   0.04077   0.86260  -0.23706  -0.33699   1.60000  1
   0.03980   0.92226  -0.72260   0.11632   1.60000  2
   0.02885  -1.41352  -0.08713   0.06143   1.60000  3
  -0.12445  -1.48552   0.13549   0.13757   1.60000  4
   0.28394  -0.41967  -0.16078  -0.03436   1.60000  5
   0.14896  -0.52354   0.04441   0.07382   1.60000  6
   0.00073   0.84832  -0.17894  -0.28285   1.60000  7
   0.11283   0.88844   0.18666  -0.38623   1.60000  8
  -0.29784   0.69462   0.59906   0.20985   1.60000  9
  -0.12603   0.68781   0.42090   0.44144   1.60000 10
   0.01484   0.82893  -0.28619  -0.33762   1.70000  1
  -0.03223   0.92608  -0.70934  -0.04709   1.70000  2
   0.01805  -1.40798  -0.12902   0.04908   1.70000  3
  -0.10866  -1.47043   0.18058   0.16464   1.70000  4
   0.26578  -0.42439  -0.20243  -0.06039   1.70000  5
   0.15513  -0.51470   0.07921   0.10342   1.70000  6
  -0.01572   0.82074  -0.15805  -0.27091   1.70000  7
   0.12254   0.84803   0.00310  -0.41973   1.70000  8
  -0.23103   0.71790   0.74249   0.26030   1.70000  9
  -0.08114   0.73763   0.47965   0.55830   1.70000 10
  -0.01698   0.79507  -0.34777  -0.33474   1.80000  1
  -0.10044   0.91197  -0.64436  -0.23644   1.80000  2
   0.00302  -1.40376  -0.17137   0.03513   1.80000  3
  -0.08831  -1.45252   0.22625   0.19369   1.80000  4
   0.24346  -0.43183  -0.24380  -0.08880   1.80000  5
   0.16480  -0.50276   0.11382   0.13563   1.80000  6
  -0.03202   0.79402  -0.16922  -0.25957   1.80000  7
   0.11278   0.80496  -0.20187  -0.43779   1.80000  8
  -0.14818   0.74787   0.91921   0.34565   1.80000  9
  -0.03056   0.79880   0.51910   0.64724   1.80000 10
  -0.05271   0.76412  -0.35032  -0.27300   1.90000  1
  -0.15826   0.87967  -0.49858  -0.39884   1.90000  2
  -0.01604  -1.40095  -0.20783   0.02163   1.90000  3
  -0.06359  -1.43168   0.26614   0.22270   1.90000  4
   0.21721  -0.44215  -0.27922  -0.11696   1.90000  5
   0.17771  -0.48756   0.14252   0.16780   1.90000  6
  -0.04879   0.77038  -0.15741  -0.20555   1.90000  7
   0.08171   0.76203  -0.41763  -0.40919   1.90000  8
  -0.04816   0.78725   1.05674   0.42874   1.90000  9
   0.01848   0.86070   0.44559   0.56269   1.90000 10
  -0.08380   0.74163  -0.26449  -0.17794   2.00000  1
  -0.19882   0.83482  -0.31237  -0.48820   2.00000  2
  -0.03781  -1.39919  -0.22205   0.01579   2.00000  3
  -0.03582  -1.40822   0.28386   0.24454   2.00000  4
   0.18828  -0.45490  -0.29473  -0.13524   2.00000  5
   0.19264  -0.46952   0.15127   0.19017   2.00000  6
  -0.06165   0.75361  -0.09744  -0.13246   2.00000  7
   0.03105   0.72577  -0.57962  -0.30641   2.00000  8
   0.05596   0.82916   0.99748   0.39580   2.00000  9
   0.05753   0.90865   0.33809   0.39396   2.00000 10
  -0.10580   0.72757  -0.17896  -0.10866   2.10000  1
  -0.22105   0.78327  -0.13313  -0.53822   2.10000  2
  -0.05924  -1.39725  -0.20124   0.02557   2.10000  3
  -0.00804  -1.38330   0.26655   0.25136   2.10000  4
   0.15934  -0.46846  -0.27937  -0.13224   2.10000  5
   0.20689  -0.45027   0.12901   0.19115   2.10000  6
  -0.06926   0.74263  -0.06276  -0.09387   2.10000  7
  -0.03136   0.70113  -0.66052  -0.18857   2.10000  8
   0.14872   0.86633   0.85538   0.35203   2.10000  9
   0.08735   0.94015   0.26504   0.24145   2.10000 10
  -0.12055   0.71879  -0.12236  -0.07276   2.20000  1
  -0.22545   0.72810   0.04530  -0.55961   2.20000  2
  -0.07732  -1.39367  -0.15856   0.04743   2.20000  3
   0.01675  -1.35833   0.22728   0.24683   2.20000  4
   0.13305  -0.48077  -0.24467  -0.11220   2.20000  5
   0.21779  -0.43188   0.08722   0.17480   2.20000  6
  -0.07611   0.73363  -0.08403  -0.09070   2.20000  7
  -0.09971   0.68763  -0.69809  -0.08376   2.20000  8
   0.22747   0.90020   0.72296   0.32686   2.20000  9
   0.11165   0.95810   0.22493   0.12311   2.20000 10
  -0.13171   0.71192  -0.10732  -0.06950   2.30000  1
  -0.21227   0.67285   0.21248  -0.53481   2.30000  2
  -0.09080  -1.38762  -0.11093   0.07383   2.30000  3
   0.03727  -1.33405   0.18291   0.23860   2.30000  4
   0.11052  -0.49071  -0.20592  -0.08607   2.30000  5
   0.22421  -0.41552   0.04121   0.15196   2.30000  6
  -0.08767   0.72388  -0.15220  -0.10634   2.30000  7
  -0.16885   0.68349  -0.67187  -0.00696   2.30000  8
   0.29399   0.93179   0.61078   0.30488   2.30000  9
   0.13286   0.96576   0.20085   0.03441   2.30000 10
  -0.14289   0.70408  -0.11789  -0.09050   2.40000  1
  -0.18537   0.62364   0.30948  -0.43818   2.40000  2
  -0.09956  -1.37887  -0.06474   0.10130   2.40000  3
   0.05338  -1.31061   0.13977   0.23026   2.40000  4
   0.09180  -0.49797  -0.16890  -0.05919   2.40000  5
   0.22609  -0.40152  -0.00324   0.12800   2.40000  6
  -0.10694   0.71199  -0.23226  -0.13356   2.40000  7
  -0.23120   0.68421  -0.56197   0.01246   2.40000  8
   0.35023   0.96113   0.51685   0.28167   2.40000  9
   0.15202   0.96572   0.18290  -0.03225   2.40000 10
  -0.15521   0.69340  -0.12741  -0.12414   2.50000  1
  -0.15306   0.58646   0.32660  -0.30336   2.50000  2
  -0.10383  -1.36735  -0.02098   0.12899   2.50000  3
   0.06530  -1.28797   0.09884   0.22272   2.50000  4
   0.07665  -0.50257  -0.13444  -0.03293   2.50000  5
   0.22365  -0.38990  -0.04525   0.10439   2.50000  6
  -0.13349   0.69682  -0.29384  -0.17079   2.50000  7
  -0.27981   0.68500  -0.40829   0.00135   2.50000  8
   0.39786   0.98807   0.43800   0.25689   2.50000  9
   0.16950   0.95984   0.16678  -0.08313   2.50000 10
  -0.16820   0.67919  -0.13192  -0.15983   2.60000  1
  -0.12169   0.56288   0.29405  -0.17063   2.60000  2
  -0.10382  -1.35306   0.02089   0.15707   2.60000  3
   0.07321  -1.26604   0.05959   0.21595   2.60000  4
   0.06484  -0.50457  -0.10204  -0.00721   2.60000  5
   0.21711  -0.38063  -0.08528   0.08111   2.60000  6
  -0.16457   0.67783  -0.32178  -0.20786   2.60000  7
  -0.31294   0.68427  -0.25546  -0.01675   2.60000  8
   0.43824   1.01248   0.37132   0.23109   2.60000  9
   0.18538   0.94946   0.15063  -0.12293   2.60000 10
  -0.18164   0.66158  -0.13741  -0.19129   2.70000  1
  -0.09536   0.55168   0.22810  -0.05729   2.70000  2
  -0.09969  -1.33591   0.06175   0.18599   2.70000  3
   0.07724  -1.24477   0.02115   0.20956   2.70000  4
   0.05620  -0.50401  -0.07098   0.01853   2.70000  5
   0.20663  -0.37369  -0.12402   0.05760   2.70000  6
  -0.19675   0.65572  -0.31718  -0.23116   2.70000  7
  -0.33112   0.68143  -0.10924  -0.04151   2.70000  8
   0.47245   1.03427   0.31439   0.20484   2.70000  9
   0.19959   0.93550   0.13344  -0.15527   2.70000 10
  -0.19582   0.64121  -0.14698  -0.21422   2.80000  1
  -0.07671   0.55059   0.14259   0.03156   2.80000  2
  -0.09148  -1.31581   0.10248   0.21639   2.80000  3
   0.07744  -1.22413  -0.01731   0.20302   2.80000  4
   0.05062  -0.50084  -0.04065   0.04504   2.80000  5
   0.19232  -0.36914  -0.16208   0.03305   2.80000  6
  -0.22724   0.63229  -0.28964  -0.23385   2.80000  7
  -0.33495   0.67562   0.03197  -0.07682   2.80000  8
   0.50138   1.05345   0.26527   0.17863   2.80000  9
   0.21200   0.91856   0.11436  -0.18281   2.80000 10
  -0.21113   0.61917  -0.15941  -0.22405   2.90000  1
  -0.06718   0.55721   0.04675   0.09720   2.90000  2
  -0.07917  -1.29256   0.14383   0.24907   2.90000  3
   0.07375  -1.20419  -0.05653   0.19568   2.90000  4
   0.04806  -0.49494  -0.01067   0.07325   2.90000  5
   0.17422  -0.36715  -0.19987   0.00643   2.90000  6
  -0.25414   0.60964  -0.24571  -0.21596   2.90000  7
  -0.32494   0.66557   0.16666  -0.12699   2.90000  8
   0.52572   1.07001   0.22244   0.15284   2.90000  9
   0.22237   0.89903   0.09252  -0.20747   2.90000 10
  -0.22765   0.59699  -0.16976  -0.21624   3.00000  1
  -0.06756   0.56935  -0.05513   0.14215   3.00000  2
  -0.06268  -1.26589   0.18622   0.28491   3.00000  3
   0.06609  -1.18505  -0.09686   0.18681   3.00000  4
   0.04848  -0.48610   0.01889   0.10423   3.00000  5
   0.15236  -0.36797  -0.23740  -0.02340   3.00000  6
  -0.27578   0.58965  -0.18345  -0.18182   3.00000  7
  -0.30212   0.64965   0.28582  -0.19387   3.00000  8
   0.54603   1.08404   0.18469   0.12776   3.00000  9
   0.23038   0.87712   0.06697  -0.23052   3.00000 10
  -0.24463   0.57657  -0.16605  -0.18938   3.10000  1
  -0.07838   0.58499  -0.16235   0.16742   3.10000  2
  -0.04191  -1.23544   0.22890   0.32469   3.10000  3
   0.05437  -1.16690  -0.13754   0.17580   3.10000  4
   0.05179  -0.47398   0.04694   0.13887   3.10000  5
   0.12679  -0.37197  -0.27360  -0.05740   3.10000  6
  -0.28997   0.57350  -0.09578  -0.14114   3.10000  7
  -0.26888   0.62647   0.37156  -0.26981   3.10000  8
   0.56279   1.09560   0.15111   0.10358   3.10000  9
   0.23561   0.85296   0.03680  -0.25263   3.10000 10
  -0.25973   0.55951  -0.12904  -0.15110   3.20000  1
  -0.10023   0.60205  -0.27529   0.16865   3.20000  2
  -0.01702  -1.20083   0.26753   0.36788   3.20000  3
   0.03871  -1.14994  -0.17424   0.16339   3.20000  4
   0.05770  -0.45821   0.06971   0.17669   3.20000  5
   0.09780  -0.37958  -0.30469  -0.09510   3.20000  6
  -0.29410   0.56120   0.01628  -0.10677   3.20000  7
  -0.22950   0.59620   0.40741  -0.32999   3.20000  8
   0.57637   1.10479   0.12097   0.08045   3.20000  9
   0.23756   0.82662   0.00135  -0.27409   3.20000 10
  -0.26912   0.54630  -0.05337  -0.11380   3.30000  1
  -0.13331   0.61738  -0.38273   0.12936   3.30000  2
   0.01105  -1.16192   0.28951   0.40914   3.30000  3
   0.02006  -1.13409  -0.19444   0.15519   3.30000  4
   0.06526  -0.43871   0.07806   0.21199   3.30000  5
   0.06632  -0.39093  -0.32138  -0.13077   3.30000  6
  -0.28640   0.55176   0.13767  -0.08344   3.30000  7
  -0.18908   0.56214   0.39243  -0.34108   3.30000  8
   0.58708   1.11172   0.09376   0.05845   3.30000  9
   0.23570   0.79816  -0.03952  -0.29505   3.30000 10
  -0.26964   0.53668   0.04525  -0.07823   3.40000  1
  -0.17537   0.62612  -0.44927   0.03795   3.40000  2
   0.03976  -1.11945   0.27906   0.43735   3.40000  3
   0.00092  -1.11837  -0.18262   0.16266   3.40000  4
   0.07243  -0.41636   0.06068   0.23099   3.40000  5
   0.03442  -0.40519  -0.31201  -0.15064   3.40000  6
  -0.26688   0.54438   0.24968  -0.06409   3.40000  7
  -0.15278   0.52988   0.32567  -0.29754   3.40000  8
   0.59521   1.11652   0.06908   0.03762   3.40000  9
   0.22949   0.76761  -0.08553  -0.31608   3.40000 10
  -0.25987   0.53077   0.14971  -0.03942   3.50000  1
  -0.22120   0.62396  -0.45679  -0.08364   3.50000  2
   0.06594  -1.07500   0.24148   0.44974   3.50000  3
  -0.01557  -1.10091  -0.14446   0.18900   3.50000  4
   0.07663  -0.39335   0.02090   0.22573   3.50000  5
   0.00471  -0.42024  -0.27940  -0.14683   3.50000  6
  -0.23746   0.53910   0.33166  -0.04085   3.50000  7
  -0.12501   0.50328   0.22720  -0.23315   3.50000  8
   0.60097   1.11929   0.04655   0.01794   3.50000  9
   0.21842   0.73489  -0.13686  -0.33851   3.50000 10
  -0.24010   0.52879   0.24205  -0.00151   3.60000  1
  -0.26435   0.60938  -0.39380  -0.20487   3.60000  2
   0.08776  -1.02975   0.19452   0.45471   3.60000  3
  -0.02772  -1.08021  -0.09820   0.22632   3.60000  4
   0.07639  -0.37175  -0.02587   0.20463   3.60000  5
  -0.02119  -0.43406  -0.23839  -0.12805   3.60000  6
  -0.20226   0.53605   0.36390  -0.02282   3.60000  7
  -0.10744   0.48340   0.12511  -0.16374   3.60000  8
   0.60458   1.12014   0.02582  -0.00073   3.60000  9
   0.20189   0.69980  -0.19515  -0.36396   3.60000 10
  -0.21227   0.52986   0.31094   0.01835   3.70000  1
  -0.29788   0.58415  -0.26958  -0.29263   3.70000  2
   0.10483  -0.98408   0.14683   0.45881   3.70000  3
  -0.03525  -1.05549  -0.05301   0.26868   3.70000  4
   0.07153  -0.35261  -0.07058   0.17751   3.70000  5
  -0.04297  -0.44570  -0.19745  -0.10438   3.70000  6
  -0.16596   0.53376   0.35811  -0.02703   3.70000  7
  -0.09968   0.47078   0.03215  -0.08695   3.70000  8
   0.60618   1.11917   0.00650  -0.01851   3.70000  9
   0.17904   0.66195  -0.26391  -0.39384   3.70000 10
  -0.17839   0.53144   0.36540   0.00814   3.80000  1
  -0.31748   0.55223  -0.12086  -0.33982   3.80000  2
   0.11716  -0.93793   0.09993   0.46459   3.80000  3
  -0.03842  -1.02637  -0.01098   0.31419   3.80000  4
   0.06242  -0.33630  -0.11095   0.14868   3.80000  5
  -0.06075  -0.45494  -0.15829  -0.08055   3.80000  6
  -0.13107   0.53000   0.33830  -0.05041   3.80000  7
  -0.10038   0.46634  -0.04189  -0.00038   3.80000  8
   0.60591   1.11646  -0.01176  -0.03559   3.80000  9
   0.14857   0.62086  -0.34889  -0.42886   3.80000 10
  -0.13937   0.53062   0.41366  -0.02785   3.90000  1
  -0.32200   0.51711   0.03010  -0.35890   3.90000  2
   0.12481  -0.89108   0.05304   0.47281   3.90000  3
  -0.03755  -0.99254   0.02803   0.36298   3.90000  4
   0.04949  -0.32290  -0.14689   0.11927   3.90000  5
  -0.07467  -0.46185  -0.12036  -0.05805   3.90000  6
  -0.09851   0.52348   0.31197  -0.07990   3.90000  7
  -0.10692   0.47085  -0.08138   0.08984   3.90000  8
   0.60386   1.11207  -0.02929  -0.05213   3.90000  9
   0.10843   0.57604  -0.45888  -0.46807   3.90000 10
  -0.09615   0.52542   0.44689  -0.07739   4.00000  1
  -0.31149   0.48106   0.18031  -0.35921   4.00000  2
   0.12772  -0.84328   0.00483   0.48356   4.00000  3
  -0.03290  -0.95363   0.06451   0.41608   4.00000  4
   0.03318  -0.31247  -0.17857   0.08899   4.00000  5
  -0.08483  -0.46660  -0.08266  -0.03714   4.00000  6
  -0.06885   0.51423   0.28064  -0.10370   4.00000  7
  -0.11479   0.48370  -0.06558   0.16104   4.00000  8
   0.60007   1.10605  -0.04634  -0.06834   4.00000  9
   0.05560   0.52733  -0.60403  -0.50388   4.00000 10
  -0.05119   0.51498   0.44231  -0.13290   4.10000  1
  -0.28585   0.44585   0.33341  -0.34192   4.10000  2
   0.12569  -0.79428  -0.04613   0.49681   4.10000  3
  -0.02472  -0.90913   0.09878   0.47512   4.10000  4
   0.01392  -0.30515  -0.20585   0.05700   4.10000  5
  -0.09118  -0.46933  -0.04423  -0.01763   4.10000  6
  -0.04269   0.50285   0.23813  -0.12525   4.10000  7
  -0.11804   0.50116   0.00822   0.17560   4.10000  8
   0.59460   1.09841  -0.06313  -0.08447   4.10000  9
  -0.01298   0.47644  -0.76152  -0.50235   4.10000 10
  -0.01073   0.49857   0.35277  -0.19375   4.20000  1
  -0.24458   0.41333   0.49316  -0.30523   4.20000  2
   0.11836  -0.74384  -0.10127   0.51247   4.20000  3
  -0.01323  -0.85833   0.13055   0.54238   4.20000  4
  -0.00782  -0.30117  -0.22796   0.02199   4.20000  5
  -0.09362  -0.47017  -0.00428   0.00063   4.20000  6
  -0.02289   0.48875   0.15045  -0.15734   4.20000  7
  -0.11273   0.51597   0.09448   0.10730   4.20000  8
   0.58745   1.08914  -0.07986  -0.10083   4.20000  9
  -0.09265   0.42955  -0.80804  -0.42762   4.20000 10
   0.01788   0.47700   0.21688  -0.23411   4.30000  1
  -0.18731   0.38546   0.64498  -0.24905   4.30000  2
   0.10525  -0.69171  -0.16171   0.53059   4.30000  3
   0.00126  -0.80028   0.15832   0.62080   4.30000  4
  -0.03144  -0.30092  -0.24306  -0.01789   4.30000  5
  -0.09196  -0.46925   0.03795   0.01745   4.30000  6
  -0.01308   0.47161   0.04719  -0.18416   4.30000  7
  -0.10032   0.52079   0.14907  -0.01546   4.30000  8
   0.57862   1.07822  -0.09665  -0.11773   4.30000  9
  -0.17135   0.39087  -0.75298  -0.35044   4.30000 10
   0.03248   0.45225   0.07478  -0.25961   4.40000  1
  -0.11857   0.36404   0.71722  -0.17656   4.40000  2
   0.08584  -0.63762  -0.22734   0.55182   4.40000  3
   0.01816  -0.73369   0.17767   0.71371   4.40000  4
  -0.05608  -0.30499  -0.24745  -0.06489   4.40000  5
  -0.08593  -0.46675   0.08333   0.03191   4.40000  6
  -0.01286   0.45201  -0.03910  -0.20838   4.40000  7
  -0.08328   0.51248   0.19170  -0.15193   4.40000  8
   0.56811   1.06557  -0.11352  -0.13540   4.40000  9
  -0.24031   0.35851  -0.61728  -0.30067   4.40000 10
   0.03286   0.42516  -0.06562  -0.28224   4.50000  1
  -0.04504   0.35088   0.74746  -0.08305   4.50000  2
   0.05973  -0.58115  -0.29418   0.57914   4.50000  3
   0.03616  -0.65699   0.17745   0.82250   4.50000  4
  -0.08037  -0.31421  -0.23479  -0.12116   4.50000  5
  -0.07515  -0.46300   0.13319   0.04254   4.50000  6
  -0.01990   0.42966  -0.09443  -0.24000   4.50000  7
  -0.06184   0.49027   0.23795  -0.29273   4.50000  8
   0.55592   1.05111  -0.13048  -0.15402   4.50000  9
  -0.29482   0.33007  -0.47656  -0.27099   4.50000 10
   0.02022   0.39577  -0.17812  -0.30456   4.60000  1
   0.02876   0.34769   0.71256   0.01585   4.60000  2
   0.02732  -0.52131  -0.35125   0.62098   4.60000  3
   0.05228  -0.56891   0.13592   0.93846   4.60000  4
  -0.10215  -0.32954  -0.19540  -0.18662   4.60000  5
  -0.05909  -0.45835   0.18874   0.05073   4.60000  6
  -0.02972   0.40392  -0.09072  -0.27366   4.60000  7
  -0.03570   0.45396   0.28343  -0.43197   4.60000  8
   0.54202   1.03473  -0.14749  -0.17381   4.60000  9
  -0.33638   0.30384  -0.35767  -0.25540   4.60000 10
  -0.00021   0.36485  -0.21762  -0.31019   4.70000  1
   0.09412   0.35235   0.58292   0.06587   4.70000  2
  -0.00971  -0.45635  -0.38410   0.67913   4.70000  3
   0.06131  -0.47004   0.03517   1.03141   4.70000  4
  -0.11812  -0.35157  -0.11637  -0.25234   4.70000  5
  -0.03748  -0.45226   0.23990   0.07856   4.70000  6
  -0.03616   0.37530  -0.03220  -0.29793   4.70000  7
  -0.00579   0.40457   0.30931  -0.54960   4.70000  8
   0.52642   1.01630  -0.16450  -0.19510   4.70000  9
  -0.36681   0.27865  -0.25251  -0.24982   4.70000 10
  -0.02121   0.33392  -0.19404  -0.31055   4.80000  1
   0.14438   0.35873   0.42244   0.05279   4.80000  2
  -0.04817  -0.38612  -0.37805   0.71874   4.80000  3
   0.05812  -0.36490  -0.09984   1.05843   4.80000  4
  -0.12390  -0.37883   0.00643  -0.28119   4.80000  5
  -0.01279  -0.44030   0.24208   0.17233   4.80000  6
  -0.03563   0.34420   0.04301  -0.32600   4.80000  7
   0.02474   0.34585   0.29357  -0.61408   4.80000  8
   0.50912   0.99565  -0.18147  -0.21823   4.80000  9
  -0.38711   0.25361  -0.15414  -0.25224   4.80000 10
  -0.03779   0.30203  -0.13333  -0.33127   4.90000  1
   0.17910   0.36150   0.27542  -0.00256   4.90000  2
  -0.08402  -0.31411  -0.33256   0.71606   4.90000  3
   0.04214  -0.26032  -0.21306   1.02870   4.90000  4
  -0.11689  -0.40455   0.12748  -0.21742   4.90000  5
   0.00887  -0.41663   0.18427   0.30105   4.90000  6
  -0.02789   0.30963   0.10880  -0.36758   4.90000  7
   0.05161   0.28370   0.23894  -0.62159   4.90000  8
   0.49013   0.97258  -0.19839  -0.24354   4.90000  9
  -0.39770   0.22797  -0.05758  -0.26187   4.90000 10
  -0.04731   0.26688  -0.05536  -0.37552   5.00000  1
   0.20014   0.35746   0.14821  -0.08100   5.00000  2
  -0.11366  -0.24286  -0.25712   0.71358   5.00000  3
   0.01682  -0.15903  -0.28771   1.00145   5.00000  4
  -0.09994  -0.42041   0.20493  -0.09564   5.00000  5
   0.02333  -0.38069   0.10367   0.41378   5.00000  6
  -0.01456   0.27023   0.15403  -0.42277   5.00000  7
   0.07182   0.22237   0.16266  -0.60364   5.00000  8
   0.46944   0.94686  -0.21532  -0.27126   5.00000  9
  -0.39852   0.20099   0.04202  -0.27897   5.00000 10
  -0.04865   0.22611   0.02904  -0.44464   5.10000  1
   0.20917   0.34487   0.03384  -0.17283   5.10000  2
  -0.13513  -0.17013  -0.17123   0.74792   5.10000  3
  -0.01440  -0.05866  -0.33142   1.01435   5.10000  4
  -0.07689  -0.42336   0.25225   0.03728   5.10000  5
   0.02965  -0.33455   0.02396   0.50656   5.10000  6
   0.00216   0.22455   0.17642  -0.49421   5.10000  7
   0.08358   0.16286   0.06867  -0.58830   5.10000  8
   0.44706   0.91824  -0.23240  -0.30162   5.10000  9
  -0.38899   0.17189   0.15088  -0.30452   5.10000 10
  -0.04159   0.17684   0.10980  -0.54663   5.20000  1
   0.20702   0.32251  -0.07721  -0.27641   5.20000  2
  -0.14765  -0.09190  -0.07707   0.82329   5.20000  3
  -0.04800   0.04548  -0.32921   1.07174   5.20000  4
  -0.05014  -0.41283   0.27987   0.17395   5.20000  5
   0.02852  -0.27957  -0.04406   0.59378   5.20000  6
   0.01970   0.17061   0.16667  -0.58773   5.20000  7
   0.08447   0.10444  -0.05768  -0.57827   5.20000  8
   0.42295   0.88644  -0.24987  -0.33484   5.20000  9
  -0.36772   0.13979   0.27877  -0.33888   5.20000 10
  -0.02787   0.11648   0.15554  -0.65100   5.30000  1
   0.19351   0.28918  -0.19484  -0.39181   5.30000  2
  -0.14981  -0.00451   0.03947   0.92458   5.30000  3
  -0.07738   0.15315  -0.24901   1.04926   5.30000  4
  -0.02144  -0.38838   0.29162   0.31649   5.30000  5
   0.02139  -0.21525  -0.09561   0.69784   5.30000  6
   0.03330   0.10743   0.09524  -0.66617   5.30000  7
   0.07093   0.04852  -0.21395  -0.53259   5.30000  8
   0.39705   0.85117  -0.26821  -0.37118   5.30000  9
  -0.33212   0.10402   0.43975  -0.37542   5.30000 10
  -0.01192   0.04923   0.16039  -0.68626   5.40000  1
   0.16754   0.24389  -0.32760  -0.51498   5.40000  2
  -0.13857   0.09101   0.18655   0.96319   5.40000  3
  -0.09811   0.24955  -0.17117   0.86855   5.40000  4
   0.00773  -0.34912   0.28949   0.47177   5.40000  5
   0.01000  -0.13843  -0.12907   0.84863   5.40000  6
   0.03771   0.03941  -0.00906  -0.68799   5.40000  7
   0.04238  -0.00123  -0.35054  -0.46134   5.40000  8
   0.36924   0.81209  -0.28844  -0.41114   5.40000  9
  -0.27843   0.06542   0.63945  -0.39042   5.40000 10
   0.00390  -0.01990   0.15147  -0.68883   5.50000  1
   0.12740   0.18606  -0.47807  -0.64247   5.50000  2
  -0.11357   0.18319   0.30602   0.86563   5.50000  3
  -0.11220   0.32671  -0.11135   0.67626   5.50000  4
   0.03592  -0.29313   0.27056   0.65420   5.50000  5
  -0.00371  -0.04411  -0.14141   1.02326   5.50000  6
   0.03129  -0.02921  -0.12005  -0.67490   5.50000  7
   0.00294  -0.04375  -0.42298  -0.38513   5.50000  8
   0.33925   0.76879  -0.31222  -0.45570   5.50000  9
  -0.20366   0.02717   0.85803  -0.37231   5.50000 10
   0.01660  -0.08533   0.09513  -0.60580   5.60000  1
   0.07145   0.11517  -0.64127  -0.77561   5.60000  2
  -0.07876   0.26308   0.38216   0.73071   5.60000  3
  -0.12028   0.38530  -0.04898   0.49882   5.60000  4
   0.06061  -0.21670   0.21248   0.88165   5.60000  5
  -0.01801   0.05816  -0.14296   0.98843   5.60000  6
   0.01420  -0.09231  -0.21343  -0.57419   5.60000  7
  -0.03864  -0.07684  -0.39044  -0.27378   5.60000  8
   0.30660   0.72073  -0.34203  -0.50683   5.60000  9
  -0.10621  -0.00946   1.08932  -0.36338   5.60000 10
   0.02261  -0.13942   0.02868  -0.46259   5.70000  1
   0.00066   0.03143  -0.74983  -0.89573   5.70000  2
  -0.03903   0.32944   0.40326   0.59953   5.70000  3
  -0.12166   0.42722   0.02333   0.34341   5.70000  4
   0.07508  -0.11717   0.05870   1.08764   5.70000  5
  -0.03112   0.15062  -0.11576   0.85542   5.70000  6
  -0.00865  -0.14235  -0.22582  -0.41382   5.70000  7
  -0.07118  -0.09884  -0.24032  -0.16936   5.70000  8
   0.27052   0.66709  -0.38148  -0.56793   5.70000  9
   0.01032  -0.04624   1.19923  -0.37658   5.70000 10
   0.02279  -0.17551  -0.02666  -0.25969   5.80000  1
  -0.07143  -0.06294  -0.66731  -0.97691   5.80000  2
   0.00053   0.38378   0.38352   0.49121   5.80000  3
  -0.11518   0.45473   0.10860   0.20979   5.80000  4
   0.07176  -0.00643  -0.10921   1.09016   5.80000  5
  -0.04123   0.23078  -0.08555   0.76056   5.80000  6
  -0.02868  -0.17349  -0.17359  -0.21113   5.80000  7
  -0.08522  -0.11145  -0.04605  -0.08751   5.80000  8
   0.22979   0.60663  -0.43645  -0.64436   5.80000  9
   0.12443  -0.08430   1.05269  -0.37213   5.80000 10
   0.01659  -0.19294  -0.10083  -0.09893   5.90000  1
  -0.13059  -0.16045  -0.50919  -0.95556   5.90000  2
   0.03712   0.42833   0.34674   0.40233   5.90000  3
  -0.09946   0.46959   0.20817   0.08853   5.90000  4
   0.05645   0.09855  -0.18731   1.01757   5.90000  5
  -0.04770   0.30483  -0.04010   0.72802   5.90000  6
  -0.04417  -0.18605  -0.14150  -0.05053   5.90000  7
  -0.08279  -0.11825   0.08099  -0.06169   5.90000  8
   0.18234   0.53749  -0.51856  -0.74234   5.90000  9
   0.21977  -0.11929   0.86158  -0.32740   5.90000 10
   0.00226  -0.19699  -0.18563   0.01173   6.00000  1
  -0.17305  -0.25122  -0.34441  -0.85155   6.00000  2
   0.06969   0.46436   0.30117   0.31363   6.00000  3
  -0.07302   0.47240   0.32282  -0.03335   6.00000  4
   0.03554   0.19952  -0.22618   1.01500   6.00000  5
  -0.04836   0.37736   0.03227   0.72405   6.00000  6
  -0.05753  -0.18582  -0.12528   0.04557   6.00000  7
  -0.07094  -0.12562   0.14986  -0.08988   6.00000  8
   0.12460   0.45770  -0.64221  -0.84997   6.00000  9
   0.29838  -0.14989   0.71761  -0.28522   6.00000 10
  -0.02011  -0.19148  -0.25761   0.09538   6.10000  1
  -0.20089  -0.33014  -0.21960  -0.72696   6.10000  2
   0.09536   0.48912   0.20012   0.17507   6.10000  3
  -0.03484   0.46267   0.43648  -0.16119   6.10000  4
   0.01217   0.30421  -0.23551   1.08909   6.10000  5
  -0.04004   0.44853   0.13710   0.68375   6.10000  6
  -0.06866  -0.17826  -0.09371   0.10144   6.10000  7
  -0.05387  -0.13640   0.18570  -0.12428   6.10000  8
   0.05400   0.37004  -0.76087  -0.88489   6.10000  9
   0.36443  -0.17648   0.60789  -0.24742   6.10000 10
  -0.04803  -0.17842  -0.29282   0.16285   6.20000  1
  -0.21822  -0.39694  -0.13229  -0.61117   6.20000  2
   0.10818   0.49963   0.05272   0.04049   6.20000  3
   0.01203   0.44111   0.48423  -0.25624   6.20000  4
  -0.01062   0.41650  -0.21403   1.13949   6.20000  5
  -0.02149   0.51037   0.22821   0.54166   6.20000  6
  -0.07566  -0.16616  -0.04452   0.13800   6.20000  7
  -0.03524  -0.14981   0.17845  -0.13860   6.20000  8
  -0.02405   0.28507  -0.77999  -0.80203   6.20000  9
   0.42068  -0.19954   0.52002  -0.21444   6.20000 10
  -0.07687  -0.15958  -0.27537   0.21080   6.30000  1
  -0.22818  -0.45285  -0.07026  -0.50937   6.30000  2
   0.10580   0.49874  -0.09686  -0.04917   6.30000  3
   0.05900   0.41559   0.44770  -0.23845   6.30000  4
  -0.02853   0.52853  -0.13593   1.08662   6.30000  5
   0.00436   0.55637   0.28160   0.38216   6.30000  6
  -0.07753  -0.15104   0.00545   0.16322   6.30000  7
  -0.01983  -0.16274   0.12307  -0.11274   6.30000  8
  -0.09958   0.20830  -0.72630  -0.74700   6.30000  9
   0.46892  -0.21953   0.44690  -0.18608   6.30000 10
  -0.10178  -0.13677  -0.21859   0.24369   6.40000  1
  -0.23282  -0.49923  -0.02466  -0.42008   6.40000  2
   0.09045   0.49151  -0.19866  -0.08888   6.40000  3
   0.10107   0.39453   0.39183  -0.18227   6.40000  4
  -0.03742   0.63187  -0.04401   0.97453   6.40000  5
   0.03331   0.58823   0.29108   0.26208   6.40000  6
  -0.07522  -0.13364   0.03657   0.18458   6.40000  7
  -0.01153  -0.17111   0.04055  -0.04976   6.40000  8
  -0.16892   0.13328  -0.65852  -0.76256   6.40000  9
   0.51041  -0.23687   0.38441  -0.16135   6.40000 10
  -0.12017  -0.11101  -0.14923   0.27070   6.50000  1
  -0.23348  -0.53719   0.00987  -0.34037   6.50000  2
   0.06845   0.48181  -0.23085  -0.10282   6.50000  3
   0.13692   0.37885   0.32309  -0.13354   6.50000  4
  -0.03817   0.72311   0.02439   0.85159   6.50000  5
   0.06170   0.60976   0.27384   0.17118   6.50000  6
  -0.07123  -0.11417   0.03791   0.20398   6.50000  7
  -0.01192  -0.17199  -0.04852   0.03450   6.50000  8
  -0.23062   0.05452  -0.57046  -0.81600   6.50000  9
   0.54607  -0.25188   0.32997  -0.13923   6.50000 10
  -0.13200  -0.08306  -0.09006   0.28396   6.60000  1
  -0.23111  -0.56753   0.03621  -0.26728   6.60000  2
   0.04590   0.47116  -0.21444  -0.11016   6.60000  3
   0.16543   0.36731   0.24654  -0.09962   6.60000  4
  -0.03336   0.80277   0.06851   0.74505   6.60000  5
   0.08768   0.62281   0.24438   0.09099   6.60000  6
  -0.06862  -0.09320   0.01042   0.21268   6.60000  7
  -0.02117  -0.16390  -0.13586   0.12820   6.60000  8
  -0.28180  -0.02978  -0.44757  -0.86483   6.60000  9
   0.57662  -0.26478   0.28188  -0.11898   6.60000 10
  -0.13847  -0.05543  -0.03858   0.26284   6.70000  1
  -0.22646  -0.59078   0.05572  -0.19820   6.70000  2
   0.02630   0.45965  -0.17538  -0.12106   6.70000  3
   0.18619   0.35851   0.16867  -0.07804   6.70000  4
  -0.02499   0.87277   0.09685   0.65788   6.70000  5
   0.11044   0.62814   0.21056   0.01650   6.70000  6
  -0.06961  -0.07222  -0.03123   0.20445   6.70000  7
  -0.03889  -0.14631  -0.21694   0.22300   6.70000  8
  -0.31957  -0.11681  -0.30864  -0.86725   6.70000  9
   0.60262  -0.27572   0.23897  -0.10012   6.70000 10
  -0.13934  -0.03129   0.02283   0.21797   6.80000  1
  -0.22018  -0.60723   0.06887  -0.13097   6.80000  2
   0.01109   0.44669  -0.12809  -0.13945   6.80000  3
   0.19919   0.35144   0.09134  -0.06433   6.80000  4
  -0.01431   0.93488   0.11543   0.58658   6.80000  5
   0.12977   0.62620   0.17621  -0.05524   6.80000  6
  -0.07486  -0.05260  -0.07331   0.18774   6.80000  7
  -0.06410  -0.11946  -0.28396   0.31285   6.80000  8
  -0.34425  -0.20199  -0.18964  -0.83278   6.80000  9
   0.62455  -0.28484   0.20031  -0.08238   6.80000 10
  -0.13375  -0.01196   0.08828   0.16883   6.90000  1
  -0.21290  -0.61698   0.07553  -0.06400   6.90000  2
   0.00075   0.43147  -0.07857  -0.16639   6.90000  3
   0.20446   0.34550   0.01388  -0.05499   6.90000  4
  -0.00211   0.99050   0.12773   0.52758   6.90000  5
   0.14569   0.61709   0.14217  -0.12719   6.90000  6
  -0.08417  -0.03453  -0.11229   0.17534   6.90000  7
  -0.09476  -0.08401  -0.32319   0.39448   6.90000  8
  -0.35844  -0.28304  -0.09857  -0.78807   6.90000  9
   0.64279  -0.29223   0.16504  -0.06557   6.90000 10
  -0.12228   0.00277   0.13587   0.12882   7.00000  1
  -0.20532  -0.62000   0.07486   0.00373   7.00000  2
  -0.00463   0.41312  -0.02910  -0.20218   7.00000  3
   0.20191   0.34037  -0.06517  -0.04783   7.00000  4
   0.01110   1.04071   0.13580   0.47816   7.00000  5
   0.15819   0.60066   0.10770  -0.20213   7.00000  6
  -0.09715  -0.01702  -0.14578   0.17793   7.00000  7
  -0.12723  -0.04105  -0.31744   0.46112   7.00000  8
  -0.36469  -0.35977  -0.02913  -0.74807   7.00000  9
   0.65765  -0.29798   0.13240  -0.04956   7.00000 10
  -0.10798   0.01477   0.14241   0.11744   7.10000  1
  -0.19823  -0.61621   0.06508   0.07213   7.10000  2
  -0.00511   0.39074   0.01916  -0.24679   7.10000  3
   0.19132   0.33590  -0.14733  -0.04172   7.10000  4
   0.02495   1.08638   0.14090   0.43638   7.10000  5
   0.16716   0.57648   0.07104  -0.28272   7.10000  6
  -0.11284   0.00177  -0.16463   0.20139   7.10000  7
  -0.15638   0.00716  -0.25714   0.49682   7.10000  8
  -0.36465  -0.43302   0.02884  -0.71874   7.10000  9
   0.66934  -0.30217   0.10167  -0.03418   7.10000 10
  -0.09508   0.02759   0.11132   0.14518   7.20000  1
  -0.19270  -0.60564   0.04354   0.13825   7.20000  2
  -0.00088   0.36349   0.06464  -0.29944   7.20000  3
   0.17230   0.33199  -0.23384  -0.03700   7.20000  4
   0.03920   1.12819   0.14384   0.40076   7.20000  5
   0.17224   0.54384   0.02929  -0.37167   7.20000  6
  -0.12921   0.02389  -0.15795   0.24386   7.20000  7
  -0.17738   0.05711  -0.15855   0.49721   7.20000  8
  -0.35896  -0.50382   0.08544  -0.69790   7.20000  9
   0.67802  -0.30483   0.07227  -0.01926   7.20000 10
  -0.08620   0.04486   0.06558   0.20484   7.30000  1
  -0.18996  -0.58893   0.00956   0.19298   7.30000  2
   0.00761   0.33069   0.10349  -0.35673   7.30000  3
   0.14441   0.32835  -0.32441  -0.03719   7.30000  4
   0.05367   1.16670   0.14517   0.37020   7.30000  5
   0.17268   0.50178  -0.02260  -0.47141   7.30000  6
  -0.14348   0.05100  -0.12284   0.30033   7.30000  7
  -0.18759   0.10590  -0.04417   0.47631   7.30000  8
  -0.34740  -0.57253   0.14653  -0.67474   7.30000  9
   0.68382  -0.30603   0.04368  -0.00460   7.30000 10
  -0.08184   0.06939   0.02331   0.28951   7.40000  1
  -0.19091  -0.56786  -0.02777   0.22396   7.40000  2
   0.01926   0.29231   0.12497  -0.40832   7.40000  3
   0.10746   0.32402  -0.41295  -0.05380   7.40000  4
   0.06820   1.20237   0.14528   0.34380   7.40000  5
   0.16709   0.44918  -0.09338  -0.58216   7.40000  6
  -0.15287   0.08430  -0.06037   0.36700   7.40000  7
  -0.18593   0.15202   0.07909   0.44464   7.40000  8
  -0.32968  -0.63817   0.20634  -0.63464   7.40000  9
   0.68677  -0.30575   0.01546   0.01001   7.40000 10
  -0.08097   0.10353  -0.00182   0.39680   7.50000  1
  -0.19506  -0.54488  -0.05233   0.23347   7.50000  2
   0.03121   0.24989   0.10442  -0.43400   7.50000  3
   0.06247   0.31628  -0.48208  -0.10953   7.50000  4
   0.08269   1.23558   0.14445   0.32080   7.50000  5
   0.15296   0.38519  -0.19566  -0.69733   7.50000  6
  -0.15457   0.12460   0.03173   0.43956   7.50000  7
  -0.17142   0.19452   0.21309   0.40334   7.50000  8
  -0.30665  -0.69888   0.25101  -0.57788   7.50000  9
   0.68691  -0.30402  -0.01282   0.02479   7.50000 10
  -0.08109   0.14929   0.00652   0.51924   7.60000  1
  -0.20078  -0.52134  -0.05946   0.23759   7.60000  2
   0.03795   0.20704   0.02026  -0.41386   7.60000  3
   0.01200   0.30027  -0.52453  -0.21921   7.60000  4
   0.09706   1.26662   0.14290   0.30056   7.60000  5
   0.12655   0.31005  -0.34010  -0.80208   7.60000  6
  -0.14533   0.17211   0.15959   0.50862   7.60000  7
  -0.14290   0.23223   0.35894   0.34809   7.60000  8
  -0.28010  -0.75369   0.27749  -0.51881   7.60000  9
   0.68419  -0.30079  -0.04162   0.03987   7.60000 10
  -0.07804   0.20679   0.06169   0.62118   7.70000  1
  -0.20654  -0.49718  -0.05415   0.24685   7.70000  2
   0.03381   0.16931  -0.10584  -0.32905   7.70000  3
  -0.04230   0.27122  -0.55874  -0.36120   7.70000  4
   0.11126   1.29576   0.14088   0.28247   7.70000  5
   0.08335   0.22595  -0.53047  -0.86820   7.70000  6
  -0.12136   0.22549   0.32417   0.55043   7.70000  7
  -0.09961   0.26336   0.50189   0.26840   7.70000  8
  -0.25155  -0.80287   0.29197  -0.46611   7.70000  9
   0.67855  -0.29603  -0.07138   0.05524   7.70000 10
  -0.06837   0.26950   0.12671   0.60598   7.80000  1
  -0.21136  -0.47167  -0.04116   0.26496   7.80000  2
   0.01704   0.14302  -0.22612  -0.19378   7.80000  3
  -0.09680   0.23092  -0.50451  -0.41983   7.80000  4
   0.12523   1.32317   0.13860   0.26593   7.80000  5
   0.02062   0.14073  -0.70863  -0.80928   7.80000  6
  -0.08111   0.27896   0.46541   0.49717   7.80000  7
  -0.04566   0.28408   0.55195   0.13930   7.80000  8
  -0.22191  -0.84717   0.30002  -0.42106   7.80000  9
   0.66988  -0.28974  -0.10229   0.07060   7.80000 10
  -0.05380   0.32388   0.16375   0.47374   7.90000  1
  -0.21462  -0.44383  -0.02337   0.29381   7.90000  2
  -0.01054   0.12999  -0.32029  -0.07253   7.90000  3
  -0.13916   0.19061  -0.33869  -0.38534   7.90000  4
   0.13897   1.34898   0.13629   0.25048   7.90000  5
  -0.05342   0.06784  -0.75108  -0.64420   7.90000  6
  -0.03247   0.32179   0.49134   0.35625   7.90000  7
   0.00619   0.29175   0.47147   0.02450   7.90000  8
  -0.19166  -0.88729   0.30468  -0.38239   7.90000  9
   0.65806  -0.28192  -0.13409   0.08568   7.90000 10
  -0.03540   0.36388   0.20549   0.32701   8.00000  1
  -0.21594  -0.41248  -0.00285   0.33537   8.00000  2
  -0.04579   0.12737  -0.37862   0.01447   8.00000  3
  -0.16508   0.15307  -0.18481  -0.36968   8.00000  4
   0.15249   1.37329   0.13410   0.23589   8.00000  5
  -0.12717   0.01129  -0.71793  -0.49262   8.00000  6
   0.01509   0.35061   0.45322   0.22372   8.00000  7
   0.04737   0.29119   0.35057  -0.02607   8.00000  8
  -0.16104  -0.92381   0.30735  -0.34873   8.00000  9
   0.64304  -0.27261  -0.16651   0.10065   8.00000 10
  -0.01262   0.38960   0.24997   0.18929   8.10000  1
  -0.21517  -0.37625   0.01814   0.39199   8.10000  2
  -0.08522   0.13165  -0.40524   0.06426   8.10000  3
  -0.17723   0.11618  -0.06403  -0.36870   8.10000  4
   0.16580   1.39619   0.13207   0.22206   8.10000  5
  -0.19628  -0.03187  -0.66157  -0.37619   8.10000  6
   0.05728   0.36726   0.38759   0.11255   8.10000  7
   0.07648   0.28801   0.23394  -0.03209   8.10000  8
  -0.13023  -0.95717   0.30874  -0.31913   8.10000  9
   0.62474  -0.26178  -0.19961   0.11596   8.10000 10
