   0.00108  -1.01831   0.00720   0.01757   0.10000  1
   0.08275  -0.83743  -0.00608  -0.01019   0.10000  2
   0.19673   0.03604   0.00595   0.03701   0.10000  3
   0.23831   0.23114  -0.00193   0.02812   0.10000  4
   0.02164   2.66890  -0.00168  -0.01649   0.10000  5
   0.00086   2.47161   0.00177   0.01573   0.10000  6
   0.22108   0.41040   0.01305   0.01564   0.10000  7
   0.20701   0.60661   0.02206  -0.04974   0.10000  8
   0.42782   0.56490  -0.04764  -0.02109   0.10000  9
   0.23593   0.51911   0.00730  -0.01655   0.10000 10
   0.00216  -1.01567   0.01445   0.03527   0.20000  1
   0.08183  -0.83896  -0.01221  -0.02055   0.20000  2
   0.19763   0.04161   0.01195   0.07451   0.20000  3
   0.23803   0.23538  -0.00358   0.05689   0.20000  4
   0.02139   2.66642  -0.00337  -0.03313   0.20000  5
   0.00112   2.47398   0.00355   0.03162   0.20000  6
   0.22304   0.41276   0.02617   0.03160   0.20000  7
   0.21032   0.59913   0.04430  -0.09994   0.20000  8
   0.42064   0.56171  -0.09621  -0.04288   0.20000  9
   0.23704   0.51662   0.01495  -0.03339   0.20000 10
   0.00397  -1.01125   0.02180   0.05324   0.30000  1
   0.08030  -0.84155  -0.01846  -0.03123   0.30000  2
   0.19913   0.05097   0.01806   0.11306   0.30000  3
   0.23762   0.24256  -0.00461   0.08705   0.30000  4
   0.02097   2.66226  -0.00509  -0.05007   0.30000  5
   0.00157   2.47795   0.00537   0.04780   0.30000  6
   0.22632   0.41674   0.03943   0.04811   0.30000  7
   0.21587   0.58659   0.06680  -0.15094   0.30000  8
   0.40852   0.55628  -0.14661  -0.06616   0.30000  9
   0.23894   0.51241   0.02330  -0.05087   0.30000 10
   0.00652  -1.00501   0.02930   0.07159   0.40000  1
   0.07814  -0.84522  -0.02486  -0.04239   0.40000  2
   0.20124   0.06427   0.02435   0.15325   0.40000  3
   0.23714   0.25286  -0.00466   0.11943   0.40000  4
   0.02037   2.65639  -0.00685  -0.06743   0.40000  5
   0.00220   2.48355   0.00722   0.06441   0.40000  6
   0.23093   0.42240   0.05293   0.06521   0.40000  7
   0.22369   0.56891   0.08948  -0.20274   0.40000  8
   0.39123   0.54840  -0.19963  -0.09198   0.40000  9
   0.24173   0.50641   0.03273  -0.06936   0.40000 10
   0.00984  -0.99691   0.03698   0.09044   0.50000  1
   0.07532  -0.85005  -0.03144  -0.05415   0.50000  2
   0.20401   0.08170   0.03092   0.19583   0.50000  3
   0.23673   0.26656  -0.00324   0.15505   0.50000  4
   0.01960   2.64876  -0.00866  -0.08530   0.50000  5
   0.00302   2.49085   0.00913   0.08155   0.50000  6
   0.23691   0.42978   0.06671   0.08229   0.50000  7
   0.23376   0.54604   0.11171  -0.25458   0.50000  8
   0.36849   0.53775  -0.25554  -0.12179   0.50000  9
   0.24553   0.49849   0.04345  -0.08933   0.50000 10
   0.01393  -0.98690   0.04483   0.10979   0.60000  1
   0.07184  -0.85608  -0.03822  -0.06655   0.60000  2
   0.20744   0.10355   0.03794   0.24173   0.60000  3
   0.23657   0.28402   0.00033   0.19519   0.60000  4
   0.01864   2.63932  -0.01053  -0.10370   0.60000  5
   0.00403   2.49988   0.01108   0.09923   0.60000  6
   0.24428   0.43879   0.08056   0.09716   0.60000  7
   0.24595   0.51807   0.13147  -0.30394   0.60000  8
   0.34007   0.52384  -0.31258  -0.15764   0.60000  9
   0.25046   0.48848   0.05512  -0.11127   0.60000 10
   0.01881  -0.97494   0.05278   0.12954   0.70000  1
   0.06768  -0.86337  -0.04510  -0.07948   0.70000  2
   0.21162   0.13020   0.04565   0.29225   0.70000  3
   0.23690   0.30579   0.00703   0.24114   0.70000  4
   0.01749   2.62801  -0.01243  -0.12243   0.70000  5
   0.00523   2.51070   0.01306   0.11725   0.70000  6
   0.25298   0.44895   0.09299   0.10391   0.70000  7
   0.25980   0.48552   0.14349  -0.34509   0.70000  8
   0.30618   0.50595  -0.36308  -0.20156   0.70000  9
   0.25652   0.47616   0.06562  -0.13553   0.70000 10
   0.02448  -0.96100   0.06057   0.14920   0.80000  1
   0.06283  -0.87197  -0.05183  -0.09245   0.80000  2
   0.21661   0.16221   0.05445   0.34915   0.80000  3
   0.23812   0.33245   0.01813   0.29288   0.80000  4
   0.01615   2.61484  -0.01428  -0.14082   0.80000  5
   0.00664   2.52332   0.01499   0.13495   0.80000  6
   0.26266   0.45894   0.09871   0.09158   0.80000  7
   0.27408   0.44960   0.13871  -0.37021   0.80000  8
   0.26827   0.48330  -0.38915  -0.25187   0.80000  9
   0.26337   0.46128   0.06970  -0.16240   0.80000 10
   0.03090  -0.94514   0.06766   0.16764   0.90000  1
   0.05733  -0.88183  -0.05787  -0.10431   0.90000  2
   0.22256   0.20032   0.06491   0.41471   0.90000  3
   0.24070   0.36435   0.03414   0.34329   0.90000  4
   0.01464   2.59991  -0.01593  -0.15737   0.90000  5
   0.00822   2.53764   0.01672   0.15081   0.90000  6
   0.27224   0.46632   0.09028   0.05153   0.90000  7
   0.28681   0.41214   0.11243  -0.37564   0.90000  8
   0.22975   0.45568  -0.37418  -0.29907   0.90000  9
   0.27005   0.44359   0.06185  -0.19159   0.90000 10
   0.03795  -0.92758   0.07300   0.18262   1.00000  1
   0.05131  -0.89272  -0.06218  -0.11280   1.00000  2
   0.22967   0.24551   0.07773   0.49062   1.00000  3
   0.24497   0.40026   0.05052   0.36804   1.00000  4
   0.01298   2.58352  -0.01708  -0.16931   1.00000  5
   0.00996   2.55333   0.01795   0.16208   1.00000  6
   0.28028   0.46852   0.06914  -0.00986   1.00000  7
   0.29606   0.37517   0.07091  -0.36018   1.00000  8
   0.19466   0.42395  -0.32285  -0.33239   1.00000  9
   0.27536   0.42302   0.04287  -0.21883   1.00000 10
   0.04540  -0.90883   0.07528   0.19120   1.10000  1
   0.04500  -0.90417  -0.06342  -0.11490   1.10000  2
   0.23818   0.29863   0.09264   0.57083   1.10000  3
   0.25058   0.43627   0.06066   0.34410   1.10000  4
   0.01125   2.56631  -0.01739  -0.17336   1.10000  5
   0.01178   2.56979   0.01833   0.16546   1.10000  6
   0.28586   0.46412   0.04174  -0.07811   1.10000  7
   0.30082   0.34076   0.02421  -0.32485   1.10000  8
   0.16588   0.38991  -0.25033  -0.34478   1.10000  9
   0.27844   0.40019   0.01828  -0.23559   1.10000 10
   0.05288  -0.88962   0.07378   0.19157   1.20000  1
   0.03875  -0.91542  -0.06087  -0.10875   1.20000  2
   0.24813   0.35881   0.10559   0.62489   1.20000  3
   0.25693   0.46788   0.06568   0.28414   1.20000  4
   0.00954   2.54916  -0.01672  -0.16814   1.20000  5
   0.01360   2.58611   0.01773   0.15958   1.20000  6
   0.28854   0.45306   0.01168  -0.14154   1.20000  7
   0.30097   0.31086  -0.02025  -0.26991   1.20000  8
   0.14486   0.35570  -0.16978  -0.33577   1.20000  9
   0.27900   0.37644  -0.00685  -0.23605   1.20000 10
   0.06004  -0.87075   0.06910   0.18489   1.30000  1
   0.03293  -0.92568  -0.05513  -0.09541   1.30000  2
   0.25909   0.42171   0.11245   0.62439   1.30000  3
   0.26359   0.49263   0.06688   0.20991   1.30000  4
   0.00793   2.53292  -0.01529  -0.15565   1.30000  5
   0.01531   2.60146   0.01637   0.14642   1.30000  6
   0.28820   0.43631  -0.01827  -0.18980   1.30000  7
   0.29710   0.28724  -0.05547  -0.20179   1.30000  8
   0.13179   0.32338  -0.09301  -0.30876   1.30000  9
   0.27722   0.35376  -0.02764  -0.21421   1.30000 10
   0.06664  -0.85278   0.06263   0.17410   1.40000  1
   0.02779  -0.93436  -0.04758  -0.07777   1.40000  2
   0.27039   0.48231   0.11222   0.58293   1.40000  3
   0.27020   0.50990   0.06483   0.13675   1.40000  4
   0.00650   2.51816  -0.01345  -0.13922   1.40000  5
   0.01686   2.61526   0.01461   0.12932   1.40000  6
   0.28507   0.41597  -0.04307  -0.21325   1.40000  7
   0.29013   0.27043  -0.08290  -0.13515   1.40000  8
   0.12595   0.29413  -0.02518  -0.27590   1.40000  9
   0.27369   0.33395  -0.04211  -0.18181   1.40000 10
   0.07255  -0.83598   0.05548   0.16174   1.50000  1
   0.02344  -0.94118  -0.03934  -0.05830   1.50000  2
   0.28133   0.53774   0.10583   0.52437   1.50000  3
   0.27649   0.52038   0.06074   0.07518   1.50000  4
   0.00525   2.50513  -0.01146  -0.12136   1.50000  5
   0.01822   2.62728   0.01270   0.11078   1.50000  6
   0.27983   0.39411  -0.06082  -0.22330   1.50000  7
   0.28066   0.26001  -0.10600  -0.07436   1.50000  8
   0.12655   0.26821   0.03644  -0.24239   1.50000  9
   0.26890   0.31728  -0.05358  -0.15236   1.50000 10
   0.07774  -0.82043   0.04830   0.14925   1.60000  1
   0.01992  -0.94601  -0.03102  -0.03840   1.60000  2
   0.29147   0.58709   0.09691   0.46259   1.60000  3
   0.28230   0.52541   0.05523   0.02751   1.60000  4
   0.00420   2.49389  -0.00946  -0.10337   1.60000  5
   0.01940   2.63742   0.01078   0.09210   1.60000  6
   0.27302   0.37127  -0.07490  -0.23405   1.60000  7
   0.26904   0.25535  -0.12595  -0.01989   1.60000  8
   0.13312   0.24569   0.09444  -0.20759   1.60000  9
   0.26300   0.30330  -0.06434  -0.12815   1.60000 10
   0.08222  -0.80611   0.04133   0.13727   1.70000  1
   0.01723  -0.94886  -0.02290  -0.01870   1.70000  2
   0.30070   0.63036   0.08769   0.40354   1.70000  3
   0.28748   0.52618   0.04816  -0.01122   1.70000  4
   0.00336   2.48444  -0.00750  -0.08579   1.70000  5
   0.02038   2.64571   0.00891   0.07381   1.70000  6
   0.26488   0.34718  -0.08782  -0.24823   1.70000  7
   0.25559   0.25578  -0.14213   0.02707   1.70000  8
   0.14534   0.22681   0.14951  -0.16922   1.70000  9
   0.25602   0.29150  -0.07524  -0.10853   1.70000 10
   0.08601  -0.79296   0.03466   0.12600   1.80000  1
   0.01533  -0.94976  -0.01503   0.00062   1.80000  2
   0.30903   0.66799   0.07900   0.35004   1.80000  3
   0.29187   0.52328   0.03929  -0.04635   1.80000  4
   0.00270   2.47672  -0.00561  -0.06875   1.80000  5
   0.02118   2.65220   0.00710   0.05605   1.80000  6
   0.25545   0.32158  -0.10080  -0.26360   1.80000  7
   0.24081   0.26042  -0.15232   0.06351   1.80000  8
   0.16287   0.21206   0.19991  -0.12464   1.80000  9
   0.24795   0.28146  -0.08619  -0.09289   1.80000 10
   0.08916  -0.78089   0.02829   0.11547   1.90000  1
   0.01421  -0.94875  -0.00743   0.01955   1.90000  2
   0.31652   0.70057   0.07101   0.30262   1.90000  3
   0.29528   0.51693   0.02851  -0.08089   1.90000  4
   0.00223   2.47067  -0.00376  -0.05222   1.90000  5
   0.02180   2.65694   0.00535   0.03880   1.90000  6
   0.24472   0.29458  -0.11372  -0.27530   1.90000  7
   0.22545   0.26799  -0.15300   0.08509   1.90000  8
   0.18501   0.20216   0.24077  -0.07207   1.90000  9
   0.23882   0.27279  -0.09601  -0.08105   1.90000 10
   0.09168  -0.76984   0.02218   0.10557   2.00000  1
   0.01384  -0.94586  -0.00003   0.03818   2.00000  2
   0.32325   0.72869   0.06365   0.26073   2.00000  3
   0.29751   0.50708   0.01576  -0.11628   2.00000  4
   0.00195   2.46626  -0.00196  -0.03610   2.00000  5
   0.02225   2.65997   0.00364   0.02194   2.00000  6
   0.23279   0.26686  -0.12413  -0.27696   2.00000  7
   0.21062   0.27684  -0.14156   0.08899   2.00000  8
   0.21046   0.19786   0.26462  -0.01322   2.00000  9
   0.22887   0.26513  -0.10217  -0.07284   2.00000 10
   0.09360  -0.75976   0.01630   0.09620   2.10000  1
   0.01420  -0.94112   0.00719   0.05662   2.10000  2
   0.32927   0.75287   0.05684   0.22354   2.10000  3
   0.29836   0.49361   0.00099  -0.15333   2.10000  4
   0.00184   2.46344  -0.00019  -0.02025   2.10000  5
   0.02253   2.66133   0.00196   0.00534   2.10000  6
   0.22016   0.23970  -0.12674  -0.26340   2.10000  7
   0.19750   0.28527  -0.11917   0.07755   2.10000  8
   0.23713   0.19949   0.26444   0.04478   2.10000  9
   0.21861   0.25814  -0.10162  -0.06705   2.10000 10
   0.09494  -0.75059   0.01057   0.08720   2.20000  1
   0.01528  -0.93454   0.01431   0.07501   2.20000  2
   0.33463   0.77353   0.05050   0.19026   2.20000  3
   0.29764   0.47634  -0.01581  -0.19267   2.20000  4
   0.00191   2.46220   0.00157  -0.00453   2.20000  5
   0.02264   2.66104   0.00031  -0.01114   2.20000  6
   0.20783   0.21475  -0.11791  -0.23289   2.20000  7
   0.18702   0.29205  -0.08978   0.05704   2.20000  8
   0.26250   0.20647   0.23925   0.09280   2.20000  9
   0.20882   0.25172  -0.09301  -0.06109   2.20000 10
   0.09572  -0.74231   0.00495   0.07844   2.30000  1
   0.01706  -0.92612   0.02136   0.09350   2.30000  2
   0.33939   0.79103   0.04458   0.16018   2.30000  3
   0.29513   0.45498  -0.03463  -0.23493   2.30000  4
   0.00215   2.46254   0.00333   0.01122   2.30000  5
   0.02259   2.65910  -0.00135  -0.02765   2.30000  6
   0.19686   0.19358  -0.10053  -0.18874   2.30000  7
   0.17967   0.29656  -0.05682   0.03301   2.30000  8
   0.28440   0.21760   0.19686   0.12763   2.30000  9
   0.20023   0.24601  -0.07776  -0.05266   2.30000 10
   0.09593  -0.73490  -0.00062   0.06977   2.40000  1
   0.01955  -0.91583   0.02841   0.11225   2.40000  2
   0.34356   0.80566   0.03903   0.13271   2.40000  3
   0.29065   0.42923  -0.05539  -0.28070   2.40000  4
   0.00257   2.46445   0.00510   0.02716   2.40000  5
   0.02237   2.65551  -0.00301  -0.04435   2.40000  6
   0.18784   0.17725  -0.07963  -0.13683   2.40000  7
   0.17571   0.29863  -0.02214   0.00846   2.40000  8
   0.30161   0.23167   0.14656   0.15246   2.40000  9
   0.19340   0.24130  -0.05830  -0.04092   2.40000 10
   0.09559  -0.72836  -0.00618   0.06105   2.50000  1
   0.02274  -0.90365   0.03548   0.13140   2.50000  2
   0.34720   0.81764   0.03380   0.10735   2.50000  3
   0.28399   0.39872  -0.07789  -0.33010   2.50000  4
   0.00317   2.46798   0.00690   0.04341   2.50000  5
   0.02199   2.65022  -0.00471  -0.06137   2.50000  6
   0.18097   0.16633  -0.05764  -0.08116   2.50000  7
   0.17527   0.29828   0.01346  -0.01546   2.50000  8
   0.31361   0.24788   0.09301   0.17090   2.50000  9
   0.18866   0.23793  -0.03622  -0.02602   2.50000 10
   0.09470  -0.72270  -0.01176   0.05213   2.60000  1
   0.02665  -0.88953   0.04261   0.15111   2.60000  2
   0.35033   0.82718   0.02884   0.08367   2.60000  3
   0.27503   0.36314  -0.10147  -0.38139   2.60000  4
   0.00395   2.47315   0.00873   0.06012   2.60000  5
   0.02143   2.64322  -0.00644  -0.07884   2.60000  6
   0.17634   0.16109  -0.03480  -0.02337   2.60000  7
   0.17841   0.29557   0.04949  -0.03862   2.60000  8
   0.32013   0.26567   0.03683   0.18376   2.60000  9
   0.18623   0.23618  -0.01204  -0.00856   2.60000 10
   0.09324  -0.71794  -0.01738   0.04290   2.70000  1
   0.03127  -0.87341   0.04984   0.17151   2.70000  2
   0.35298   0.83442   0.02411   0.06128   2.70000  3
   0.26371   0.32259  -0.12489  -0.42785   2.70000  4
   0.00492   2.48002   0.01062   0.07736   2.70000  5
   0.02070   2.63444  -0.00821  -0.09685   2.70000  6
   0.17407   0.16172  -0.01030   0.03609   2.70000  7
   0.18514   0.29056   0.08481  -0.06174   2.70000  8
   0.32085   0.28432  -0.02294   0.18703   2.70000  9
   0.18633   0.23627   0.01436   0.01028   2.70000 10
   0.09122  -0.71413  -0.02302   0.03326   2.80000  1
   0.03662  -0.85520   0.05714   0.19272   2.80000  2
   0.35516   0.83947   0.01953   0.03984   2.80000  3
   0.25008   0.27818  -0.14747  -0.45617   2.80000  4
   0.00608   2.48864   0.01254   0.09512   2.80000  5
   0.01979   2.62383  -0.01003  -0.11537   2.80000  6
   0.17438   0.16835   0.01723   0.09663   2.80000  7
   0.19525   0.28317   0.11629  -0.08625   2.80000  8
   0.31546   0.30248  -0.08493   0.17273   2.80000  9
   0.18917   0.23819   0.04270   0.02748   2.80000 10
   0.08864  -0.71130  -0.02858   0.02327   2.90000  1
   0.04270  -0.83484   0.06446   0.21476   2.90000  2
   0.35689   0.84241   0.01505   0.01903   2.90000  3
   0.23428   0.23235  -0.16767  -0.45506   2.90000  4
   0.00743   2.49905   0.01446   0.11312   2.90000  5
   0.01869   2.61135  -0.01184  -0.13413   2.90000  6
   0.17765   0.18098   0.04894   0.15503   2.90000  7
   0.20808   0.27324   0.13809  -0.11236   2.90000  8
   0.30399   0.31821  -0.14332   0.13905   2.90000  9
   0.19485   0.24152   0.07041   0.03730   2.90000 10
   0.08551  -0.70948  -0.03387   0.01319   3.00000  1
   0.04950  -0.81223   0.07161   0.23739   3.00000  2
   0.35817   0.84329   0.01057  -0.00140   3.00000  3
   0.21687   0.18827  -0.17809  -0.42133   3.00000  4
   0.00897   2.51125   0.01630   0.13058   3.00000  5
   0.01742   2.59702  -0.01358  -0.15234   3.00000  6
   0.18425   0.19897   0.08297   0.20177   3.00000  7
   0.22235   0.26080   0.14456  -0.13539   3.00000  8
   0.28710   0.32984  -0.19278   0.09175   3.00000  9
   0.20305   0.24526   0.09232   0.03579   3.00000 10
   0.08189  -0.70864  -0.03846   0.00380   3.10000  1
   0.05700  -0.78736   0.07816   0.25995   3.10000  2
   0.35900   0.84213   0.00602  -0.02165   3.10000  3
   0.19923   0.14895  -0.17217  -0.36227   3.10000  4
   0.01068   2.52509   0.01787   0.14573   3.10000  5
   0.01599   2.58096  -0.01504  -0.16824   3.10000  6
   0.19412   0.22059   0.11333   0.22709   3.10000  7
   0.23643   0.24654   0.13443  -0.14743   3.10000  8
   0.26585   0.33626  -0.22968   0.03537   3.10000  9
   0.21302   0.24845   0.10553   0.02766   3.10000 10
   0.07787  -0.70864  -0.04155  -0.00323   3.20000  1
   0.06509  -0.76030   0.08336   0.28083   3.20000  2
   0.35937   0.83896   0.00134  -0.04185   3.20000  3
   0.18286   0.11604  -0.15379  -0.29589   3.20000  4
   0.01252   2.54022   0.01886   0.15559   3.20000  5
   0.01443   2.56355  -0.01593  -0.17885   3.20000  6
   0.20668   0.24376   0.13666   0.23355   3.20000  7
   0.24880   0.23185   0.11125  -0.14371   3.20000  8
   0.24170   0.33673  -0.25047  -0.02644   3.20000  9
   0.22388   0.25081   0.11028   0.02000   3.20000 10
   0.07366  -0.70912  -0.04204  -0.00517   3.30000  1
   0.07359  -0.73134   0.08607   0.29742   3.30000  2
   0.35926   0.83376  -0.00348  -0.06213   3.30000  3
   0.16863   0.08962  -0.13028  -0.23364   3.30000  4
   0.01442   2.55593   0.01896   0.15702   3.30000  5
   0.01283   2.54548  -0.01592  -0.18102   3.30000  6
   0.22113   0.26683   0.15032   0.22553   3.30000  7
   0.25845   0.21829   0.08115  -0.12544   3.30000  8
   0.21642   0.33097  -0.25156  -0.08811   3.30000  9
   0.23480   0.25256   0.10678   0.01554   3.30000 10
   0.06958  -0.70941  -0.03906   0.00072   3.40000  1
   0.08219  -0.70105   0.08542   0.30708   3.40000  2
   0.35867   0.82652  -0.00842  -0.08262   3.40000  3
   0.15684   0.06910  -0.10560  -0.17768   3.40000  4
   0.01628   2.57131   0.01811   0.14935   3.40000  5
   0.01128   2.52765  -0.01497  -0.17409   3.40000  6
   0.23629   0.28840   0.15037   0.20345   3.40000  7
   0.26498   0.20708   0.04937  -0.09769   3.40000  8
   0.19212   0.31937  -0.23079  -0.14178   3.40000  9
   0.24497   0.25399   0.09556   0.01325   3.40000 10
   0.06596  -0.70869  -0.03281   0.01496   3.50000  1
   0.09056  -0.67017   0.08161   0.30942   3.50000  2
   0.35758   0.81722  -0.01344  -0.10349   3.50000  3
   0.14750   0.05391  -0.08124  -0.12687   3.50000  4
   0.01802   2.58558   0.01661   0.13508   3.50000  5
   0.00986   2.51088  -0.01337  -0.16056   3.50000  6
   0.25078   0.30707   0.13772   0.16812   3.50000  7
   0.26836   0.19889   0.01861  -0.06569   3.50000  8
   0.17086   0.30308  -0.19208  -0.18180   3.50000  9
   0.25371   0.25521   0.07840   0.01083   3.50000 10
   0.06309  -0.70621  -0.02450   0.03540   3.60000  1
   0.09845  -0.63933   0.07583   0.30670   3.60000  2
   0.35598   0.80581  -0.01851  -0.12492   3.60000  3
   0.14057   0.04361  -0.05763  -0.07954   3.60000  4
   0.01959   2.59822   0.01479   0.11750   3.60000  5
   0.00862   2.49565  -0.01144  -0.14370   3.60000  6
   0.26360   0.32173   0.11808   0.12404   3.60000  7
   0.26876   0.19396  -0.01031  -0.03296   3.60000  8
   0.15402   0.28344  -0.14393  -0.20918   3.60000  9
   0.26054   0.25610   0.05763   0.00665   3.60000 10
   0.06109  -0.70150  -0.01540   0.05923   3.70000  1
   0.10571  -0.60890   0.06935   0.30188   3.70000  2
   0.35387   0.79221  -0.02362  -0.14712   3.70000  3
   0.13595   0.03794  -0.03471  -0.03407   3.70000  4
   0.02098   2.60904   0.01287   0.09884   3.70000  5
   0.00757   2.48217  -0.00944  -0.12576   3.70000  6
   0.27431   0.33175   0.09575   0.07613   3.70000  7
   0.26637   0.19225  -0.03724  -0.00153   3.70000  8
   0.14218   0.26153  -0.09260  -0.22773   3.70000  9
   0.26518   0.25646   0.03504   0.00013   3.70000 10
   0.06001  -0.69432  -0.00626   0.08450   3.80000  1
   0.11232  -0.57896   0.06290   0.29705   3.80000  2
   0.35125   0.77635  -0.02879  -0.17029   3.80000  3
   0.13361   0.03678  -0.01224   0.01095   3.80000  4
   0.02217   2.61799   0.01098   0.08021   3.80000  5
   0.00673   2.47049  -0.00745  -0.10784   3.80000  6
   0.28271   0.33692   0.07214   0.02712   3.80000  7
   0.26138   0.19356  -0.06209   0.02712   3.80000  8
   0.13551   0.23810  -0.04087  -0.24009   3.80000  9
   0.26752   0.25605   0.01168  -0.00872   3.80000 10
   0.05983  -0.68459   0.00260   0.11023   3.90000  1
   0.11830  -0.54945   0.05684   0.29334   3.90000  2
   0.34811   0.75812  -0.03406  -0.19466   3.90000  3
   0.13350   0.04016   0.01011   0.05681   3.90000  4
   0.02318   2.62510   0.00915   0.06202   3.90000  5
   0.00608   2.46059  -0.00552  -0.09036   3.90000  6
   0.28869   0.33718   0.04721  -0.02194   3.90000  7
   0.25403   0.19753  -0.08442   0.05137   3.90000  8
   0.13398   0.21369   0.01006  -0.24714   3.90000  9
   0.26751   0.25464  -0.01196  -0.01967   3.90000 10
   0.06051  -0.67227   0.01108   0.13607   4.00000  1
   0.12370  -0.52023   0.05128   0.29129   4.00000  2
   0.34443   0.73737  -0.03952  -0.22046   4.00000  3
   0.13564   0.04821   0.03284   0.10453   4.00000  4
   0.02400   2.63041   0.00738   0.04438   4.00000  5
   0.00562   2.45241  -0.00367  -0.07341   4.00000  6
   0.29209   0.33254   0.02032  -0.07073   4.00000  7
   0.24462   0.20362  -0.10308   0.06913   4.00000  8
   0.13745   0.18886   0.05898  -0.24831   4.00000  9
   0.26513   0.25205  -0.03561  -0.03250   4.00000 10
   0.06203  -0.65737   0.01922   0.16194   4.10000  1
   0.12858  -0.49113   0.04626   0.29118   4.10000  2
   0.34020   0.71397  -0.04529  -0.24793   4.10000  3
   0.14011   0.06114   0.05668   0.15455   4.10000  4
   0.02466   2.63399   0.00568   0.02724   4.10000  5
   0.00535   2.44589  -0.00187  -0.05694   4.10000  6
   0.29266   0.32305  -0.00937  -0.11908   4.10000  7
   0.23360   0.21106  -0.11604   0.07791   4.10000  8
   0.14563   0.16428   0.10366  -0.24183   4.10000  9
   0.26039   0.24809  -0.05892  -0.04703   4.10000 10
   0.06435  -0.63988   0.02706   0.18794   4.20000  1
   0.13297  -0.46193   0.04180   0.29314   4.20000  2
   0.33536   0.68772  -0.05155  -0.27741   4.20000  3
   0.14705   0.07916   0.08270   0.20572   4.20000  4
   0.02514   2.63588   0.00401   0.01047   4.20000  5
   0.00525   2.44101  -0.00013  -0.04083   4.20000  6
   0.29009   0.30875  -0.04267  -0.16667   4.20000  7
   0.22169   0.21884  -0.12069   0.07579   4.20000  8
   0.15793   0.14084   0.14078  -0.22495   4.20000  9
   0.25337   0.24259  -0.08131  -0.06320   4.20000 10
   0.06744  -0.61978   0.03470   0.21425   4.30000  1
   0.13696  -0.43242   0.03795   0.29733   4.30000  2
   0.32986   0.65841  -0.05854  -0.30926   4.30000  3
   0.15676   0.10220   0.11194   0.25427   4.30000  4
   0.02546   2.63609   0.00238  -0.00606   4.30000  5
   0.00532   2.43772   0.00158  -0.02495   4.30000  6
   0.28399   0.28976  -0.08015  -0.21279   4.30000  7
   0.20980   0.22584  -0.11525   0.06239   4.30000  8
   0.17343   0.11976   0.16716  -0.19408   4.30000  9
   0.24420   0.23539  -0.10178  -0.08110   4.30000 10
   0.07128  -0.59701   0.04221   0.24110   4.40000  1
   0.14059  -0.40238   0.03481   0.30391   4.40000  2
   0.32362   0.62577  -0.06659  -0.34400   4.40000  3
   0.16954   0.12977   0.14400   0.29561   4.40000  4
   0.02562   2.63467   0.00077  -0.02249   4.40000  5
   0.00556   2.43601   0.00327  -0.00915   4.40000  6
   0.27393   0.26628  -0.12167  -0.25622   4.40000  7
   0.19897   0.23097  -0.09988   0.03872   4.40000  8
   0.19097   0.10258   0.18192  -0.14685   4.40000  9
   0.23313   0.22631  -0.11884  -0.10062   4.40000 10
   0.07588  -0.57153   0.04969   0.26875   4.50000  1
   0.14394  -0.37155   0.03248   0.31309   4.50000  2
   0.31650   0.58949  -0.07606  -0.38235   4.50000  3
   0.18553   0.16101   0.17510   0.32724   4.50000  4
   0.02561   2.63159  -0.00085  -0.03898   4.50000  5
   0.00597   2.43589   0.00495   0.00673   4.50000  6
   0.25957   0.23869  -0.16549  -0.29439   4.50000  7
   0.19011   0.23329  -0.07610   0.00656   4.50000  8
   0.20946   0.09084   0.18622  -0.08640   4.50000  9
   0.22062   0.21526  -0.12994  -0.12025   4.50000 10
   0.08122  -0.54323   0.05720   0.29752   4.60000  1
   0.14711  -0.33967   0.03109   0.32522   4.60000  2
   0.30834   0.54915  -0.08744  -0.42538   4.60000  3
   0.20422   0.19463   0.19589   0.34081   4.60000  4
   0.02545   2.62686  -0.00247  -0.05568   4.60000  5
   0.00655   2.43737   0.00664   0.02283   4.60000  6
   0.24095   0.20780  -0.20521  -0.32021   4.60000  7
   0.18397   0.23211  -0.04569  -0.03066   4.60000  8
   0.22789   0.08551   0.18040  -0.01961   4.60000  9
   0.20749   0.20243  -0.13042  -0.13486   4.60000 10
   0.08732  -0.51197   0.06482   0.32782   4.70000  1
   0.15020  -0.30640   0.03072   0.34079   4.70000  2
   0.29893   0.50420  -0.10119  -0.47469   4.70000  3
   0.22391   0.22800   0.19356   0.32055   4.70000  4
   0.02512   2.62045  -0.00412  -0.07272   4.70000  5
   0.00730   2.44047   0.00835   0.03930   4.70000  6
   0.21915   0.17549  -0.22668  -0.32134   4.70000  7
   0.18111   0.22717  -0.01134  -0.06763   4.70000  8
   0.24514   0.08690   0.16230   0.04684   4.70000  9
   0.19503   0.18865  -0.11641  -0.13892   4.70000 10
   0.09419  -0.47759   0.07256   0.36017   4.80000  1
   0.15329  -0.27137   0.03140   0.36053   4.80000  2
   0.28801   0.45392  -0.11774  -0.53258   4.80000  3
   0.24227   0.25789   0.17165   0.27504   4.80000  4
   0.02462   2.61230  -0.00581  -0.09023   4.80000  5
   0.00822   2.44524   0.01009   0.05625   4.80000  6
   0.19649   0.14432  -0.22246  -0.29925   4.80000  7
   0.18168   0.21872   0.02232  -0.10066   4.80000  8
   0.25984   0.09464   0.12935   0.10620   4.80000  9
   0.18458   0.17490  -0.09136  -0.13545   4.80000 10
   0.10184  -0.43985   0.08045   0.39522   4.90000  1
   0.15651  -0.23412   0.03306   0.38551   4.90000  2
   0.27529   0.39732  -0.13691  -0.60117   4.90000  3
   0.25807   0.28287   0.14419   0.22451   4.90000  4
   0.02395   2.60238  -0.00753  -0.10827   4.90000  5
   0.00932   2.45174   0.01186   0.07375   4.90000  6
   0.17530   0.11607  -0.19890  -0.26413   4.90000  7
   0.18542   0.20719   0.05149  -0.12921   4.90000  8
   0.27056   0.10773   0.08315   0.15350   4.90000  9
   0.17694   0.16163  -0.06086  -0.12970   4.90000 10
   0.11029  -0.39843   0.08852   0.43387   5.00000  1
   0.15994  -0.19404   0.03560   0.41732   5.00000  2
   0.26061   0.33342  -0.15624  -0.67700   5.00000  3
   0.27106   0.30273   0.11509   0.17131   5.00000  4
   0.02311   2.59063  -0.00928  -0.12679   5.00000  5
   0.01059   2.46001   0.01365   0.09174   5.00000  6
   0.15709   0.09170  -0.16380  -0.22279   5.00000  7
   0.19179   0.19303   0.07516  -0.15316   5.00000  8
   0.27621   0.12493   0.02892   0.18850   5.00000  9
   0.17250   0.14899  -0.02763  -0.12300   5.00000 10
   0.11955  -0.35292   0.09678   0.47736   5.10000  1
   0.16365  -0.15035   0.03890   0.45816   5.10000  2
   0.24419   0.26220  -0.17157  -0.74543   5.10000  3
   0.28094   0.31654   0.08179   0.10153   5.10000  4
   0.02210   2.57702  -0.01101  -0.14543   5.10000  5
   0.01205   2.47009   0.01543   0.10987   5.10000  6
   0.14278   0.07154  -0.12145  -0.18053   5.10000  7
   0.20026   0.17673   0.09316  -0.17222   5.10000  8
   0.27621   0.14506  -0.02934   0.21189   5.10000  9
   0.17147   0.13707   0.00732  -0.11521   5.10000 10
   0.12965  -0.30274   0.10535   0.52757   5.20000  1
   0.16774  -0.10201   0.04289   0.51097   5.20000  2
   0.22639   0.18480  -0.18400  -0.79875   5.20000  3
   0.28741   0.32262   0.04808   0.01941   5.20000  4
   0.02092   2.56157  -0.01262  -0.16323   5.20000  5
   0.01368   2.48196   0.01708   0.12717   5.20000  6
   0.13302   0.05551  -0.07238  -0.14079   5.20000  7
   0.21014   0.15868   0.10240  -0.18895   5.20000  8
   0.27027   0.16666  -0.08959   0.21504   5.20000  9
   0.17398   0.12592   0.04279  -0.10844   5.20000 10
   0.14064  -0.24708   0.11445   0.58742   5.30000  1
   0.17227  -0.04767   0.04802   0.57795   5.30000  2
   0.20747   0.10369  -0.19420  -0.81629   5.30000  3
   0.29061   0.32042   0.01607  -0.06316   5.30000  4
   0.01959   2.54447  -0.01390  -0.17817   5.30000  5
   0.01546   2.49543   0.01841   0.14161   5.30000  6
   0.12858   0.04322  -0.01490  -0.10585   5.30000  7
   0.22019   0.13874   0.09524  -0.21113   5.30000  8
   0.25850   0.18671  -0.14332   0.17960   5.30000  9
   0.17990   0.11504   0.07414  -0.11199   5.30000 10
   0.15257  -0.18477   0.12453   0.66168   5.40000  1
   0.17743   0.01373   0.05566   0.64639   5.40000  2
   0.18762   0.02283  -0.20160  -0.79396   5.40000  3
   0.29061   0.31003  -0.01653  -0.14466   5.40000  4
   0.01816   2.52614  -0.01454  -0.18705   5.40000  5
   0.01734   2.51008   0.01908   0.15001   5.40000  6
   0.13033   0.03411   0.05053  -0.07753   5.40000  7
   0.22853   0.11625   0.06857  -0.23882   5.40000  8
   0.24225   0.20169  -0.17842   0.11725   5.40000  9
   0.18837   0.10289   0.09271  -0.13330   5.40000 10
   0.16558  -0.11410   0.13545   0.75403   5.50000  1
   0.18349   0.07982   0.06651   0.66519   5.50000  2
   0.16758  -0.05360  -0.19651  -0.72952   5.50000  3
   0.28719   0.29147  -0.05262  -0.22667   5.50000  4
   0.01671   2.50736  -0.01427  -0.18705   5.50000  5
   0.01924   2.52513   0.01886   0.14953   5.50000  6
   0.13863   0.02758   0.11430  -0.05305   5.50000  7
   0.23339   0.09120   0.02675  -0.25954   5.50000  8
   0.22345   0.20980  -0.19469   0.04337   5.50000  9
   0.19793   0.08832   0.09623  -0.15629   5.50000 10
   0.17952  -0.03424   0.14302   0.83914   5.60000  1
   0.19096   0.14504   0.08319   0.63269   5.60000  2
   0.14884  -0.12229  -0.17665  -0.64099   5.60000  3
   0.27987   0.26462  -0.09512  -0.31070   5.60000  4
   0.01533   2.48903  -0.01316  -0.17827   5.60000  5
   0.02108   2.53968   0.01778   0.14026   5.60000  6
   0.15284   0.02360   0.16816  -0.02551   5.60000  7
   0.23369   0.06511  -0.02080  -0.25836   5.60000  8
   0.20384   0.21016  -0.19470  -0.03667   5.60000  9
   0.20724   0.07227   0.08828  -0.16160   5.60000 10
   0.19431   0.05278   0.15344   0.89384   5.70000  1
   0.20005   0.20546   0.09764   0.57164   5.70000  2
   0.13234  -0.18184  -0.15353  -0.55264   5.70000  3
   0.26787   0.22933  -0.14618  -0.39411   5.70000  4
   0.01410   2.47190  -0.01150  -0.16362   5.70000  5
   0.02278   2.55299   0.01617   0.12513   5.70000  6
   0.17194   0.02296   0.21189   0.01616   5.70000  7
   0.22938   0.04028  -0.06367  -0.23334   5.70000  8
   0.18509   0.20253  -0.17713  -0.11438   5.70000  9
   0.21534   0.05657   0.07287  -0.14868   5.70000 10
   0.21008   0.14260   0.15984   0.89399   5.80000  1
   0.21017   0.25842   0.10289   0.48354   5.80000  2
   0.11803  -0.23341  -0.13319  -0.48146   5.80000  3
   0.25053   0.18630  -0.19984  -0.46233   5.80000  4
   0.01304   2.45639  -0.00962  -0.14625   5.80000  5
   0.02431   2.56462   0.01432   0.10726   5.80000  6
   0.19469   0.02737   0.23973   0.07283   5.80000  7
   0.22151   0.01952  -0.09045  -0.17824   5.80000  8
   0.16911   0.18772  -0.13907  -0.17900   5.80000  9
   0.22175   0.04344   0.05537  -0.11033   5.80000 10
   0.22571   0.22991   0.15019   0.84486   5.90000  1
   0.22028   0.30186   0.09838   0.38619   5.90000  2
   0.10561  -0.27855  -0.11564  -0.42289   5.90000  3
   0.22847   0.13806  -0.23693  -0.49676   5.90000  4
   0.01217   2.44267  -0.00770  -0.12813   5.90000  5
   0.02564   2.57442   0.01244   0.08863   5.90000  6
   0.21912   0.03736   0.24454   0.12498   5.90000  7
   0.21193   0.00497  -0.09843  -0.11206   5.90000  8
   0.15784   0.16749  -0.08495  -0.22201   5.90000  9
   0.22643   0.03478   0.03808  -0.06280   5.90000 10
   0.23989   0.31103   0.13363   0.77823   6.00000  1
   0.22980   0.33616   0.09202   0.30307   6.00000  2
   0.09482  -0.31827  -0.10052  -0.37272   6.00000  3
   0.20411   0.08757  -0.24557  -0.51077   6.00000  4
   0.01150   2.43076  -0.00581  -0.11016   6.00000  5
   0.02679   2.58235   0.01060   0.07014   6.00000  6
   0.24262   0.05179   0.22049   0.15979   6.00000  7
   0.20226  -0.00285  -0.09324  -0.04432   6.00000  8
   0.15213   0.14364  -0.02975  -0.25520   6.00000  9
   0.22927   0.03079   0.01815  -0.01805   6.00000 10
   0.25254   0.38579   0.11991   0.71782   6.10000  1
   0.23875   0.36321   0.08748   0.24157   6.10000  2
   0.08544  -0.35328  -0.08746  -0.32826   6.10000  3
   0.18027   0.03662  -0.22750  -0.50347   6.10000  4
   0.01101   2.42062  -0.00400  -0.09270   6.10000  5
   0.02777   2.58846   0.00883   0.05213   6.10000  6
   0.26233   0.06839   0.17051   0.16779   6.10000  7
   0.19347  -0.00403  -0.08226   0.01913   6.10000  8
   0.15175   0.11633   0.02151  -0.29128   6.10000  9
   0.22988   0.03086  -0.00703   0.01727   6.10000 10
   0.26398   0.45471   0.10919   0.66099   6.20000  1
   0.24734   0.38512   0.08448   0.19932   6.20000  2
   0.07728  -0.38405  -0.07602  -0.28772   6.20000  3
   0.15910  -0.01214  -0.19447  -0.46755   6.20000  4
   0.01070   2.41220  -0.00225  -0.07578   6.20000  5
   0.02856   2.59280   0.00714   0.03465   6.20000  6
   0.27641   0.08464   0.11056   0.15466   6.20000  7
   0.18581   0.00053  -0.07094   0.06928   6.20000  8
   0.15628   0.08541   0.06807  -0.32642   6.20000  9
   0.22775   0.03376  -0.03575   0.03858   6.20000 10
   0.27446   0.51814   0.10090   0.60871   6.30000  1
   0.25566   0.40345   0.08187   0.16842   6.30000  2
   0.07020  -0.41091  -0.06578  -0.24988   6.30000  3
   0.14147  -0.05626  -0.15829  -0.41288   6.30000  4
   0.01056   2.40545  -0.00056  -0.05935   6.30000  5
   0.02920   2.59540   0.00550   0.01762   6.30000  6
   0.28447   0.09896   0.05126   0.13045   6.30000  7
   0.17930   0.00919  -0.05889   0.10080   6.30000  8
   0.16512   0.05138   0.10691  -0.35139   6.30000  9
   0.22278   0.03816  -0.06293   0.04752   6.30000 10
   0.28422   0.57666   0.09445   0.56265   6.40000  1
   0.26371   0.41897   0.07897   0.14253   6.40000  2
   0.06409  -0.43409  -0.05638  -0.21391   6.40000  3
   0.12737  -0.09458  -0.12412  -0.35365   6.40000  4
   0.01058   2.40032   0.00109  -0.04328   6.40000  5
   0.02967   2.59633   0.00391   0.00092   6.40000  6
   0.28681   0.11052  -0.00356   0.09999   6.40000  7
   0.17419   0.02009  -0.04231   0.11432   6.40000  8
   0.17720   0.01584   0.13189  -0.35527   6.40000  9
   0.21537   0.04291  -0.08394   0.04569   6.40000 10
   0.29339   0.63089   0.08926   0.52296   6.50000  1
   0.27143   0.43201   0.07543   0.11852   6.50000  2
   0.05890  -0.45374  -0.04747  -0.17920   6.50000  3
   0.11655  -0.12711  -0.09262  -0.29798   6.50000  4
   0.01077   2.39679   0.00272  -0.02744   6.50000  5
   0.02998   2.59559   0.00236  -0.01559   6.50000  6
   0.28395   0.11885  -0.05273   0.06608   6.50000  7
   0.17104   0.03153  -0.02001   0.11232   6.50000  8
   0.19087  -0.01883   0.13849  -0.33467   6.50000  9
   0.20631   0.04700  -0.09543   0.03501   6.50000 10
   0.30210   0.68144   0.08494   0.48892   6.60000  1
   0.27877   0.44269   0.07110   0.09515   6.60000  2
   0.05459  -0.46996  -0.03879  -0.14536   6.60000  3
   0.10877  -0.15437  -0.06324  -0.24812   6.60000  4
   0.01113   2.39483   0.00433  -0.01167   6.60000  5
   0.03014   2.59321   0.00083  -0.03206   6.60000  6
   0.27645   0.12368  -0.09642   0.03047   6.60000  7
   0.17028   0.04226   0.00491   0.10148   6.60000  8
   0.20437  -0.05060   0.12947  -0.29923   6.60000  9
   0.19661   0.04978  -0.09713   0.02042   6.60000 10
   0.31040   0.72883   0.08124   0.45970   6.70000  1
   0.28562   0.45105   0.06589   0.07193   6.70000  2
   0.05115  -0.48282  -0.03012  -0.11205   6.70000  3
   0.10385  -0.17692  -0.03555  -0.20373   6.70000  4
   0.01164   2.39445   0.00595   0.00418   6.70000  5
   0.03015   2.58918  -0.00070  -0.04864   6.70000  6
   0.26483   0.12491  -0.13523  -0.00612   6.70000  7
   0.17198   0.05173   0.02872   0.08773   6.70000  8
   0.21644  -0.07855   0.11075  -0.25957   6.70000  9
   0.18715   0.05111  -0.09096   0.00657   6.70000 10
   0.31836   0.77351   0.07801   0.43454   6.80000  1
   0.29192   0.45708   0.05982   0.04871   6.80000  2
   0.04857  -0.49238  -0.02130  -0.07903   6.80000  3
   0.10161  -0.19526  -0.00934  -0.16368   6.80000  4
   0.01232   2.39567   0.00757   0.02025   6.80000  5
   0.03000   2.58348  -0.00223  -0.06547   6.80000  6
   0.24956   0.12243  -0.16931  -0.04358   6.80000  7
   0.17590   0.05979   0.04885   0.07338   6.80000  8
   0.22635  -0.10255   0.08668  -0.22073   6.80000  9
   0.17862   0.05119  -0.07876  -0.00438   6.80000 10
   0.32602   0.81585   0.07514   0.41281   6.90000  1
   0.29756   0.46078   0.05295   0.02543   6.90000  2
   0.04690  -0.49863  -0.01220  -0.04604   6.90000  3
   0.10194  -0.20976   0.01554  -0.12677   6.90000  4
   0.01316   2.39852   0.00923   0.03667   6.90000  5
   0.02970   2.57607  -0.00377  -0.08271   6.90000  6
   0.23115   0.11617  -0.19776  -0.08177   6.90000  7
   0.18156   0.06640   0.06328   0.05862   6.90000  8
   0.23368  -0.12277   0.05964  -0.18414   6.90000  9
   0.17155   0.05034  -0.06205  -0.01211   6.90000 10
   0.33340   0.85617   0.07258   0.39399   7.00000  1
   0.30248   0.46216   0.04540   0.00209   7.00000  2
   0.04615  -0.50158  -0.00270  -0.01283   7.00000  3
   0.10468  -0.22068   0.03919  -0.09183   7.00000  4
   0.01416   2.40302   0.01092   0.05357   7.00000  5
   0.02924   2.56692  -0.00534  -0.10046   7.00000  6
   0.21027   0.10608  -0.21814  -0.11975   7.00000  7
   0.18829   0.07147   0.06981   0.04244   7.00000  8
   0.23821  -0.13945   0.03080  -0.14987   7.00000  9
   0.16630   0.04886  -0.04253  -0.01735   7.00000 10
   0.34054   0.89473   0.07028   0.37767   7.10000  1
   0.30662   0.46120   0.03731  -0.02137   7.10000  2
   0.04637  -0.50118   0.00733   0.02086   7.10000  3
   0.10973  -0.22816   0.06162  -0.05783   7.10000  4
   0.01534   2.40925   0.01264   0.07099   7.10000  5
   0.02863   2.55596  -0.00693  -0.11877   7.10000  6
   0.18791   0.09229  -0.22679  -0.15536   7.10000  7
   0.19518   0.07478   0.06629   0.02303   7.10000  8
   0.23980  -0.15281   0.00074  -0.11761   7.10000  9
   0.16306   0.04691  -0.02249  -0.02162   7.10000 10
   0.34747   0.93178   0.06820   0.36349   7.20000  1
   0.30993   0.45788   0.02881  -0.04502   7.20000  2
   0.04763  -0.49738   0.01799   0.05535   7.20000  3
   0.11696  -0.23224   0.08273  -0.02376   7.20000  4
   0.01669   2.41724   0.01438   0.08883   7.20000  5
   0.02786   2.54315  -0.00853  -0.13753   7.20000  6
   0.16540   0.07518  -0.22100  -0.18601   7.20000  7
   0.20119   0.07591   0.05231  -0.00128   7.20000  8
   0.23833  -0.16303  -0.03023  -0.08696   7.20000  9
   0.16173   0.04449  -0.00467  -0.02710   7.20000 10
   0.35419   0.96749   0.06632   0.35118   7.30000  1
   0.31238   0.45218   0.02002  -0.06900   7.30000  2
   0.05000  -0.49007   0.02939   0.09097   7.30000  3
   0.12622  -0.23288   0.10216   0.01130   7.30000  4
   0.01822   2.42701   0.01607   0.10664   7.30000  5
   0.02693   2.52845  -0.01007  -0.15631   7.30000  6
   0.14419   0.05530  -0.20120  -0.21041   7.30000  7
   0.20538   0.07435   0.03050  -0.03060   7.30000  8
   0.23373  -0.17024  -0.06184  -0.05749   7.30000  9
   0.16197   0.04136   0.00864  -0.03628   7.30000 10
   0.36073   1.00207   0.06461   0.34049   7.40000  1
   0.31393   0.44407   0.01099  -0.09346   7.40000  2
   0.05354  -0.47913   0.04164   0.12816   7.40000  3
   0.13731  -0.22992   0.11917   0.04823   7.40000  4
   0.01990   2.43853   0.01761   0.12327   7.40000  5
   0.02585   2.51192  -0.01143  -0.17396   7.40000  6
   0.12553   0.03329  -0.17030  -0.22912   7.40000  7
   0.20716   0.06966   0.00467  -0.06391   7.40000  8
   0.22596  -0.17455  -0.09359  -0.02874   7.40000  9
   0.16328   0.03705   0.01664  -0.05096   7.40000 10
   0.36712   1.03564   0.06305   0.33122   7.50000  1
   0.31457   0.43347   0.00174  -0.11857   7.50000  2
   0.05836  -0.46437   0.05479   0.16747   7.50000  3
   0.14993  -0.22315   0.13226   0.08772   7.50000  4
   0.02173   2.45155   0.01877   0.13643   7.50000  5
   0.02465   2.49377  -0.01240  -0.18817   7.50000  6
   0.11039   0.00961  -0.13160  -0.24393   7.50000  7
   0.20628   0.06147  -0.02231  -0.10034   7.50000  8
   0.21505  -0.17599  -0.12440  -0.00008   7.50000  9
   0.16515   0.03097   0.02011  -0.07175   7.50000 10
   0.37335   1.06835   0.06162   0.32322   7.60000  1
   0.31427   0.42032  -0.00776  -0.14452   7.60000  2
   0.06453  -0.44555   0.06890   0.20962   7.60000  3
   0.16355  -0.21228   0.13879   0.13001   7.60000  4
   0.02363   2.46559   0.01924   0.14280   7.60000  5
   0.02339   2.47451  -0.01266  -0.19565   7.60000  6
   0.09939  -0.01544  -0.08747  -0.25675   7.60000  7
   0.20272   0.04949  -0.04870  -0.13970   7.60000  8
   0.20118  -0.17454  -0.15219   0.02949   7.60000  9
   0.16719   0.02250   0.02025  -0.09852   7.60000 10
   0.37944   1.10032   0.06030   0.31632   7.70000  1
   0.31300   0.40453  -0.01755  -0.17152   7.70000  2
   0.07217  -0.42232   0.08390   0.25562   7.70000  3
   0.17734  -0.19707   0.13487   0.17445   7.70000  4
   0.02554   2.47980   0.01884   0.13999   7.70000  5
   0.02215   2.45495  -0.01203  -0.19401   7.70000  6
   0.09303  -0.04171  -0.03898  -0.26869   7.70000  7
   0.19660   0.03342  -0.07336  -0.18240   7.70000  8
   0.18482  -0.17002  -0.17372   0.06143   7.70000  9
   0.16911   0.01107   0.01773  -0.13120   7.70000 10
   0.38541   1.13165   0.05907   0.31042   7.80000  1
   0.31075   0.38598  -0.02769  -0.19981   7.80000  2
   0.08134  -0.39425   0.09966   0.30689   7.80000  3
   0.19005  -0.17738   0.11668   0.21921   7.80000  4
   0.02738   2.49330   0.01770   0.12885   7.80000  5
   0.02101   2.43599  -0.01064  -0.18409   7.80000  6
   0.09173  -0.06913   0.01356  -0.27932   7.80000  7
   0.18814   0.01287  -0.09522  -0.22917   7.80000  8
   0.16676  -0.16213  -0.18562   0.09702   7.80000  9
   0.17065  -0.00394   0.01251  -0.17000   7.80000 10
   0.39126   1.16243   0.05792   0.30540   7.90000  1
   0.30745   0.36451  -0.03828  -0.22971   7.90000  2
   0.09211  -0.36070   0.11586   0.36541   7.90000  3
   0.20014  -0.15332   0.08268   0.26097   7.90000  4
   0.02907   2.50540   0.01614   0.11254   7.90000  5
   0.02004   2.41831  -0.00880  -0.16907   7.90000  6
   0.09585  -0.09743   0.06906  -0.28536   7.90000  7
   0.17769  -0.01257  -0.11291  -0.28037   7.90000  8
   0.14808  -0.15052  -0.18577   0.13508   7.90000  9
   0.17151  -0.02314   0.00411  -0.21490   7.90000 10
   0.39700   1.19276   0.05682   0.30117   8.00000  1
   0.30307   0.33996  -0.04947  -0.26167   8.00000  2
   0.10451  -0.32083   0.13208   0.43383   8.00000  3
   0.20610  -0.12551   0.03419   0.29274   8.00000  4
   0.03060   2.51574   0.01445   0.09401   8.00000  5
   0.01926   2.40225  -0.00680  -0.15190   8.00000  6
   0.10549  -0.12580   0.12261  -0.27927   8.00000  7
   0.16576  -0.04328  -0.12449  -0.33377   8.00000  8
   0.13008  -0.13525  -0.17139   0.16854   8.00000  9
   0.17134  -0.04706  -0.00802  -0.26368   8.00000 10
   0.40263   1.22269   0.05576   0.29764   8.10000  1
   0.29753   0.31209  -0.06151  -0.29631   8.10000  2
   0.11851  -0.27351   0.14776   0.51470   8.10000  3
   0.20664  -0.09560  -0.02431   0.29980   8.10000  4
   0.03196   2.52419   0.01277   0.07496   8.10000  5
   0.01868   2.38794  -0.00476  -0.13429   8.10000  6
   0.11997  -0.15260   0.16411  -0.25303   8.10000  7
   0.15308  -0.07907  -0.12774  -0.37937   8.10000  8
   0.11445  -0.11742  -0.13779   0.18395   8.10000  9
   0.16976  -0.07574  -0.02429  -0.30804   8.10000 10
