   0.01294  -1.38962  -0.00006  -0.01318   0.10000  1
   0.03021  -1.58817  -0.00204   0.00083   0.10000  2
   0.04258   0.45656  -0.00625  -0.00506   0.10000  3
  -0.14822   0.51449   0.00571  -0.00689   0.10000  4
  -0.06837   0.00261   0.00081   0.00607   0.10000  5
   0.08659   0.12827  -0.00784   0.00100   0.10000  6
  -0.67329  -0.06880   0.00841  -0.00074   0.10000  7
  -0.48465  -0.13374  -0.00055   0.00407   0.10000  8
  -0.06007  -1.59586   0.01241   0.00338   0.10000  9
   0.12003  -1.68006  -0.01060   0.01051   0.10000 10
   0.01293  -1.39160  -0.00010  -0.02645   0.20000  1
   0.02990  -1.58804  -0.00405   0.00170   0.20000  2
   0.04164   0.45580  -0.01251  -0.01014   0.20000  3
  -0.14737   0.51345   0.01144  -0.01382   0.20000  4
  -0.06825   0.00352   0.00163   0.01217   0.20000  5
   0.08542   0.12842  -0.01569   0.00201   0.20000  6
  -0.67202  -0.06891   0.01685  -0.00147   0.20000  7
  -0.48474  -0.13313  -0.00112   0.00815   0.20000  8
  -0.05820  -1.59535   0.02481   0.00677   0.20000  9
   0.11844  -1.67848  -0.02125   0.02109   0.20000 10
   0.01292  -1.39492  -0.00011  -0.03991   0.30000  1
   0.02940  -1.58783  -0.00598   0.00264   0.30000  2
   0.04007   0.45453  -0.01882  -0.01523   0.30000  3
  -0.14593   0.51172   0.01720  -0.02081   0.30000  4
  -0.06804   0.00505   0.00246   0.01833   0.30000  5
   0.08345   0.12867  -0.02358   0.00302   0.30000  6
  -0.66992  -0.06909   0.02533  -0.00219   0.30000  7
  -0.48488  -0.13211  -0.00171   0.01224   0.30000  8
  -0.05510  -1.59450   0.03720   0.01015   0.30000  9
   0.11578  -1.67584  -0.03198   0.03177   0.30000 10
   0.01291  -1.39960  -0.00008  -0.05364   0.40000  1
   0.02871  -1.58751  -0.00779   0.00369   0.40000  2
   0.03787   0.45275  -0.02518  -0.02036   0.40000  3
  -0.14393   0.50929   0.02300  -0.02790   0.40000  4
  -0.06775   0.00719   0.00332   0.02457   0.40000  5
   0.08070   0.12902  -0.03152   0.00404   0.40000  6
  -0.66695  -0.06935   0.03390  -0.00290   0.40000  7
  -0.48508  -0.13068  -0.00233   0.01635   0.40000  8
  -0.05077  -1.59332   0.04953   0.01352   0.40000  9
   0.11204  -1.67212  -0.04283   0.04262   0.40000 10
   0.01290  -1.40566   0.00002  -0.06775   0.50000  1
   0.02784  -1.58708  -0.00942   0.00489   0.50000  2
   0.03503   0.45046  -0.03162  -0.02554   0.50000  3
  -0.14133   0.50614   0.02886  -0.03511   0.50000  4
  -0.06738   0.00997   0.00420   0.03094   0.50000  5
   0.07715   0.12948  -0.03954   0.00508   0.50000  6
  -0.66313  -0.06967   0.04256  -0.00358   0.50000  7
  -0.48534  -0.12884  -0.00299   0.02048   0.50000  8
  -0.04520  -1.59180   0.06175   0.01689   0.50000  9
   0.10721  -1.66731  -0.05381   0.05370   0.50000 10
   0.01291  -1.41316   0.00022  -0.08233   0.60000  1
   0.02683  -1.58653  -0.01080   0.00632   0.60000  2
   0.03155   0.44764  -0.03816  -0.03077   0.60000  3
  -0.13815   0.50226   0.03479  -0.04250   0.60000  4
  -0.06691   0.01338   0.00513   0.03745   0.60000  5
   0.07279   0.13004  -0.04763   0.00614   0.60000  6
  -0.65844  -0.07006   0.05135  -0.00423   0.60000  7
  -0.48568  -0.12658  -0.00371   0.02464   0.60000  8
  -0.03842  -1.58994   0.07375   0.02023   0.60000  9
   0.10127  -1.66137  -0.06493   0.06505   0.60000 10
   0.01295  -1.42215   0.00056  -0.09747   0.70000  1
   0.02570  -1.58581  -0.01183   0.00803   0.70000  2
   0.02740   0.44430  -0.04480  -0.03607   0.70000  3
  -0.13437   0.49763   0.04079  -0.05010   0.70000  4
  -0.06635   0.01746   0.00609   0.04416   0.70000  5
   0.06762   0.13071  -0.05583   0.00722   0.70000  6
  -0.65286  -0.07052   0.06029  -0.00483   0.70000  7
  -0.48609  -0.12391  -0.00449   0.02882   0.70000  8
  -0.03046  -1.58775   0.08538   0.02353   0.70000  9
   0.09422  -1.65428  -0.07616   0.07671   0.70000 10
   0.01303  -1.43268   0.00110  -0.11326   0.80000  1
   0.02448  -1.58491  -0.01241   0.01012   0.80000  2
   0.02258   0.44042  -0.05155  -0.04145   0.80000  3
  -0.12999   0.49223   0.04687  -0.05796   0.80000  4
  -0.06569   0.02222   0.00709   0.05108   0.80000  5
   0.06162   0.13148  -0.06413   0.00835   0.80000  6
  -0.64638  -0.07103   0.06940  -0.00537   0.80000  7
  -0.48658  -0.12081  -0.00534   0.03303   0.80000  8
  -0.02137  -1.58524   0.09635   0.02677   0.80000  9
   0.08604  -1.64602  -0.08737   0.08869   0.80000 10
   0.01318  -1.44482   0.00190  -0.12973   0.90000  1
   0.02323  -1.58377  -0.01245   0.01267   0.90000  2
   0.01709   0.43601  -0.05841  -0.04693   0.90000  3
  -0.12500   0.48603   0.05301  -0.06611   0.90000  4
  -0.06493   0.02769   0.00813   0.05827   0.90000  5
   0.05479   0.13238  -0.07254   0.00952   0.90000  6
  -0.63897  -0.07159   0.07870  -0.00584   0.90000  7
  -0.48716  -0.11730  -0.00625   0.03726   0.90000  8
  -0.01123  -1.58240   0.10628   0.02993   0.90000  9
   0.07675  -1.63654  -0.09836   0.10096   0.90000 10
   0.01342  -1.45864   0.00307  -0.14682   1.00000  1
   0.02201  -1.58235  -0.01186   0.01579   1.00000  2
   0.01090   0.43103  -0.06538  -0.05254   1.00000  3
  -0.11939   0.47900   0.05918  -0.07462   1.00000  4
  -0.06407   0.03389   0.00918   0.06575   1.00000  5
   0.04711   0.13339  -0.08106   0.01075   1.00000  6
  -0.63063  -0.07219   0.08821  -0.00620   1.00000  7
  -0.48783  -0.11336  -0.00723   0.04151   1.00000  8
  -0.00017  -1.57926   0.11459   0.03299   1.00000  9
   0.06639  -1.62582  -0.10872   0.11338   1.00000 10
   0.01381  -1.47420   0.00471  -0.16430   1.10000  1
   0.02088  -1.58059  -0.01063   0.01955   1.10000  2
   0.00401   0.42549  -0.07240  -0.05829   1.10000  3
  -0.11316   0.47109   0.06534  -0.08354   1.10000  4
  -0.06309   0.04085   0.01024   0.07357   1.10000  5
   0.03857   0.13453  -0.08967   0.01208   1.10000  6
  -0.62132  -0.07282   0.09794  -0.00642   1.10000  7
  -0.48860  -0.10900  -0.00825   0.04576   1.10000  8
   0.01161  -1.57581   0.12050   0.03595   1.10000  9
   0.05505  -1.61387  -0.11778   0.12563   1.10000 10
   0.01439  -1.49150   0.00691  -0.18156   1.20000  1
   0.01990  -1.57842  -0.00885   0.02396   1.20000  2
  -0.00358   0.41937  -0.07940  -0.06422   1.20000  3
  -0.10633   0.46228   0.07138  -0.09292   1.20000  4
  -0.06202   0.04861   0.01124   0.08176   1.20000  5
   0.02917   0.13581  -0.09833   0.01353   1.20000  6
  -0.61103  -0.07347   0.10786  -0.00646   1.20000  7
  -0.48948  -0.10421  -0.00928   0.04999   1.20000  8
   0.02382  -1.57207   0.12308   0.03880   1.20000  9
   0.04291  -1.60072  -0.12462   0.13713   1.20000 10
   0.01521  -1.51046   0.00963  -0.19736   1.30000  1
   0.01912  -1.57578  -0.00671   0.02887   1.30000  2
  -0.01187   0.41264  -0.08626  -0.07038   1.30000  3
  -0.09890   0.45249   0.07716  -0.10282   1.30000  4
  -0.06085   0.05722   0.01214   0.09035   1.30000  5
   0.01891   0.13724  -0.10697   0.01516   1.30000  6
  -0.59975  -0.07411   0.11796  -0.00626   1.30000  7
  -0.49046  -0.09900  -0.01026   0.05415   1.30000  8
   0.03609  -1.56806   0.12150   0.04142   1.30000  9
   0.03023  -1.58650  -0.12819   0.14688   1.30000 10
   0.01632  -1.53085   0.01259  -0.20957   1.40000  1
   0.01857  -1.57264  -0.00443   0.03389   1.40000  2
  -0.02082   0.40528  -0.09278  -0.07685   1.40000  3
  -0.09091   0.44169   0.08244  -0.11328   1.40000  4
  -0.05960   0.06670   0.01281   0.09934   1.40000  5
   0.00778   0.13885  -0.11548   0.01704   1.40000  6
  -0.58744  -0.07471   0.12814  -0.00574   1.40000  7
  -0.49153  -0.09338  -0.01110   0.05820   1.40000  8
   0.04797  -1.56380   0.11547   0.04352   1.40000  9
   0.01740  -1.57145  -0.12767   0.15345   1.40000 10
   0.01772  -1.55217   0.01524  -0.21556   1.50000  1
   0.01824  -1.56902  -0.00220   0.03837   1.50000  2
  -0.03040   0.39726  -0.09866  -0.08374   1.50000  3
  -0.08244   0.42982   0.08687  -0.12431   1.50000  4
  -0.05830   0.07710   0.01312   0.10873   1.50000  5
  -0.00418   0.14066  -0.12369   0.01929   1.50000  6
  -0.57412  -0.07524   0.13830  -0.00479   1.50000  7
  -0.49267  -0.08737  -0.01162   0.06205   1.50000  8
   0.05905  -1.55939   0.10552   0.04460   1.50000  9
   0.00484  -1.55597  -0.12288   0.15535   1.50000 10
   0.01934  -1.57370   0.01720  -0.21379   1.60000  1
   0.01812  -1.56501  -0.00012   0.04166   1.60000  2
  -0.04052   0.38852  -0.10352  -0.09121   1.60000  3
  -0.07358   0.41681   0.09002  -0.13590   1.60000  4
  -0.05699   0.08846   0.01284   0.11846   1.60000  5
  -0.01694   0.14273  -0.13137   0.02206   1.60000  6
  -0.55979  -0.07565   0.14823  -0.00327   1.60000  7
  -0.49384  -0.08098  -0.01161   0.06562   1.60000  8
   0.06898  -1.55493   0.09278   0.04432   1.60000  9
  -0.00705  -1.54055  -0.11446   0.15205   1.60000 10
   0.02114  -1.59469   0.01853  -0.20509   1.70000  1
   0.01821  -1.56074   0.00181   0.04344   1.70000  2
  -0.05106   0.37899  -0.10694  -0.09947   1.70000  3
  -0.06449   0.40262   0.09139  -0.14798   1.70000  4
  -0.05576   0.10080   0.01170   0.12843   1.70000  5
  -0.03042   0.14510  -0.13819   0.02557   1.70000  6
  -0.54449  -0.07587   0.15767  -0.00105   1.70000  7
  -0.49496  -0.07426  -0.01075   0.06880   1.70000  8
   0.07756  -1.55057   0.07851   0.04271   1.70000  9
  -0.01797  -1.52569  -0.10372   0.14465   1.70000 10
   0.02304  -1.61457   0.01945  -0.19179   1.80000  1
   0.01848  -1.55637   0.00361   0.04389   1.80000  2
  -0.06185   0.36859  -0.10860  -0.10875   1.80000  3
  -0.05538   0.38720   0.09052  -0.16048   1.80000  4
  -0.05469   0.11414   0.00943   0.13849   1.80000  5
  -0.04454   0.14787  -0.14380   0.03004   1.80000  6
  -0.52828  -0.07583   0.16627   0.00202   1.80000  7
  -0.49594  -0.06724  -0.00867   0.07149   1.80000  8
   0.08467  -1.54642   0.06366   0.04013   1.80000  9
  -0.02776  -1.51170  -0.09188   0.13496   1.80000 10
   0.02502  -1.63297   0.02014  -0.17606   1.90000  1
   0.01893  -1.55199   0.00531   0.04345   1.90000  2
  -0.07271   0.35720  -0.10837  -0.11924   1.90000  3
  -0.04647   0.37051   0.08716  -0.17331   1.90000  4
  -0.05392   0.12849   0.00575   0.14848   1.90000  5
  -0.05913   0.15115  -0.14783   0.03571   1.90000  6
  -0.51127  -0.07544   0.17375   0.00606   1.90000  7
  -0.49664  -0.05998  -0.00503   0.07363   1.90000  8
   0.09029  -1.54256   0.04881   0.03700   1.90000  9
  -0.03634  -1.49873  -0.07968   0.12428   1.90000 10
   0.02706  -1.64975   0.02064  -0.15936   2.00000  1
   0.01954  -1.54769   0.00693   0.04254   2.00000  2
  -0.08347   0.34469  -0.10638  -0.13107   2.00000  3
  -0.03803   0.35253   0.08123  -0.18640   2.00000  4
  -0.05359   0.14383   0.00054   0.15824   2.00000  5
  -0.07404   0.15506  -0.15001   0.04270   2.00000  6
  -0.49358  -0.07459   0.17989   0.01111   2.00000  7
  -0.49689  -0.05253   0.00041   0.07526   2.00000  8
   0.09444  -1.53903   0.03425   0.03365   2.00000  9
  -0.04370  -1.48685  -0.06752   0.11331   2.00000 10
   0.02914  -1.66484   0.02100  -0.14249   2.10000  1
   0.02031  -1.54349   0.00847   0.04146   2.10000  2
  -0.09394   0.33094  -0.10293  -0.14422   2.10000  3
  -0.03031   0.33323   0.07282  -0.19966   2.10000  4
  -0.05386   0.16013  -0.00612   0.16768   2.10000  5
  -0.08907   0.15973  -0.15021   0.05094   2.10000  6
  -0.47534  -0.07318   0.18471   0.01714   2.10000  7
  -0.49650  -0.04494   0.00770   0.07648   2.10000  8
   0.09715  -1.53583   0.02012   0.03029   2.10000  9
  -0.04985  -1.47607  -0.05555   0.10239   2.10000 10
   0.03125  -1.67825   0.02121  -0.12588   2.20000  1
   0.02123  -1.53940   0.00995   0.04036   2.20000  2
  -0.10401   0.31581  -0.09834  -0.15851   2.20000  3
  -0.02355   0.31260   0.06196  -0.21285   2.20000  4
  -0.05486   0.17735  -0.01400   0.17657   2.20000  5
  -0.10402   0.16528  -0.14847   0.06012   2.20000  6
  -0.45667  -0.07113   0.18840   0.02405   2.20000  7
  -0.49529  -0.03724   0.01670   0.07748   2.20000  8
   0.09848  -1.53296   0.00644   0.02705   2.20000  9
  -0.05482  -1.46637  -0.04384   0.09161   2.20000 10
   0.03338  -1.69003   0.02129  -0.10967   2.30000  1
   0.02230  -1.53542   0.01134   0.03932   2.30000  2
  -0.11358   0.29921  -0.09287  -0.17350   2.30000  3
  -0.01800   0.29068   0.04861  -0.22534   2.30000  4
  -0.05669   0.19541  -0.02271   0.18433   2.30000  5
  -0.11870   0.17177  -0.14491   0.06965   2.30000  6
  -0.43768  -0.06834   0.19126   0.03175   2.30000  7
  -0.49311  -0.02944   0.02713   0.07845   2.30000  8
   0.09845  -1.53041  -0.00678   0.02400   2.30000  9
  -0.05862  -1.45774  -0.03237   0.08101   2.30000 10
   0.03551  -1.70020   0.02124  -0.09393   2.40000  1
   0.02350  -1.53153   0.01264   0.03834   2.40000  2
  -0.12257   0.28112  -0.08673  -0.18832   2.40000  3
  -0.01391   0.26760   0.03272  -0.23590   2.40000  4
  -0.05942   0.21413  -0.03188   0.18955   2.40000  5
  -0.13294   0.17920  -0.13968   0.07875   2.40000  6
  -0.41844  -0.06475   0.19364   0.04018   2.40000  7
  -0.48983  -0.02155   0.03871   0.07956   2.40000  8
   0.09714  -1.52816  -0.01952   0.02119   2.40000  9
  -0.06130  -1.45016  -0.02113   0.07057   2.40000 10
   0.03763  -1.70883   0.02106  -0.07863   2.50000  1
   0.02482  -1.52775   0.01378   0.03743   2.50000  2
  -0.13092   0.26160  -0.08027  -0.20157   2.50000  3
  -0.01153   0.24362   0.01455  -0.24279   2.50000  4
  -0.06307   0.23316  -0.04123   0.18998   2.50000  5
  -0.14659   0.18747  -0.13304   0.08640   2.50000  6
  -0.39896  -0.06028   0.19581   0.04933   2.50000  7
  -0.48534  -0.01352   0.05121   0.08095   2.50000  8
   0.09457  -1.52617  -0.03177   0.01867   2.50000  9
  -0.06286  -1.44362  -0.01009   0.06023   2.50000 10
   0.03972  -1.71594   0.02073  -0.06371   2.60000  1
   0.02625  -1.52405   0.01471   0.03655   2.60000  2
  -0.13863   0.24091  -0.07415  -0.21157   2.60000  3
  -0.01105   0.21920  -0.00503  -0.24488   2.60000  4
  -0.06767   0.25191  -0.05072   0.18385   2.60000  5
  -0.15951   0.19639  -0.12529   0.09146   2.60000  6
  -0.37927  -0.05486   0.19801   0.05921   2.60000  7
  -0.47956  -0.00534   0.06446   0.08269   2.60000  8
   0.09080  -1.52441  -0.04352   0.01647   2.60000  9
  -0.06332  -1.43812   0.00078   0.04994   2.60000 10
   0.04177  -1.72158   0.02026  -0.04912   2.70000  1
   0.02775  -1.52044   0.01535   0.03568   2.70000  2
  -0.14579   0.21943  -0.06926  -0.21726   2.70000  3
  -0.01254   0.19479  -0.02486  -0.24276   2.70000  4
  -0.07322   0.26972  -0.06032   0.17167   2.70000  5
  -0.17162   0.20564  -0.11680   0.09283   2.70000  6
  -0.35935  -0.04842   0.20038   0.06988   2.70000  7
  -0.47242   0.00303   0.07839   0.08484   2.70000  8
   0.08588  -1.52286  -0.05468   0.01461   2.70000  9
  -0.06270  -1.43364   0.01152   0.03963   2.70000 10
   0.04376  -1.72578   0.01962  -0.03478   2.80000  1
   0.02930  -1.51691   0.01561   0.03477   2.80000  2
  -0.15254   0.19760  -0.06613  -0.21879   2.80000  3
  -0.01600   0.17074  -0.04423  -0.23802   2.80000  4
  -0.07973   0.28611  -0.06981   0.15565   2.80000  5
  -0.18287   0.21481  -0.10805   0.08994   2.80000  6
  -0.33919  -0.04086   0.20305   0.08142   2.80000  7
  -0.46386   0.01164   0.09297   0.08743   2.80000  8
   0.07989  -1.52148  -0.06517   0.01314   2.80000  9
  -0.06102  -1.43019   0.02215   0.02924   2.80000 10
   0.04569  -1.72854   0.01881  -0.02062   2.90000  1
   0.03086  -1.51348   0.01535   0.03377   2.90000  2
  -0.15907   0.17578  -0.06477  -0.21733   2.90000  3
  -0.02137   0.14723  -0.06300  -0.23204   2.90000  4
  -0.08717   0.30080  -0.07902   0.13792   2.90000  5
  -0.19324   0.22349  -0.09953   0.08311   2.90000  6
  -0.31873  -0.03210   0.20612   0.09390   2.90000  7
  -0.45381   0.02053   0.10823   0.09047   2.90000  8
   0.07288  -1.52022  -0.07487   0.01211   2.90000  9
  -0.05828  -1.42780   0.03268   0.01869   2.90000 10
   0.04752  -1.72990   0.01780  -0.00658   3.00000  1
   0.03235  -1.51016   0.01445   0.03267   3.00000  2
  -0.16554   0.15418  -0.06485  -0.21438   3.00000  3
  -0.02859   0.12434  -0.08132  -0.22559   3.00000  4
  -0.09552   0.31368  -0.08787   0.11971   3.00000  5
  -0.20279   0.23134  -0.09159   0.07335   3.00000  6
  -0.29795  -0.02204   0.20966   0.10740   3.00000  7
  -0.44219   0.02975   0.12425   0.09395   3.00000  8
   0.06494  -1.51904  -0.08361   0.01155   3.00000  9
  -0.05449  -1.42646   0.04309   0.00792   3.00000 10
   0.04924  -1.72986   0.01657   0.00741   3.10000  1
   0.03372  -1.50696   0.01278   0.03143   3.10000  2
  -0.17208   0.13291  -0.06611  -0.21118   3.10000  3
  -0.03763   0.10211  -0.09946  -0.21903   3.10000  4
  -0.10473   0.32474  -0.09638   0.10153   3.10000  5
  -0.21158   0.23810  -0.08435   0.06172   3.10000  6
  -0.27678  -0.01059   0.21371   0.12195   3.10000  7
  -0.42893   0.03933   0.14111   0.09783   3.10000  8
   0.05619  -1.51789  -0.09120   0.01149   3.10000  9
  -0.04967  -1.42622   0.05333  -0.00314   3.10000 10
   0.05082  -1.72842   0.01510   0.02141   3.20000  1
   0.03488  -1.50388   0.01024   0.03002   3.20000  2
  -0.17879   0.11193  -0.06829  -0.20836   3.20000  3
  -0.04849   0.08054  -0.11776  -0.21240   3.20000  4
  -0.11478   0.33399  -0.10457   0.08351   3.20000  5
  -0.21968   0.24364  -0.07775   0.04899   3.20000  6
  -0.25519   0.00238   0.21819   0.13740   3.20000  7
  -0.41394   0.04932   0.15892   0.10204   3.20000  8
   0.04675  -1.51672  -0.09742   0.01196   3.20000  9
  -0.04383  -1.42710   0.06333  -0.01456   3.20000 10
   0.05225  -1.72558   0.01337   0.03547   3.30000  1
   0.03574  -1.50096   0.00679   0.02843   3.30000  2
  -0.18576   0.09122  -0.07098  -0.20581   3.30000  3
  -0.06119   0.05964  -0.13647  -0.20549   3.30000  4
  -0.12564   0.34145  -0.11243   0.06558   3.30000  5
  -0.22715   0.24788  -0.07165   0.03562   3.30000  6
  -0.23314   0.01691   0.22272   0.15316   3.30000  7
  -0.39711   0.05975   0.17777   0.10645   3.30000  8
   0.03676  -1.51548  -0.10206   0.01294   3.30000  9
  -0.03701  -1.42914   0.07293  -0.02636   3.30000 10
   0.05349  -1.72132   0.01134   0.04966   3.40000  1
   0.03621  -1.49820   0.00246   0.02665   3.40000  2
  -0.19298   0.07080  -0.07324  -0.20245   3.40000  3
  -0.07580   0.03947  -0.15565  -0.19772   3.40000  4
  -0.13726   0.34711  -0.11993   0.04760   3.40000  5
  -0.23402   0.25076  -0.06582   0.02190   3.40000  6
  -0.21068   0.03297   0.22620   0.16770   3.40000  7
  -0.37835   0.07061   0.19765   0.11082   3.40000  8
   0.02640  -1.51412  -0.10489   0.01437   3.40000  9
  -0.02927  -1.43239   0.08189  -0.03852   3.40000 10
   0.05451  -1.71564   0.00899   0.06403   3.50000  1
   0.03620  -1.49564  -0.00263   0.02464   3.50000  2
  -0.20034   0.05083  -0.07368  -0.19631   3.50000  3
  -0.09232   0.02016  -0.17478  -0.18803   3.50000  4
  -0.14961   0.35096  -0.12698   0.02938   3.50000  5
  -0.24032   0.25225  -0.06004   0.00797   3.50000  6
  -0.18800   0.05032   0.22658   0.17839   3.50000  7
  -0.35756   0.08190   0.21833   0.11476   3.50000  8
   0.01585  -1.51260  -0.10566   0.01614   3.50000  9
  -0.02067  -1.43686   0.08988  -0.05096   3.50000 10
   0.05528  -1.70851   0.00631   0.07864   3.60000  1
   0.03566  -1.49328  -0.00826   0.02235   3.60000  2
  -0.20762   0.03167  -0.07152  -0.18614   3.60000  3
  -0.11070   0.00197  -0.19239  -0.17531   3.60000  4
  -0.16263   0.35297  -0.13343   0.01074   3.60000  5
  -0.24602   0.25235  -0.05405  -0.00601   3.60000  6
  -0.16553   0.06845   0.22185   0.18335   3.60000  7
  -0.33468   0.09354   0.23919   0.11782   3.60000  8
   0.00534  -1.51089  -0.10416   0.01804   3.60000  9
  -0.01134  -1.44258   0.09645  -0.06347   3.60000 10
   0.05576  -1.69990   0.00327   0.09356   3.70000  1
   0.03454  -1.49118  -0.01410   0.01966   3.70000  2
  -0.21458   0.01371  -0.06733  -0.17274   3.70000  3
  -0.13069  -0.01480  -0.20681  -0.15948   3.70000  4
  -0.17627   0.35309  -0.13904  -0.00846   3.70000  5
  -0.25111   0.25105  -0.04756  -0.01989   3.70000  6
  -0.14382   0.08683   0.21154   0.18366   3.70000  7
  -0.30975   0.10542   0.25907   0.11963   3.70000  8
  -0.00490  -1.50899  -0.10019   0.01976   3.70000  9
  -0.00144  -1.44954   0.10114  -0.07570   3.70000 10
   0.05592  -1.68978  -0.00014   0.10886   3.80000  1
   0.03285  -1.48937  -0.01978   0.01642   3.80000  2
  -0.22105  -0.00282  -0.06183  -0.15769   3.80000  3
  -0.15194  -0.02987  -0.21754  -0.14175   3.80000  4
  -0.19040   0.35125  -0.14350  -0.02831   3.80000  5
  -0.25551   0.24838  -0.04027  -0.03344   3.80000  6
  -0.12337   0.10512   0.19689   0.18201   3.80000  7
  -0.28295   0.11742   0.27636   0.12016   3.80000  8
  -0.01461  -1.50695  -0.09369   0.02094   3.80000  9
   0.00881  -1.45770   0.10349  -0.08721   3.80000 10
   0.05572  -1.67811  -0.00392   0.12459   3.90000  1
   0.03061  -1.48792  -0.02492   0.01242   3.90000  2
  -0.22692  -0.01782  -0.05555  -0.14227   3.90000  3
  -0.17409  -0.04312  -0.22483  -0.12334   3.90000  4
  -0.20492   0.34740  -0.14644  -0.04879   3.90000  5
  -0.25913   0.24439  -0.03184  -0.04634   3.90000  6
  -0.10453   0.12322   0.17960   0.18006   3.90000  7
  -0.25462   0.12943   0.28941   0.11990   3.90000  8
  -0.02356  -1.50483  -0.08477   0.02126   3.90000  9
   0.01917  -1.46694   0.10326  -0.09751   3.90000 10
   0.05512  -1.66485  -0.00807   0.14082   4.00000  1
   0.02789  -1.48692  -0.02916   0.00747   4.00000  2
  -0.23215  -0.03129  -0.04914  -0.12732   4.00000  3
  -0.19679  -0.05454  -0.22878  -0.10508   4.00000  4
  -0.21962   0.34148  -0.14738  -0.06972   4.00000  5
  -0.26183   0.23915  -0.02202  -0.05807   4.00000  6
  -0.08750   0.14114   0.16086   0.17821   4.00000  7
  -0.22525   0.14139   0.29705   0.11945   4.00000  8
  -0.03150  -1.50274  -0.07377   0.02050   4.00000  9
   0.02938  -1.47715   0.10042  -0.10626   4.00000 10
   0.05409  -1.64993  -0.01259   0.15755   4.10000  1
   0.02481  -1.48646  -0.03228   0.00144   4.10000  2
  -0.23677  -0.04331  -0.04339  -0.11324   4.10000  3
  -0.21973  -0.06417  -0.22950  -0.08767   4.10000  4
  -0.23431   0.33346  -0.14585  -0.09071   4.10000  5
  -0.26349   0.23283  -0.01088  -0.06806   4.10000  6
  -0.07238   0.15886   0.14140   0.17622   4.10000  7
  -0.19540   0.15332   0.29905   0.11916   4.10000  8
  -0.03826  -1.50077  -0.06117   0.01859   4.10000  9
   0.03918  -1.48814   0.09519  -0.11329   4.10000 10
   0.05259  -1.63332  -0.01741   0.17468   4.20000  1
   0.02148  -1.48667  -0.03420  -0.00565   4.20000  2
  -0.24087  -0.05397  -0.03898  -0.10004   4.20000  3
  -0.24259  -0.07212  -0.22725  -0.07154   4.20000  4
  -0.24870   0.32336  -0.14157  -0.11112   4.20000  5
  -0.26398   0.22561   0.00099  -0.07596   4.20000  6
  -0.05923   0.17636   0.12169   0.17369   4.20000  7
  -0.16560   0.16523   0.29620   0.11889   4.20000  8
  -0.04369  -1.49905  -0.04740   0.01564   4.20000  9
   0.04835  -1.49975   0.08792  -0.11861   4.20000 10
   0.05060  -1.61499  -0.02245   0.19187   4.30000  1
   0.01801  -1.48762  -0.03498  -0.01361   4.30000  2
  -0.24462  -0.06334  -0.03629  -0.08755   4.30000  3
  -0.26510  -0.07853  -0.22245  -0.05686   4.30000  4
  -0.26253   0.31128  -0.13464  -0.13026   4.30000  5
  -0.26329   0.21771   0.01271  -0.08177   4.30000  6
  -0.04804   0.19357   0.10220   0.17031   4.30000  7
  -0.13628   0.17709   0.28982   0.11828   4.30000  8
  -0.04771  -1.49767  -0.03286   0.01182   4.30000  9
   0.05670  -1.51180   0.07894  -0.12223   4.30000 10
   0.04810  -1.59497  -0.02757   0.20836   4.40000  1
   0.01452  -1.48941  -0.03472  -0.02213   4.40000  2
  -0.24819  -0.07149  -0.03536  -0.07555   4.40000  3
  -0.28702  -0.08354  -0.21560  -0.04355   4.40000  4
  -0.27556   0.29737  -0.12554  -0.14764   4.40000  5
  -0.26147   0.20931   0.02343  -0.08586   4.40000  6
  -0.03876   0.21039   0.08342   0.16583   4.40000  7
  -0.10771   0.18886   0.28125   0.11714   4.40000  8
  -0.05025  -1.49671  -0.01780   0.00734   4.40000  9
   0.06409  -1.52413   0.06849  -0.12393   4.40000 10
   0.04509  -1.57339  -0.03261   0.22275   4.50000  1
   0.01110  -1.49205  -0.03355  -0.03070   4.50000  2
  -0.25175  -0.07846  -0.03595  -0.06386   4.50000  3
  -0.30817  -0.08728  -0.20715  -0.03142   4.50000  4
  -0.28759   0.28181  -0.11494  -0.16311   4.50000  5
  -0.25866   0.20058   0.03257  -0.08872   4.50000  6
  -0.03131   0.22669   0.06592   0.16012   4.50000  7
  -0.08007   0.20050   0.27143   0.11556   4.50000  8
  -0.05126  -1.49622  -0.00242   0.00245   4.50000  9
   0.07036  -1.53650   0.05671  -0.12307   4.50000 10
   0.04158  -1.55055  -0.03754   0.23320   4.60000  1
   0.00783  -1.49553  -0.03156  -0.03863   4.60000  2
  -0.25542  -0.08427  -0.03771  -0.05233   4.60000  3
  -0.32841  -0.08985  -0.19754  -0.02026   4.60000  4
  -0.29851   0.26480  -0.10339  -0.17679   4.60000  5
  -0.25502   0.19160   0.03979  -0.09083   4.60000  6
  -0.02552   0.24237   0.05025   0.15319   4.60000  7
  -0.05345   0.21197   0.26076   0.11380   4.60000  8
  -0.05073  -1.49623   0.01311  -0.00254   4.60000  9
   0.07539  -1.54863   0.04383  -0.11881   4.60000 10
   0.03758  -1.52693  -0.04250   0.23819   4.70000  1
   0.00481  -1.49973  -0.02887  -0.04505   4.70000  2
  -0.25932  -0.08893  -0.04030  -0.04087   4.70000  3
  -0.34765  -0.09135  -0.18712  -0.00988   4.70000  4
  -0.30825   0.24651  -0.09134  -0.18889   4.70000  5
  -0.25077   0.18242   0.04498  -0.09260   4.70000  6
  -0.02118   0.25730   0.03689   0.14515   4.70000  7
  -0.02794   0.22326   0.24933   0.11206   4.70000  8
  -0.04864  -1.49672   0.02857  -0.00723   4.70000  9
   0.07910  -1.56014   0.03036  -0.11088   4.70000 10
   0.03308  -1.50311  -0.04757   0.23722   4.80000  1
   0.00208  -1.50446  -0.02564  -0.04913   4.80000  2
  -0.26350  -0.09245  -0.04341  -0.02940   4.80000  3
  -0.36581  -0.09185  -0.17612  -0.00010   4.80000  4
  -0.31678   0.22707  -0.07910  -0.19965   4.80000  5
  -0.24610   0.17308   0.04819  -0.09433   4.80000  6
  -0.01806   0.27137   0.02607   0.13624   4.80000  7
  -0.00361   0.23438   0.23710   0.11040   4.80000  8
  -0.04503  -1.49765   0.04360  -0.01123   4.80000  9
   0.08146  -1.57071   0.01688  -0.10003   4.80000 10
   0.02807  -1.47967  -0.05247   0.23074   4.90000  1
  -0.00031  -1.50946  -0.02213  -0.05047   4.90000  2
  -0.26801  -0.09481  -0.04682  -0.01786   4.90000  3
  -0.38286  -0.09139  -0.16468   0.00922   4.90000  4
  -0.32407   0.20661  -0.06691  -0.20932   4.90000  5
  -0.24119   0.16355   0.04954  -0.09626   4.90000  6
  -0.01588   0.28452   0.01773   0.12678   4.90000  7
   0.01946   0.24534   0.22418   0.10878   4.90000  8
  -0.03995  -1.49893   0.05771  -0.01418   4.90000  9
   0.08249  -1.58009   0.00385  -0.08743   4.90000 10
   0.02261  -1.45711  -0.05665   0.21982   5.00000  1
  -0.00234  -1.51447  -0.01846  -0.04935   5.00000  2
  -0.27287  -0.09601  -0.05039  -0.00618   5.00000  3
  -0.39874  -0.09002  -0.15288   0.01817   5.00000  4
  -0.33017   0.18524  -0.05499  -0.21812   5.00000  5
  -0.23624   0.15381   0.04922  -0.09852   5.00000  6
  -0.01444   0.29672   0.01158   0.11704   5.00000  7
   0.04121   0.25614   0.21081   0.10712   5.00000  8
  -0.03353  -1.50045   0.07035  -0.01597   5.00000  9
   0.08225  -1.58817  -0.00858  -0.07400   5.00000 10
   0.01678  -1.43581  -0.05963   0.20584   5.10000  1
  -0.00400  -1.51927  -0.01466  -0.04648   5.10000  2
  -0.27809  -0.09604  -0.05400   0.00570   5.10000  3
  -0.41342  -0.08776  -0.14071   0.02684   5.10000  4
  -0.33509   0.16301  -0.04352  -0.22627   5.10000  5
  -0.23140   0.14383   0.04741  -0.10122   5.10000  6
  -0.01351   0.30793   0.00719   0.10728   5.10000  7
   0.06161   0.26676   0.19729   0.10533   5.10000  8
  -0.02595  -1.50209   0.08100  -0.01680   5.10000  9
   0.08080  -1.59488  -0.02037  -0.06021   5.10000 10
   0.01073  -1.41600  -0.06123   0.19012   5.20000  1
  -0.00526  -1.52373  -0.01059  -0.04261   5.20000  2
  -0.28367  -0.09486  -0.05758   0.01784   5.20000  3
  -0.42687  -0.08466  -0.12812   0.03527   5.20000  4
  -0.33889   0.14000  -0.03267  -0.23395   5.20000  5
  -0.22681   0.13355   0.04428  -0.10440   5.20000  6
  -0.01295   0.31818   0.00417   0.09766   5.20000  7
   0.08067   0.27720   0.18390   0.10338   5.20000  8
  -0.01741  -1.50379   0.08937  -0.01706   5.20000  9
   0.07820  -1.60020  -0.03153  -0.04625   5.20000 10
   0.00458  -1.39781  -0.06152   0.17372   5.30000  1
  -0.00610  -1.52778  -0.00613  -0.03827   5.30000  2
  -0.28960  -0.09246  -0.06107   0.03029   5.30000  3
  -0.43903  -0.08072  -0.11504   0.04347   5.30000  4
  -0.34165   0.11623  -0.02261  -0.24132   5.30000  5
  -0.22258   0.12293   0.04001  -0.10806   5.30000  6
  -0.01264   0.32747   0.00218   0.08828   5.30000  7
   0.09840   0.28743   0.17085   0.10126   5.30000  8
  -0.00815  -1.50550   0.09535  -0.01722   5.30000  9
   0.07452  -1.60412  -0.04203  -0.03214   5.30000 10
  -0.00154  -1.38126  -0.06069   0.15733   5.40000  1
  -0.00647  -1.53138  -0.00118  -0.03381   5.40000  2
  -0.29588  -0.08879  -0.06441   0.04307   5.40000  3
  -0.44985  -0.07597  -0.10133   0.05139   5.40000  4
  -0.34344   0.09174  -0.01349  -0.24843   5.40000  5
  -0.21884   0.11193   0.03469  -0.11221   5.40000  6
  -0.01249   0.33585   0.00096   0.07921   5.40000  7
   0.11486   0.29744   0.15825   0.09898   5.40000  8
   0.00158  -1.50724   0.09900  -0.01765   5.40000  9
   0.06982  -1.60663  -0.05180  -0.01788   5.40000 10
  -0.00753  -1.36633  -0.05901   0.14136   5.50000  1
  -0.00632  -1.53454   0.00427  -0.02946   5.50000  2
  -0.30248  -0.08384  -0.06757   0.05616   5.50000  3
  -0.45927  -0.07045  -0.08685   0.05889   5.50000  4
  -0.34438   0.06656  -0.00546  -0.25522   5.50000  5
  -0.21568   0.10048   0.02841  -0.11679   5.50000  6
  -0.01243   0.34333   0.00033   0.07048   5.50000  7
   0.13007   0.30722   0.14616   0.09658   5.50000  8
   0.01157  -1.50905   0.10045  -0.01857   5.50000  9
   0.06418  -1.60769  -0.06074  -0.00343   5.50000 10
  -0.01332  -1.35297  -0.05669   0.12601   5.60000  1
  -0.00560  -1.53728   0.01015  -0.02532   5.60000  2
  -0.30938  -0.07756  -0.07047   0.06938   5.60000  3
  -0.46719  -0.06421  -0.07148   0.06575   5.60000  4
  -0.34458   0.04072   0.00135  -0.26141   5.60000  5
  -0.21319   0.08855   0.02124  -0.12176   5.60000  6
  -0.01241   0.34995   0.00013   0.06211   5.60000  7
   0.14411   0.31676   0.13462   0.09408   5.60000  8
   0.02160  -1.51097   0.09982  -0.02002   5.60000  9
   0.05770  -1.60731  -0.06866   0.01118   5.60000 10
  -0.01885  -1.34111  -0.05391   0.11134   5.70000  1
  -0.00428  -1.53962   0.01630  -0.02146   5.70000  2
  -0.31656  -0.06997  -0.07298   0.08230   5.70000  3
  -0.47353  -0.05734  -0.05516   0.07161   5.70000  4
  -0.34415   0.01432   0.00685  -0.26634   5.70000  5
  -0.21146   0.07612   0.01319  -0.12699   5.70000  6
  -0.01239   0.35576   0.00026   0.05411   5.70000  7
   0.15701   0.32604   0.12359   0.09149   5.70000  8
   0.03147  -1.51307   0.09721  -0.02193   5.70000  9
   0.05049  -1.60546  -0.07536   0.02587   5.70000 10
  -0.02409  -1.33068  -0.05081   0.09733   5.80000  1
  -0.00234  -1.54158   0.02254  -0.01786   5.80000  2
  -0.32396  -0.06114  -0.07486   0.09395   5.80000  3
  -0.47820  -0.04994  -0.03799   0.07611   5.80000  4
  -0.34325  -0.01247   0.01098  -0.26887   5.80000  5
  -0.21058   0.06315   0.00429  -0.13234   5.80000  6
  -0.01235   0.36079   0.00064   0.04649   5.80000  7
   0.16884   0.33505   0.11308   0.08885   5.80000  8
   0.04098  -1.51537   0.09273  -0.02415   5.80000  9
   0.04268  -1.60214  -0.08059   0.04049   5.80000 10
  -0.02900  -1.32162  -0.04750   0.08392   5.90000  1
   0.00022  -1.54320   0.02861  -0.01447   5.90000  2
  -0.33150  -0.05127  -0.07575   0.10287   5.90000  3
  -0.48111  -0.04217  -0.02021   0.07896   5.90000  4
  -0.34201  -0.03933   0.01370  -0.26749   5.90000  5
  -0.21063   0.04965  -0.00545  -0.13759   5.90000  6
  -0.01226   0.36507   0.00119   0.03924   5.90000  7
   0.17964   0.34381   0.10303   0.08617   5.90000  8
   0.04996  -1.51790   0.08646  -0.02642   5.90000  9
   0.03443  -1.59737  -0.08410   0.05481   5.90000 10
  -0.03358  -1.31388  -0.04404   0.07104   6.00000  1
   0.00337  -1.54448   0.03425  -0.01117   6.00000  2
  -0.33906  -0.04070  -0.07530   0.10778   6.00000  3
  -0.48223  -0.03420  -0.00219   0.08010   6.00000  4
  -0.34056  -0.06580   0.01512  -0.26111   6.00000  5
  -0.21169   0.03565  -0.01600  -0.14248   6.00000  6
  -0.01211   0.36865   0.00188   0.03236   6.00000  7
   0.18946   0.35229   0.09341   0.08346   6.00000  8
   0.05822  -1.52065   0.07852  -0.02847   6.00000  9
   0.02593  -1.59119  -0.08565   0.06849   6.00000 10
  -0.03781  -1.30740  -0.04047   0.05860   6.10000  1
   0.00704  -1.54543   0.03917  -0.00780   6.10000  2
  -0.34651  -0.02985  -0.07352   0.10867   6.10000  3
  -0.48155  -0.02620   0.01569   0.07972   6.10000  4
  -0.33902  -0.09140   0.01557  -0.25021   6.10000  5
  -0.21385   0.02118  -0.02725  -0.14672   6.10000  6
  -0.01188   0.37155   0.00265   0.02583   6.10000  7
   0.19834   0.36050   0.08419   0.08073   6.10000  8
   0.06561  -1.52357   0.06906  -0.02999   6.10000  9
   0.01737  -1.58370  -0.08510   0.08118   6.10000 10
  -0.04167  -1.30214  -0.03683   0.04651   6.20000  1
   0.01117  -1.54603   0.04314  -0.00415   6.20000  2
  -0.35373  -0.01907  -0.07078   0.10659   6.20000  3
  -0.47910  -0.01830   0.03320   0.07816   6.20000  4
  -0.33746  -0.11575   0.01559  -0.23642   6.20000  5
  -0.21716   0.00633  -0.03905  -0.15008   6.20000  6
  -0.01158   0.37382   0.00346   0.01964   6.20000  7
   0.20631   0.36843   0.07533   0.07798   6.20000  8
   0.07199  -1.52662   0.05834  -0.03075   6.20000  9
   0.00898  -1.57500  -0.08240   0.09252   6.20000 10
  -0.04517  -1.29808  -0.03312   0.03468   6.30000  1
   0.01563  -1.54624   0.04597  -0.00004   6.30000  2
  -0.36065  -0.00859  -0.06754   0.10263   6.30000  3
  -0.47493  -0.01060   0.05022   0.07575   6.30000  4
  -0.33590  -0.13864   0.01561  -0.22132   6.30000  5
  -0.22167  -0.00880  -0.05118  -0.15237   6.30000  6
  -0.01119   0.37549   0.00429   0.01377   6.30000  7
   0.21342   0.37609   0.06678   0.07523   6.30000  8
   0.07724  -1.52969   0.04665  -0.03056   6.30000  9
   0.00096  -1.56525  -0.07767   0.10222   6.30000 10
  -0.04830  -1.29520  -0.02936   0.02302   6.40000  1
   0.02032  -1.54602   0.04759   0.00467   6.40000  2
  -0.36723   0.00142  -0.06412   0.09744   6.40000  3
  -0.46908  -0.00317   0.06667   0.07275   6.40000  4
  -0.33433  -0.16000   0.01585  -0.20585   6.40000  5
  -0.22740  -0.02411  -0.06339  -0.15354   6.40000  6
  -0.01072   0.37659   0.00510   0.00822   6.40000  7
   0.21968   0.38348   0.05851   0.07245   6.40000  8
   0.08130  -1.53269   0.03429  -0.02931   6.40000  9
  -0.00650  -1.55462  -0.07114   0.11014   6.40000 10
  -0.05104  -1.29348  -0.02554   0.01145   6.50000  1
   0.02511  -1.54529   0.04806   0.01002   6.50000  2
  -0.37348   0.01087  -0.06072   0.09137   6.50000  3
  -0.46161   0.00394   0.08249   0.06930   6.50000  4
  -0.33272  -0.17981   0.01636  -0.19050   6.50000  5
  -0.23434  -0.03947  -0.07544  -0.15358   6.50000  6
  -0.01017   0.37715   0.00589   0.00295   6.50000  7
   0.22513   0.39058   0.05050   0.06966   6.50000  8
   0.08409  -1.53552   0.02159  -0.02697   6.50000  9
  -0.01322  -1.54328  -0.06318   0.11630   6.50000 10
  -0.05340  -1.29291  -0.02164  -0.00012   6.60000  1
   0.02990  -1.54399   0.04747   0.01594   6.60000  2
  -0.37938   0.01967  -0.05737   0.08462   6.60000  3
  -0.45261   0.01068   0.09752   0.06549   6.60000  4
  -0.33105  -0.19811   0.01711  -0.17544   6.60000  5
  -0.24247  -0.05479  -0.08706  -0.15259   6.60000  6
  -0.00954   0.37719   0.00663  -0.00204   6.60000  7
   0.22979   0.39741   0.04271   0.06684   6.60000  8
   0.08561  -1.53805   0.00883  -0.02353   6.60000  9
  -0.01910  -1.53141  -0.05420   0.12084   6.60000 10
  -0.05537  -1.29351  -0.01764  -0.01178   6.70000  1
   0.03458  -1.54208   0.04598   0.02232   6.70000  2
  -0.38495   0.02777  -0.05393   0.07734   6.70000  3
  -0.44214   0.01702   0.11153   0.06132   6.70000  4
  -0.32929  -0.21491   0.01803  -0.16071   6.70000  5
  -0.25173  -0.06996  -0.09802  -0.15066   6.70000  6
  -0.00885   0.37675   0.00731  -0.00678   6.70000  7
   0.23368   0.40395   0.03512   0.06399   6.70000  8
   0.08586  -1.54019  -0.00376  -0.01902   6.70000  9
  -0.02404  -1.51916  -0.04460   0.12398   6.70000 10
  -0.05693  -1.29527  -0.01352  -0.02359   6.80000  1
   0.03907  -1.53952   0.04368   0.02900   6.80000  2
  -0.39016   0.03512  -0.05016   0.06967   6.80000  3
  -0.43035   0.02293   0.12413   0.05678   6.80000  4
  -0.32744  -0.23026   0.01903  -0.14630   6.80000  5
  -0.26205  -0.08489  -0.10809  -0.14788   6.80000  6
  -0.00808   0.37584   0.00792  -0.01128   6.80000  7
   0.23681   0.41020   0.02769   0.06109   6.80000  8
   0.08487  -1.54182  -0.01596  -0.01347   6.80000  9
  -0.02801  -1.50666  -0.03472   0.12598   6.80000 10
  -0.05806  -1.29823  -0.00922  -0.03563   6.90000  1
   0.04329  -1.53628   0.04064   0.03585   6.90000  2
  -0.39496   0.04170  -0.04571   0.06174   6.90000  3
  -0.41738   0.02837   0.13487   0.05184   6.90000  4
  -0.32549  -0.24418   0.01999  -0.13218   6.90000  5
  -0.27331  -0.09951  -0.11700  -0.14438   6.90000  6
  -0.00726   0.37450   0.00845  -0.01556   6.90000  7
   0.23922   0.41617   0.02042   0.05813   6.90000  8
   0.08269  -1.54285  -0.02760  -0.00689   6.90000  9
  -0.03099  -1.49400  -0.02485   0.12707   6.90000 10
  -0.05876  -1.30241  -0.00471  -0.04796   7.00000  1
   0.04717  -1.53235   0.03685   0.04274   7.00000  2
  -0.39926   0.04747  -0.04027   0.05367   7.00000  3
  -0.40345   0.03329   0.14332   0.04650   7.00000  4
  -0.32345  -0.25670   0.02081  -0.11830   7.00000  5
  -0.28540  -0.11375  -0.12448  -0.14027   7.00000  6
  -0.00640   0.37274   0.00891  -0.01964   7.00000  7
   0.24090   0.42183   0.01328   0.05511   7.00000  8
   0.07938  -1.54317  -0.03851   0.00069   7.00000  9
  -0.03299  -1.48126  -0.01519   0.12746   7.00000 10
  -0.05900  -1.30783   0.00009  -0.06064   7.10000  1
   0.05063  -1.52773   0.03228   0.04961   7.10000  2
  -0.40297   0.05243  -0.03366   0.04558   7.10000  3
  -0.38880   0.03765   0.14916   0.04081   7.10000  4
  -0.32134  -0.26785   0.02135  -0.10464   7.10000  5
  -0.29815  -0.12755  -0.13027  -0.13572   7.10000  6
  -0.00549   0.37058   0.00927  -0.02354   7.10000  7
   0.24188   0.42718   0.00625   0.05200   7.10000  8
   0.07502  -1.54268  -0.04856   0.00927   7.10000  9
  -0.03404  -1.46852  -0.00591   0.12727   7.10000 10
  -0.05873  -1.31455   0.00524  -0.07368   7.20000  1
   0.05360  -1.52243   0.02688   0.05642   7.20000  2
  -0.40596   0.05659  -0.02590   0.03757   7.20000  3
  -0.37371   0.04144   0.15236   0.03489   7.20000  4
  -0.31919  -0.27764   0.02152  -0.09121   7.20000  5
  -0.31139  -0.14088  -0.13417  -0.13092   7.20000  6
  -0.00454   0.36803   0.00955  -0.02728   7.20000  7
   0.24216   0.43222  -0.00069   0.04880   7.20000  8
   0.06970  -1.54128  -0.05765   0.01882   7.20000  9
  -0.03418  -1.45583   0.00286   0.12659   7.20000 10
  -0.05793  -1.32258   0.01085  -0.08705   7.30000  1
   0.05598  -1.51645   0.02058   0.06316   7.30000  2
  -0.40812   0.05995  -0.01719   0.02974   7.30000  3
  -0.35841   0.04463   0.15316   0.02890   7.30000  4
  -0.31705  -0.28610   0.02119  -0.07802   7.30000  5
  -0.32492  -0.15373  -0.13610  -0.12607   7.30000  6
  -0.00358   0.36512   0.00972  -0.03087   7.30000  7
   0.24174   0.43694  -0.00754   0.04549   7.30000  8
   0.06352  -1.53888  -0.06568   0.02932   7.30000  9
  -0.03349  -1.44322   0.01100   0.12540   7.30000 10
  -0.05654  -1.33196   0.01702  -0.10062   7.40000  1
   0.05768  -1.50980   0.01335   0.06987   7.40000  2
  -0.40937   0.06254  -0.00782   0.02213   7.40000  3
  -0.34314   0.04722   0.15197   0.02304   7.40000  4
  -0.31497  -0.29325   0.02029  -0.06512   7.40000  5
  -0.33855  -0.16610  -0.13609  -0.12134   7.40000  6
  -0.00260   0.36186   0.00980  -0.03433   7.40000  7
   0.24065   0.44132  -0.01432   0.04206   7.40000  8
   0.05660  -1.53538  -0.07262   0.04073   7.40000  9
  -0.03201  -1.43077   0.01841   0.12358   7.40000 10
  -0.05451  -1.34270   0.02385  -0.11415   7.50000  1
   0.05862  -1.50247   0.00516   0.07660   7.50000  2
  -0.40967   0.06439   0.00191   0.01478   7.50000  3
  -0.32807   0.04925   0.14928   0.01746   7.50000  4
  -0.31301  -0.29914   0.01879  -0.05256   7.50000  5
  -0.35208  -0.17800  -0.13427  -0.11683   7.50000  6
  -0.00162   0.35826   0.00978  -0.03767   7.50000  7
   0.23888   0.44535  -0.02103   0.03848   7.50000  8
   0.04904  -1.53071  -0.07847   0.05299   7.50000  9
  -0.02983  -1.41854   0.02500   0.12088   7.50000 10
  -0.05175  -1.35478   0.03145  -0.12718   7.60000  1
   0.05868  -1.49447  -0.00398   0.08340   7.60000  2
  -0.40899   0.06551   0.01177   0.00770   7.60000  3
  -0.31332   0.05073   0.14553   0.01227   7.60000  4
  -0.31123  -0.30378   0.01666  -0.04042   7.60000  5
  -0.36535  -0.18947  -0.13083  -0.11256   7.60000  6
  -0.00065   0.35433   0.00964  -0.04090   7.60000  7
   0.23645   0.44901  -0.02769   0.03476   7.60000  8
   0.04094  -1.52476  -0.08326   0.06605   7.60000  9
  -0.02704  -1.40663   0.03071   0.11688   7.60000 10
  -0.04819  -1.36810   0.03983  -0.13908   7.70000  1
   0.05779  -1.48579  -0.01404   0.09028   7.70000  2
  -0.40732   0.06593   0.02159   0.00087   7.70000  3
  -0.29898   0.05172   0.14110   0.00754   7.70000  4
  -0.30970  -0.30723   0.01394  -0.02873   7.70000  5
  -0.37820  -0.20052  -0.12600  -0.10849   7.70000  6
   0.00030   0.35009   0.00940  -0.04405   7.70000  7
   0.23335   0.45229  -0.03429   0.03087   7.70000  8
   0.03242  -1.51747  -0.08704   0.07981   7.70000  9
  -0.02372  -1.39522   0.03551   0.11100   7.70000 10
  -0.04376  -1.38253   0.04892  -0.14916   7.80000  1
   0.05585  -1.47642  -0.02496   0.09718   7.80000  2
  -0.40467   0.06569   0.03128  -0.00570   7.80000  3
  -0.28511   0.05225   0.13624   0.00326   7.80000  4
  -0.30846  -0.30954   0.01070  -0.01756   7.80000  5
  -0.39051  -0.21118  -0.11999  -0.10458   7.80000  6
   0.00122   0.34553   0.00904  -0.04712   7.80000  7
   0.22959   0.45518  -0.04085   0.02679   7.80000  8
   0.02356  -1.50878  -0.08985   0.09415   7.80000  9
  -0.01996  -1.38451   0.03949   0.10274   7.80000 10
  -0.03839  -1.39785   0.05845  -0.15680   7.90000  1
   0.05277  -1.46636  -0.03662   0.10394   7.90000  2
  -0.40107   0.06480   0.04077  -0.01203   7.90000  3
  -0.27174   0.05238   0.13115  -0.00056   7.90000  4
  -0.30757  -0.31076   0.00700  -0.00690   7.90000  5
  -0.40216  -0.22144  -0.11301  -0.10074   7.90000  6
   0.00210   0.34066   0.00855  -0.05013   7.90000  7
   0.22518   0.45764  -0.04737   0.02251   7.90000  8
   0.01448  -1.49863  -0.09167   0.10885   7.90000  9
  -0.01585  -1.37476   0.04275   0.09186   7.90000 10
  -0.03207  -1.41379   0.06796  -0.16148   8.00000  1
   0.04850  -1.45565  -0.04879   0.11022   8.00000  2
  -0.39653   0.06329   0.05006  -0.01812   8.00000  3
  -0.25889   0.05215   0.12594  -0.00397   8.00000  4
  -0.30707  -0.31094   0.00295   0.00322   8.00000  5
  -0.41308  -0.23132  -0.10524  -0.09690   8.00000  6
   0.00293   0.33550   0.00793  -0.05308   8.00000  7
   0.22012   0.45967  -0.05384   0.01803   8.00000  8
   0.00527  -1.48701  -0.09236   0.12346   8.00000  9
  -0.01143  -1.36622   0.04539   0.07862   8.00000 10
  -0.02483  -1.43003   0.07666  -0.16248   8.10000  1
   0.04301  -1.44435  -0.06102   0.11549   8.10000  2
  -0.39106   0.06118   0.05915  -0.02400   8.10000  3
  -0.24656   0.05160   0.12068  -0.00698   8.10000  4
  -0.30699  -0.31014  -0.00136   0.01281   8.10000  5
  -0.42319  -0.24082  -0.09685  -0.09301   8.10000  6
   0.00369   0.33005   0.00717  -0.05598   8.10000  7
   0.21441   0.46124  -0.06027   0.01331   8.10000  8
  -0.00394  -1.47397  -0.09155   0.13719   8.10000  9
  -0.00679  -1.35910   0.04739   0.06365   8.10000 10
