  -0.08893   1.41575  -0.02590  -0.00386   0.10000  1
  -0.28206   1.45589   0.02837  -0.01304   0.10000  2
   0.23030   0.26598  -0.01444   0.00458   0.10000  3
   0.31168   0.08539  -0.02649   0.04127   0.10000  4
   0.12152   0.51025  -0.02028  -0.01961   0.10000  5
  -0.06153   0.58471   0.02863  -0.02587   0.10000  6
  -0.04067  -2.50368   0.02701   0.00313   0.10000  7
   0.15541  -2.48189  -0.02703  -0.00287   0.10000  8
  -0.47007   0.06015  -0.00473   0.02768   0.10000  9
  -0.62030   0.18794   0.03485  -0.01141   0.10000 10
  -0.09283   1.41517  -0.05217  -0.00759   0.20000  1
  -0.27779   1.45393   0.05713  -0.02622   0.20000  2
   0.22813   0.26667  -0.02907   0.00919   0.20000  3
   0.30769   0.09160  -0.05347   0.08311   0.20000  4
   0.11848   0.50731  -0.04062  -0.03923   0.20000  5
  -0.05722   0.58080   0.05765  -0.05242   0.20000  6
  -0.03660  -2.50321   0.05444   0.00631   0.20000  7
   0.15134  -2.48233  -0.05447  -0.00578   0.20000  8
  -0.47079   0.06431  -0.00964   0.05563   0.20000  9
  -0.61505   0.18623   0.07022  -0.02298   0.20000 10
  -0.09939   1.41424  -0.07918  -0.01106   0.30000  1
  -0.27061   1.45063   0.08666  -0.03969   0.30000  2
   0.22447   0.26782  -0.04411   0.01387   0.30000  3
   0.30095   0.10205  -0.08146   0.12612   0.30000  4
   0.11340   0.50241  -0.06104  -0.05887   0.30000  5
  -0.04998   0.57418   0.08744  -0.08037   0.30000  6
  -0.02976  -2.50241   0.08266   0.00958   0.30000  7
   0.14449  -2.48305  -0.08271  -0.00879   0.30000  8
  -0.47201   0.07129  -0.01490   0.08406   0.30000  9
  -0.60622   0.18334   0.10664  -0.03485   0.30000 10
  -0.10870   1.41297  -0.10717  -0.01414   0.40000  1
  -0.26042   1.44597   0.11722  -0.05357   0.40000  2
   0.21928   0.26945  -0.05981   0.01874   0.40000  3
   0.29134   0.11688  -0.11108   0.17090   0.40000  4
   0.10627   0.49554  -0.08140  -0.07848   0.40000  5
  -0.03970   0.56465   0.11831  -0.11057   0.40000  6
  -0.02003  -2.50129   0.11198   0.01296   0.40000  7
   0.13476  -2.48409  -0.11204  -0.01191   0.40000  8
  -0.47378   0.08115  -0.02062   0.11313   0.40000  9
  -0.59367   0.17924   0.14461  -0.04705   0.40000 10
  -0.12086   1.41143  -0.13608  -0.01673   0.50000  1
  -0.24713   1.43990   0.14875  -0.06797   0.50000  2
   0.21248   0.27159  -0.07645   0.02406   0.50000  3
   0.27866   0.13631  -0.14303   0.21804   0.50000  4
   0.09713   0.48671  -0.10125  -0.09803   0.50000  5
  -0.02628   0.55196   0.15036  -0.14402   0.50000  6
  -0.00732  -2.49982   0.14235   0.01647   0.50000  7
   0.12204  -2.48544  -0.14242  -0.01516   0.50000  8
  -0.47614   0.09393  -0.02665   0.14265   0.50000  9
  -0.57724   0.17392   0.18442  -0.05930   0.50000 10
  -0.13591   1.40964  -0.16487  -0.01891   0.60000  1
  -0.23067   1.43236   0.18023  -0.08285   0.60000  2
   0.20395   0.27430  -0.09447   0.03046   0.60000  3
   0.26263   0.16059  -0.17819   0.26800   0.60000  4
   0.08608   0.47594  -0.11934  -0.11749   0.60000  5
  -0.00960   0.53570   0.18317  -0.18191   0.60000  6
   0.00844  -2.49799   0.17284   0.01998   0.60000  7
   0.10627  -2.48712  -0.17293  -0.01842   0.60000  8
  -0.47910   0.10966  -0.03215   0.17172   0.60000  9
  -0.55674   0.16741   0.22572  -0.07060   0.60000 10
  -0.15372   1.40764  -0.19018  -0.02118   0.70000  1
  -0.21119   1.42333   0.20827  -0.09768   0.70000  2
   0.19352   0.27776  -0.11459   0.03936   0.70000  3
   0.24288   0.19001  -0.21754   0.32080   0.70000  4
   0.07341   0.46321  -0.13282  -0.13723   0.70000  5
   0.01033   0.51538   0.21499  -0.22544   0.70000  6
   0.02715  -2.49583   0.20017   0.02315   0.70000  7
   0.08756  -2.48911  -0.20028  -0.02133   0.70000  8
  -0.48247   0.12818  -0.03446   0.19773   0.70000  9
  -0.53211   0.15992   0.26643  -0.07818   0.70000 10
  -0.17359   1.40536  -0.20467  -0.02498   0.80000  1
  -0.18937   1.41287   0.22553  -0.11109   0.80000  2
   0.18092   0.28235  -0.13816   0.05387   0.80000  3
   0.21895   0.22481  -0.26203   0.37531   0.80000  4
   0.05985   0.44844  -0.13601  -0.15873   0.80000  5
   0.03324   0.49040   0.24186  -0.27527   0.80000  6
   0.04813  -2.49340   0.21708   0.02516   0.80000  7
   0.06656  -2.49135  -0.21721  -0.02309   0.80000  8
  -0.48569   0.14894  -0.02769   0.21551   0.80000  9
  -0.50364   0.15208   0.30131  -0.07669   0.80000 10
  -0.19402   1.40253  -0.20057  -0.03220   0.90000  1
  -0.16672   1.40123   0.22421  -0.12122   0.90000  2
   0.16569   0.28891  -0.16777   0.07975   0.90000  3
   0.19028   0.26502  -0.31218   0.42835   0.90000  4
   0.04682   0.43129  -0.12109  -0.18535   0.90000  5
   0.05835   0.46014   0.25829  -0.33083   0.90000  6
   0.06993  -2.49087   0.21550   0.02511   0.90000  7
   0.04475  -2.49366  -0.21564  -0.02279   0.90000  8
  -0.48748   0.17084  -0.00530   0.22034   0.90000  9
  -0.47224   0.14507   0.32456  -0.06115   0.90000 10
  -0.21312   1.39879  -0.17933  -0.04314   1.00000  1
  -0.14512   1.38875   0.20571  -0.12789   1.00000  2
   0.14705   0.29892  -0.20668   0.12376   1.00000  3
   0.15633   0.31025  -0.36748   0.47449   1.00000  4
   0.03641   0.41108  -0.08343  -0.22013   1.00000  5
   0.08445   0.42408   0.26164  -0.39074   1.00000  6
   0.09064  -2.48845   0.19633   0.02311   1.00000  7
   0.02403  -2.49584  -0.19649  -0.02054   1.00000  8
  -0.48623   0.19263   0.03245   0.21414   1.00000  9
  -0.43909   0.14027   0.33728  -0.03306   1.00000 10
  -0.22961   1.39383  -0.14952  -0.05637   1.10000  1
  -0.12586   1.37571   0.17861  -0.13267   1.10000  2
   0.12405   0.31425  -0.25386   0.18423   1.10000  3
   0.11682   0.35926  -0.42042   0.49889   1.10000  4
   0.03078   0.38713  -0.02674  -0.25800   1.10000  5
   0.11010   0.38214   0.24616  -0.44399   1.10000  6
   0.10890  -2.48628   0.16811   0.02010   1.10000  7
   0.00575  -2.49774  -0.16829  -0.01729   1.10000  8
  -0.48068   0.21351   0.07968   0.20308   1.10000  9
  -0.40491   0.13868   0.34627   0.00203   1.10000 10
  -0.24296   1.38748  -0.11753  -0.07067   1.20000  1
  -0.10946   1.36223   0.14927  -0.13705   1.20000  2
   0.09645   0.33549  -0.29588   0.23582   1.20000  3
   0.07331   0.40780  -0.44354   0.46040   1.20000  4
   0.03117   0.36011   0.03239  -0.27717   1.20000  5
   0.13212   0.33709   0.18667  -0.44643   1.20000  6
   0.12418  -2.48444   0.13749   0.01682   1.20000  7
  -0.00956  -2.49929  -0.13768  -0.01377   1.20000  8
  -0.47013   0.23323   0.13189   0.19140   1.20000  9
  -0.36978   0.14079   0.35691   0.04065   1.20000 10
  -0.25313   1.37967  -0.08595  -0.08558   1.30000  1
  -0.09599   1.34829   0.12026  -0.14182   1.30000  2
   0.06542   0.36003  -0.32232   0.24822   1.30000  3
   0.02905   0.44990  -0.43871   0.37896   1.30000  4
   0.03640   0.33290   0.06682  -0.26205   1.30000  5
   0.14656   0.29437   0.10101  -0.40400   1.30000  6
   0.13641  -2.48292   0.10724   0.01358   1.30000  7
  -0.02181  -2.50049  -0.10745  -0.01029   1.30000  8
  -0.45419   0.25183   0.18742   0.18095   1.30000  9
  -0.33339   0.14690   0.37168   0.08202   1.30000 10
  -0.26019   1.37035  -0.05544  -0.10104   1.40000  1
  -0.08538   1.33384   0.09219  -0.14735   1.40000  2
   0.03236   0.38409  -0.33747   0.22973   1.40000  3
  -0.01413   0.48359  -0.42436   0.29572   1.40000  4
   0.04345   0.30835   0.06958  -0.22758   1.40000  5
   0.15245   0.25656   0.01798  -0.35217   1.40000  6
   0.14567  -2.48172   0.07809   0.01047   1.40000  7
  -0.03108  -2.50135  -0.07832  -0.00694   1.40000  8
  -0.43254   0.26949   0.24631   0.17258   1.40000  9
  -0.29528   0.15730   0.39143   0.12658   1.40000 10
  -0.26425   1.35944  -0.02593  -0.11720   1.50000  1
  -0.07753   1.31879   0.06491  -0.15377   1.50000  2
  -0.00194   0.40566  -0.34856   0.20101   1.50000  3
  -0.05580   0.50927  -0.40922   0.21888   1.50000  4
   0.04962   0.28735   0.05122  -0.19341   1.50000  5
   0.15040   0.22389  -0.05803  -0.30154   1.50000  6
   0.15207  -2.48082   0.05000   0.00747   1.50000  7
  -0.03750  -2.50188  -0.05024  -0.00370   1.50000  8
  -0.40479   0.28644   0.30951   0.16699   1.50000  9
  -0.25493   0.17236   0.41632   0.17526   1.50000 10
  -0.26540   1.34688   0.00288  -0.13425   1.60000  1
  -0.07238   1.30305   0.03804  -0.16111   1.60000  2
  -0.03745   0.42427  -0.36246   0.17125   1.60000  3
  -0.09599   0.52749  -0.39469   0.14562   1.60000  4
   0.05332   0.26935   0.02135  -0.16823   1.60000  5
   0.14100   0.19623  -0.12931  -0.25142   1.60000  6
   0.15570  -2.48022   0.02265   0.00456   1.60000  7
  -0.04116  -2.50209  -0.02290  -0.00054   1.60000  8
  -0.37044   0.30301   0.37855   0.16525   1.60000  9
  -0.21185   0.19252   0.44590   0.22885   1.60000 10
  -0.26368   1.33255   0.03134  -0.15242   1.70000  1
  -0.06992   1.28654   0.01113  -0.16932   1.70000  2
  -0.07459   0.43986  -0.38087   0.13987   1.70000  3
  -0.13471   0.53839  -0.37926   0.07211   1.70000  4
   0.05360   0.25342  -0.01723  -0.15163   1.70000  5
   0.12462   0.17368  -0.19806  -0.19885   1.70000  6
   0.15661  -2.47991  -0.00435   0.00168   1.70000  7
  -0.04210  -2.50199   0.00409   0.00258   1.70000  8
  -0.32883   0.31968   0.45506   0.16917   1.70000  9
  -0.16566   0.21828   0.47816   0.28681   1.70000 10
  -0.25913   1.31635   0.05983  -0.17195   1.80000  1
  -0.07017   1.26916  -0.01623  -0.17833   1.80000  2
  -0.11366   0.45207  -0.40017   0.10336   1.80000  3
  -0.17170   0.54179  -0.35935  -0.00474   1.80000  4
   0.04957   0.23890  -0.06499  -0.13850   1.80000  5
   0.10144   0.15668  -0.26507  -0.13975   1.80000  6
   0.15482  -2.47988  -0.03141  -0.00120   1.80000  7
  -0.04034  -2.50158   0.03114   0.00571   1.80000  8
  -0.27916   0.33714   0.53921   0.18176   1.80000  9
  -0.11632   0.24986   0.50705   0.34364   1.80000 10
  -0.25171   1.29811   0.08868  -0.19308   1.90000  1
  -0.07320   1.25085  -0.04438  -0.18800   1.90000  2
  -0.15433   0.46030  -0.41027   0.06031   1.90000  3
  -0.20622   0.53731  -0.32840  -0.08533   1.90000  4
   0.04034   0.22592  -0.12002  -0.11904   1.90000  5
   0.07175   0.14613  -0.32745  -0.06880   1.90000  6
   0.15031  -2.48015  -0.05895  -0.00414   1.90000  7
  -0.03585  -2.50085   0.05867   0.00889   1.90000  8
  -0.22095   0.35643   0.62345   0.20609   1.90000  9
  -0.06481   0.28644   0.51866   0.38311   1.90000 10
  -0.24137   1.27767   0.11823  -0.21607   2.00000  1
  -0.07908   1.23154  -0.07349  -0.19819   2.00000  2
  -0.19478   0.46411  -0.39252   0.01734   2.00000  3
  -0.23673   0.52482  -0.27841  -0.16261   2.00000  4
   0.02568   0.21569  -0.17150  -0.08261   2.00000  5
   0.03641   0.14341  -0.37625   0.01661   2.00000  6
   0.14301  -2.48071  -0.08734  -0.00718   2.00000  7
  -0.02857  -2.49980   0.08705   0.01216   2.00000  8
  -0.15541   0.37849   0.67985   0.23300   2.00000  9
  -0.01381   0.32526   0.49437   0.38754   2.00000 10
  -0.22803   1.25483   0.14865  -0.24117   2.10000  1
  -0.08792   1.21120  -0.10346  -0.20870   2.10000  2
  -0.23173   0.46436  -0.34348  -0.00915   2.10000  3
  -0.26134   0.50537  -0.21229  -0.22295   2.10000  4
   0.00653   0.20991  -0.20921  -0.03126   2.10000  5
  -0.00275   0.14973  -0.40299   0.11031   2.10000  6
   0.13281  -2.48159  -0.11685  -0.01034   2.10000  7
  -0.01840  -2.49841   0.11655   0.01556   2.10000  8
  -0.08657   0.40200   0.69108   0.23063   2.10000  9
   0.03276   0.36310   0.43201   0.36707   2.10000 10
  -0.21162   1.22936   0.17963  -0.26868   2.20000  1
  -0.09978   1.18980  -0.13362  -0.21935   2.20000  2
  -0.26332   0.46270  -0.28863  -0.02353   2.20000  3
  -0.27916   0.48096  -0.14493  -0.26201   2.20000  4
  -0.01578   0.20962  -0.23552   0.02601   2.20000  5
  -0.04343   0.16541  -0.40718   0.20206   2.20000  6
   0.11960  -2.48279  -0.14735  -0.01362   2.20000  7
  -0.00523  -2.49668   0.14704   0.01907   2.20000  8
  -0.01792   0.42355   0.67927   0.19724   2.20000  9
   0.07199   0.39858   0.35129   0.34281   2.20000 10
  -0.19214   1.20100   0.20942  -0.29876   2.30000  1
  -0.11459   1.16733  -0.16185  -0.23012   2.30000  2
  -0.28950   0.45957  -0.23484  -0.04025   2.30000  3
  -0.29058   0.45354  -0.08487  -0.28380   2.30000  4
  -0.04041   0.21513  -0.25684   0.08399   2.30000  5
  -0.08362   0.18980  -0.39452   0.28382   2.30000  6
   0.10334  -2.48431  -0.17766  -0.01688   2.30000  7
   0.01100  -2.49460   0.17734   0.02255   2.30000  8
   0.04883   0.44127   0.65344   0.15825   2.30000  9
   0.10302   0.43176   0.27038   0.32118   2.30000 10
  -0.16993   1.16953   0.23315  -0.33090   2.40000  1
  -0.13192   1.14375  -0.18300  -0.24174   2.40000  2
  -0.31021   0.45434  -0.17881  -0.06599   2.40000  3
  -0.29639   0.42461  -0.03219  -0.29320   2.40000  4
  -0.06720   0.22641  -0.27975   0.14186   2.40000  5
  -0.12210   0.22173  -0.37476   0.35259   2.40000  6
   0.08420  -2.48615  -0.20396  -0.01970   2.40000  7
   0.03011  -2.49218   0.20363   0.02560   2.40000  8
   0.11231   0.45564   0.61370   0.13184   2.40000  9
   0.12649   0.46282   0.20200   0.29964   2.40000 10
  -0.14599   1.13482   0.24258  -0.36314   2.50000  1
  -0.15067   1.11888  -0.18869  -0.25654   2.50000  2
  -0.32509   0.44606  -0.11779  -0.10097   2.50000  3
  -0.29711   0.39513   0.01773  -0.29545   2.50000  4
  -0.09656   0.24356  -0.30867   0.20154   2.50000  5
  -0.15867   0.25995  -0.35797   0.41027   2.50000  6
   0.06294  -2.48821  -0.21841  -0.02121   2.50000  7
   0.05133  -2.48952   0.21807   0.02732   2.50000  8
   0.17106   0.46823   0.55906   0.12277   2.50000  9
   0.14412   0.49159   0.15409   0.27542   2.50000 10
  -0.12206   1.09698   0.23316  -0.39312   2.60000  1
  -0.16897   1.09223  -0.17429  -0.27751   2.60000  2
  -0.33354   0.43391  -0.04976  -0.14275   2.60000  3
  -0.29273   0.36567   0.07098  -0.29272   2.60000  4
  -0.12922   0.26684  -0.34596   0.26478   2.60000  5
  -0.19406   0.30347  -0.35194   0.45819   2.60000  6
   0.04117  -2.49032  -0.21372  -0.02059   2.60000  7
   0.07307  -2.48679   0.21337   0.02691   2.60000  8
   0.22377   0.48062   0.49419   0.12651   2.60000  9
   0.15791   0.51787   0.12398   0.25031   2.60000 10
  -0.09980   1.05627   0.21054  -0.42111   2.70000  1
  -0.18504   1.06314  -0.14550  -0.30531   2.70000  2
  -0.33473   0.41741   0.02774  -0.18718   2.70000  3
  -0.28278   0.33710   0.12744  -0.27388   2.70000  4
  -0.16609   0.29660  -0.39310   0.33031   2.70000  5
  -0.22946   0.35095  -0.35686   0.48619   2.70000  6
   0.02075  -2.49226  -0.19255  -0.01815   2.70000  7
   0.09345  -2.48420   0.19218   0.02467   2.70000  8
   0.26983   0.49374   0.42703   0.13663   2.70000  9
   0.16921   0.54174   0.10307   0.22782   2.70000 10
  -0.08011   1.01275   0.18297  -0.44953   2.80000  1
  -0.19788   1.03098  -0.11074  -0.33877   2.80000  2
  -0.32767   0.39675   0.11398  -0.22258   2.80000  3
  -0.26780   0.31223   0.16712  -0.21646   2.80000  4
  -0.20806   0.33267  -0.44608   0.38826   2.80000  5
  -0.26518   0.39930  -0.35428   0.47335   2.80000  6
   0.00291  -2.49392  -0.16365  -0.01484   2.80000  7
   0.11125  -2.48189   0.16327   0.02156   2.80000  8
   0.30926   0.50802   0.36215   0.14917   2.80000  9
   0.17862   0.56359   0.08526   0.20983   2.80000 10
  -0.06323   0.96627   0.15479  -0.48054   2.90000  1
  -0.20715   0.99523  -0.07481  -0.37714   2.90000  2
  -0.31220   0.37399   0.19153  -0.22571   2.90000  3
  -0.25060   0.29493   0.17060  -0.12633   2.90000  4
  -0.25477   0.37336  -0.48269   0.42015   2.90000  5
  -0.29948   0.44437  -0.32735   0.42373   2.90000  6
  -0.01192  -2.49523  -0.13299  -0.01134   2.90000  7
   0.12605  -2.47990   0.13260   0.01825   2.90000  8
   0.34238   0.52359   0.30066   0.16225   2.90000  9
   0.18627   0.58387   0.06766   0.19668   2.90000 10
  -0.04913   0.91652   0.12725  -0.51520   3.00000  1
  -0.21287   0.95539  -0.03975  -0.42059   3.00000  2
  -0.29062   0.35300   0.23310  -0.18875   3.00000  3
  -0.23461   0.28711   0.14677  -0.03115   3.00000  4
  -0.30315   0.41567  -0.47720   0.42225   3.00000  5
  -0.32996   0.48371  -0.28045   0.36347   3.00000  6
  -0.02371  -2.49619  -0.10291  -0.00790   3.00000  7
   0.13779  -2.47824   0.10250   0.01500   3.00000  8
   0.36949   0.54046   0.24202   0.17495   3.00000  9
   0.19211   0.60307   0.04868   0.18791   3.00000 10
  -0.03775   0.86312   0.10049  -0.55332   3.10000  1
  -0.21517   0.91092  -0.00672  -0.46976   3.10000  2
  -0.26665   0.33674   0.24341  -0.13628   3.10000  3
  -0.22145   0.28834   0.11633   0.05386   3.10000  4
  -0.34897   0.45757  -0.43544   0.41657   3.10000  5
  -0.35545   0.51739  -0.22959   0.31227   3.10000  6
  -0.03254  -2.49681  -0.07396  -0.00459   3.10000  7
   0.14659  -2.47689   0.07354   0.01187   3.10000  8
   0.39084   0.55855   0.18514   0.18674   3.10000  9
   0.19591   0.62157   0.02681   0.18264   3.10000 10
  -0.02900   0.80579   0.07464  -0.59322   3.20000  1
  -0.21433   0.86122   0.02294  -0.52525   3.20000  2
  -0.24217   0.32565   0.24589  -0.08585   3.20000  3
  -0.21123   0.29751   0.08914   0.12777   3.20000  4
  -0.38978   0.49928  -0.37911   0.41892   3.20000  5
  -0.37600   0.54659  -0.18206   0.27376   3.20000  6
  -0.03853  -2.49711  -0.04602  -0.00139   3.20000  7
   0.15254  -2.47586   0.04559   0.00886   3.20000  8
   0.40654   0.57776   0.12888   0.19712   3.20000  9
   0.19731   0.63966   0.00012   0.17929   3.20000 10
  -0.02278   0.74453   0.05000  -0.63113   3.30000  1
  -0.21077   0.80567   0.04696  -0.58669   3.30000  2
  -0.21753   0.31961   0.24635  -0.03409   3.30000  3
  -0.20336   0.31355   0.06979   0.19149   3.30000  4
  -0.42449   0.54149  -0.31345   0.42536   3.30000  5
  -0.39199   0.57254  -0.13814   0.24726   3.30000  6
  -0.04177  -2.49709  -0.01876   0.00173   3.30000  7
   0.15573  -2.47512   0.01832   0.00592   3.30000  8
   0.41660   0.59791   0.07228   0.20546   3.30000  9
   0.19571   0.65739  -0.03334   0.17470   3.30000 10
  -0.01899   0.67983   0.02553  -0.66114   3.40000  1
  -0.20522   0.74379   0.06247  -0.65084   3.40000  2
  -0.19302   0.31910   0.24330   0.02560   3.40000  3
  -0.19690   0.33551   0.06149   0.24647   3.40000  4
  -0.45215   0.58421  -0.23822   0.42756   3.40000  5
  -0.40366   0.59636  -0.09509   0.23027   3.40000  6
  -0.04230  -2.49677   0.00821   0.00481   3.40000  7
   0.15621  -2.47467  -0.00866   0.00300   3.40000  8
   0.42096   0.61875   0.01482   0.21086   3.40000  9
   0.19040   0.67438  -0.07385   0.16340   3.40000 10
  -0.01783   0.61273  -0.00387  -0.67886   3.50000  1
  -0.19859   0.67566   0.06913  -0.71020   3.50000  2
  -0.16902   0.32513   0.23610   0.09709   3.50000  3
  -0.19064   0.36269   0.06579   0.29683   3.50000  4
  -0.47188   0.62660  -0.15566   0.41766   3.50000  5
  -0.41093   0.61873  -0.05007   0.21704   3.50000  6
  -0.04012  -2.49613   0.03531   0.00792   3.50000  7
   0.15399  -2.47452  -0.03577   0.00007   3.50000  8
   0.41954   0.63995  -0.04344   0.21235   3.50000  9
   0.18083   0.68966  -0.11752   0.14010   3.50000 10
  -0.02021   0.54439  -0.04665  -0.68656   3.60000  1
  -0.19144   0.60212   0.07466  -0.75879   3.60000  2
  -0.14588   0.33896   0.22647   0.18188   3.60000  3
  -0.18331   0.39493   0.08298   0.34865   3.60000  4
  -0.48326   0.66720  -0.07244   0.39183   3.60000  5
  -0.41364   0.63965  -0.00418   0.20054   3.60000  6
  -0.03522  -2.49518   0.06294   0.01108   3.60000  7
   0.14904  -2.47466  -0.06342  -0.00292   3.60000  8
   0.41227   0.66107  -0.10194   0.20924   3.60000  9
   0.16699   0.70200  -0.15842   0.10505   3.60000 10
  -0.02787   0.47564  -0.11033  -0.68652   3.70000  1
  -0.18324   0.52412   0.09247  -0.80009   3.70000  2
  -0.12373   0.36196   0.21651   0.28003   3.70000  3
  -0.17361   0.43250   0.11304   0.40133   3.70000  4
  -0.48658   0.70453   0.00480   0.35322   3.70000  5
  -0.41190   0.65867   0.03798   0.17932   3.70000  6
  -0.02750  -2.49391   0.09148   0.01434   3.70000  7
   0.14128  -2.47511  -0.09197  -0.00601   3.70000  8
   0.39916   0.68164  -0.16004   0.20143   3.70000  9
   0.14933   0.71044  -0.19393   0.06294   3.70000 10
  -0.04291   0.40789  -0.19141  -0.66151   3.80000  1
  -0.17215   0.44293   0.13350  -0.81372   3.80000  2
  -0.10266   0.39499   0.20322   0.37595   3.80000  3
  -0.16049   0.47403   0.14886   0.41812   3.80000  4
  -0.48256   0.73761   0.07428   0.30768   3.80000  5
  -0.40622   0.67551   0.07493   0.15779   3.80000  6
  -0.01688  -2.49231   0.12116   0.01774   3.80000  7
   0.13061  -2.47587  -0.12165  -0.00923   3.80000  8
   0.38028   0.70121  -0.21757   0.18935   3.80000  9
   0.12834   0.71449  -0.22531   0.01783   3.80000 10
  -0.06559   0.34514  -0.25660  -0.58665   3.90000  1
  -0.15601   0.36390   0.18907  -0.75782   3.90000  2
  -0.08365   0.43505   0.17451   0.41400   3.90000  3
  -0.14410   0.51404   0.17738   0.37795   3.90000  4
  -0.47192   0.76597   0.13767   0.25910   3.90000  5
  -0.39700   0.69035   0.10920   0.13985   3.90000  6
  -0.00324  -2.49036   0.15174   0.02124   3.90000  7
   0.11691  -2.47696  -0.15225  -0.01255   3.90000  8
   0.35565   0.71939  -0.27511   0.17346   3.90000  9
   0.10430   0.71397  -0.25562  -0.02858   3.90000 10
  -0.09309   0.29094  -0.28840  -0.49913   4.00000  1
  -0.13488   0.29207   0.22969  -0.67877   4.00000  2
  -0.06789   0.47665   0.14139   0.41806   4.00000  3
  -0.12526   0.54973   0.19869   0.33807   4.00000  4
  -0.45515   0.78938   0.19733   0.20892   4.00000  5
  -0.38436   0.70363   0.14399   0.12658   4.00000  6
   0.01345  -2.48806   0.18176   0.02468   4.00000  7
   0.10017  -2.47838  -0.18228  -0.01581   4.00000  8
   0.32522   0.73578  -0.33383   0.15381   4.00000  9
   0.07714   0.70873  -0.28835  -0.07642   4.00000 10
  -0.12232   0.24462  -0.29138  -0.43106   4.10000  1
  -0.11098   0.22792   0.24340  -0.60559   4.10000  2
  -0.05514   0.51919   0.11475   0.43580   4.10000  3
  -0.10441   0.58219   0.21854   0.31388   4.10000  4
  -0.43251   0.80770   0.25541   0.15721   4.10000  5
  -0.36811   0.71581   0.18172   0.11748   4.10000  6
   0.03295  -2.48544   0.20681   0.02757   4.10000  7
   0.08062  -2.48010  -0.20734  -0.01851   4.10000  8
   0.28880   0.75000  -0.39523   0.12987   4.10000  9
   0.04645   0.69860  -0.32668  -0.12665   4.10000 10
  -0.15049   0.20406  -0.26887  -0.38263   4.20000  1
  -0.08711   0.17073   0.23038  -0.53946   4.20000  2
  -0.04472   0.56443   0.09451   0.47153   4.20000  3
  -0.08152   0.61300   0.23928   0.30460   4.20000  4
  -0.40405   0.82076   0.31395   0.10345   4.20000  5
  -0.34785   0.72723   0.22451   0.11150   4.20000  6
   0.05437  -2.48260   0.21857   0.02900   4.20000  7
   0.05915  -2.48203  -0.21911  -0.01974   4.20000  8
   0.24602   0.76158  -0.46124   0.10069   4.20000  9
   0.01156   0.68332  -0.37199  -0.17893   4.20000 10
  -0.17571   0.16771  -0.23456  -0.34572   4.30000  1
  -0.06534   0.11975   0.20397  -0.48158   4.30000  2
  -0.03616   0.61380   0.07633   0.51538   4.30000  3
  -0.05672   0.64345   0.25411   0.30501   4.30000  4
  -0.36963   0.82830   0.37514   0.04677   4.30000  5
  -0.32296   0.73816   0.27463   0.10721   4.30000  6
   0.07600  -2.47972   0.21083   0.02826   4.30000  7
   0.03746  -2.48397  -0.21138  -0.01879   4.30000  8
   0.19630   0.76992  -0.53469   0.06482   4.30000  9
  -0.02790   0.66309  -0.41437  -0.22136   4.30000 10
  -0.19737   0.13472  -0.19885  -0.31482   4.40000  1
  -0.04641   0.07414   0.17460  -0.43193   4.40000  2
  -0.02980   0.66682   0.04886   0.53949   4.40000  3
  -0.03166   0.67388   0.24128   0.30264   4.40000  4
  -0.32886   0.82998   0.44136  -0.01396   4.40000  5
  -0.29260   0.74866   0.33442   0.10226   4.40000  6
   0.09602  -2.47700   0.18787   0.02582   4.40000  7
   0.01739  -2.48573  -0.18843  -0.01614   4.40000  8
   0.13869   0.77426  -0.61982   0.02036   4.40000  9
  -0.07006   0.64078  -0.42129  -0.21372   4.40000 10
  -0.21555   0.10463  -0.16532  -0.28752   4.50000  1
  -0.03039   0.03313   0.14596  -0.38917   4.50000  2
  -0.02655   0.72065   0.01654   0.53352   4.50000  3
  -0.00942   0.70410   0.19997   0.30423   4.50000  4
  -0.28111   0.82534   0.51515  -0.07958   4.50000  5
  -0.25571   0.75848   0.40535   0.09317   4.50000  6
   0.11336  -2.47457   0.15840   0.02266   4.50000  7
  -0.00001  -2.48718  -0.15897  -0.01275   4.50000  8
   0.07183   0.77366  -0.71965  -0.03365   4.50000  9
  -0.11110   0.62225  -0.39743  -0.15091   4.50000 10
  -0.23053   0.07713  -0.13460  -0.26282   4.60000  1
  -0.01716  -0.00388   0.11889  -0.35189   4.60000  2
  -0.02656   0.77286  -0.01964   0.50602   4.60000  3
   0.00749   0.73521   0.13190   0.31871   4.60000  4
  -0.22549   0.81393   0.59891  -0.14902   4.60000  5
  -0.21117   0.76705   0.48681   0.07709   4.60000  6
   0.12767  -2.47247   0.12773   0.01937   4.60000  7
  -0.01437  -2.48828  -0.12831  -0.00923   4.60000  8
  -0.00516   0.76759  -0.81506  -0.08400   4.60000  9
  -0.14936   0.61136  -0.36662  -0.06425   4.60000 10
  -0.24256   0.05199  -0.10651  -0.24030   4.70000  1
  -0.00656  -0.03739   0.09346  -0.31895   4.70000  2
  -0.03155   0.82060  -0.08462   0.44238   4.70000  3
   0.01542   0.76759   0.02093   0.32651   4.70000  4
  -0.16106   0.79564   0.68841  -0.21460   4.70000  5
  -0.15816   0.77370   0.57212   0.05524   4.70000  6
   0.13893  -2.47070   0.09779   0.01617   4.70000  7
  -0.02570  -2.48903  -0.09840  -0.00577   4.70000  8
  -0.08945   0.75829  -0.86115  -0.09480   4.70000  9
  -0.18396   0.60980  -0.32203   0.03413   4.70000 10
  -0.25190   0.02900  -0.08066  -0.21992   4.80000  1
   0.00158  -0.06779   0.06957  -0.28949   4.80000  2
  -0.04353   0.86017  -0.15021   0.34389   4.80000  3
   0.01120   0.79999  -0.10497   0.31805   4.80000  4
  -0.08951   0.77207   0.72793  -0.24700   4.80000  5
  -0.09820   0.77813   0.61549   0.03529   4.80000  6
   0.14726  -2.46924   0.06900   0.01309   4.80000  7
  -0.03409  -2.48944  -0.06962  -0.00244   4.80000  8
  -0.17437   0.74948  -0.81867  -0.08198   4.80000  9
  -0.21308   0.61812  -0.25786   0.13051   4.80000 10
  -0.25875   0.00794  -0.05659  -0.20179   4.90000  1
   0.00740  -0.09538   0.04710  -0.26282   4.90000  2
  -0.05993   0.88872  -0.16944   0.22688   4.90000  3
  -0.00479   0.83021  -0.20671   0.28104   4.90000  4
  -0.01805   0.74850   0.69252  -0.21579   4.90000  5
  -0.03692   0.78150   0.60364   0.03559   4.90000  6
   0.15277  -2.46808   0.04118   0.01013   4.90000  7
  -0.03966  -2.48952  -0.04182   0.00079   4.90000  8
  -0.25129   0.74121  -0.71966  -0.08601   4.90000  9
  -0.23542   0.63539  -0.19022   0.21198   4.90000 10
  -0.26327  -0.01143  -0.03393  -0.18598   5.00000  1
   0.01104  -0.12043   0.02589  -0.23838   5.00000  2
  -0.07622   0.90599  -0.15285   0.12168   5.00000  3
  -0.02804   0.85548  -0.24903   0.22378   5.00000  4
   0.04780   0.72977   0.62164  -0.15798   5.00000  5
   0.02132   0.78561   0.55622   0.04645   5.00000  6
   0.15552  -2.46721   0.01398   0.00724   5.00000  7
  -0.04247  -2.48928  -0.01463   0.00396   5.00000  8
  -0.31869   0.73208  -0.62961  -0.09617   5.00000  9
  -0.25165   0.65991  -0.13768   0.27541   5.00000 10
  -0.26558  -0.02934  -0.01235  -0.17245   5.10000  1
   0.01262  -0.14312   0.00569  -0.21572   5.10000  2
  -0.09024   0.91373  -0.12753   0.03626   5.10000  3
  -0.05347   0.87527  -0.25702   0.17395   5.10000  4
   0.10619   0.71676   0.54692  -0.10344   5.10000  5
   0.07378   0.79046   0.49244   0.04842   5.10000  6
   0.15557  -2.46663  -0.01300   0.00438   5.10000  7
  -0.04259  -2.48873   0.01233   0.00711   5.10000  8
  -0.37740   0.72224  -0.54549  -0.09897   5.10000  9
  -0.26353   0.68985  -0.10200   0.32046   5.10000 10
  -0.26577  -0.04599   0.00844  -0.16105   5.20000  1
   0.01221  -0.16362  -0.01380  -0.19445   5.20000  2
  -0.10188   0.91380  -0.10664  -0.03219   5.20000  3
  -0.07927   0.89060  -0.25881   0.13358   5.20000  4
   0.15745   0.70885   0.47981  -0.05582   5.20000  5
   0.11998   0.79491   0.43315   0.03902   5.20000  6
   0.15291  -2.46633  -0.04018   0.00150   5.20000  7
  -0.04000  -2.48786   0.03949   0.01028   5.20000  8
  -0.42802   0.71264  -0.46844  -0.09162   5.20000  9
  -0.27227   0.72350  -0.07301   0.35073   5.20000 10
  -0.26391  -0.06161   0.02872  -0.15162   5.30000  1
   0.00987  -0.18204  -0.03290  -0.17419   5.30000  2
  -0.11192   0.90780  -0.09627  -0.08533   5.30000  3
  -0.10525   0.90205  -0.26079   0.09532   5.30000  4
   0.20241   0.70542   0.42042  -0.01358   5.30000  5
   0.16074   0.79803   0.38357   0.02249   5.30000  6
   0.14751  -2.46633  -0.06795  -0.00145   5.30000  7
  -0.03467  -2.48667   0.06724   0.01353   5.30000  8
  -0.47141   0.70413  -0.40092  -0.07791   5.30000  9
  -0.27803   0.75972  -0.04112   0.37274   5.30000 10
  -0.26003  -0.07638   0.04880  -0.14406   5.40000  1
   0.00563  -0.19848  -0.05190  -0.15459   5.40000  2
  -0.12160   0.89725  -0.09981  -0.12306   5.40000  3
  -0.13143   0.90955  -0.26277   0.05391   5.40000  4
   0.24173   0.70599   0.36690   0.02453   5.40000  5
   0.19701   0.79928   0.34324   0.00204   5.40000  6
   0.13929  -2.46663  -0.09668  -0.00449   5.40000  7
  -0.02652  -2.48515   0.09595   0.01689   5.40000  8
  -0.50851   0.69714  -0.34261  -0.06173   5.40000  9
  -0.28022   0.79792  -0.00111   0.39055   5.40000 10
  -0.25414  -0.09048   0.06894  -0.13830   5.50000  1
  -0.00052  -0.21297  -0.07110  -0.13529   5.50000  2
  -0.13237   0.88372  -0.11796  -0.14476   5.50000  3
  -0.15781   0.91269  -0.26498   0.00838   5.50000  4
   0.27593   0.71021   0.31756   0.05921   5.50000  5
   0.22965   0.79837   0.31087  -0.02032   5.50000  6
   0.12814  -2.46723  -0.12654  -0.00767   5.50000  7
  -0.01544  -2.48328   0.12580   0.02039   5.50000  8
  -0.54018   0.69179  -0.29180  -0.04529   5.50000  9
  -0.27790   0.83768   0.04921   0.40364   5.50000 10
  -0.24623  -0.10410   0.08945  -0.13435   5.60000  1
  -0.00861  -0.22553  -0.09077  -0.11592   5.60000  2
  -0.14559   0.86888  -0.14782  -0.14902   5.60000  3
  -0.18445   0.91121  -0.26797  -0.03729   5.60000  4
   0.30534   0.71773   0.27118   0.09062   5.60000  5
   0.25941   0.79520   0.28531  -0.04307   5.60000  6
   0.11395  -2.46816  -0.15721  -0.01093   5.60000  7
  -0.00133  -2.48107   0.15644   0.02398   5.60000  8
  -0.56706   0.68805  -0.24663  -0.02958   5.60000  9
  -0.27009   0.87828   0.10802   0.40554   5.60000 10
  -0.23623  -0.11742   0.11058  -0.13231   5.70000  1
  -0.01870  -0.23614  -0.11120  -0.09607   5.70000  2
  -0.16209   0.85456  -0.18223  -0.13422   5.70000  3
  -0.21131   0.90554  -0.26772  -0.07354   5.70000  4
   0.33024   0.72820   0.22707   0.11819   5.70000  5
   0.28691   0.78980   0.26551  -0.06454   5.70000  6
   0.09673  -2.46942  -0.18686  -0.01408   5.70000  7
   0.01581  -2.47849   0.18607   0.02747   5.70000  8
  -0.58964   0.68584  -0.20541  -0.01491   5.70000  9
  -0.25637   0.91801   0.16419   0.38400   5.70000 10
  -0.22408  -0.13063   0.13259  -0.13239   5.80000  1
  -0.03088  -0.24471  -0.13264  -0.07528   5.80000  2
  -0.18188   0.84258  -0.21228  -0.10335   5.80000  3
  -0.23752   0.89715  -0.25350  -0.09132   5.80000  4
   0.35083   0.74119   0.18516   0.14040   5.80000  5
   0.31266   0.78241   0.25019  -0.08233   5.80000  6
   0.07678  -2.47096  -0.21045  -0.01655   5.80000  7
   0.03568  -2.47559   0.20964   0.03030   5.80000  8
  -0.60823   0.68504  -0.16673  -0.00123   5.80000  9
  -0.23801   0.95402   0.19803   0.33176   5.80000 10
  -0.20968  -0.14398   0.15563  -0.13499   5.90000  1
  -0.04527  -0.25114  -0.15528  -0.05298   5.90000  2
  -0.20426   0.83414  -0.23394  -0.06501   5.90000  3
  -0.26147   0.88770  -0.22367  -0.09670   5.90000  4
   0.36737   0.75602   0.14627   0.15464   5.90000  5
   0.33703   0.77356   0.23743  -0.09323   5.90000  6
   0.05513  -2.47267  -0.21935  -0.01739   5.90000  7
   0.05725  -2.47249   0.21851   0.03149   5.90000  8
  -0.62303   0.68557  -0.12941   0.01174   5.90000  9
  -0.21773   0.98379   0.20380   0.26242   5.90000 10
  -0.19293  -0.15773   0.17957  -0.14060   6.00000  1
  -0.06197  -0.25524  -0.17897  -0.02851   6.00000  2
  -0.22844   0.82957  -0.24866  -0.02685   6.00000  3
  -0.28206   0.87786  -0.18790  -0.10028   6.00000  4
   0.38024   0.77175   0.11206   0.15809   6.00000  5
   0.36014   0.76411   0.22457  -0.09398   6.00000  6
   0.03358  -2.47436  -0.20869  -0.01604   6.00000  7
   0.07872  -2.46937   0.20783   0.03051   6.00000  8
  -0.63412   0.68737  -0.09255   0.02432   6.00000  9
  -0.19781   1.00653   0.19275   0.19334   6.00000 10
  -0.17377  -0.17222   0.20344  -0.14976   6.10000  1
  -0.08107  -0.25675  -0.20275  -0.00125   6.10000  2
  -0.25384   0.82862  -0.25868   0.00700   6.10000  3
  -0.29909   0.86760  -0.15324  -0.10503   6.10000  4
   0.38999   0.78724   0.08414   0.14985   6.10000  5
   0.38186   0.75515   0.20909  -0.08342   6.10000  6
   0.01386  -2.47583  -0.18419  -0.01314   6.10000  7
   0.09835  -2.46644   0.18330   0.02797   6.10000  8
  -0.64153   0.69043  -0.05543   0.03684   6.10000  9
  -0.17942   1.02268   0.17433   0.13095   6.10000 10
  -0.15234  -0.18780   0.22404  -0.16223   6.20000  1
  -0.10242  -0.25540  -0.22339   0.02866   6.20000  2
  -0.28004   0.83074  -0.26472   0.03411   6.20000  3
  -0.31287   0.85686  -0.12330  -0.10958   6.20000  4
   0.39729   0.80140   0.06285   0.13209   6.20000  5
   0.40183   0.74773   0.18986  -0.06362   6.20000  6
  -0.00309  -2.47697  -0.15431  -0.00962   6.20000  7
   0.11520  -2.46379   0.15339   0.02483   6.20000  8
  -0.64518   0.69475  -0.01742   0.04957   6.20000  9
  -0.16304   1.03296   0.15300   0.07579   6.20000 10
  -0.12931  -0.20468   0.23407  -0.17502   6.30000  1
  -0.12540  -0.25102  -0.23356   0.05831   6.30000  2
  -0.30662   0.83514  -0.26597   0.05222   6.30000  3
  -0.32400   0.84578  -0.10072  -0.11117   6.30000  4
   0.40275   0.81347   0.04721   0.10853   6.30000  5
   0.41971   0.74261   0.16721  -0.03821   6.30000  6
  -0.01698  -2.47775  -0.12370  -0.00602   6.30000  7
   0.12901  -2.46147   0.12275   0.02161   6.30000  8
  -0.64496   0.70036   0.02210   0.06280   6.30000  9
  -0.14885   1.03805   0.13060   0.02696   6.30000 10
  -0.10616  -0.22258   0.22557  -0.18119   6.40000  1
  -0.14850  -0.24398  -0.22528   0.08085   6.40000  2
  -0.33303   0.84082  -0.26111   0.05938   6.40000  3
  -0.33333   0.83481  -0.08772  -0.10722   6.40000  4
   0.40687   0.82302   0.03579   0.08229   6.40000  5
   0.43519   0.74018   0.14202  -0.01028   6.40000  6
  -0.02786  -2.47817  -0.09397  -0.00252   6.40000  7
   0.13978  -2.45947   0.09299   0.01849   6.40000  8
  -0.64069   0.70733   0.06378   0.07683   6.40000  9
  -0.13693   1.03853   0.10792  -0.01664   6.40000 10
  -0.08474  -0.24054   0.20118  -0.17642   6.50000  1
  -0.16991  -0.23524  -0.20116   0.09206   6.50000  2
  -0.35863   0.84663  -0.24992   0.05511   6.50000  3
  -0.34189   0.82456  -0.08513  -0.09682   6.50000  4
   0.41001   0.82990   0.02746   0.05524   6.50000  5
   0.44806   0.74058   0.11498   0.01832   6.50000  6
  -0.03582  -2.47826  -0.06536   0.00087   6.50000  7
   0.14764  -2.45777   0.06436   0.01549   6.50000  8
  -0.63211   0.71577   0.10833   0.09206   6.50000  9
  -0.12727   1.03487   0.08529  -0.05591   6.50000 10
  -0.06611  -0.25759   0.17111  -0.16365   6.60000  1
  -0.18856  -0.22584  -0.17140   0.09499   6.60000  2
  -0.38286   0.85151  -0.23406   0.04084   6.60000  3
  -0.35067   0.81562  -0.09188  -0.08120   6.60000  4
   0.41244   0.83408   0.02149   0.02836   6.60000  5
   0.45814   0.74383   0.08641   0.04659   6.60000  6
  -0.04096  -2.47800  -0.03769   0.00416   6.60000  7
   0.15269  -2.45637   0.03665   0.01259   6.60000  8
  -0.61890   0.72580   0.15661   0.10895   6.60000  9
  -0.11986   1.02747   0.06276  -0.09162   6.60000 10
  -0.05048  -0.27316   0.14173  -0.14721   6.70000  1
  -0.20423  -0.21637  -0.14234   0.09404   6.70000  2
  -0.40537   0.85454  -0.21603   0.01876   6.70000  3
  -0.36051   0.80842  -0.10605  -0.06260   6.70000  4
   0.41437   0.83560   0.01749   0.00221   6.70000  5
   0.46529   0.74986   0.05640   0.07393   6.70000  6
  -0.04337  -2.47743  -0.01057   0.00738   6.70000  7
   0.15499  -2.45525   0.00951   0.00976   6.70000  8
  -0.60063   0.73763   0.20965   0.12811   6.70000  9
  -0.11471   1.01664   0.04021  -0.12439   6.70000 10
  -0.03767  -0.28700   0.11491  -0.12950   6.80000  1
  -0.21711  -0.20707  -0.11583   0.09173   6.80000  2
  -0.42606   0.85505  -0.19786  -0.00945   6.80000  3
  -0.37208   0.80313  -0.12613  -0.04301   6.80000  4
   0.41600   0.83456   0.01524  -0.02264   6.80000  5
   0.46937   0.75856   0.02489   0.09974   6.80000  6
  -0.04308  -2.47653   0.01639   0.01059   6.80000  7
   0.15459  -2.45442  -0.01749   0.00694   6.80000  8
  -0.57677   0.75152   0.26852   0.15027   6.80000  9
  -0.11183   1.00267   0.01735  -0.15467   6.80000 10
  -0.02741  -0.29905   0.09074  -0.11154   6.90000  1
  -0.22748  -0.19803  -0.09195   0.08913   6.90000  2
  -0.44496   0.85248  -0.18003  -0.04271   6.90000  3
  -0.38591   0.79980  -0.15132  -0.02365   6.90000  4
   0.41747   0.83114   0.01449  -0.04534   6.90000  5
   0.47022   0.76973  -0.00809   0.12308   6.90000  6
  -0.04008  -2.47531   0.04362   0.01384   6.90000  7
   0.15149  -2.45386  -0.04474   0.00409   6.90000  8
  -0.54672   0.76780   0.33356   0.17588   6.90000  9
  -0.11127   0.98578  -0.00629  -0.18279   6.90000 10
  -0.01945  -0.30931   0.06884  -0.09369   7.00000  1
  -0.23557  -0.18924  -0.07030   0.08669   7.00000  2
  -0.46198   0.84640  -0.15934  -0.07912   7.00000  3
  -0.40247   0.79839  -0.18010  -0.00468   7.00000  4
   0.41893   0.82562   0.01470  -0.06435   7.00000  5
   0.46771   0.78304  -0.04223   0.14236   7.00000  6
  -0.03434  -2.47376   0.07150   0.01716   7.00000  7
   0.14562  -2.45360  -0.07265   0.00117   7.00000  8
  -0.50997   0.78677   0.40092   0.20341   7.00000  9
  -0.11314   0.96618  -0.03134  -0.20895   7.00000 10
  -0.01358  -0.31779   0.04877  -0.07602   7.10000  1
  -0.24160  -0.18068  -0.05044   0.08454   7.10000  2
  -0.47638   0.83678  -0.12512  -0.11151   7.10000  3
  -0.42183   0.79891  -0.20506   0.01579   7.10000  4
   0.42041   0.81847   0.01465  -0.07730   7.10000  5
   0.46177   0.79798  -0.07650   0.15509   7.10000  6
  -0.02575  -2.47187   0.10038   0.02060   7.10000  7
   0.13692  -2.45363  -0.10155  -0.00186   7.10000  8
  -0.46700   0.80826   0.45362   0.22388   7.10000  9
  -0.11761   0.94405  -0.05874  -0.23320   7.10000 10
  -0.00965  -0.32452   0.03015  -0.05848   7.20000  1
  -0.24571  -0.17232  -0.03198   0.08267   7.20000  2
  -0.48623   0.82466  -0.06889  -0.12770   7.20000  3
  -0.44270   0.80169  -0.20710   0.04019   7.20000  4
   0.42178   0.81045   0.01215  -0.08144   7.20000  5
   0.45247   0.81375  -0.10894   0.15841   7.20000  6
  -0.01422  -2.46963   0.13039   0.02417   7.20000  7
   0.12527  -2.45398  -0.13160  -0.00502   7.20000  8
  -0.42066   0.83078   0.46566   0.22249   7.20000  9
  -0.12501   0.91961  -0.08986  -0.25530   7.20000 10
  -0.00752  -0.32949   0.01266  -0.04097   7.30000  1
  -0.24803  -0.16414  -0.01458   0.08105   7.30000  2
  -0.48987   0.81184  -0.00403  -0.12618   7.30000  3
  -0.46223   0.80688  -0.17970   0.06223   7.30000  4
   0.42267   0.80253   0.00464  -0.07516   7.30000  5
   0.44012   0.82929  -0.13718   0.15066   7.30000  6
   0.00035  -2.46703   0.16105   0.02782   7.30000  7
   0.11058  -2.45464  -0.16228  -0.00826   7.30000  8
  -0.37496   0.85215   0.44587   0.20316   7.30000  9
  -0.13577   0.89309  -0.12646  -0.27434   7.30000 10
  -0.00709  -0.33271  -0.00398  -0.02335   7.40000  1
  -0.24865  -0.15611   0.00201   0.07960   7.40000  2
  -0.48726   0.79983   0.05476  -0.11231   7.40000  3
  -0.47814   0.81375  -0.13677   0.07298   7.40000  4
   0.42248   0.79573  -0.00952  -0.05958   7.40000  5
   0.42522   0.84354  -0.15977   0.13286   7.40000  6
   0.01794  -2.46407   0.19016   0.03130   7.40000  7
   0.09286  -2.45562  -0.19142  -0.01133   7.40000  8
  -0.33150   0.87123   0.42454   0.17768   7.40000  9
  -0.15053   0.86492  -0.17002  -0.28785   7.40000 10
  -0.00829  -0.33415  -0.01997  -0.00545   7.50000  1
  -0.24765  -0.14822   0.01801   0.07827   7.50000  2
  -0.47926   0.78967   0.10343  -0.08983   7.50000  3
  -0.48932   0.82104  -0.08576   0.07081   7.50000  4
   0.42054   0.79082  -0.03020  -0.03785   7.50000  5
   0.40835   0.85563  -0.17699   0.10815   7.50000  6
   0.03815  -2.46080   0.21202   0.03398   7.50000  7
   0.07253  -2.45688  -0.21330  -0.01360   7.50000  8
  -0.28973   0.88750   0.41214   0.14619   7.50000  9
  -0.16997   0.83588  -0.21936  -0.29067   7.50000 10
  -0.01107  -0.33378  -0.03551   0.01291   7.60000  1
  -0.24507  -0.14045   0.03357   0.07697   7.60000  2
  -0.46685   0.78203   0.14381  -0.06248   7.60000  3
  -0.49509   0.82757  -0.02889   0.05832   7.60000  4
   0.41626   0.78826  -0.05633  -0.01316   7.60000  5
   0.38996   0.86505  -0.19017   0.07980   7.60000  6
   0.05980  -2.45734   0.21785   0.03487   7.60000  7
   0.05075  -2.45828  -0.21916  -0.01409   7.60000  8
  -0.24901   0.90009   0.40129   0.10375   7.60000  9
  -0.19434   0.80736  -0.26646  -0.27689   7.60000 10
  -0.01538  -0.33154  -0.05076   0.03193   7.70000  1
  -0.24094  -0.13282   0.04884   0.07562   7.70000  2
  -0.45065   0.77720   0.17982  -0.03410   7.70000  3
  -0.49495   0.83247   0.03244   0.03875   7.70000  4
   0.40914   0.78822  -0.08679   0.01234   7.70000  5
   0.37040   0.87155  -0.20080   0.05010   7.70000  6
   0.08106  -2.45390   0.20437   0.03360   7.70000  7
   0.02936  -2.45962  -0.20570  -0.01240   7.70000  8
  -0.20984   0.90797   0.38009   0.05331   7.70000  9
  -0.22284   0.78098  -0.30150  -0.24914   7.70000 10
  -0.02121  -0.32737  -0.06584   0.05182   7.80000  1
  -0.23530  -0.12534   0.06391   0.07408   7.80000  2
  -0.43091   0.77513   0.21494  -0.00811   7.80000  3
  -0.48849   0.83515   0.09736   0.01423   7.80000  4
   0.39878   0.79071  -0.12101   0.03748   7.80000  5
   0.34984   0.87507  -0.21012   0.02043   7.80000  6
   0.10026  -2.45067   0.17850   0.03093   7.80000  7
   0.01002  -2.46072  -0.17986  -0.00933   7.80000  8
  -0.17332   0.91085   0.34948   0.00540   7.80000  9
  -0.25432   0.75766  -0.32736  -0.21693   7.80000 10
  -0.02855  -0.32114  -0.08086   0.07285   7.90000  1
  -0.22817  -0.11802   0.07885   0.07218   7.90000  2
  -0.40765   0.77538   0.25023   0.01184   7.90000  3
  -0.47537   0.83517   0.16541  -0.01454   7.90000  4
   0.38481   0.79568  -0.15885   0.06153   7.90000  5
   0.32838   0.87566  -0.21911  -0.00839   7.90000  6
   0.11662  -2.44773   0.14827   0.02776   7.90000  7
  -0.00647  -2.46147  -0.14966  -0.00576   7.90000  8
  -0.13999   0.90930   0.31738  -0.03518   7.90000  9
  -0.28828   0.73766  -0.35165  -0.18230   7.90000 10
  -0.03739  -0.31275  -0.09588   0.09533   8.00000  1
  -0.21954  -0.11092   0.09368   0.06968   8.00000  2
  -0.38100   0.77714   0.28091   0.02129   8.00000  3
  -0.45533   0.83209   0.23568  -0.04806   8.00000  4
   0.36688   0.80296  -0.20060   0.08385   8.00000  5
   0.30600   0.87345  -0.22866  -0.03564   8.00000  6
   0.12991  -2.44511   0.11772   0.02455   8.00000  7
  -0.01991  -2.46187  -0.11913  -0.00215   8.00000  8
  -0.10973   0.90404   0.28847  -0.06915   8.00000  9
  -0.32455   0.72147  -0.37219  -0.13971   8.00000 10
  -0.04773  -0.30202  -0.11091   0.11964   8.10000  1
  -0.20943  -0.10411   0.10841   0.06627   8.10000  2
  -0.35204   0.77923   0.29455   0.01906   8.10000  3
  -0.42827   0.82537   0.30477  -0.08725   8.10000  4
   0.34455   0.81236  -0.24676   0.10345   8.10000  5
   0.28260   0.86862  -0.23978  -0.06038   8.10000  6
   0.14019  -2.44282   0.08814   0.02144   8.10000  7
  -0.03033  -2.46191  -0.08958   0.00135   8.10000  8
  -0.08213   0.89563   0.26447  -0.09838   8.10000  9
  -0.36206   0.71014  -0.37329  -0.08521   8.10000 10
