  -0.08735   1.41587   0.00573  -0.00134   0.10000  1
  -0.28248   1.45632   0.01981  -0.00446   0.10000  2
   0.20501   1.36160  -0.00375   0.00280   0.10000  3
   0.29510   1.53892  -0.01252  -0.01752   0.10000  4
   0.20518  -1.19841  -0.00027   0.00958   0.10000  5
   0.20200  -0.99949   0.00013  -0.01146   0.10000  6
   0.45956   0.94776  -0.01610   0.00914   0.10000  7
   0.26199   0.97053   0.00681   0.01104   0.10000  8
   0.04957  -2.35341   0.00665   0.00951   0.10000  9
   0.16948  -2.19468  -0.00650  -0.00729   0.10000 10
  -0.08649   1.41567   0.01152  -0.00269   0.20000  1
  -0.27951   1.45564   0.03975  -0.00895   0.20000  2
   0.20444   1.36202  -0.00750   0.00564   0.20000  3
   0.29322   1.53628  -0.02513  -0.03515   0.20000  4
   0.20514  -1.19697  -0.00055   0.01923   0.20000  5
   0.20202  -1.00121   0.00026  -0.02298   0.20000  6
   0.45714   0.94913  -0.03229   0.01836   0.20000  7
   0.26301   0.97219   0.01364   0.02211   0.20000  8
   0.05057  -2.35198   0.01334   0.01909   0.20000  9
   0.16850  -2.19578  -0.01304  -0.01464   0.20000 10
  -0.08505   1.41534   0.01740  -0.00405   0.30000  1
  -0.27453   1.45452   0.05994  -0.01350   0.30000  2
   0.20350   1.36273  -0.01126   0.00854   0.30000  3
   0.29007   1.53188  -0.03795  -0.05301   0.30000  4
   0.20507  -1.19456  -0.00083   0.02902   0.30000  5
   0.20205  -1.00409   0.00039  -0.03464   0.30000  6
   0.45309   0.95144  -0.04867   0.02777   0.30000  7
   0.26472   0.97496   0.02051   0.03321   0.30000  8
   0.05224  -2.34959   0.02011   0.02877   0.30000  9
   0.16687  -2.19761  -0.01965  -0.02211   0.30000 10
  -0.08301   1.41486   0.02343  -0.00543   0.40000  1
  -0.26751   1.45294   0.08053  -0.01813   0.40000  2
   0.20219   1.36373  -0.01503   0.01153   0.40000  3
   0.28562   1.52567  -0.05107  -0.07118   0.40000  4
   0.20498  -1.19116  -0.00110   0.03901   0.40000  5
   0.20209  -1.00815   0.00053  -0.04650   0.40000  6
   0.44740   0.95470  -0.06533   0.03747   0.40000  7
   0.26712   0.97884   0.02743   0.04437   0.40000  8
   0.05460  -2.34623   0.02698   0.03861   0.40000  9
   0.16457  -2.20020  -0.02637  -0.02974   0.40000 10
  -0.08035   1.41425   0.02969  -0.00685   0.50000  1
  -0.25840   1.45089   0.10166  -0.02287   0.50000  2
   0.20050   1.36504  -0.01882   0.01462   0.50000  3
   0.27984   1.51763  -0.06460  -0.08978   0.50000  4
   0.20485  -1.18675  -0.00138   0.04925   0.50000  5
   0.20215  -1.01340   0.00066  -0.05862   0.50000  6
   0.44001   0.95894  -0.08237   0.04757   0.50000  7
   0.27021   0.98383   0.03439   0.05559   0.50000  8
   0.05764  -2.34186   0.03399   0.04866   0.50000  9
   0.16159  -2.20357  -0.03323  -0.03759   0.50000 10
  -0.07706   1.41349   0.03625  -0.00832   0.60000  1
  -0.24715   1.44836   0.12347  -0.02776   0.60000  2
   0.19843   1.36666  -0.02265   0.01783   0.60000  3
   0.27268   1.50770  -0.07865  -0.10889   0.60000  4
   0.20470  -1.18130  -0.00167   0.05980   0.60000  5
   0.20223  -1.01988   0.00079  -0.07103   0.60000  6
   0.43091   0.96423  -0.09983   0.05821   0.60000  7
   0.27400   0.98996   0.04136   0.06688   0.60000  8
   0.06140  -2.33648   0.04117   0.05896   0.60000  9
   0.15792  -2.20773  -0.04024  -0.04569   0.60000 10
  -0.07309   1.41258   0.04321  -0.00987   0.70000  1
  -0.23368   1.44533   0.14615  -0.03284   0.70000  2
   0.19597   1.36860  -0.02656   0.02111   0.70000  3
   0.26409   1.49583  -0.09333  -0.12856   0.70000  4
   0.20452  -1.17478  -0.00195   0.07067   0.70000  5
   0.20231  -1.02762   0.00092  -0.08376   0.70000  6
   0.42003   0.97061  -0.11776   0.06956   0.70000  7
   0.27848   0.99721   0.04823   0.07822   0.70000  8
   0.06588  -2.33006   0.04850   0.06952   0.70000  9
   0.15354  -2.21271  -0.04741  -0.05405   0.70000 10
  -0.06840   1.41151   0.05072  -0.01155   0.80000  1
  -0.21789   1.44179   0.16987  -0.03815   0.80000  2
   0.19311   1.37088  -0.03064   0.02434   0.80000  3
   0.25399   1.48197  -0.10873  -0.14874   0.80000  4
   0.20431  -1.16716  -0.00223   0.08180   0.80000  5
   0.20241  -1.03664   0.00104  -0.09674   0.80000  6
   0.40734   0.97817  -0.13612   0.08179   0.80000  7
   0.28364   1.00560   0.05483   0.08960   0.80000  8
   0.07110  -2.32257   0.05595   0.08030   0.80000  9
   0.14843  -2.21855  -0.05470  -0.06264   0.80000 10
  -0.06292   1.41026   0.05895  -0.01344   0.90000  1
  -0.19966   1.43770   0.19481  -0.04373   0.90000  2
   0.18983   1.37346  -0.03504   0.02727   0.90000  3
   0.24232   1.46607  -0.12488  -0.16927   0.90000  4
   0.20407  -1.15842  -0.00250   0.09302   0.90000  5
   0.20252  -1.04697   0.00116  -0.10982   0.90000  6
   0.39280   0.98701  -0.15470   0.09516   0.90000  7
   0.28942   1.01513   0.06079   0.10098   0.90000  8
   0.07707  -2.31400   0.06340   0.09115   0.90000  9
   0.14260  -2.22524  -0.06199  -0.07132   0.90000 10
  -0.05657   1.40881   0.06817  -0.01566   1.00000  1
  -0.17888   1.43303   0.22118  -0.04967   1.00000  2
   0.18608   1.37631  -0.04006   0.02940   1.00000  3
   0.22899   1.44812  -0.14171  -0.18967   1.00000  4
   0.20381  -1.14856  -0.00276   0.10395   1.00000  5
   0.20264  -1.05859   0.00126  -0.12260   1.00000  6
   0.37641   0.99725  -0.17309   0.10991   1.00000  7
   0.29575   1.02580   0.06545   0.11233   1.00000  8
   0.08378  -2.30435   0.07060   0.10177   1.00000  9
   0.13604  -2.23280  -0.06902  -0.07976   1.00000 10
  -0.04924   1.40711   0.07874  -0.01840   1.10000  1
  -0.15538   1.42775   0.24912  -0.05604   1.10000  2
   0.18178   1.37929  -0.04621   0.02982   1.10000  3
   0.21396   1.42817  -0.15896  -0.20901   1.10000  4
   0.20352  -1.13766  -0.00299   0.11385   1.10000  5
   0.20277  -1.07145   0.00132  -0.13435   1.10000  6
   0.35822   1.00904  -0.19049   0.12630   1.10000  7
   0.30244   1.03760   0.06772   0.12365   1.10000  8
   0.09117  -2.29367   0.07706   0.11154   1.10000  9
   0.12882  -2.24117  -0.07531  -0.08737   1.10000 10
  -0.04076   1.40510   0.09119  -0.02199   1.20000  1
  -0.12900   1.42180   0.27875  -0.06296   1.20000  2
   0.17677   1.38217  -0.05429   0.02718   1.20000  3
   0.19721   1.40640  -0.17605  -0.22578   1.20000  4
   0.20321  -1.12587  -0.00317   0.12150   1.20000  5
   0.20290  -1.08539   0.00133  -0.14387   1.20000  6
   0.33838   1.02257  -0.20571   0.14449   1.20000  7
   0.30916   1.05053   0.06604   0.13507   1.20000  8
   0.09914  -2.28210   0.08203   0.11948   1.20000  9
   0.12103  -2.25022  -0.08011  -0.09313   1.20000 10
  -0.03092   1.40267   0.10624  -0.02691   1.30000  1
  -0.09957   1.41513   0.31002  -0.07063   1.30000  2
   0.17082   1.38457  -0.06529   0.01999   1.30000  3
   0.17878   1.38316  -0.19220  -0.23814   1.30000  4
   0.20289  -1.11349  -0.00328   0.12539   1.30000  5
   0.20303  -1.10010   0.00126  -0.14963   1.30000  6
   0.31719   1.03800  -0.21758   0.16448   1.30000  7
   0.31545   1.06462   0.05874   0.14691   1.30000  8
   0.10749  -2.26988   0.08460   0.12436   1.30000  9
   0.11288  -2.25969  -0.08251  -0.09583   1.30000 10
  -0.01940   1.39965   0.12477  -0.03389   1.40000  1
  -0.06695   1.40764   0.34265  -0.07941   1.40000  2
   0.16359   1.38599  -0.07994   0.00748   1.40000  3
   0.15882   1.35898  -0.20665  -0.24454   1.40000  4
   0.20256  -1.10096  -0.00330   0.12437   1.40000  5
   0.20315  -1.11515   0.00111  -0.15050   1.40000  6
   0.29499   1.05552  -0.22568   0.18616   1.40000  7
   0.32069   1.07994   0.04477   0.15961   1.40000  8
   0.11596  -2.25736   0.08413   0.12530   1.40000  9
   0.10463  -2.26925  -0.08186  -0.09458   1.40000 10
  -0.00582   1.39579   0.14761  -0.04389   1.50000  1
  -0.03102   1.39919   0.37589  -0.09000   1.50000  2
   0.15471   1.38590  -0.09827  -0.00986   1.50000  3
   0.13753   1.33448  -0.21868  -0.24418   1.50000  4
   0.20223  -1.08878  -0.00323   0.11845   1.50000  5
   0.20325  -1.13004   0.00087  -0.14650   1.50000  6
   0.27215   1.07529  -0.23090   0.20952   1.50000  7
   0.32419   1.09659   0.02428   0.17351   1.50000  8
   0.12422  -2.24495   0.08072   0.12238   1.50000  9
   0.09661  -2.27848  -0.07827  -0.08944   1.50000 10
   0.01027   1.39074   0.17498  -0.05796   1.60000  1
   0.00819   1.38954   0.40793  -0.10361   1.60000  2
   0.14384   1.38390  -0.11944  -0.03077   1.60000  3
   0.11522   1.31039  -0.22668  -0.23642   1.60000  4
   0.20192  -1.07739  -0.00312   0.10881   1.60000  5
   0.20332  -1.14433   0.00057  -0.13880   1.60000  6
   0.24885   1.09749  -0.23508   0.23488   1.60000  7
   0.32536   1.11469  -0.00179   0.18869   1.60000  8
   0.13203  -2.23298   0.07514   0.11656   1.60000  9
   0.08905  -2.28704  -0.07252  -0.08138   1.60000 10
   0.02929   1.38404   0.20562  -0.07685   1.70000  1
   0.05038   1.37832   0.43438  -0.12149   1.70000  2
   0.13080   1.37966  -0.14106  -0.05430   1.70000  3
   0.09247   1.28746  -0.22645  -0.22072   1.70000  4
   0.20161  -1.06709  -0.00297   0.09696   1.70000  5
   0.20337  -1.15773   0.00025  -0.12893   1.70000  6
   0.22510   1.12235  -0.24016   0.26284   1.70000  7
   0.32368   1.13436  -0.03240   0.20504   1.70000  8
   0.13921  -2.22169   0.06833   0.10906   1.70000  9
   0.08214  -2.29470  -0.06553  -0.07161   1.70000 10
   0.05140   1.37521   0.23635  -0.10044   1.80000  1
   0.09462   1.36512   0.44728  -0.14299   1.80000  2
   0.11581   1.37296  -0.15699  -0.08025   1.80000  3
   0.07040   1.26646  -0.21227  -0.19865   1.80000  4
   0.20132  -1.05803  -0.00282   0.08409   1.80000  5
   0.20337  -1.17008  -0.00008  -0.11807   1.80000  6
   0.20074   1.15017  -0.24758   0.29408   1.80000  7
   0.31875   1.15573  -0.06687   0.22248   1.80000  8
   0.14568  -2.21120   0.06098   0.10080   1.80000  9
   0.07596  -2.30134  -0.05800  -0.06104   1.80000 10
   0.07641   1.36383   0.26261  -0.12762   1.90000  1
   0.13918   1.34969   0.44093  -0.16566   1.90000  2
   0.09991   1.36353  -0.15803  -0.10865   1.90000  3
   0.05051   1.24781  -0.18328  -0.17421   1.90000  4
   0.20105  -1.05028  -0.00267   0.07091   1.90000  5
   0.20335  -1.18133  -0.00042  -0.10697   1.90000  6
   0.17550   1.18129  -0.25732   0.32886   1.90000  7
   0.31019   1.17890  -0.10498   0.24123   1.90000  8
   0.15140  -2.20154   0.05350   0.09236   1.90000  9
   0.07055  -2.30690  -0.05035  -0.05025   1.90000 10
   0.10364   1.34961   0.28033  -0.15707   2.00000  1
   0.18228   1.33197   0.41896  -0.18851   2.00000  2
   0.08479   1.35118  -0.14192  -0.13853   2.00000  3
   0.03407   1.23163  -0.14455  -0.14912   2.00000  4
   0.20079  -1.04384  -0.00252   0.05783   2.00000  5
   0.20329  -1.19148  -0.00074  -0.09599   2.00000  6
   0.14930   1.21600  -0.26606   0.36524   2.00000  7
   0.29763   1.20403  -0.14681   0.26165   2.00000  8
   0.15638  -2.19272   0.04611   0.08401   2.00000  9
   0.06589  -2.31139  -0.04278  -0.03951   2.00000 10
   0.13213   1.33241   0.28768  -0.18673   2.10000  1
   0.22263   1.31209   0.38664  -0.20813   2.10000  2
   0.07192   1.33583  -0.11405  -0.16808   2.10000  3
   0.02173   1.21805  -0.10195  -0.12193   2.10000  4
   0.20054  -1.03871  -0.00239   0.04499   2.10000  5
   0.20320  -1.20054  -0.00106  -0.08530   2.10000  6
   0.12257   1.25412  -0.26645   0.39477   2.10000  7
   0.28071   1.23129  -0.19194   0.28347   2.10000  8
   0.16063  -2.18473   0.03890   0.07589   2.10000  9
   0.06198  -2.31481  -0.03540  -0.02895   2.10000 10
   0.16080   1.31247   0.28408  -0.21005   2.20000  1
   0.25937   1.29066   0.34710  -0.21840   2.20000  2
   0.06216   1.31770  -0.08078  -0.19317   2.20000  3
   0.01365   1.20736  -0.06016  -0.09155   2.20000  4
   0.20031  -1.03484  -0.00226   0.03244   2.20000  5
   0.20308  -1.20855  -0.00137  -0.07496   2.20000  6
   0.09646   1.29426  -0.25368   0.40362   2.20000  7
   0.25925   1.26065  -0.23661   0.30264   2.20000  8
   0.16417  -2.17753   0.03189   0.06803   2.20000  9
   0.05880  -2.31718  -0.02820  -0.01861   2.20000 10
   0.18869   1.29086   0.27277  -0.21985   2.30000  1
   0.29183   1.26885   0.30112  -0.21588   2.30000  2
   0.05575   1.29758  -0.04794  -0.20700   2.30000  3
   0.00959   1.19981  -0.02167  -0.05929   2.30000  4
   0.20009  -1.03221  -0.00215   0.02018   2.30000  5
   0.20293  -1.21554  -0.00167  -0.06496   2.30000  6
   0.07215   1.33395  -0.23149   0.38636   2.30000  7
   0.23368   1.29136  -0.27283   0.30848   2.30000  8
   0.16701  -2.17111   0.02506   0.06043   2.30000  9
   0.05634  -2.31854  -0.02120  -0.00847   2.30000 10
   0.21515   1.26897   0.25540  -0.21594   2.40000  1
   0.31956   1.24776   0.25402  -0.20520   2.40000  2
   0.05243   1.27673  -0.01930  -0.20835   2.40000  3
   0.00919   1.19549   0.01329  -0.02724   2.40000  4
   0.19988  -1.03079  -0.00204   0.00815   2.40000  5
   0.20275  -1.22155  -0.00196  -0.05524   2.40000  6
   0.05026   1.37101  -0.20620   0.35365   2.40000  7
   0.20508   1.32170  -0.29725   0.29561   2.40000  8
   0.16918  -2.16544   0.01840   0.05304   2.40000  9
   0.05456  -2.31888  -0.01436   0.00151   2.40000 10
   0.23960   1.24791   0.23329  -0.20495   2.50000  1
   0.34277   1.22785   0.21082  -0.19317   2.50000  2
   0.05172   1.25617   0.00447  -0.20192   2.50000  3
   0.01214   1.19431   0.04514   0.00320   2.50000  4
   0.19968  -1.03057  -0.00194  -0.00369   2.50000  5
   0.20254  -1.22660  -0.00225  -0.04574   2.50000  6
   0.03091   1.40458  -0.18097   0.31779   2.50000  7
   0.17453   1.35010  -0.31278   0.27131   2.50000  8
   0.17070  -2.16050   0.01186   0.04581   2.50000  9
   0.05346  -2.31824  -0.00765   0.01136   2.50000 10
   0.26183   1.22798   0.21159  -0.19390   2.60000  1
   0.36187   1.20910   0.17181  -0.18201   2.60000  2
   0.05316   1.23650   0.02341  -0.19090   2.60000  3
   0.01813   1.19604   0.07406   0.03098   2.60000  4
   0.19949  -1.03153  -0.00184  -0.01541   2.60000  5
   0.20230  -1.23071  -0.00253  -0.03642   2.60000  6
   0.01403   1.43464  -0.15692   0.28371   2.60000  7
   0.14266   1.37588  -0.32398   0.24410   2.60000  8
   0.17156  -2.15627   0.00542   0.03871   2.60000  9
   0.05303  -2.31661  -0.00102   0.02114   2.60000 10
   0.28201   1.20907   0.19237  -0.18456   2.70000  1
   0.37724   1.19141   0.13604  -0.17192   2.70000  2
   0.05626   1.21809   0.03814  -0.17669   2.70000  3
   0.02685   1.20037   0.09979   0.05494   2.70000  4
   0.19931  -1.03365  -0.00175  -0.02708   2.70000  5
   0.20203  -1.23389  -0.00281  -0.02719   2.70000  6
  -0.00052   1.46141  -0.13432   0.25210   2.70000  7
   0.10984   1.39895  -0.33204   0.21782   2.70000  8
   0.17178  -2.15276  -0.00097   0.03166   2.70000  9
   0.05325  -2.31401   0.00555   0.03091   2.70000 10
   0.30039   1.19102   0.17562  -0.17665   2.80000  1
   0.38916   1.17469   0.10268  -0.16264   2.80000  2
   0.06069   1.20124   0.05010  -0.15990   2.80000  3
   0.03796   1.20686   0.12174   0.07390   2.80000  4
   0.19914  -1.03694  -0.00167  -0.03876   2.80000  5
   0.20174  -1.23615  -0.00308  -0.01799   2.80000  6
  -0.01289   1.48512  -0.11336   0.22244   2.80000  7
   0.07637   1.41953  -0.33679   0.19426   2.80000  8
   0.17137  -2.14994  -0.00733   0.02462   2.80000  9
   0.05414  -2.31043   0.01210   0.04072   2.80000 10
   0.31720   1.17371   0.16081  -0.16963   2.90000  1
   0.39783   1.15886   0.07119  -0.15388   2.90000  2
   0.06625   1.18619   0.06093  -0.14090   2.90000  3
   0.05105   1.21496   0.13938   0.08701   2.90000  4
   0.19898  -1.04141  -0.00159  -0.05053   2.90000  5
   0.20142  -1.23748  -0.00335  -0.00875   2.90000  6
  -0.02326   1.50594  -0.09444   0.19406   2.90000  7
   0.04260   1.43793  -0.33789   0.17448   2.90000  8
   0.17031  -2.14783  -0.01372   0.01752   2.90000  9
   0.05567  -2.30586   0.01867   0.05063   2.90000 10
   0.33260   1.15708   0.14735  -0.16303   3.00000  1
   0.40345   1.14390   0.04130  -0.14540   3.00000  2
   0.07288   1.17312   0.07180  -0.12034   3.00000  3
   0.06569   1.22406   0.15269   0.09419   3.00000  4
   0.19882  -1.04705  -0.00152  -0.06245   3.00000  5
   0.20107  -1.23789  -0.00361   0.00059   3.00000  6
  -0.03187   1.52396  -0.07821   0.16649   3.00000  7
   0.00892   1.45457  -0.33495   0.15894   3.00000  8
   0.16862  -2.14644  -0.02014   0.01030   3.00000  9
   0.05787  -2.30030   0.02530   0.06071   3.00000 10
   0.34669   1.14110   0.13465  -0.15650   3.10000  1
   0.40615   1.12978   0.01297  -0.13698   3.10000  2
   0.08063   1.16214   0.08332  -0.09917   3.10000  3
   0.08146   1.23362   0.16222   0.09601   3.10000  4
   0.19867  -1.05390  -0.00146  -0.07458   3.10000  5
   0.20069  -1.23736  -0.00388   0.01011   3.10000  6
  -0.03902   1.53926  -0.06546   0.13965   3.10000  7
  -0.02425   1.46986  -0.32771   0.14756   3.10000  8
   0.16628  -2.14578  -0.02665   0.00291   3.10000  9
   0.06074  -2.29372   0.03200   0.07099   3.10000 10
   0.35953   1.12579   0.12205  -0.14976   3.20000  1
   0.40610   1.11651  -0.01367  -0.12847   3.20000  2
   0.08957   1.15327   0.09566  -0.07832   3.20000  3
   0.09804   1.24312   0.16888   0.09334   3.20000  4
   0.19853  -1.06198  -0.00141  -0.08699   3.20000  5
   0.20029  -1.23586  -0.00413   0.01986   3.20000  6
  -0.04509   1.55193  -0.05672   0.11385   3.20000  7
  -0.05648   1.48420  -0.31622   0.13964   3.20000  8
   0.16329  -2.14587  -0.03326  -0.00470   3.20000  9
   0.06428  -2.28609   0.03881   0.08154   3.20000 10
   0.37108   1.11116   0.10886  -0.14260   3.30000  1
   0.40348   1.10410  -0.03828  -0.11973   3.30000  2
   0.09979   1.14644   0.10883  -0.05846   3.30000  3
   0.11517   1.25216   0.17355   0.08705   3.30000  4
   0.19839  -1.07131  -0.00137  -0.09972   3.30000  5
   0.19987  -1.23338  -0.00439   0.02989   3.30000  6
  -0.05050   1.56209  -0.05196   0.08964   3.30000  7
  -0.08737   1.49787  -0.30102   0.13410   3.30000  8
   0.15963  -2.14673  -0.03997  -0.01257   3.30000  9
   0.06850  -2.27740   0.04574   0.09240   3.30000 10
   0.38126   1.09729   0.09435  -0.13483   3.40000  1
   0.39852   1.09257  -0.06048  -0.11065   3.40000  2
   0.11136   1.14153   0.12280  -0.03997   3.40000  3
   0.13270   1.26043   0.17691   0.07780   3.40000  4
   0.19826  -1.08193  -0.00134  -0.11278   3.40000  5
   0.19942  -1.22987  -0.00463   0.04021   3.40000  6
  -0.05560   1.56992  -0.05057   0.06751   3.40000  7
  -0.11659   1.51106  -0.28304   0.12986   3.40000  8
   0.15529  -2.14839  -0.04678  -0.02072   3.40000  9
   0.07343  -2.26760   0.05277   0.10358   3.40000 10
   0.38989   1.08422   0.07793  -0.12627   3.50000  1
   0.39148   1.08198  -0.07989  -0.10110   3.50000  2
   0.12438   1.13840   0.13757  -0.02307   3.50000  3
   0.15052   1.26764   0.17937   0.06606   3.50000  4
   0.19812  -1.09388  -0.00134  -0.12614   3.50000  5
   0.19894  -1.22533  -0.00486   0.05078   3.50000  6
  -0.06069   1.57566  -0.05165   0.04770   3.50000  7
  -0.14392   1.52386  -0.26335   0.12611   3.50000  8
   0.15027  -2.15088  -0.05362  -0.02911   3.50000  9
   0.07906  -2.25667   0.05984   0.11504   3.50000 10
   0.39677   1.07206   0.05925  -0.11678   3.60000  1
   0.38264   1.07238  -0.09638  -0.09089   3.60000  2
   0.13890   1.13686   0.15312  -0.00792   3.60000  3
   0.16855   1.27357   0.18116   0.05215   3.60000  4
   0.19799  -1.10717  -0.00136  -0.13963   3.60000  5
   0.19844  -1.21972  -0.00506   0.06144   3.60000  6
  -0.06598   1.57954  -0.05428   0.03024   3.60000  7
  -0.16923   1.53628  -0.24290   0.12236   3.60000  8
   0.14457  -2.15422  -0.06036  -0.03760   3.60000  9
   0.08539  -2.24459   0.06681   0.12664   3.60000 10
   0.40166   1.06090   0.03830  -0.10622   3.70000  1
   0.37230   1.06383  -0.11003  -0.07979   3.70000  2
   0.15503   1.13675   0.16945   0.00530   3.70000  3
   0.18674   1.27800   0.18239   0.03623   3.70000  4
   0.19785  -1.12180  -0.00142  -0.15289   3.70000  5
   0.19793  -1.21305  -0.00524   0.07181   3.70000  6
  -0.07158   1.58179  -0.05778   0.01498   3.70000  7
  -0.19249   1.54832  -0.22236   0.11837   3.70000  8
   0.13821  -2.15839  -0.06669  -0.04584   3.70000  9
   0.09241  -2.23135   0.07339   0.13805   3.70000 10
   0.40436   1.05086   0.01538  -0.09446   3.80000  1
   0.36072   1.05646  -0.12113  -0.06746   3.80000  2
   0.17282   1.13785   0.18648   0.01638   3.80000  3
   0.20502   1.28075   0.18309   0.01837   3.80000  4
   0.19770  -1.13771  -0.00154  -0.16521   3.80000  5
   0.19740  -1.20538  -0.00536   0.08120   3.80000  6
  -0.07755   1.58261  -0.06168   0.00174   3.80000  7
  -0.21372   1.55994  -0.20217   0.11403   3.80000  8
   0.13126  -2.16336  -0.07212  -0.05320   3.80000  9
   0.10004  -2.21701   0.07907   0.14862   3.80000 10
   0.40469   1.04206  -0.00904  -0.08133   3.90000  1
   0.34815   1.05039  -0.12994  -0.05353   3.90000  2
   0.19234   1.13994   0.20394   0.02494   3.90000  3
   0.22334   1.28161   0.18324  -0.00138   3.90000  4
   0.19754  -1.15477  -0.00174  -0.17543   3.90000  5
   0.19686  -1.19688  -0.00543   0.08841   3.90000  6
  -0.08392   1.58219  -0.06567  -0.00969   3.90000  7
  -0.23295   1.57111  -0.18257   0.10930   3.90000  8
   0.12384  -2.16897  -0.07588  -0.05862   3.90000  9
   0.10817  -2.20169   0.08310   0.15733   3.90000 10
   0.40252   1.03465  -0.03443  -0.06661   4.00000  1
   0.33481   1.04582  -0.13641  -0.03757   4.00000  2
   0.21360   1.14274   0.22127   0.03054   4.00000  3
   0.24164   1.28041   0.18279  -0.02302   4.00000  4
   0.19735  -1.17268  -0.00202  -0.18206   4.00000  5
   0.19632  -1.18783  -0.00541   0.09195   4.00000  6
  -0.09068   1.58072  -0.06961  -0.01949   4.00000  7
  -0.25025   1.58179  -0.16367   0.10418   4.00000  8
   0.11617  -2.17497  -0.07714  -0.06086   4.00000  9
   0.11658  -2.18564   0.08462   0.16293   4.00000 10
   0.39779   1.02880  -0.06023  -0.05000   4.10000  1
   0.32096   1.04296  -0.14004  -0.01929   4.10000  2
   0.23655   1.14593   0.23741   0.03271   4.10000  3
   0.25987   1.27695   0.18171  -0.04652   4.10000  4
   0.19713  -1.19102  -0.00238  -0.18390   4.10000  5
   0.19578  -1.17866  -0.00531   0.09062   4.10000  6
  -0.09783   1.57835  -0.07341  -0.02782   4.10000  7
  -0.26571   1.59194  -0.14550   0.09868   4.10000  8
   0.10852  -2.18100  -0.07541  -0.05904   4.10000  9
   0.12499  -2.16924   0.08317   0.16456   4.10000 10
   0.39048   1.02472  -0.08578  -0.03110   4.20000  1
   0.30693   1.04204  -0.13978   0.00128   4.20000  2
   0.26099   1.14916   0.25069   0.03118   4.20000  3
   0.27796   1.27105   0.17993  -0.07183   4.20000  4
   0.19687  -1.20930  -0.00280  -0.18091   4.20000  5
   0.19525  -1.16987  -0.00517   0.08435   4.20000  6
  -0.10536   1.57520  -0.07704  -0.03482   4.20000  7
  -0.27938   1.60151  -0.12808   0.09277   4.20000  8
   0.10118  -2.18665  -0.07095  -0.05329   4.20000  9
   0.13312  -2.15286   0.07899   0.16237   4.20000 10
   0.38067   1.02267  -0.11022  -0.00953   4.30000  1
   0.29317   1.04327  -0.13440   0.02345   4.30000  2
   0.28653   1.15205   0.25906   0.02625   4.30000  3
   0.29583   1.26253   0.17736  -0.09881   4.30000  4
   0.19657  -1.22708  -0.00324  -0.17421   4.30000  5
   0.19475  -1.16191  -0.00501   0.07425   4.30000  6
  -0.11324   1.57142  -0.08051  -0.04062   4.30000  7
  -0.29135   1.61048  -0.11137   0.08647   4.30000  8
   0.09439  -2.19156  -0.06461  -0.04461   4.30000  9
   0.14073  -2.13686   0.07294   0.15736   4.30000 10
   0.36851   1.02291  -0.13237   0.01493   4.40000  1
   0.28024   1.04674  -0.12321   0.04587   4.40000  2
   0.31258   1.15432   0.26075   0.01886   4.40000  3
   0.31340   1.25124   0.17388  -0.12716   4.40000  4
   0.19623  -1.24407  -0.00367  -0.16531   4.40000  5
   0.19425  -1.15510  -0.00487   0.06182   4.40000  6
  -0.12146   1.56712  -0.08381  -0.04532   4.40000  7
  -0.30168   1.61879  -0.09533   0.07976   4.40000  8
   0.08829  -2.19551  -0.05727  -0.03418   4.40000  9
   0.14767  -2.12144   0.06589   0.15074   4.40000 10
   0.35432   1.02574  -0.15073   0.04207   4.50000  1
   0.26871   1.05240  -0.10658   0.06704   4.50000  2
   0.33842   1.15579   0.25486   0.01027   4.50000  3
   0.33057   1.23707   0.16922  -0.15632   4.50000  4
   0.19584  -1.26011  -0.00409  -0.15546   4.50000  5
   0.19377  -1.14959  -0.00474   0.04827   4.50000  6
  -0.12999   1.56239  -0.08695  -0.04903   4.50000  7
  -0.31043   1.62642  -0.07992   0.07263   4.50000  8
   0.08295  -2.19837  -0.04956  -0.02291   4.50000  9
   0.15389  -2.10673   0.05849   0.14342   4.50000 10
   0.33854   1.03139  -0.16379   0.07102   4.60000  1
   0.25907   1.06007  -0.08569   0.08583   4.60000  2
   0.36330   1.15638   0.24144   0.00159   4.60000  3
   0.34719   1.21998   0.16294  -0.18526   4.60000  4
   0.19541  -1.27515  -0.00449  -0.14541   4.60000  5
   0.19330  -1.14545  -0.00463   0.03436   4.60000  6
  -0.13884   1.55734  -0.08993  -0.05183   4.60000  7
  -0.31768   1.63330  -0.06508   0.06506   4.60000  8
   0.07838  -2.20009  -0.04186  -0.01134   4.60000  9
   0.15937  -2.09276   0.05109   0.13598   4.60000 10
   0.32177   1.03996  -0.17049   0.10024   4.70000  1
   0.25167   1.06946  -0.06186   0.10160   4.70000  2
   0.38649   1.15612   0.22139  -0.00658   4.70000  3
   0.36308   1.20008   0.15434  -0.21234   4.70000  4
   0.19494  -1.28920  -0.00488  -0.13557   4.70000  5
   0.19284  -1.14271  -0.00455   0.02049   4.70000  6
  -0.14797   1.55205  -0.09272  -0.05379   4.70000  7
  -0.32347   1.63941  -0.05077   0.05702   4.70000  8
   0.07457  -2.20064  -0.03431   0.00024   4.70000  9
   0.16412  -2.07953   0.04386   0.12870   4.70000 10
   0.30467   1.05138  -0.17045   0.12783   4.80000  1
   0.24675   1.08027  -0.03632   0.11394   4.80000  2
   0.40741   1.15507   0.19631  -0.01433   4.80000  3
   0.37796   1.17766   0.14257  -0.23506   4.80000  4
   0.19443  -1.30228  -0.00524  -0.12614   4.80000  5
   0.19239  -1.14135  -0.00450   0.00681   4.80000  6
  -0.15738   1.54661  -0.09529  -0.05498   4.80000  7
  -0.32785   1.64469  -0.03695   0.04848   4.80000  8
   0.07151  -2.20004  -0.02700   0.01172   4.80000  9
   0.16815  -2.06701   0.03686   0.12172   4.80000 10
   0.28790   1.06540  -0.16385   0.15169   4.90000  1
   0.24443   1.09213  -0.01030   0.12259   4.90000  2
   0.42564   1.15325   0.16805  -0.02226   4.90000  3
   0.39147   1.15331   0.12714  -0.25040   4.90000  4
   0.19389  -1.31444  -0.00560  -0.11717   4.90000  5
   0.19194  -1.14134  -0.00446  -0.00660   4.90000  6
  -0.16702   1.54108  -0.09760  -0.05543   4.90000  7
  -0.33087   1.64909  -0.02358   0.03943   4.90000  8
   0.06916  -2.19830  -0.01992   0.02306   4.90000  9
   0.17150  -2.05518   0.03011   0.11508   4.90000 10
   0.27209   1.08153  -0.15165   0.17000   5.00000  1
   0.24466   1.10466   0.01477   0.12750   5.00000  2
   0.44097   1.15060   0.13832  -0.03093   5.00000  3
   0.40328   1.12791   0.10862  -0.25587   5.00000  4
   0.19331  -1.32573  -0.00594  -0.10866   5.00000  5
   0.19150  -1.14266  -0.00444  -0.01977   5.00000  6
  -0.17688   1.53555  -0.09959  -0.05515   5.00000  7
  -0.33258   1.65256  -0.01062   0.02983   5.00000  8
   0.06752  -2.19543  -0.01307   0.03427   5.00000  9
   0.17418  -2.04398   0.02358   0.10880   5.00000 10
   0.25771   1.09919  -0.13546   0.18203   5.10000  1
   0.24730   1.11752   0.03738   0.12901   5.10000  2
   0.45330   1.14704   0.10840  -0.04036   5.10000  3
   0.41315   1.10248   0.08878  -0.25106   5.10000  4
   0.19270  -1.33619  -0.00627  -0.10060   5.10000  5
   0.19106  -1.14529  -0.00444  -0.03275   5.10000  6
  -0.18693   1.53008  -0.10119  -0.05414   5.10000  7
  -0.33301   1.65504   0.00194   0.01965   5.10000  8
   0.06654  -2.19145  -0.00639   0.04539   5.10000  9
   0.17622  -2.03341   0.01725   0.10283   5.10000 10
   0.24508   1.11775  -0.11688   0.18841   5.20000  1
   0.25202   1.13038   0.05633   0.12782   5.20000  2
   0.46267   1.14252   0.07906  -0.05003   5.20000  3
   0.42106   1.07798   0.06956  -0.23778   5.20000  4
   0.19206  -1.34586  -0.00659  -0.09291   5.20000  5
   0.19061  -1.14921  -0.00445  -0.04559   5.20000  6
  -0.19711   1.52474  -0.10235  -0.05239   5.20000  7
  -0.33220   1.65647   0.01411   0.00885   5.20000  8
   0.06623  -2.18636   0.00012   0.05647   5.20000  9
   0.17764  -2.02341   0.01108   0.09715   5.20000 10
   0.23438   1.13672  -0.09694   0.19033   5.30000  1
   0.25842   1.14302   0.07102   0.12472   5.30000  2
   0.46915   1.13705   0.05067  -0.05929   5.30000  3
   0.42713   1.05512   0.05219  -0.21867   5.30000  4
   0.19139  -1.35478  -0.00691  -0.08557   5.30000  5
   0.19017  -1.15440  -0.00448  -0.05835   5.30000  6
  -0.20738   1.51962  -0.10300  -0.04986   5.30000  7
  -0.33020   1.65679   0.02588  -0.00259   5.30000  8
   0.06657  -2.18015   0.00652   0.06758   5.30000  9
   0.17844  -2.01397   0.00504   0.09170   5.30000 10
   0.22571   1.15571  -0.07630   0.18892   5.40000  1
   0.26608   1.15528   0.08156   0.12040   5.40000  2
   0.47284   1.13069   0.02335  -0.06763   5.40000  3
   0.43157   1.03436   0.03704  -0.19607   5.40000  4
   0.19068  -1.36298  -0.00722  -0.07850   5.40000  5
   0.18972  -1.16088  -0.00453  -0.07112   5.40000  6
  -0.21769   1.51480  -0.10308  -0.04652   5.40000  7
  -0.32704   1.65593   0.03724  -0.01470   5.40000  8
   0.06753  -2.17284   0.01284   0.07877   5.40000  9
   0.17865  -2.00506  -0.00091   0.08645   5.40000 10
   0.21912   1.17442  -0.05548   0.18502   5.50000  1
   0.27461   1.16707   0.08851   0.11521   5.50000  2
   0.47385   1.12356  -0.00286  -0.07467   5.50000  3
   0.43461   1.01597   0.02402  -0.17156   5.50000  4
   0.18994  -1.37049  -0.00753  -0.07165   5.50000  5
   0.18926  -1.16863  -0.00460  -0.08397   5.50000  6
  -0.22797   1.51035  -0.10252  -0.04233   5.50000  7
  -0.32277   1.65382   0.04813  -0.02752   5.50000  8
   0.06913  -2.16439   0.01910   0.09011   5.50000  9
   0.17826  -1.99667  -0.00678   0.08134   5.50000 10
   0.21461   1.19265  -0.03494   0.17919   5.60000  1
   0.28369   1.17830   0.09258   0.10931   5.60000  2
   0.47231   1.11581  -0.02791  -0.08018   5.60000  3
   0.43643   1.00008   0.01280  -0.14608   5.60000  4
   0.18917  -1.37732  -0.00784  -0.06496   5.60000  5
   0.18880  -1.17768  -0.00469  -0.09697   5.60000  6
  -0.23817   1.50636  -0.10124  -0.03726   5.60000  7
  -0.31743   1.65040   0.05850  -0.04105   5.60000  8
   0.07135  -2.15481   0.02533   0.10168   5.60000  9
   0.17729  -1.98879  -0.01261   0.07632   5.60000 10
   0.21211   1.21021  -0.01502   0.17183   5.70000  1
   0.29306   1.18890   0.09439   0.10266   5.70000  2
   0.46831   1.10758  -0.05169  -0.08401   5.70000  3
   0.43721   0.98677   0.00299  -0.12017   5.70000  4
   0.18837  -1.38348  -0.00815  -0.05837   5.70000  5
   0.18832  -1.18803  -0.00480  -0.11020   5.70000  6
  -0.24819   1.50293  -0.09913  -0.03130   5.70000  7
  -0.31109   1.64559   0.06825  -0.05531   5.70000  8
   0.07420  -2.14405   0.03157   0.11354   5.70000  9
   0.17574  -1.98141  -0.01841   0.07134   5.70000 10
   0.21157   1.22697   0.00403   0.16317   5.80000  1
   0.30251   1.19880   0.09435   0.09520   5.80000  2
   0.46202   1.09906  -0.07399  -0.08608   5.80000  3
   0.43707   0.97605  -0.00579  -0.09407   5.80000  4
   0.18754  -1.38900  -0.00846  -0.05184   5.80000  5
   0.18784  -1.19973  -0.00494  -0.12373   5.80000  6
  -0.25796   1.50013  -0.09607  -0.02449   5.80000  7
  -0.30380   1.63931   0.07726  -0.07026   5.80000  8
   0.07767  -2.13209   0.03782   0.12576   5.80000  9
   0.17361  -1.97452  -0.02419   0.06634   5.80000 10
   0.21289   1.24280   0.02207   0.15334   5.90000  1
   0.31187   1.20791   0.09268   0.08686   5.90000  2
   0.45358   1.09043  -0.09452  -0.08633   5.90000  3
   0.43608   0.96796  -0.01392  -0.06789   5.90000  4
   0.18668  -1.39385  -0.00877  -0.04530   5.90000  5
   0.18733  -1.21279  -0.00512  -0.13765   5.90000  6
  -0.26737   1.49805  -0.09189  -0.01690   5.90000  7
  -0.29567   1.63151   0.08534  -0.08584   5.90000  8
   0.08176  -2.11888   0.04409   0.13844   5.90000  9
   0.17090  -1.96814  -0.02997   0.06127   5.90000 10
   0.21595   1.25760   0.03903   0.14241   6.00000  1
   0.32099   1.21615   0.08945   0.07767   6.00000  2
   0.44319   1.08186  -0.11288  -0.08480   6.00000  3
   0.43429   0.96248  -0.02176  -0.04166   6.00000  4
   0.18579  -1.39805  -0.00908  -0.03872   6.00000  5
   0.18681  -1.22727  -0.00535  -0.15202   6.00000  6
  -0.27629   1.49677  -0.08637  -0.00869   6.00000  7
  -0.28677   1.62213   0.09230  -0.10190   6.00000  8
   0.08649  -2.10438   0.05039   0.15163   6.00000  9
   0.16762  -1.96227  -0.03572   0.05608   6.00000 10
   0.22065   1.27125   0.05486   0.13038   6.10000  1
   0.32971   1.22342   0.08461   0.06770   6.10000  2
   0.43108   1.07353  -0.12869  -0.08156   6.10000  3
   0.43172   0.95963  -0.02966  -0.01541   6.10000  4
   0.18486  -1.40159  -0.00938  -0.03207   6.10000  5
   0.18626  -1.24321  -0.00563  -0.16691   6.10000  6
  -0.28459   1.49633  -0.07926  -0.00012   6.10000  7
  -0.27725   1.61113   0.09789  -0.11819   6.10000  8
   0.09184  -2.08854   0.05667   0.16540   6.10000  9
   0.16376  -1.95693  -0.04141   0.05077   6.10000 10
   0.22688   1.28364   0.06953   0.11724   6.20000  1
   0.33786   1.22967   0.07815   0.05716   6.20000  2
   0.41755   1.06560  -0.14153  -0.07670   6.20000  3
   0.42835   0.95940  -0.03796   0.01084   6.20000  4
   0.18391  -1.40447  -0.00967  -0.02536   6.20000  5
   0.18568  -1.26067  -0.00597  -0.18235   6.20000  6
  -0.29209   1.49674  -0.07030   0.00839   6.20000  7
  -0.26725   1.59850   0.10185  -0.13434   6.20000  8
   0.09782  -2.07128   0.06286   0.17978   6.20000  9
   0.15934  -1.95212  -0.04695   0.04532   6.20000 10
   0.23452   1.29466   0.08301   0.10296   6.30000  1
   0.34528   1.23484   0.07008   0.04629   6.30000  2
   0.40289   1.05824  -0.15110  -0.07032   6.30000  3
   0.42411   0.96179  -0.04697   0.03698   6.30000  4
   0.18293  -1.40667  -0.00995  -0.01866   6.30000  5
   0.18506  -1.27970  -0.00640  -0.19831   6.30000  6
  -0.29858   1.49798  -0.05926   0.01628   6.30000  7
  -0.25694   1.58428   0.10398  -0.14981   6.30000  8
   0.10440  -2.05256   0.06882   0.19472   6.30000  9
   0.15438  -1.94787  -0.05220   0.03985   6.30000 10
   0.24344   1.30419   0.09526   0.08748   6.40000  1
   0.35182   1.23893   0.06047   0.03535   6.40000  2
   0.38744   1.05159  -0.15720  -0.06244   6.40000  3
   0.41892   0.96678  -0.05697   0.06286   6.40000  4
   0.18192  -1.40821  -0.01019  -0.01218   6.40000  5
   0.18440  -1.30035  -0.00694  -0.21464   6.40000  6
  -0.30386   1.49996  -0.04603   0.02287   6.40000  7
  -0.24652   1.56858   0.10420  -0.16393   6.40000  8
   0.11156  -2.03233   0.07430   0.21003   6.40000  9
   0.14892  -1.94415  -0.05689   0.03460   6.40000 10
   0.25353   1.31212   0.10622   0.07077   6.50000  1
   0.35733   1.24192   0.04949   0.02458   6.50000  2
   0.37156   1.04580  -0.15979  -0.05300   6.50000  3
   0.41267   0.97435  -0.06815   0.08826   6.50000  4
   0.18089  -1.40912  -0.01038  -0.00636   6.50000  5
   0.18367  -1.32263  -0.00760  -0.23100   6.50000  6
  -0.30772   1.50249  -0.03074   0.02742   6.50000  7
  -0.23616   1.55156   0.10268  -0.17604   6.50000  8
   0.11923  -2.01056   0.07888   0.22530   6.50000  9
   0.14304  -1.94092  -0.06060   0.03007   6.50000 10
   0.26464   1.31830   0.11583   0.05274   6.60000  1
   0.36168   1.24385   0.03736   0.01413   6.60000  2
   0.35560   1.04104  -0.15898  -0.04179   6.60000  3
   0.40525   0.98441  -0.08057   0.11291   6.60000  4
   0.17985  -1.40952  -0.01051  -0.00199   6.60000  5
   0.18287  -1.34652  -0.00842  -0.24668   6.60000  6
  -0.30996   1.50535  -0.01376   0.02939   6.60000  7
  -0.22603   1.53346   0.09983  -0.18558   6.60000  8
   0.12729  -1.98729   0.08194   0.23972   6.60000  9
   0.13685  -1.93808  -0.06271   0.02715   6.60000 10
   0.27665   1.32262   0.12399   0.03332   6.70000  1
   0.36477   1.24476   0.02433   0.00411   6.70000  2
   0.33987   1.03751  -0.15510  -0.02855   6.70000  3
   0.39652   0.99690  -0.09413   0.13658   6.70000  4
   0.17879  -1.40961  -0.01056  -0.00029   6.70000  5
   0.18198  -1.37191  -0.00941  -0.26059   6.70000  6
  -0.31043   1.50827   0.00431   0.02848   6.70000  7
  -0.21622   1.51454   0.09629  -0.19232   6.70000  8
   0.13555  -1.96268   0.08281   0.25221   6.70000  9
   0.13057  -1.93540  -0.06253   0.02706   6.70000 10
   0.28939   1.32492   0.13053   0.01242   6.80000  1
   0.36653   1.24469   0.01067  -0.00548   6.80000  2
   0.32467   1.03541  -0.14859  -0.01297   6.80000  3
   0.38639   1.01169  -0.10854   0.15907   6.80000  4
   0.17774  -1.40972  -0.01056  -0.00276   6.80000  5
   0.18099  -1.39854  -0.01055  -0.27142   6.80000  6
  -0.30908   1.51096   0.02284   0.02475   6.80000  7
  -0.20677   1.49509   0.09278  -0.19636   6.80000  8
   0.14376  -1.93695   0.08103   0.26173   6.80000  9
   0.12444  -1.93253  -0.05960   0.03102   6.80000 10
   0.30269   1.32505   0.13522  -0.01005   6.90000  1
   0.36689   1.24368  -0.00338  -0.01472   6.90000  2
   0.31022   1.03500  -0.14002   0.00519   6.90000  3
   0.37480   1.02867  -0.12329   0.18036   6.90000  4
   0.17668  -1.41034  -0.01055  -0.01045   6.90000  5
   0.17987  -1.42606  -0.01181  -0.27831   6.90000  6
  -0.30587   1.51314   0.04126   0.01853   6.90000  7
  -0.19764   1.47535   0.08990  -0.19807   6.90000  8
   0.15167  -1.91044   0.07674   0.26797   6.90000  9
   0.11874  -1.92904  -0.05406   0.03954   6.90000 10
   0.31636   1.32285   0.13765  -0.03416   7.00000  1
   0.36585   1.24175  -0.01758  -0.02372   7.00000  2
   0.29671   1.03654  -0.13001   0.02608   7.00000  3
   0.36174   1.04772  -0.13771   0.20056   7.00000  4
   0.17563  -1.41199  -0.01059  -0.02333   7.00000  5
   0.17862  -1.45408  -0.01312  -0.28158   7.00000  6
  -0.30084   1.51459   0.05921   0.01025   7.00000  7
  -0.18875   1.45553   0.08812  -0.19794   7.00000  8
   0.15905  -1.88344   0.07064   0.27167   7.00000  9
   0.11369  -1.92449  -0.04660   0.05217   7.00000 10
   0.33013   1.31816   0.13723  -0.05990   7.10000  1
   0.36338   1.23893  -0.03173  -0.03266   7.10000  2
   0.28425   1.04031  -0.11914   0.04972   7.10000  3
   0.34730   1.06875  -0.15094   0.21987   7.10000  4
   0.17456  -1.41514  -0.01072  -0.04036   7.10000  5
   0.17724  -1.48230  -0.01445  -0.28264   7.10000  6
  -0.29405   1.51513   0.07649   0.00034   7.10000  7
  -0.17997   1.43580   0.08777  -0.19648   7.10000  8
   0.16576  -1.85615   0.06356   0.27419   7.10000  9
   0.10945  -1.91850  -0.03807   0.06790   7.10000 10
   0.34368   1.31082   0.13312  -0.08707   7.20000  1
   0.35950   1.23522  -0.04573  -0.04168   7.20000  2
   0.27289   1.04657  -0.10788   0.07601   7.20000  3
   0.33163   1.09167  -0.16193   0.23845   7.20000  4
   0.17348  -1.42015  -0.01094  -0.06021   7.20000  5
   0.17573  -1.51059  -0.01576  -0.28324   7.20000  6
  -0.28557   1.51462   0.09306  -0.01081   7.20000  7
  -0.17115   1.41627   0.08903  -0.19416   7.20000  8
   0.17175  -1.82860   0.05614   0.27690   7.20000  9
   0.10609  -1.91083  -0.02910   0.08582   7.20000 10
   0.35659   1.30072   0.12424  -0.11516   7.30000  1
   0.35424   1.23059  -0.05963  -0.05081   7.30000  2
   0.26267   1.05559  -0.09655   0.10472   7.30000  3
   0.31503   1.11641  -0.16943   0.25609   7.30000  4
   0.17237  -1.42725  -0.01125  -0.08191   7.30000  5
   0.17409  -1.53898  -0.01705  -0.28490   7.30000  6
  -0.27546   1.51294   0.10899  -0.02295   7.30000  7
  -0.16211   1.39699   0.09203  -0.19132   7.30000  8
   0.17699  -1.80072   0.04866   0.28091   7.30000  9
   0.10364  -1.90129  -0.02003   0.10533   7.30000 10
   0.36833   1.28780   0.10933  -0.14304   7.40000  1
   0.34757   1.22507  -0.07372  -0.05964   7.40000  2
   0.25358   1.06759  -0.08525   0.13547   7.40000  3
   0.29791   1.14283  -0.17205   0.27172   7.40000  4
   0.17123  -1.43658  -0.01161  -0.10494   7.40000  5
   0.17232  -1.56764  -0.01825  -0.28872   7.40000  6
  -0.26379   1.51000   0.12442  -0.03588   7.40000  7
  -0.15268   1.37801   0.09693  -0.18823   7.40000  8
   0.18148  -1.77234   0.04117   0.28707   7.40000  9
   0.10209  -1.88972  -0.01097   0.12618   7.40000 10
   0.37822   1.27218   0.08733  -0.16871   7.50000  1
   0.33947   1.21871  -0.08840  -0.06717   7.50000  2
   0.24562   1.08274  -0.07388   0.16774   7.50000  3
   0.28082   1.17061  -0.16879   0.28294   7.50000  4
   0.17005  -1.44827  -0.01196  -0.12919   7.50000  5
   0.17045  -1.59682  -0.01922  -0.29526   7.50000  6
  -0.25059   1.50574   0.13955  -0.04950   7.50000  7
  -0.14265   1.35935   0.10385  -0.18504   7.50000  8
   0.18522  -1.74322   0.03342   0.29580   7.50000  9
   0.10144  -1.87601  -0.00189   0.14839   7.50000 10
   0.38555   1.25422   0.05814  -0.18954   7.60000  1
   0.32987   1.21173  -0.10385  -0.07186   7.60000  2
   0.23882   1.10116  -0.06215   0.20072   7.60000  3
   0.26434   1.19915  -0.16008   0.28638   7.60000  4
   0.16884  -1.46246  -0.01225  -0.15478   7.60000  5
   0.16850  -1.62676  -0.01965  -0.30377   7.60000  6
  -0.23588   1.50008   0.15458  -0.06376   7.60000  7
  -0.13183   1.34100   0.11301  -0.18182   7.60000  8
   0.18814  -1.71312   0.02486   0.30630   7.60000  9
   0.10171  -1.85999   0.00739   0.17214   7.60000 10
   0.38965   1.23451   0.02315  -0.20327   7.70000  1
   0.31869   1.20447  -0.11970  -0.07252   7.70000  2
   0.23322   1.12286  -0.04976   0.23312   7.70000  3
   0.24890   1.22755  -0.14846   0.27978   7.70000  4
   0.16760  -1.47928  -0.01236  -0.18200   7.70000  5
   0.16655  -1.65751  -0.01926  -0.31030   7.70000  6
  -0.21966   1.49297   0.16980  -0.07867   7.70000  7
  -0.11997   1.32299   0.12462  -0.17848   7.70000  8
   0.19014  -1.68203   0.01482   0.31468   7.70000  9
   0.10293  -1.84152   0.01714   0.19767   7.70000 10
   0.39006   1.21383  -0.01534  -0.20908   7.80000  1
   0.30594   1.19737  -0.13527  -0.06880   7.80000  2
   0.22889   1.14770  -0.03676   0.26291   7.80000  3
   0.23462   1.25480  -0.13739   0.26383   7.80000  4
   0.16638  -1.49892  -0.01211  -0.21110   7.80000  5
   0.16465  -1.68854  -0.01894  -0.30864   7.80000  6
  -0.20190   1.48432   0.18550  -0.09425   7.80000  7
  -0.10682   1.30532   0.13892  -0.17481   7.80000  8
   0.19106  -1.65047   0.00354   0.31491   7.80000  9
   0.10517  -1.82040   0.02785   0.22501   7.80000 10
   0.38654   1.19295  -0.05517  -0.20719   7.90000  1
   0.29167   1.19086  -0.14991  -0.06059   7.90000  2
   0.22585   1.17526  -0.02419   0.28715   7.90000  3
   0.22132   1.28009  -0.12920   0.24128   7.90000  4
   0.16520  -1.52155  -0.01125  -0.24164   7.90000  5
   0.16268  -1.71896  -0.02079  -0.29863   7.90000  6
  -0.18254   1.47409   0.20202  -0.11055   7.90000  7
  -0.09209   1.28805   0.15610  -0.17043   7.90000  8
   0.19085  -1.61931  -0.00768   0.30736   7.90000  9
   0.10856  -1.79648   0.04007   0.25325   7.90000 10
   0.37904   1.17263  -0.09462  -0.19813   8.00000  1
   0.27601   1.18542  -0.16281  -0.04740   8.00000  2
   0.22396   1.20483  -0.01450   0.30264   8.00000  3
   0.20866   1.30292  -0.12449   0.21487   8.00000  4
   0.16415  -1.54722  -0.00967  -0.27120   8.00000  5
   0.16039  -1.74808  -0.02535  -0.28290   8.00000  6
  -0.16146   1.46219   0.21979  -0.12764   8.00000  7
  -0.07550   1.27127   0.17627  -0.16482   8.00000  8
   0.18954  -1.58914  -0.01850   0.29528   8.00000  9
   0.11324  -1.76982   0.05387   0.27931   8.00000 10
   0.36768   1.15354  -0.13219  -0.18270   8.10000  1
   0.25919   1.18155  -0.17319  -0.02930   8.10000  2
   0.22275   1.23544  -0.01090   0.30788   8.10000  3
   0.19632   1.32300  -0.12277   0.18644   8.10000  4
   0.16327  -1.57559  -0.00808  -0.29483   8.10000  5
   0.15759  -1.77529  -0.03060  -0.25997   8.10000  6
  -0.13852   1.44853   0.23930  -0.14560   8.10000  7
  -0.05674   1.25514   0.19941  -0.15735   8.10000  8
   0.18717  -1.56048  -0.02875   0.27644   8.10000  9
   0.11934  -1.74084   0.06779   0.29899   8.10000 10
