  -0.23213   1.35346   0.05302   0.08602   0.10000  1
  -0.13907   1.51826  -0.05472  -0.10110   0.10000  2
  -0.23757  -0.83665   0.01459   0.05647   0.10000  3
  -0.24915  -0.64538   0.01264  -0.11267   0.10000  4
   0.08589  -1.49521  -0.06981   0.06765   0.10000  5
   0.27739  -1.47497  -0.21356   0.01103   0.10000  6
  -0.32328  -0.00864  -0.03559   0.05910   0.10000  7
  -0.39601   0.16710   0.04818  -0.11981   0.10000  8
  -0.23322  -1.55930   0.17613   0.13396   0.10000  9
  -0.10517  -1.42093   0.06912  -0.08067   0.10000 10
  -0.22406   1.36659   0.10898   0.17779   0.20000  1
  -0.14739   1.50289  -0.11235  -0.20771   0.20000  2
  -0.23542  -0.82798   0.02821   0.11816   0.20000  3
  -0.24719  -0.66259   0.02723  -0.23358   0.20000  4
   0.07508  -1.48522  -0.14869   0.13084   0.20000  5
   0.24476  -1.47321  -0.44325   0.02493   0.20000  6
  -0.32868   0.00049  -0.07276   0.12518   0.20000  7
  -0.38872   0.14888   0.09802  -0.24604   0.20000  8
  -0.20612  -1.53903   0.37082   0.27226   0.20000  9
  -0.09460  -1.43308   0.14380  -0.16183   0.20000 10
  -0.21021   1.38928   0.16803   0.27627   0.30000  1
  -0.16166   1.47647  -0.17299  -0.32062   0.30000  2
  -0.23201  -0.81273   0.03942   0.18778   0.30000  3
  -0.24356  -0.69259   0.04642  -0.36890   0.30000  4
   0.05545  -1.46953  -0.24853   0.17864   0.30000  5
   0.18753  -1.46976  -0.70952   0.04579   0.30000  6
  -0.33789   0.01677  -0.11113   0.20150   0.30000  7
  -0.37635   0.11755   0.14916  -0.38163   0.30000  8
  -0.15767  -1.50482   0.60697   0.40946   0.30000  9
  -0.07597  -1.45289   0.23217  -0.22830   0.30000 10
  -0.19091   1.42111   0.21102   0.34860   0.40000  1
  -0.18153   1.43951  -0.21747  -0.40692   0.40000  2
  -0.22768  -0.79058   0.04642   0.24961   0.40000  3
  -0.23763  -0.73657   0.07376  -0.50702   0.40000  4
   0.02434  -1.45086  -0.37621   0.18523   0.40000  5
   0.10076  -1.46361  -1.03663   0.08011   0.40000  6
  -0.35058   0.04045  -0.13792   0.26351   0.40000  7
  -0.35921   0.07292   0.18889  -0.50219   0.40000  8
  -0.08290  -1.45876   0.89241   0.49381   0.40000  9
  -0.04700  -1.47587   0.35573  -0.20475   0.40000 10
  -0.17027   1.45504   0.19013   0.30953   0.50000  1
  -0.20288   1.39906  -0.19799  -0.38145   0.50000  2
  -0.22278  -0.76565   0.05228   0.22625   0.50000  3
  -0.22855  -0.79165   0.10815  -0.57478   0.50000  4
  -0.01762  -1.43416  -0.42791   0.14703   0.50000  5
  -0.01830  -1.45273  -1.27379   0.14537   0.50000  6
  -0.36382   0.06591  -0.11747   0.22344   0.50000  7
  -0.34021   0.02066   0.18173  -0.52098   0.50000  8
   0.01679  -1.41180   1.02368   0.41147   0.50000  9
  -0.00469  -1.48693   0.46119   0.01412   0.50000 10
  -0.15414   1.48076   0.13082   0.20162   0.60000  1
  -0.21987   1.36548  -0.14001  -0.28695   0.60000  2
  -0.21692  -0.74938   0.06640   0.08790   0.60000  3
  -0.21611  -0.84807   0.13981  -0.54537   0.60000  4
  -0.05559  -1.42072  -0.32809   0.12873   0.60000  5
  -0.13463  -1.43432  -1.01850   0.22064   0.60000  6
  -0.37294   0.08220  -0.06321   0.09678   0.60000  7
  -0.32398  -0.02840   0.14125  -0.45497   0.60000  8
   0.10584  -1.37815   0.73923   0.27281   0.60000  9
   0.03601  -1.47167   0.33230   0.27880   0.60000 10
  -0.14408   1.49538   0.07107   0.09209   0.70000  1
  -0.23091   1.34166  -0.08152  -0.19064   0.70000  2
  -0.20930  -0.74888   0.08680  -0.07832   0.70000  3
  -0.20069  -0.90067   0.16839  -0.51060   0.70000  4
  -0.08404  -1.40667  -0.24507   0.16094   0.70000  5
  -0.22183  -1.40879  -0.73291   0.28987   0.70000  6
  -0.37649   0.08510  -0.00864  -0.03789   0.70000  7
  -0.31191  -0.07025   0.10109  -0.38367   0.70000  8
   0.16517  -1.35524   0.45211   0.19361   0.70000  9
   0.06175  -1.43391   0.18868   0.46460   0.70000 10
  -0.13978   1.49943   0.01566  -0.01034   0.80000  1
  -0.23632   1.32711  -0.02727  -0.10115   0.80000  2
  -0.19946  -0.76496   0.11044  -0.24327   0.80000  3
  -0.18246  -0.95135   0.19618  -0.50959   0.80000  4
  -0.10514  -1.38693  -0.17857   0.24121   0.80000  5
  -0.28256  -1.37624  -0.48625   0.36222   0.80000  6
  -0.37484   0.07489   0.04081  -0.16517   0.80000  7
  -0.30357  -0.10549   0.06673  -0.32256   0.80000  8
   0.19676  -1.33793   0.18019   0.16014   0.80000  9
   0.07503  -1.38080   0.08207   0.58850   0.80000 10
  -0.14089   1.49341  -0.03788  -0.11009   0.90000  1
  -0.23642   1.32136   0.02522  -0.01387   0.90000  2
  -0.18708  -0.79772   0.13810  -0.41434   0.90000  3
  -0.16143  -1.00403   0.22479  -0.55205   0.90000  4
  -0.12001  -1.35705  -0.11961   0.36315   0.90000  5
  -0.31957  -1.33603  -0.25428   0.44378   0.90000  6
  -0.36844   0.05218   0.08681  -0.28902   0.90000  7
  -0.29843  -0.13497   0.03654  -0.26742   0.90000  8
   0.20107  -1.32151  -0.09524   0.17779   0.90000  9
   0.07886  -1.31788  -0.00446   0.66206   0.90000 10
  -0.14739   1.47730  -0.09261  -0.21292   1.00000  1
  -0.23123   1.32446   0.07903   0.07712   1.00000  2
  -0.17160  -0.84861   0.17311  -0.60934   1.00000  3
  -0.13733  -1.06350   0.25857  -0.64642   1.00000  4
  -0.12909  -1.31283  -0.06134   0.52960   1.00000  5
  -0.33296  -1.28704  -0.00833   0.53813   1.00000  6
  -0.35753   0.01698   0.13130  -0.41601   1.00000  7
  -0.29618  -0.15895   0.00865  -0.21158   1.00000  8
   0.17738  -1.30025  -0.38058   0.25903   1.00000  9
   0.07361  -1.24983  -0.10780   0.69239   1.00000 10
  -0.15952   1.45056  -0.15049  -0.32317   1.10000  1
  -0.22050   1.33706   0.13613   0.17628   1.10000  2
  -0.15199  -0.92136   0.22246  -0.85857   1.10000  3
  -0.10926  -1.13486   0.30506  -0.78161   1.10000  4
  -0.13176  -1.24921   0.01406   0.75254   1.10000  5
  -0.31954  -1.22807   0.28915   0.64144   1.10000  6
  -0.34219  -0.03136   0.17541  -0.55300   1.10000  7
  -0.29666  -0.17705  -0.01792  -0.14895   1.10000  8
   0.12438  -1.26723  -0.68450   0.41438   1.10000  9
   0.05471  -1.18074  -0.28936   0.68066   1.10000 10
  -0.17742   1.41268  -0.20466  -0.43020   1.20000  1
  -0.20407   1.35973   0.18966   0.27302   1.20000  2
  -0.12612  -1.02396   0.30207  -1.21382   1.20000  3
  -0.07682  -1.21382   0.33567  -0.72483   1.20000  4
  -0.12380  -1.16327   0.15705   0.93641   1.20000  5
  -0.27184  -1.15937   0.68464   0.72536   1.20000  6
  -0.32252  -0.09407   0.21697  -0.70265   1.20000  7
  -0.29965  -0.18848  -0.04038  -0.07977   1.20000  8
   0.03852  -1.21482  -1.04617   0.64245   1.20000  9
   0.01138  -1.11688  -0.59485   0.57404   1.20000 10
  -0.19900   1.36701  -0.21487  -0.46189   1.30000  1
  -0.18402   1.38921   0.19937   0.29511   1.30000  2
  -0.09078  -1.16090   0.38680  -1.40415   1.30000  3
  -0.04588  -1.26420   0.24732  -0.24451   1.30000  4
  -0.10055  -1.07144   0.28388   0.82769   1.30000  5
  -0.17828  -1.08637   1.19643   0.69694   1.30000  6
  -0.29938  -0.17141   0.24009  -0.83412   1.30000  7
  -0.30405  -0.19391  -0.04135  -0.04176   1.30000  8
  -0.08460  -1.13918  -1.36574   0.85217   1.30000  9
  -0.06580  -1.07106  -0.93194   0.31453   1.30000 10
  -0.21829   1.32419  -0.16570  -0.38398   1.40000  1
  -0.16629   1.41489   0.14981   0.20810   1.40000  2
  -0.05515  -1.28355   0.32599  -1.03858   1.40000  3
  -0.03130  -1.26461   0.04819   0.19636   1.40000  4
  -0.07700  -1.00534   0.15833   0.50392   1.40000  5
  -0.04774  -1.02684   1.26375   0.49654   1.40000  6
  -0.27597  -0.25733   0.22218  -0.86615   1.40000  7
  -0.30627  -0.20119   0.00374  -0.12675   1.40000  8
  -0.21228  -1.05091  -1.10115   0.88563   1.40000  9
  -0.16203  -1.05156  -0.90515   0.12491   1.40000 10
  -0.23184   1.29089  -0.10566  -0.28233   1.50000  1
  -0.15435   1.43017   0.08949   0.09775   1.50000  2
  -0.02511  -1.36900   0.27307  -0.67910   1.50000  3
  -0.03324  -1.23329  -0.07136   0.40651   1.50000  4
  -0.06714  -0.96654   0.05266   0.29140   1.50000  5
   0.06248  -0.98406   0.93866   0.36959   1.50000  6
  -0.25532  -0.34293   0.19177  -0.84643   1.50000  7
  -0.30276  -0.22210   0.06618  -0.29744   1.50000  8
  -0.30344  -0.96657  -0.74127   0.78893   1.50000  9
  -0.24162  -1.03882  -0.69355   0.15113   1.50000 10
  -0.23959   1.26750  -0.05009  -0.18649   1.60000  1
  -0.14823   1.43467   0.03375  -0.00642   1.60000  2
  -0.00061  -1.42225   0.21800  -0.40041   1.60000  3
  -0.04366  -1.18478  -0.13225   0.56409   1.60000  4
  -0.06520  -0.94430  -0.01207   0.16273   1.60000  5
   0.14129  -0.95148   0.64482   0.28743   1.60000  6
  -0.23733  -0.42764   0.16910  -0.85508   1.60000  7
  -0.29327  -0.26120   0.12222  -0.48627   1.60000  8
  -0.36383  -0.89389  -0.47820   0.66632   1.60000  9
  -0.30190  -1.01888  -0.51526   0.25411   1.60000 10
  -0.24197   1.25344   0.00210  -0.09509   1.70000  1
  -0.14749   1.42905  -0.01855  -0.10570   1.70000  2
   0.01877  -1.45140   0.17097  -0.19143   1.70000  3
  -0.05924  -1.11984  -0.17894   0.73960   1.70000  4
  -0.06956  -0.93267  -0.07628   0.07486   1.70000  5
   0.19258  -0.92564   0.38471   0.23326   1.70000  6
  -0.22143  -0.51567   0.14819  -0.91516   1.70000  7
  -0.27861  -0.31976   0.16960  -0.68806   1.70000  8
  -0.40048  -0.83260  -0.25747   0.56372   1.70000  9
  -0.34491  -0.98715  -0.34435   0.38401   1.70000 10
  -0.23918   1.24852   0.05395  -0.00253   1.80000  1
  -0.15193   1.41351  -0.07043  -0.20567   1.80000  2
   0.03382  -1.46187   0.13094  -0.02263   1.80000  3
  -0.07957  -1.03566  -0.22954   0.95040   1.80000  4
  -0.08087  -0.92837  -0.15291   0.01746   1.80000  5
   0.21859  -0.90413   0.13550   0.20023   1.80000  6
  -0.20813  -0.61268   0.11422  -1.03524   1.80000  7
  -0.25968  -0.39976   0.20690  -0.91853   1.80000  8
  -0.41505  -0.78046  -0.02845   0.48070   1.80000  9
  -0.37035  -0.94137  -0.16018   0.53580   1.80000 10
  -0.23110   1.25316   0.10806   0.09670   1.90000  1
  -0.16165   1.38770  -0.12455  -0.31184   1.90000  2
   0.04508  -1.45661   0.09445   0.12568   1.90000  3
  -0.10591  -0.92943  -0.30515   1.16449   1.90000  4
  -0.10105  -0.92619  -0.25700   0.05774   1.90000  5
   0.21937  -0.88496  -0.12282   0.18637   1.90000  6
  -0.19951  -0.72457   0.05549  -1.20828   1.90000  7
  -0.23781  -0.50539   0.22603  -1.20764   1.90000  8
  -0.40434  -0.73694   0.25418   0.38135   1.90000  9
  -0.37542  -0.87902   0.07130   0.71543   1.90000 10
  -0.21751   1.26810   0.16329   0.20209   2.00000  1
  -0.17689   1.35091  -0.17977  -0.42387   2.00000  2
   0.05267  -1.43692   0.05648   0.26832   2.00000  3
  -0.14398  -0.80711  -0.48045   1.24269   2.00000  4
  -0.13391  -0.90818  -0.41014   0.33625   2.00000  5
   0.19317  -0.86625  -0.40672   0.19029   2.00000  6
  -0.19579  -0.85216   0.03692  -1.28438   2.00000  7
  -0.21587  -0.64490   0.20260  -1.60328   2.00000  8
  -0.36190  -0.70712   0.60464   0.19569   2.00000  9
  -0.35230  -0.79863   0.41315   0.87620   2.00000 10
  -0.19911   1.29254   0.19669   0.27276   2.10000  1
  -0.19694   1.30396  -0.21314  -0.50119   2.10000  2
   0.05606  -1.40265   0.00873   0.41975   2.10000  3
  -0.20342  -0.69147  -0.69409   1.00604   2.10000  4
  -0.18373  -0.85850  -0.57106   0.63645   2.10000  5
   0.13666  -0.84669  -0.73187   0.19989   2.10000  6
  -0.19066  -0.96375   0.06308  -0.89798   2.10000  7
  -0.19903  -0.82245   0.13496  -1.83893   2.10000  8
  -0.28225  -0.70215   0.97743  -0.10955   2.10000  9
  -0.28991  -0.71109   0.82927   0.81275   2.10000 10
  -0.18043   1.31842   0.16706   0.22543   2.20000  1
  -0.21726   1.25489  -0.18346  -0.46090   2.20000  2
   0.05361  -1.35210  -0.06365   0.59711   2.20000  3
  -0.27236  -0.61257  -0.60601   0.57323   2.20000  4
  -0.24009  -0.78784  -0.50012   0.75891   2.20000  5
   0.04492  -0.82687  -1.11121   0.19449   2.20000  6
  -0.18305  -1.03099   0.09545  -0.46955   2.20000  7
  -0.18552  -0.99548   0.15179  -1.60301   2.20000  8
  -0.17638  -0.72446   1.06728  -0.30232   2.20000  9
  -0.19577  -0.64525   0.98287   0.48662   2.20000 10
  -0.16661   1.33568   0.10875   0.11731   2.30000  1
  -0.23272   1.21371  -0.12506  -0.36036   2.30000  2
   0.04153  -1.28183  -0.19099   0.81534   2.30000  3
  -0.31837  -0.57317  -0.31727   0.22949   2.30000  4
  -0.27563  -0.70957  -0.20249   0.78701   2.30000  5
  -0.08519  -0.80606  -1.45666   0.24235   2.30000  6
  -0.17012  -1.06498   0.16845  -0.24773   2.30000  7
  -0.16683  -1.14253   0.22564  -1.33070   2.30000  8
  -0.07616  -0.75836   0.92150  -0.36827   2.30000  9
  -0.10224  -0.61515   0.86812   0.11557   2.30000 10
  -0.15858   1.34194   0.05276   0.00912   2.40000  1
  -0.24238   1.18275  -0.06895  -0.26027   2.40000  2
   0.01207  -1.18891  -0.41188   1.03214   2.40000  3
  -0.33684  -0.56526  -0.05446  -0.06761   2.40000  4
  -0.28291  -0.63398   0.03266   0.70570   2.40000  5
  -0.23159  -0.77718  -1.42467   0.33433   2.40000  6
  -0.14889  -1.08471   0.25849  -0.15562   2.40000  7
  -0.13931  -1.26128   0.32778  -1.04016   2.40000  8
   0.00172  -0.79544   0.63440  -0.36068   2.40000  9
  -0.02564  -0.62019   0.65388  -0.19695   2.40000 10
  -0.15590   1.33772   0.00137  -0.09287   2.50000  1
  -0.24667   1.16143  -0.01746  -0.16681   2.50000  2
  -0.04036  -1.07806  -0.62006   1.17427   2.50000  3
  -0.32991  -0.58535   0.18220  -0.32035   2.50000  4
  -0.27527  -0.57228   0.09456   0.51086   2.50000  5
  -0.36549  -0.73779  -1.23386   0.45739   2.50000  6
  -0.11731  -1.09643   0.37566  -0.06725   2.50000  7
  -0.10332  -1.34968   0.37754  -0.73343   2.50000  8
   0.05307  -0.83046   0.39918  -0.34389   2.50000  9
   0.02882  -0.65136   0.44086  -0.41791   2.50000 10
  -0.15824   1.32342  -0.04814  -0.19341   2.60000  1
  -0.24593   1.14932   0.03213  -0.07516   2.60000  2
  -0.10545  -0.95655  -0.64309   1.24834   2.60000  3
  -0.30436  -0.62487   0.31115  -0.44643   2.60000  4
  -0.26635  -0.53467   0.08322   0.23206   2.60000  5
  -0.47478  -0.68724  -0.94206   0.53649   2.60000  6
  -0.07623  -1.09329   0.42570   0.14805   2.60000  7
  -0.06553  -1.41049   0.37510  -0.49472   2.60000  8
   0.08121  -0.86457   0.15737  -0.33322   2.60000  9
   0.06331  -0.70331   0.24861  -0.62201   2.60000 10
  -0.16556   1.29889  -0.09858  -0.29836   2.70000  1
  -0.24021   1.14654   0.08259   0.02063   2.70000  2
  -0.16437  -0.82807  -0.53337   1.32413   2.70000  3
  -0.26873  -0.67186   0.40758  -0.49340   2.70000  4
  -0.25783  -0.52668   0.09230  -0.07393   2.70000  5
  -0.55423  -0.63386  -0.65547   0.52055   2.70000  6
  -0.03423  -1.06606   0.41475   0.39739   2.70000  7
  -0.02845  -1.45044   0.36649  -0.31064   2.70000  8
   0.08374  -0.89495  -0.10458  -0.26418   2.70000  9
   0.07754  -0.77576   0.02830  -0.82219   2.70000 10
  -0.17804   1.26345  -0.15115  -0.41160   2.80000  1
  -0.22933   1.15373   0.13507   0.12442   2.80000  2
  -0.21461  -0.69210  -0.47850   1.37128   2.80000  3
  -0.22085  -0.72419   0.54760  -0.53396   2.80000  4
  -0.24674  -0.55010   0.13564  -0.39975   2.80000  5
  -0.60759  -0.58421  -0.41897   0.47011   2.80000  6
   0.00735  -1.01271   0.41821   0.67873   2.80000  7
   0.00778  -1.47353   0.35793  -0.15424   2.80000  8
   0.06146  -0.91673  -0.33291  -0.17637   2.80000  9
   0.06825  -0.86587  -0.21293  -0.96861   2.80000 10
  -0.19560   1.21669  -0.19627  -0.51764   2.90000  1
  -0.21339   1.17129   0.17998   0.22060   2.90000  2
  -0.25853  -0.56088  -0.39118   1.21871   2.90000  3
  -0.16177  -0.77385   0.63154  -0.46541   2.90000  4
  -0.23016  -0.60597   0.19256  -0.68532   2.90000  5
  -0.63920  -0.53999  -0.21802   0.41448   2.90000  6
   0.04742  -0.93067   0.34647   0.91565   2.90000  7
   0.04302  -1.48163   0.34579  -0.00830   2.90000  8
   0.01994  -0.93214  -0.47475  -0.13216   2.90000  9
   0.03594  -0.96511  -0.41612  -0.96060   2.90000 10
  -0.21566   1.16292  -0.19342  -0.53500   3.00000  1
  -0.19498   1.19483   0.17679   0.22742   3.00000  2
  -0.29314  -0.45256  -0.31172   0.95738   3.00000  3
  -0.09339  -0.82161   0.73736  -0.50797   3.00000  4
  -0.20767  -0.68062   0.27358  -0.80841   3.00000  5
  -0.65205  -0.50114  -0.04283   0.36390   3.00000  6
   0.06793  -0.84188   0.04423   0.83741   3.00000  7
   0.07657  -1.47513   0.32259   0.13925   3.00000  8
  -0.02944  -0.94070  -0.50577  -0.02530   3.00000  9
  -0.01051  -1.04638  -0.50080  -0.64868   3.00000 10
  -0.23261   1.11326  -0.14228  -0.44992   3.10000  1
  -0.17971   1.21317   0.12518   0.13078   3.10000  2
  -0.32269  -0.36661  -0.28571   0.77246   3.10000  3
  -0.01764  -0.87641   0.73469  -0.57320   3.10000  4
  -0.17186  -0.76919   0.45902  -0.96923   3.10000  5
  -0.64842  -0.46690   0.11285   0.32280   3.10000  6
   0.05540  -0.76584  -0.28651   0.66354   3.10000  7
   0.10688  -1.45356   0.27979   0.29329   3.10000  8
  -0.07949  -0.93544  -0.47605   0.13086   3.10000  9
  -0.06220  -1.09474  -0.52098  -0.32137   3.10000 10
  -0.24403   1.07335  -0.08676  -0.34898   3.20000  1
  -0.17004   1.22053   0.06900   0.01692   3.20000  2
  -0.35121  -0.29665  -0.28813   0.63098   3.20000  3
   0.04427  -0.93206   0.47559  -0.52842   3.20000  4
  -0.11427  -0.87471   0.67938  -1.13049   3.20000  5
  -0.62987  -0.43618   0.25670   0.29379   3.20000  6
   0.01439  -0.71276  -0.51148   0.38788   3.20000  7
   0.13176  -1.41625   0.21403   0.45448   3.20000  8
  -0.12123  -0.91633  -0.34425   0.23344   3.20000  9
  -0.11211  -1.11121  -0.46409  -0.00961   3.20000 10
  -0.25015   1.04319  -0.03665  -0.25552   3.30000  1
  -0.16573   1.21677   0.01796  -0.09106   3.30000  2
  -0.38084  -0.24003  -0.30630   0.50151   3.30000  3
   0.07549  -0.98220   0.14725  -0.48208   3.30000  4
  -0.04317  -0.98959   0.70994  -1.13801   3.30000  5
  -0.59722  -0.40767   0.39587   0.27870   3.30000  6
  -0.04278  -0.68847  -0.61672   0.10330   3.30000  7
   0.14892  -1.36212   0.12471   0.63267   3.30000  8
  -0.14490  -0.89521  -0.12318   0.16126   3.30000  9
  -0.15195  -1.09692  -0.31287   0.28923   3.30000 10
  -0.25148   1.02207   0.00981  -0.16722   3.40000  1
  -0.16634   1.20243  -0.02982  -0.19559   3.40000  2
  -0.41269  -0.19661  -0.33058   0.36439   3.40000  3
   0.07469  -1.03095  -0.15031  -0.50750   3.40000  4
   0.02480  -1.09834   0.64722  -1.01950   3.40000  5
  -0.55081  -0.37991   0.53107   0.27935   3.40000  6
  -0.10707  -0.69080  -0.66211  -0.14573   3.40000  7
   0.15543  -1.28822  -0.00458   0.85588   3.40000  8
  -0.14781  -0.88541   0.05174   0.03704   3.40000  9
  -0.17107  -1.05652  -0.06244   0.49888   3.40000 10
  -0.24822   1.00977   0.05536  -0.07820   3.50000  1
  -0.17168   1.17758  -0.07711  -0.30250   3.50000  2
  -0.44655  -0.16784  -0.34206   0.20739   3.50000  3
   0.05002  -1.08558  -0.31202  -0.58275   3.50000  4
   0.08677  -1.19148   0.59313  -0.83057   3.50000  5
  -0.49165  -0.35125   0.64592   0.29633   3.50000  6
  -0.17353  -0.71729  -0.65528  -0.38391   3.50000  7
   0.14461  -1.18909  -0.23421   1.11926   3.50000  8
  -0.13718  -0.88747   0.14759  -0.07845   3.50000  9
  -0.16492  -0.99960   0.17869   0.63339   3.50000 10
  -0.24037   1.00666   0.10200   0.01734   3.60000  1
  -0.18181   1.14166  -0.12588  -0.41742   3.60000  2
  -0.47951  -0.15558  -0.30679   0.03833   3.60000  3
   0.01871  -1.14257  -0.29461  -0.51681   3.60000  4
   0.13999  -1.25901   0.45106  -0.51264   3.60000  5
  -0.42364  -0.32048   0.70137   0.31727   3.60000  6
  -0.23471  -0.76737  -0.54583  -0.61327   3.60000  7
   0.10716  -1.07316  -0.50940   1.15846   3.60000  8
  -0.12068  -0.90122   0.17532  -0.19211   3.60000  9
  -0.13748  -0.93117   0.35276   0.72085   3.60000 10
  -0.22784   1.01346   0.14736   0.11797   3.70000  1
  -0.19684   1.09382  -0.17356  -0.53877   3.70000  2
  -0.50586  -0.15928  -0.21241  -0.10512   3.70000  3
  -0.00856  -1.18303  -0.25518  -0.28414   3.70000  4
   0.17578  -1.29713   0.26599  -0.26520   3.70000  5
  -0.35397  -0.28874   0.68211   0.31083   3.70000  6
  -0.27757  -0.83758  -0.28984  -0.77073   3.70000  7
   0.04326  -0.95939  -0.77386   1.12313   3.70000  8
  -0.10181  -0.92293   0.21042  -0.22147   3.70000  9
  -0.09892  -0.86146   0.39898   0.63351   3.70000 10
  -0.21169   1.02898   0.16751   0.17650   3.80000  1
  -0.21573   1.03513  -0.19595  -0.61945   3.80000  2
  -0.52115  -0.17510  -0.09202  -0.20486   3.80000  3
  -0.03297  -1.19964  -0.23498  -0.05052   3.80000  4
   0.19373  -1.31425   0.09572  -0.08441   3.80000  5
  -0.28831  -0.25974   0.62912   0.26258   3.80000  6
  -0.29036  -0.91699   0.03718  -0.79714   3.80000  7
  -0.04852  -0.84872  -1.03691   1.06989   3.80000  8
  -0.07772  -0.94125   0.25710  -0.12446   3.80000  9
  -0.05962  -0.81066   0.37324   0.37187   3.80000 10
  -0.19636   1.04435   0.13140   0.11241   3.90000  1
  -0.23399   0.97429  -0.16178  -0.57923   3.90000  2
  -0.52427  -0.19933   0.02898  -0.27715   3.90000  3
  -0.05583  -1.19346  -0.22361   0.17388   3.90000  4
   0.19530  -1.31487  -0.06317   0.06996   3.90000  5
  -0.22819  -0.23736   0.57360   0.18033   3.90000  6
  -0.27087  -0.99343   0.34285  -0.71896   3.90000  7
  -0.15295  -0.75083  -1.00570   0.87489   3.90000  8
  -0.05536  -0.94657   0.17537   0.00504   3.90000  9
  -0.02981  -0.78503   0.20205   0.15883   3.90000 10
  -0.18598   1.04972   0.07638  -0.00694   4.00000  1
  -0.24749   0.92096  -0.10820  -0.48576   4.00000  2
  -0.51546  -0.23031   0.14693  -0.34284   4.00000  3
  -0.07815  -1.16463  -0.22633   0.40511   4.00000  4
   0.18115  -1.30035  -0.22057   0.22160   4.00000  5
  -0.17365  -0.22448   0.51616   0.07421   4.00000  6
  -0.22357  -1.05993   0.59906  -0.61179   4.00000  7
  -0.24652  -0.67245  -0.86488   0.70809   4.00000  8
  -0.04350  -0.94333   0.06225   0.04624   4.00000  9
  -0.01916  -0.77747   0.01920  -0.00793   4.00000 10
  -0.18091   1.04305   0.02606  -0.12533   4.10000  1
  -0.25579   0.87698  -0.05872  -0.39525   4.10000  2
  -0.49483  -0.26827   0.26636  -0.41984   4.10000  3
  -0.10172  -1.11237  -0.23949   0.63030   4.10000  4
   0.15079  -1.27004  -0.39027   0.38869   4.10000  5
  -0.12531  -0.22291   0.44837  -0.04386   4.10000  6
  -0.15121  -1.11548   0.84111  -0.48640   4.10000  7
  -0.32645  -0.60627  -0.73724   0.62824   4.10000  8
  -0.04252  -0.93968  -0.03940   0.01652   4.10000  9
  -0.02438  -0.78726  -0.11678  -0.19307   4.10000 10
  -0.18059   1.02485  -0.01901  -0.23802   4.20000  1
  -0.25940   0.84165  -0.01391  -0.31218   4.20000  2
  -0.46201  -0.31534   0.39082  -0.52900   4.20000  3
  -0.12116  -1.04284  -0.11630   0.74487   4.20000  4
   0.10189  -1.22135  -0.59674   0.59383   4.20000  5
  -0.08443  -0.23330   0.36718  -0.16378   4.20000  6
  -0.06009  -1.15231   0.95157  -0.23371   4.20000  7
  -0.39466  -0.54462  -0.62966   0.61509   4.20000  8
  -0.05058  -0.94159  -0.11770  -0.05905   4.20000  9
  -0.04131  -0.81741  -0.21625  -0.41804   4.20000 10
  -0.18462   0.99547  -0.06139  -0.35005   4.30000  1
  -0.25865   0.81448   0.02867  -0.23118   4.30000  2
  -0.41713  -0.37592   0.49743  -0.69005   4.30000  3
  -0.12140  -0.96381   0.11805   0.82965   4.30000  4
   0.03026  -1.14944  -0.82107   0.84776   4.30000  5
  -0.05225  -0.25563   0.27471  -0.28280   4.30000  6
   0.03549  -1.16232   0.93077   0.03482   4.30000  7
  -0.45223  -0.48125  -0.51366   0.65897   4.30000  8
  -0.06523  -0.95116  -0.17010  -0.12292   4.30000  9
  -0.06658  -0.87268  -0.28342  -0.69419   4.30000 10
  -0.19285   0.95466  -0.10320  -0.46759   4.40000  1
  -0.25367   0.79556   0.07089  -0.14582   4.40000  2
  -0.36600  -0.45174   0.51365  -0.80316   4.40000  3
  -0.09917  -0.88372   0.29548   0.71000   4.40000  4
  -0.05552  -1.05113  -0.88064   1.13600   4.40000  5
  -0.02974  -0.29001   0.17472  -0.40652   4.40000  6
   0.11701  -1.14421   0.67983   0.31947   4.40000  7
  -0.49397  -0.41488  -0.30899   0.64147   4.40000  8
  -0.08283  -0.96336  -0.17083  -0.11217   4.40000  9
  -0.09560  -0.95343  -0.27091  -0.87169   4.40000 10
  -0.20526   0.90160  -0.14464  -0.59519   4.50000  1
  -0.24448   0.78562   0.11261  -0.05168   4.50000  2
  -0.31312  -0.53434   0.55849  -0.85361   4.50000  3
  -0.06991  -0.82840   0.25703   0.40334   4.50000  4
  -0.14218  -0.92535  -0.80890   1.30675   4.50000  5
  -0.01746  -0.33750   0.07012  -0.54752   4.50000  6
   0.17114  -1.10130   0.40564   0.52482   4.50000  7
  -0.51489  -0.35629  -0.11987   0.52693   4.50000  8
  -0.09919  -0.97220  -0.16703  -0.04267   4.50000  9
  -0.11700  -1.03411  -0.16344  -0.67118   4.50000 10
  -0.22148   0.83566  -0.17615  -0.71867   4.60000  1
  -0.23146   0.78513   0.14400   0.03657   4.60000  2
  -0.25146  -0.62512   0.68763  -0.98190   4.60000  3
  -0.05269  -0.79827   0.07429   0.22760   4.60000  4
  -0.21225  -0.79698  -0.59186   1.26541   4.60000  5
  -0.01595  -0.40071  -0.04179  -0.72475   4.60000  6
   0.19866  -1.04143   0.14636   0.66506   4.60000  7
  -0.51959  -0.30934   0.02024   0.41368   4.60000  8
  -0.11662  -0.96854  -0.17407   0.11901   4.60000  9
  -0.12950  -1.08265  -0.08864  -0.30200   4.60000 10
  -0.23902   0.76076  -0.16499  -0.75655   4.70000  1
  -0.21717   0.78995   0.13210   0.03653   4.70000  2
  -0.17521  -0.73311   0.82255  -1.15064   4.70000  3
  -0.05598  -0.77854  -0.14094   0.17887   4.70000  4
  -0.25975  -0.67127  -0.33808   1.21813   4.70000  5
  -0.02640  -0.48450  -0.17148  -0.96290   4.70000  6
   0.20033  -0.96916  -0.11645   0.77839   4.70000  7
  -0.51159  -0.27339   0.13749   0.30513   4.70000  8
  -0.13242  -0.94792  -0.13463   0.29978   4.70000  9
  -0.13512  -1.09508  -0.02556   0.05326   4.70000 10
  -0.25320   0.68806  -0.11666  -0.68870   4.80000  1
  -0.20634   0.78858   0.08231  -0.07360   4.80000  2
  -0.08769  -0.84949   0.90430  -1.15358   4.80000  3
  -0.07933  -0.76350  -0.29739   0.10046   4.80000  4
  -0.28000  -0.55805  -0.08051   1.04474   4.80000  5
  -0.05116  -0.59550  -0.32454  -1.26487   4.80000  6
   0.17374  -0.88602  -0.42952   0.88155   4.80000  7
  -0.49234  -0.24854   0.24716   0.18996   4.80000  8
  -0.14133  -0.90663  -0.02234   0.53061   4.80000  9
  -0.13468  -1.07117   0.03720   0.43342   4.80000 10
  -0.26242   0.62343  -0.06891  -0.60539   4.90000  1
  -0.20066   0.77460   0.03247  -0.20588   4.90000  2
  -0.00318  -0.95579   0.75177  -0.92934   4.90000  3
  -0.10846  -0.76054  -0.26113  -0.04681   4.90000  4
  -0.27932  -0.46287   0.07346   0.86000   4.90000  5
  -0.08904  -0.73845  -0.41032  -1.58999   4.90000  6
   0.11065  -0.79534  -0.84784   0.90441   4.90000  7
  -0.46205  -0.23589   0.36005   0.06017   4.90000  8
  -0.13208  -0.84502   0.21329   0.68510   4.90000  9
  -0.12578  -1.00639   0.15715   0.86774   4.90000 10
  -0.26722   0.56653  -0.02809  -0.53499   5.00000  1
  -0.19961   0.74754  -0.01045  -0.33492   5.00000  2
   0.05817  -1.03029   0.47118  -0.55971   5.00000  3
  -0.12815  -0.77663  -0.11592  -0.27348   5.00000  4
  -0.26865  -0.38473   0.12838   0.71053   5.00000  5
  -0.12716  -0.90206  -0.31621  -1.57455   5.00000  6
   0.00376  -0.71250  -1.27520   0.71451   5.00000  7
  -0.41979  -0.23713   0.48949  -0.08845   5.00000  8
  -0.10165  -0.77501   0.36015   0.65445   5.00000  9
  -0.10204  -0.89797   0.29667   1.28662   5.00000 10
  -0.26817   0.51599   0.00866  -0.47777   5.10000  1
  -0.20258   0.70763  -0.04825  -0.46374   5.10000  2
   0.09240  -1.07073   0.22236  -0.26870   5.10000  3
  -0.12920  -0.80621   0.08849  -0.25050   5.10000  4
  -0.25551  -0.31982   0.12556   0.58817   5.10000  5
  -0.14969  -1.03996  -0.14576  -1.19248   5.10000  6
  -0.13534  -0.65794  -1.41985   0.37461   5.10000  7
  -0.36299  -0.25436   0.65339  -0.25987   5.10000  8
  -0.06742  -0.71812   0.28102   0.49129   5.10000  9
  -0.07383  -0.75873   0.23439   1.45900   5.10000 10
  -0.26553   0.47067   0.04419  -0.42959   5.20000  1
  -0.20915   0.65456  -0.08252  -0.59957   5.20000  2
   0.10417  -1.08729   0.01922  -0.07464   5.20000  3
  -0.11510  -0.81912   0.17235  -0.00678   5.20000  4
  -0.24484  -0.26826   0.08930   0.42827   5.20000  5
  -0.15820  -1.14498  -0.03032  -0.92423   5.20000  6
  -0.26584  -0.62966  -1.16650   0.24073   5.20000  7
  -0.28833  -0.28919   0.83495  -0.43047   5.20000  8
  -0.05022  -0.67354   0.06438   0.42553   5.20000  9
  -0.05930  -0.61544   0.05496   1.37074   5.20000 10
  -0.25932   0.42994   0.07986  -0.38531   5.30000  1
  -0.21897   0.58721  -0.11317  -0.75043   5.30000  2
   0.09733  -1.08740  -0.15100   0.06651   5.30000  3
  -0.09702  -0.80905   0.18323   0.20178   5.30000  4
  -0.23466  -0.23802   0.13327   0.16433   5.30000  5
  -0.15667  -1.22703   0.05696  -0.72440   5.30000  6
  -0.36820  -0.60395  -0.88277   0.28569   5.30000  7
  -0.19958  -0.33853   0.92129  -0.55392   5.30000  8
  -0.05300  -0.62924  -0.11222   0.47115   5.30000  9
  -0.06224  -0.48620  -0.11544   1.22460   5.30000 10
  -0.24963   0.39358   0.11294  -0.34263   5.40000  1
  -0.23154   0.50374  -0.13618  -0.92238   5.40000  2
   0.07495  -1.07477  -0.29147   0.18369   5.40000  3
  -0.07931  -0.77948   0.16725   0.38874   5.40000  4
  -0.21558  -0.23583   0.25612  -0.11880   5.40000  5
  -0.14752  -1.29093   0.12272  -0.55760   5.40000  6
  -0.44286  -0.57205  -0.61382   0.35057   5.40000  7
  -0.10572  -0.40086   0.94121  -0.68029   5.40000  8
  -0.07137  -0.57777  -0.24776   0.56750   5.40000  9
  -0.08376  -0.36790  -0.31100   1.13120   5.40000 10
  -0.23729   0.36069   0.12854  -0.32569   5.50000  1
  -0.24543   0.40246  -0.13513  -1.09894   5.50000  2
   0.04013  -1.05083  -0.39884   0.29547   5.50000  3
  -0.06423  -0.73101   0.13222   0.58425   5.50000  4
  -0.18223  -0.26105   0.41180  -0.37370   5.50000  5
  -0.13281  -1.33918   0.16805  -0.41009   5.50000  6
  -0.49176  -0.53433  -0.36760   0.40201   5.50000  7
  -0.01829  -0.47060   0.77142  -0.70650   5.50000  8
  -0.09970  -0.51402  -0.29501   0.70386   5.50000  9
  -0.12073  -0.26440  -0.41544   0.92933   5.50000 10
  -0.22539   0.32439   0.10311  -0.42591   5.60000  1
  -0.25681   0.28645  -0.08437  -1.20562   5.60000  2
  -0.00354  -1.01538  -0.46792   0.41598   5.60000  3
  -0.05275  -0.66158   0.10171   0.80883   5.60000  4
  -0.13627  -0.30599   0.48136  -0.51130   5.60000  5
  -0.11455  -1.37347   0.19407  -0.27835   5.60000  6
  -0.51686  -0.49183  -0.13571   0.44775   5.60000  7
   0.04480  -0.54048   0.48593  -0.68320   5.60000  8
  -0.12674  -0.44015  -0.24325   0.76481   5.60000  9
  -0.16421  -0.18423  -0.43494   0.66702   5.60000 10
  -0.21717   0.27118   0.06201  -0.65196   5.70000  1
  -0.26141   0.16298  -0.00624  -1.26801   5.70000  2
  -0.05209  -0.96697  -0.49621   0.55648   5.70000  3
  -0.04261  -0.56974   0.10206   1.01502   5.70000  4
  -0.09060  -0.36341   0.41173  -0.62907   5.70000  5
  -0.09451  -1.39538   0.20469  -0.16267   5.70000  6
  -0.51892  -0.44470   0.09566   0.49593   5.70000  7
   0.07862  -0.60570   0.19058  -0.60353   5.70000  8
  -0.14810  -0.36147  -0.17419   0.79378   5.70000  9
  -0.20555  -0.12904  -0.39009   0.45403   5.70000 10
  -0.21267   0.19197   0.02930  -0.94249   5.80000  1
  -0.25786   0.03003   0.07837  -1.41169   5.80000  2
  -0.10137  -0.90311  -0.48208   0.72604   5.80000  3
  -0.03514  -0.46061   0.02514   1.16044   5.80000  4
  -0.05538  -0.42850   0.30010  -0.65956   5.80000  5
  -0.07393  -1.40651   0.20575  -0.06217   5.80000  6
  -0.49726  -0.39220   0.34141   0.55770   5.80000  7
   0.08465  -0.65786  -0.05824  -0.43383   5.80000  8
  -0.16126  -0.28554  -0.10104   0.72128   5.80000  9
  -0.24211  -0.08993  -0.33870   0.34429   5.80000 10
  -0.21133   0.08001  -0.00478  -1.31435   5.90000  1
  -0.24584  -0.12136   0.16135  -1.59547   5.90000  2
  -0.14690  -0.82060  -0.41939   0.93026   5.90000  3
  -0.04080  -0.34297  -0.15143   1.17434   5.90000  4
  -0.03013  -0.48935   0.19895  -0.53592   5.90000  5
  -0.05351  -1.40821   0.20227   0.02652   5.90000  6
  -0.44933  -0.33208   0.62780   0.65252   5.90000  7
   0.06830  -0.69247  -0.26711  -0.25792   5.90000  8
  -0.17155  -0.21480  -0.12434   0.71028   5.90000  9
  -0.27124  -0.06043  -0.22332   0.20975   5.90000 10
  -0.21452  -0.07416  -0.05851  -1.76921   6.00000  1
  -0.22408  -0.28117   0.26901  -1.53989   6.00000  2
  -0.18323  -0.71592  -0.29618   1.16871   6.00000  3
  -0.07032  -0.22435  -0.47304   1.19786   6.00000  4
  -0.01695  -0.53694   0.05495  -0.42888   6.00000  5
  -0.03354  -1.40144   0.19680   0.10820   6.00000  6
  -0.36818  -0.26011   1.01894   0.78803   6.00000  7
   0.03110  -0.70844  -0.47761  -0.05111   6.00000  8
  -0.18983  -0.14502  -0.24276   0.64868   6.00000  9
  -0.28278  -0.05470   0.00841  -0.12239   6.00000 10
  -0.22027  -0.26178  -0.04477  -1.87386   6.10000  1
  -0.19439  -0.42193   0.32493  -1.29039   6.10000  2
  -0.20403  -0.58572  -0.11194   1.44258   6.10000  3
  -0.14004  -0.10924  -0.91833   1.04834   6.10000  4
  -0.02211  -0.57609  -0.17638  -0.34694   6.10000  5
  -0.01421  -1.38664   0.18932   0.18784   6.10000  6
  -0.24399  -0.17678   1.42673   0.85130   6.10000  7
  -0.02678  -0.69952  -0.67354   0.24942   6.10000  8
  -0.21841  -0.09408  -0.30781   0.32295   6.10000  9
  -0.26810  -0.09048   0.29178  -0.59123   6.10000 10
  -0.21880  -0.44574   0.09893  -1.84275   6.20000  1
  -0.15958  -0.54388   0.36641  -1.12955   6.20000  2
  -0.20514  -0.42856   0.07768   1.64051   6.20000  3
  -0.24292  -0.02478  -1.03885   0.61476   6.20000  4
  -0.05531  -0.60268  -0.49827  -0.16269   6.20000  5
   0.00420  -1.36380   0.17810   0.26972   6.20000  6
  -0.10506  -0.09591   1.24977   0.73083   6.20000  7
  -0.10145  -0.65452  -0.80683   0.66724   6.20000  8
  -0.24369  -0.08069  -0.16776  -0.02769   6.20000  9
  -0.22457  -0.16170   0.54081  -0.76037   6.20000 10
  -0.19578  -0.62675   0.37013  -1.74469   6.30000  1
  -0.12327  -0.64507   0.31402  -0.86366   6.30000  2
  -0.19290  -0.26739   0.15462   1.60746   6.30000  3
  -0.33658   0.01590  -0.82072   0.22056   6.30000  4
  -0.12249  -0.60634  -0.82630   0.07467   6.30000  5
   0.02120  -1.33248   0.16074   0.35833   6.30000  6
   0.00239  -0.03560   0.91495   0.47359   6.30000  7
  -0.18409  -0.56882  -0.80392   0.96223   6.30000  8
  -0.25225  -0.09553  -0.01290  -0.26514   6.30000  9
  -0.16857  -0.24019   0.54938  -0.82334   6.30000 10
  -0.15181  -0.78318   0.47371  -1.37758   6.40000  1
  -0.10318  -0.71580   0.08991  -0.58247   6.40000  2
  -0.17700  -0.11025   0.13722   1.50098   6.40000  3
  -0.40640   0.02292  -0.57481  -0.06492   6.40000  4
  -0.20937  -0.59410  -0.85623   0.16617   6.40000  5
   0.03603  -1.29165   0.13394   0.46167   6.40000  6
   0.08031   0.00020   0.65073   0.25315   6.40000  7
  -0.25511  -0.47458  -0.60956   0.93021   6.40000  8
  -0.24622  -0.13345   0.13937  -0.47415   6.40000  9
  -0.11960  -0.32237   0.41572  -0.81307   6.40000 10
  -0.10422  -0.90543   0.47175  -1.08663   6.50000  1
  -0.10189  -0.76726  -0.04453  -0.46420   6.50000  2
  -0.16695   0.02735   0.07183   1.24468   6.50000  3
  -0.45164   0.00576  -0.33299  -0.26631   6.50000  4
  -0.28843  -0.57059  -0.71322   0.31274   6.50000  5
   0.04746  -1.23923   0.09104   0.59266   6.50000  6
   0.13364   0.01730   0.42127   0.09936   6.50000  7
  -0.30546  -0.38111  -0.39739   0.93944   6.50000  8
  -0.22651  -0.18526   0.23191  -0.56180   6.50000  9
  -0.08833  -0.40377   0.20034  -0.80994   6.50000 10
  -0.05775  -1.00422   0.46070  -0.90649   6.60000  1
  -0.10884  -0.81042  -0.08193  -0.40272   6.60000  2
  -0.16136   0.13964   0.04377   1.00818   6.60000  3
  -0.47387  -0.02893  -0.11554  -0.42575   6.60000  4
  -0.35060  -0.53115  -0.52582   0.47409   6.60000  5
   0.05317  -1.17156   0.01507   0.77012   6.60000  6
   0.16570   0.02176   0.22525  -0.00399   6.60000  7
  -0.33498  -0.28693  -0.19445   0.93865   6.60000  8
  -0.20444  -0.24762   0.18686  -0.68611   6.60000  9
  -0.07936  -0.48282  -0.01390  -0.76598   6.60000 10
  -0.01063  -1.08907   0.48688  -0.78214   6.70000  1
  -0.11629  -0.84812  -0.05832  -0.35149   6.70000  2
  -0.15773   0.23027   0.03025   0.80999   6.70000  3
  -0.47492  -0.07981   0.09797  -0.59506   6.70000  4
  -0.39301  -0.47636  -0.31995   0.61832   6.70000  5
   0.04805  -1.08388  -0.12846   0.97291   6.70000  6
   0.17964   0.01737   0.05746  -0.08090   6.70000  7
  -0.34616  -0.19598  -0.04941   0.86882   6.70000  8
  -0.19188  -0.32008   0.06172  -0.75095   6.70000  9
  -0.08941  -0.55658  -0.17815  -0.70948   6.70000 10
   0.03779  -1.15539   0.46337  -0.53235   6.80000  1
  -0.11882  -0.88054   0.01662  -0.29363   6.80000  2
  -0.15516   0.30257   0.02137   0.63989   6.80000  3
  -0.45296  -0.14762   0.34559  -0.74955   6.80000  4
  -0.41425  -0.40829  -0.10506   0.73880   6.80000  5
   0.02768  -0.98220  -0.27220   1.05010   6.80000  6
   0.17778   0.00600  -0.09264  -0.14512   6.80000  7
  -0.34970  -0.11488  -0.03815   0.73811   6.80000  8
  -0.19162  -0.39678  -0.05401  -0.78104   6.80000  9
  -0.11308  -0.62513  -0.28488  -0.66523   6.80000 10
   0.08033  -1.19698   0.38530  -0.31043   6.90000  1
  -0.11142  -0.90482   0.13312  -0.17147   6.90000  2
  -0.15345   0.35888   0.01254   0.48893   6.90000  3
  -0.40746  -0.22735   0.54626  -0.84486   6.90000  4
  -0.41469  -0.32922   0.09127   0.84132   6.90000  5
  -0.00756  -0.87288  -0.44456   1.13756   6.90000  6
   0.16137  -0.01149  -0.23488  -0.20446   6.90000  7
  -0.35378  -0.05196  -0.03249   0.51193   6.90000  8
  -0.20173  -0.47579  -0.13920  -0.79773   6.90000  9
  -0.14395  -0.69065  -0.31735  -0.65077   6.90000 10
   0.11474  -1.21916   0.30287  -0.13921   7.00000  1
  -0.09471  -0.90988   0.17694   0.08689   7.00000  2
  -0.15272   0.40077   0.00181   0.35035   7.00000  3
  -0.34776  -0.31529   0.63215  -0.88628   7.00000  4
  -0.39600  -0.24305   0.28459   0.84472   7.00000  5
  -0.06271  -0.75612  -0.66192   1.18639   7.00000  6
   0.13077  -0.03497  -0.37817  -0.26616   7.00000  7
  -0.35448  -0.01215   0.02315   0.28908   7.00000  8
  -0.21689  -0.55691  -0.14794  -0.83201   7.00000  9
  -0.17259  -0.75549  -0.23347  -0.63377   7.00000 10
   0.14092  -1.22567   0.22058   0.00602   7.10000  1
  -0.08083  -0.88683   0.07996   0.36862   7.10000  2
  -0.15318   0.42916  -0.01149   0.21804   7.10000  3
  -0.28118  -0.40340   0.70499  -0.89564   7.10000  4
  -0.35925  -0.16328   0.44029   0.76014   7.10000  5
  -0.13955  -0.63848  -0.86633   1.15517   7.10000  6
   0.08537  -0.06505  -0.53267  -0.33745   7.10000  7
  -0.34855   0.00642   0.09823   0.08272   7.10000  8
  -0.22722  -0.64353  -0.03557  -0.89493   7.10000  9
  -0.18885  -0.81160  -0.09798  -0.46268   7.10000 10
   0.15881  -1.21838   0.13684   0.13855   7.20000  1
  -0.08225  -0.83798  -0.12354   0.59667   7.20000  2
  -0.15510   0.44439  -0.02727   0.08623   7.20000  3
  -0.20638  -0.49963   0.77603  -1.04595   7.20000  4
  -0.30952  -0.08871   0.54664   0.73780   7.20000  5
  -0.23136  -0.52694  -0.92539   1.07947   7.20000  6
   0.02343  -0.10288  -0.71114  -0.42047   7.20000  7
  -0.33391   0.00421   0.20193  -0.12735   7.20000  8
  -0.22290  -0.73086   0.11511  -0.83996   7.20000  9
  -0.19316  -0.84546   0.01079  -0.20500   7.20000 10
   0.16810  -1.19808   0.04757   0.26771   7.30000  1
  -0.10764  -0.77057  -0.38130   0.72971   7.30000  2
  -0.15869   0.44623  -0.04483  -0.05082   7.30000  3
  -0.13221  -0.60964   0.69470  -1.15551   7.30000  4
  -0.25199  -0.01695   0.59137   0.67558   7.30000  5
  -0.31596  -0.42449  -0.75346   0.97345   7.30000  6
  -0.05796  -0.14874  -0.92014  -0.48918   7.30000  7
  -0.30606  -0.01795   0.36528  -0.30204   7.30000  8
  -0.20298  -0.81142   0.28980  -0.75444   7.30000  9
  -0.18697  -0.85065   0.11101   0.10554   7.30000 10
   0.16789  -1.16457  -0.05516   0.40520   7.40000  1
  -0.15217  -0.69789  -0.46023   0.68347   7.40000  2
  -0.16405   0.43384  -0.06187  -0.19933   7.40000  3
  -0.07018  -0.73412   0.51479  -1.31758   7.40000  4
  -0.19394   0.04075   0.55675   0.46102   7.40000  5
  -0.38216  -0.32790  -0.56440   0.97462   7.40000  6
  -0.16007  -0.19817  -1.11100  -0.48593   7.40000  7
  -0.26035  -0.05337   0.53840  -0.40293   7.40000  8
  -0.16650  -0.87483   0.42441  -0.48417   7.40000  9
  -0.17080  -0.82601   0.21831   0.36562   7.40000 10
   0.15611  -1.11615  -0.18785   0.56943   7.50000  1
  -0.19408  -0.63877  -0.37238   0.50660   7.50000  2
  -0.17089   0.40583  -0.07369  -0.36385   7.50000  3
  -0.03298  -0.86609   0.23712  -1.29447   7.50000  4
  -0.14259   0.07516   0.46496   0.23624   7.50000  5
  -0.42630  -0.22834  -0.30482   1.00833   7.50000  6
  -0.27631  -0.24402  -1.18900  -0.42672   7.50000  7
  -0.20353  -0.09952   0.56306  -0.51901   7.50000  8
  -0.11961  -0.90642   0.51491  -0.15791   7.50000  9
  -0.14216  -0.78393   0.34770   0.44135   7.50000 10
   0.12801  -1.04927  -0.39089   0.77221   7.60000  1
  -0.22625  -0.59310  -0.26991   0.42276   7.60000  2
  -0.17846   0.36047  -0.07585  -0.54656   7.60000  3
  -0.01767  -0.98852   0.10627  -1.13328   7.60000  4
  -0.10145   0.09031   0.35584   0.07750   7.60000  5
  -0.44252  -0.13060  -0.03401   0.92309   7.60000  6
  -0.39282  -0.28290  -1.11666  -0.34742   7.60000  7
  -0.15306  -0.15486   0.43794  -0.57453   7.60000  8
  -0.06319  -0.91171   0.60702   0.01615   7.60000  9
  -0.10493  -0.74208   0.38024   0.39008   7.60000 10
   0.07507  -0.96345  -0.66509   0.92610   7.70000  1
  -0.24801  -0.55174  -0.16531   0.41323   7.70000  2
  -0.18568   0.29581  -0.06650  -0.75052   7.70000  3
  -0.00542  -1.08828   0.14657  -0.84174   7.70000  4
  -0.07195   0.09241   0.23061  -0.02882   7.70000  5
  -0.43659  -0.04530   0.14171   0.78707   7.70000  6
  -0.49590  -0.31422  -0.93601  -0.28656   7.70000  7
  -0.11577  -0.21311   0.31180  -0.59015   7.70000  8
  -0.00024  -0.90829   0.64390   0.04210   7.70000  9
  -0.06785  -0.70609   0.35830   0.32929   7.70000 10
   0.00068  -0.86604  -0.77514   1.01521   7.80000  1
  -0.25913  -0.50930  -0.05456   0.43869   7.80000  2
  -0.19146   0.20961  -0.04845  -0.97606   7.80000  3
   0.01010  -1.15665   0.15690  -0.53932   7.80000  4
  -0.05630   0.08548   0.07603  -0.10738   7.80000  5
  -0.41490   0.02815   0.29397   0.68800   7.80000  6
  -0.57950  -0.34136  -0.73675  -0.25969   7.80000  7
  -0.09006  -0.27358   0.20401  -0.62497   7.80000  8
   0.06179  -0.90200   0.55903   0.10733   7.80000  9
  -0.03356  -0.67658   0.32497   0.25818   7.80000 10
  -0.07395  -0.75934  -0.70488   1.13318   7.90000  1
  -0.25804  -0.46383   0.08282   0.46897   7.90000  2
  -0.19557   0.10095  -0.03614  -1.18619   7.90000  3
   0.02546  -1.19893   0.14986  -0.31750   7.90000  4
  -0.05819   0.07071  -0.12124  -0.19369   7.90000  5
  -0.37658   0.09267   0.48081   0.59619   7.90000  6
  -0.64359  -0.36648  -0.54676  -0.24332   7.90000  7
  -0.07504  -0.33947   0.09407  -0.70001   7.90000  8
   0.10761  -0.88385   0.35882   0.25796   7.90000  9
  -0.00445  -0.65468   0.24264   0.18440   7.90000 10
  -0.13833  -0.63768  -0.57711   1.30448   8.00000  1
  -0.24098  -0.41656   0.26582   0.46658   8.00000  2
  -0.19840  -0.02321  -0.01266  -1.27498   8.00000  3
   0.04008  -1.22182   0.14252  -0.14613   8.00000  4
  -0.08146   0.04473  -0.34327  -0.33783   8.00000  5
  -0.31832   0.14406   0.67545   0.41230   8.00000  6
  -0.68916  -0.39006  -0.36556  -0.22816   8.00000  7
  -0.07201  -0.41479  -0.03819  -0.81000   8.00000  8
   0.13447  -0.85036   0.18166   0.41267   8.00000  9
   0.01177  -0.63657   0.07133   0.20107   8.00000 10
  -0.18830  -0.49720  -0.41106   1.50125   8.10000  1
  -0.20454  -0.37326   0.45371   0.38678   8.10000  2
  -0.19687  -0.15324   0.04402  -1.34011   8.10000  3
   0.05392  -1.22904   0.13370  -0.00150   8.10000  4
  -0.12537   0.00138  -0.52092  -0.53363   8.10000  5
  -0.24419   0.17288   0.79345   0.15814   8.10000  6
  -0.71675  -0.41206  -0.18609  -0.21123   8.10000  7
  -0.08353  -0.50050  -0.19223  -0.87752   8.10000  8
   0.14407  -0.80088   0.00830   0.58003   8.10000  9
   0.00923  -0.61034  -0.12288   0.33779   8.10000 10
