  -0.29144  -0.90761   0.01588   0.06511   0.10000  1
  -0.28505  -0.71173   0.03132  -0.01588   0.10000  2
   0.08446  -0.33738  -0.03392  -0.04890   0.10000  3
  -0.00697  -0.51151  -0.01031   0.01389   0.10000  4
  -0.00452   2.41590   0.04196  -0.03432   0.10000  5
   0.16991   2.32729  -0.03910  -0.00091   0.10000  6
   0.24033   0.58232  -0.00131   0.04106   0.10000  7
   0.24466   0.77831  -0.00272  -0.03839   0.10000  8
   0.26410   1.67509  -0.04697   0.01294   0.10000  9
   0.07026   1.69969   0.04516   0.00539   0.10000 10
  -0.28902  -0.89779   0.03263   0.13170   0.20000  1
  -0.28036  -0.71412   0.06227  -0.03205   0.20000  2
   0.07933  -0.34476  -0.06878  -0.09910   0.20000  3
  -0.00850  -0.50943  -0.02018   0.02777   0.20000  4
   0.00181   2.41072   0.08480  -0.06951   0.20000  5
   0.16401   2.32718  -0.07894  -0.00133   0.20000  6
   0.24014   0.58852  -0.00257   0.08328   0.20000  7
   0.24425   0.77251  -0.00548  -0.07787   0.20000  8
   0.25701   1.67705  -0.09500   0.02636   0.20000  9
   0.07707   1.70050   0.09124   0.01073   0.20000 10
  -0.28485  -0.88117   0.05131   0.20117   0.30000  1
  -0.27262  -0.71815   0.09231  -0.04862   0.30000  2
   0.07064  -0.35728  -0.10558  -0.15188   0.30000  3
  -0.01098  -0.50596  -0.02914   0.04156   0.30000  4
   0.01250   2.40194   0.12924  -0.10646   0.30000  5
   0.15407   2.32706  -0.12010  -0.00074   0.30000  6
   0.23982   0.59905  -0.00375   0.12772   0.30000  7
   0.24356   0.76266  -0.00831  -0.11944   0.30000  8
   0.24504   1.68039  -0.14494   0.04076   0.30000  9
   0.08857   1.70183   0.13897   0.01594   0.30000 10
  -0.27865  -0.85742   0.07346   0.27445   0.40000  1
  -0.26196  -0.72385   0.12050  -0.06510   0.40000  2
   0.05812  -0.37526  -0.14541  -0.20837   0.40000  3
  -0.01428  -0.50114  -0.03671   0.05482   0.40000  4
   0.02771   2.38934   0.17530  -0.14590   0.40000  5
   0.13995   2.32707  -0.16247   0.00120   0.40000  6
   0.23939   0.61416  -0.00480   0.17491   0.40000  7
   0.24258   0.74853  -0.01125  -0.16361   0.40000  8
   0.22796   1.68525  -0.19683   0.05670   0.40000  9
   0.10492   1.70368   0.18822   0.02092   0.40000 10
  -0.26996  -0.82618   0.10144   0.35064   0.50000  1
  -0.24863  -0.73109   0.14528  -0.07882   0.50000  2
   0.04142  -0.39910  -0.18926  -0.26890   0.50000  3
  -0.01827  -0.49506  -0.04271   0.06609   0.50000  4
   0.04753   2.37267   0.22042  -0.18767   0.50000  5
   0.12162   2.32733  -0.20337   0.00392   0.50000  6
   0.23886   0.63408  -0.00573   0.22340   0.50000  7
   0.24131   0.72990  -0.01430  -0.20890   0.50000  8
   0.20570   1.69180  -0.24744   0.07449   0.50000  9
   0.12616   1.70601   0.23566   0.02576   0.50000 10
  -0.25806  -0.78740   0.13848   0.42310   0.60000  1
  -0.23308  -0.73924   0.16473  -0.08096   0.60000  2
   0.02013  -0.42911  -0.23711  -0.33111   0.60000  3
  -0.02281  -0.48813  -0.04842   0.07078   0.60000  4
   0.07145   2.35184   0.25469  -0.22816   0.60000  5
   0.09964   2.32776  -0.23283   0.00344   0.60000  6
   0.23825   0.65864  -0.00665   0.26542   0.60000  7
   0.23972   0.70695  -0.01733  -0.24754   0.60000  8
   0.17891   1.70019  -0.28420   0.09344   0.60000  9
   0.15159   1.70886   0.26864   0.03158   0.60000 10
  -0.24189  -0.74220   0.18654   0.47649   0.70000  1
  -0.21586  -0.74627   0.17925  -0.05305   0.70000  2
  -0.00604  -0.46510  -0.28582  -0.38641   0.70000  3
  -0.02812  -0.48150  -0.05938   0.05726   0.70000  4
   0.09747   2.32739   0.25972  -0.25827   0.70000  5
   0.07607   2.32759  -0.23254  -0.00973   0.70000  6
   0.23752   0.68633  -0.00799   0.28236   0.70000  7
   0.23786   0.68124  -0.01993  -0.26095   0.70000  8
   0.15007   1.71043  -0.28580   0.11091   0.70000  9
   0.17867   1.71246   0.26595   0.04139   0.70000 10
  -0.22044  -0.69304   0.24393   0.50312   0.80000  1
  -0.19719  -0.74840   0.19501   0.01720   0.80000  2
  -0.03685  -0.50576  -0.32946  -0.42365   0.80000  3
  -0.03522  -0.47783  -0.08592   0.00982   0.80000  4
   0.12227   2.30068   0.23210  -0.27397   0.80000  5
   0.05427   2.32522  -0.19936  -0.04004   0.80000  6
   0.23662   0.71384  -0.01009   0.26266   0.80000  7
   0.23576   0.65604  -0.02177  -0.23761   0.80000  8
   0.12296   1.72227  -0.25221   0.12562   0.80000  9
   0.20356   1.71733   0.22778   0.05687   0.80000 10
  -0.19277  -0.64194   0.31162   0.51851   0.90000  1
  -0.17661  -0.74176   0.21792   0.11976   0.90000  2
  -0.07182  -0.54938  -0.37006  -0.44768   0.90000  3
  -0.04600  -0.48071  -0.13293  -0.07210   0.90000  4
   0.14342   2.27281   0.18988  -0.28305   0.90000  5
   0.03667   2.31925  -0.15161  -0.08031   0.90000  6
   0.23548   0.73815  -0.01273   0.22174   0.90000  7
   0.23352   0.63442  -0.02310  -0.19301   0.90000  8
   0.10008   1.73554  -0.20439   0.13976   0.90000  9
   0.22377   1.72397   0.17539   0.07638   0.90000 10
  -0.15773  -0.58956   0.38821   0.52408   1.00000  1
  -0.15340  -0.72374   0.24658   0.24378   1.00000  2
  -0.11092  -0.59507  -0.40919  -0.46186   1.00000  3
  -0.06234  -0.49297  -0.19596  -0.17559   1.00000  4
   0.16019   2.24405   0.14550  -0.29254   1.00000  5
   0.02399   2.30904  -0.10196  -0.12434   1.00000  6
   0.23407   0.75806  -0.01553   0.17639   1.00000  7
   0.23115   0.61757  -0.02430  -0.14400   1.00000  8
   0.08214   1.75028  -0.15449   0.15543   1.00000  9
   0.23859   1.73270   0.12114   0.09866   1.00000 10
  -0.11651  -0.53904   0.42519   0.47631   1.10000  1
  -0.12763  -0.69258   0.26388   0.37857   1.10000  2
  -0.15177  -0.64001  -0.39439  -0.42790   1.10000  3
  -0.08535  -0.51606  -0.26191  -0.28465   1.10000  4
   0.17257   2.21419   0.10234  -0.30539   1.10000  5
   0.01622   2.29432  -0.05388  -0.17041   1.10000  6
   0.23238   0.77349  -0.01834   0.13264   1.10000  7
   0.22866   0.60555  -0.02551  -0.09671   1.10000  8
   0.06915   1.76671  -0.10535   0.17382   1.10000  9
   0.24804   1.74379   0.06798   0.12372   1.10000 10
  -0.07493  -0.49590   0.39720   0.38035   1.20000  1
  -0.10206  -0.64905   0.24100   0.48452   1.20000  2
  -0.18755  -0.67917  -0.31529  -0.34912   1.20000  3
  -0.11330  -0.54874  -0.28698  -0.36139   1.20000  4
   0.18070   2.18282   0.06037  -0.32283   1.20000  5
   0.01316   2.27488  -0.00741  -0.21898   1.20000  6
   0.23040   0.78467  -0.02111   0.09130   1.20000  7
   0.22605   0.59814  -0.02674  -0.05208   1.20000  8
   0.06105   1.78516  -0.05658   0.19584   1.20000  9
   0.25221   1.75756   0.01554   0.15240   1.20000 10
  -0.03812  -0.46342   0.33731   0.27048   1.30000  1
  -0.08036  -0.59731   0.19001   0.54099   1.30000  2
  -0.21468  -0.70915  -0.22913  -0.24987   1.30000  3
  -0.14092  -0.58694  -0.25911  -0.39497   1.30000  4
   0.18465   2.14944   0.01866  -0.34590   1.30000  5
   0.01471   2.25039   0.03840  -0.27155   1.30000  6
   0.22816   0.79181  -0.02385   0.05165   1.30000  7
   0.22331   0.59507  -0.02797  -0.00954   1.30000  8
   0.05787   1.80604  -0.00681   0.22258   1.30000  9
   0.25113   1.77444  -0.03750   0.18613   1.30000 10
  -0.00751  -0.44130   0.27490   0.17483   1.40000  1
  -0.06407  -0.54274   0.13912   0.54398   1.40000  2
  -0.23383  -0.72934  -0.15574  -0.15540   1.40000  3
  -0.16461  -0.62616  -0.21611  -0.38416   1.40000  4
   0.18440   2.11341  -0.02399  -0.37596   1.40000  5
   0.02086   2.22036   0.08472  -0.33044   1.40000  6
   0.22563   0.79502  -0.02658   0.01261   1.40000  7
   0.22046   0.59619  -0.02912   0.03187   1.40000  8
   0.05979   1.82989   0.04574   0.25558   1.40000  9
   0.24463   1.79503  -0.09293   0.22710   1.40000 10
   0.01677  -0.42783   0.20993   0.09818   1.50000  1
  -0.05152  -0.48911   0.11714   0.52710   1.50000  2
  -0.24611  -0.74057  -0.09088  -0.07096   1.50000  3
  -0.18480  -0.66345  -0.19097  -0.36208   1.50000  4
   0.17978   2.07394  -0.06886  -0.41509   1.50000  5
   0.03172   2.18398   0.13294  -0.39920   1.50000  6
   0.22284   0.79431  -0.02936  -0.02696   1.50000  7
   0.21749   0.60144  -0.03017   0.07324   1.50000  8
   0.06718   1.85744   0.10321   0.29708   1.50000  9
   0.23239   1.82021  -0.15298   0.27868   1.50000 10
   0.03432  -0.42085   0.14046   0.04587   1.60000  1
  -0.03976  -0.43757   0.12149   0.50194   1.60000  2
  -0.25217  -0.74394  -0.03118   0.00097   1.60000  3
  -0.20337  -0.69871  -0.18256  -0.34316   1.60000  4
   0.17051   2.03002  -0.11707  -0.46524   1.60000  5
   0.04757   2.14001   0.18469  -0.48332   1.60000  6
   0.21976   0.78957  -0.03224  -0.06814   1.60000  7
   0.21443   0.61087  -0.03105   0.11565   1.60000  8
   0.08067   1.88967   0.16776   0.34957   1.60000  9
   0.21380   1.85128  -0.22031   0.34584   1.60000 10
   0.04486  -0.41767   0.07111   0.02264   1.70000  1
  -0.02678  -0.38922   0.13908   0.46239   1.70000  2
  -0.25257  -0.74101   0.02147   0.05363   1.70000  3
  -0.22152  -0.73192  -0.18047  -0.31921   1.70000  4
   0.15629   1.98073  -0.16690  -0.51818   1.70000  5
   0.06885   2.08654   0.24228  -0.59057   1.70000  6
   0.21638   0.78060  -0.03531  -0.11185   1.70000  7
   0.21129   0.62464  -0.03171   0.16002   1.70000  8
   0.10093   1.92764   0.23708   0.40898   1.70000  9
   0.18801   1.89005  -0.29662   0.43215   1.70000 10
   0.04881  -0.41546   0.00981   0.02510   1.80000  1
  -0.01195  -0.34560   0.15663   0.40781   1.80000  2
  -0.24834  -0.73414   0.06028   0.07905   1.80000  3
  -0.23927  -0.76196  -0.17258  -0.27823   1.80000  4
   0.13767   1.92842  -0.19991  -0.50845   1.80000  5
   0.09632   2.02110   0.30795  -0.71787   1.80000  6
   0.21269   0.76711  -0.03865  -0.15822   1.80000  7
   0.20809   0.64295  -0.03210   0.20659   1.80000  8
   0.12725   1.97030   0.27936   0.43149   1.80000  9
   0.15447   1.93764  -0.37080   0.51272   1.80000 10
   0.04725  -0.41212  -0.03889   0.04335   1.90000  1
   0.00429  -0.30794   0.16655   0.34466   1.90000  2
  -0.24112  -0.72603   0.08153   0.08013   1.90000  3
  -0.25561  -0.78696  -0.15210  -0.21961   1.90000  4
   0.11758   1.88294  -0.19620  -0.39222   1.90000  5
   0.12975   1.94544   0.34915  -0.77095   1.90000  6
   0.20864   0.74895  -0.04232  -0.20451   1.90000  7
   0.20488   0.66595  -0.03217   0.25279   1.90000  8
   0.15423   2.01059   0.25018   0.36070   1.90000  9
   0.11584   1.98955  -0.38574   0.50566   1.90000 10
   0.04146  -0.40657  -0.07492   0.06825   2.00000  1
   0.02104  -0.27673   0.16706   0.27954   2.00000  2
  -0.23248  -0.71850   0.08950   0.06944   2.00000  3
  -0.26935  -0.80563  -0.12161  -0.15333   2.00000  4
   0.09954   1.84971  -0.15957  -0.27864   2.00000  5
   0.16337   1.87086   0.31434  -0.71354   2.00000  6
   0.20422   0.72656  -0.04610  -0.23987   2.00000  7
   0.20166   0.69316  -0.03213   0.28802   2.00000  8
   0.17621   2.04147   0.18723   0.25891   2.00000  9
   0.08007   2.03605  -0.32381   0.42124   2.00000 10
   0.03263  -0.39844  -0.09993   0.09430   2.10000  1
   0.03741  -0.25197   0.15888   0.21618   2.10000  2
  -0.22346  -0.71221   0.08994   0.05645   2.10000  3
  -0.27976  -0.81764  -0.08593  -0.08704   2.10000  4
   0.08630   1.82573  -0.10394  -0.20722   2.10000  5
   0.19183   1.80298   0.25366  -0.64431   2.10000  6
   0.19944   0.70202  -0.04928  -0.24446   2.10000  7
   0.19843   0.72251  -0.03263   0.29267   2.10000  8
   0.19162   2.06320   0.12157   0.17985   2.10000  9
   0.05129   2.07416  -0.25233   0.34357   2.10000 10
   0.02179  -0.38777  -0.11546   0.11872   2.20000  1
   0.05257  -0.23338   0.14311   0.15613   2.20000  2
  -0.21463  -0.70716   0.08608   0.04500   2.20000  3
  -0.28646  -0.82313  -0.04784  -0.02327   2.20000  4
   0.07872   1.80729  -0.04858  -0.16518   2.20000  5
   0.21420   1.74183   0.19494  -0.57994   2.20000  6
   0.19440   0.67885  -0.05129  -0.21461   2.20000  7
   0.19510   0.75052  -0.03420   0.26329   2.20000  8
   0.20070   2.07810   0.06095   0.12079   2.20000  9
   0.02936   2.10520  -0.18770   0.27907   2.20000 10
   0.00982  -0.37479  -0.12251   0.14021   2.30000  1
   0.06580  -0.22062   0.12057   0.09982   2.30000  2
  -0.20635  -0.70313   0.07905   0.03598   2.30000  3
  -0.28928  -0.82238  -0.00829   0.03795   2.30000  4
   0.07634   1.79219  -0.00040  -0.13865   2.30000  5
   0.23110   1.68674   0.14465  -0.52294   2.30000  6
   0.18921   0.65960  -0.05244  -0.16937   2.30000  7
   0.19157   0.77469  -0.03650   0.21917   2.30000  8
   0.20399   2.08779   0.00569   0.07452   2.30000  9
   0.01353   2.13027  -0.12983   0.22331   2.30000 10
  -0.00245  -0.35985  -0.12165   0.15814   2.40000  1
   0.07647  -0.21329   0.09170   0.04727   2.40000  2
  -0.19892  -0.69989   0.06902   0.02921   2.40000  3
  -0.28807  -0.81560   0.03270   0.09739   2.40000  4
   0.07839   1.77929   0.04018  -0.12036   2.40000  5
   0.24339   1.63700   0.10237  -0.47303   2.40000  6
   0.18393   0.64503  -0.05317  -0.12233   2.40000  7
   0.18780   0.79434  -0.03900   0.17411   2.40000  8
   0.20197   2.09329  -0.04537   0.03670   2.40000  9
   0.00323   2.15004  -0.07678   0.17288   2.40000 10
  -0.01425  -0.34330  -0.11321   0.17219   2.50000  1
   0.08394  -0.21104   0.05669  -0.00164   2.50000  2
  -0.19265  -0.69723   0.05577   0.02422   2.50000  3
  -0.28268  -0.80293   0.07550   0.15590   2.50000  4
   0.08415   1.76797   0.07400  -0.10667   2.50000  5
   0.25179   1.59194   0.06656  -0.42914   2.50000  6
   0.17859   0.63506  -0.05368  -0.07742   2.50000  7
   0.18377   0.80963  -0.04144   0.13231   2.50000  8
   0.19502   2.09533  -0.09335   0.00498   2.50000  9
  -0.00193   2.16493  -0.02682   0.12528   2.50000 10
  -0.02485  -0.32555  -0.09743   0.18195   2.60000  1
   0.08760  -0.21350   0.01548  -0.04698   2.60000  2
  -0.18788  -0.69499   0.03914   0.02083   2.60000  3
  -0.27290  -0.78443   0.12056   0.21400   2.60000  4
   0.09299   1.75787   0.10175  -0.09558   2.60000  5
   0.25688   1.55101   0.03586  -0.39026   2.60000  6
   0.17320   0.62946  -0.05404  -0.03482   2.60000  7
   0.17951   0.82093  -0.04373   0.09416   2.60000  8
   0.18338   2.09445  -0.13899  -0.02174   2.60000  9
  -0.00219   2.17512   0.02138   0.07845   2.60000 10
  -0.03350  -0.30707  -0.07455   0.18671   2.70000  1
   0.08682  -0.22031  -0.03208  -0.08854   2.70000  2
  -0.18493  -0.69299   0.01954   0.01983   2.70000  3
  -0.25849  -0.76015   0.16792   0.27129   2.70000  4
   0.10431   1.74881   0.12377  -0.08587   2.70000  5
   0.25910   1.51375   0.00932  -0.35558   2.70000  6
   0.16778   0.62805  -0.05423   0.00640   2.70000  7
   0.17503   0.82856  -0.04582   0.05895   2.70000  8
   0.16729   2.09114  -0.18250  -0.04356   2.70000  9
   0.00232   2.18058   0.06864   0.03036   2.70000 10
  -0.03954  -0.28842  -0.04510   0.18504   2.80000  1
   0.08097  -0.23107  -0.08609  -0.12566   2.80000  2
  -0.18400  -0.69084  -0.00071   0.02449   2.80000  3
  -0.23929  -0.73028   0.21588   0.32518   2.80000  4
   0.11755   1.74068   0.14004  -0.07677   2.80000  5
   0.25886   1.47977  -0.01373  -0.32452   2.80000  6
   0.16236   0.63074  -0.05421   0.04739   2.80000  7
   0.17035   0.83278  -0.04773   0.02570   2.80000  8
   0.14697   2.08593  -0.22332  -0.05968   2.80000  9
   0.01151   2.18108   0.11500  -0.02118   2.80000 10
  -0.04234  -0.27037  -0.01036   0.17425   2.90000  1
   0.06940  -0.24525  -0.14605  -0.15687   2.90000  2
  -0.18488  -0.68765  -0.01500   0.04235   2.90000  3
  -0.21548  -0.69544   0.25861   0.36925   2.90000  4
   0.13212   1.73345   0.15032  -0.06784   2.90000  5
   0.25646   1.44873  -0.03374  -0.29673   2.90000  6
   0.15695   0.63756  -0.05392   0.08933   2.90000  7
   0.16549   0.83373  -0.04951  -0.00663   2.90000  8
   0.12278   2.07945  -0.25930  -0.06848   2.90000  9
   0.02524   2.17615   0.15894  -0.07863   2.90000 10
  -0.04154  -0.25402   0.02639   0.15003   3.00000  1
   0.05163  -0.26216  -0.20959  -0.17972   3.00000  2
  -0.18643  -0.68161  -0.01259   0.08243   3.00000  3
  -0.18807  -0.65702   0.28632   0.39627   3.00000  4
   0.14741   1.72711   0.15447  -0.05896   3.00000  5
   0.25220   1.42032  -0.05103  -0.27203   3.00000  6
   0.15159   0.64867  -0.05322   0.13340   3.00000  7
   0.16045   0.83145  -0.05127  -0.03913   3.00000  8
   0.09544   2.07253  -0.28515  -0.06838   3.00000  9
   0.04306   2.16509   0.19567  -0.14391   3.00000 10
  -0.03723  -0.24098   0.05800   0.10719   3.10000  1
   0.02756  -0.28083  -0.27057  -0.19192   3.10000  2
  -0.18666  -0.67042   0.01132   0.14437   3.10000  3
  -0.15886  -0.61667   0.29520   0.40945   3.10000  4
   0.16281   1.72165   0.15263  -0.05015   3.10000  5
   0.24633   1.39423  -0.06586  -0.25038   3.10000  6
   0.14632   0.66435  -0.05198   0.18070   3.10000  7
   0.15523   0.82587  -0.05314  -0.07280   3.10000  8
   0.06641   2.06603  -0.29112  -0.06091   3.10000  9
   0.06381   2.14714   0.21553  -0.21555   3.10000 10
  -0.03047  -0.23329   0.07366   0.04336   3.20000  1
  -0.00206  -0.30024  -0.31900  -0.19548   3.20000  2
  -0.18365  -0.65232   0.05071   0.21907   3.20000  3
  -0.12944  -0.57514   0.29201   0.42220   3.20000  4
   0.17776   1.71708   0.14540  -0.04130   3.20000  5
   0.23910   1.37014  -0.07847  -0.23180   3.20000  6
   0.14122   0.68494  -0.04993   0.23182   3.20000  7
   0.14981   0.81683  -0.05535  -0.10812   3.20000  8
   0.03821   2.06031  -0.26783  -0.05467   3.20000  9
   0.08526   2.12204   0.20881  -0.28508   3.20000 10
  -0.02331  -0.23287   0.06557  -0.03712   3.30000  1
  -0.03553  -0.31999  -0.34659  -0.20111   3.30000  2
  -0.17625  -0.62638   0.09836   0.30083   3.30000  3
  -0.10063  -0.53183   0.28346   0.44656   3.30000  4
   0.19174   1.71341   0.13363  -0.03186   3.30000  5
   0.23070   1.34776  -0.08912  -0.21634   3.30000  6
   0.13637   0.71080  -0.04684   0.28540   3.30000  7
   0.14415   0.80423  -0.05812  -0.14356   3.30000  8
   0.01373   2.05468  -0.21861  -0.06040   3.30000  9
   0.10476   2.09055   0.17825  -0.34240   3.30000 10
  -0.01810  -0.24103   0.03539  -0.12732   3.40000  1
  -0.07058  -0.34103  -0.34985  -0.22304   3.40000  2
  -0.16383  -0.59191   0.15049   0.39029   3.40000  3
  -0.07295  -0.48520   0.26814   0.48912   3.40000  4
   0.20435   1.71076   0.11795  -0.02084   3.40000  5
   0.22133   1.32677  -0.09812  -0.20410   3.40000  6
   0.13189   0.74187  -0.04266   0.33385   3.40000  7
   0.13817   0.78836  -0.06145  -0.17122   3.40000  8
  -0.00511   2.04774  -0.15709  -0.08065   3.40000  9
   0.12057   2.05403   0.13719  -0.38610   3.40000 10
  -0.01673  -0.25859  -0.00975  -0.22548   3.50000  1
  -0.10440  -0.36518  -0.31969  -0.26065   3.50000  2
  -0.14607  -0.54791   0.20483   0.49234   3.50000  3
  -0.04769  -0.43359   0.23208   0.54262   3.50000  4
   0.21521   1.70934   0.09850  -0.00699   3.50000  5
   0.21112   1.30683  -0.10581  -0.19526   3.50000  6
   0.12785   0.77681  -0.03821   0.35954   3.50000  7
   0.13187   0.77085  -0.06446  -0.17303   3.50000  8
  -0.01763   2.03819  -0.09359  -0.11197   3.50000  9
   0.13221   2.01362   0.09611  -0.42113   3.50000 10
  -0.02033  -0.28645  -0.06325  -0.33271   3.60000  1
  -0.13307  -0.39261  -0.24753  -0.28250   3.60000  2
  -0.12297  -0.49285   0.25566   0.61118   3.60000  3
  -0.02761  -0.37748   0.16579   0.57267   3.60000  4
   0.22391   1.70950   0.07479   0.01098   3.60000  5
   0.20020   1.28759  -0.11259  -0.19016   3.60000  6
   0.12420   0.81264  -0.03497   0.35245   3.60000  7
   0.12534   0.75502  -0.06564  -0.13837   3.60000  8
  -0.02390   2.02509  -0.03216  -0.15102   3.60000  9
   0.13996   1.96992   0.05990  -0.45253   3.60000 10
  -0.02942  -0.32472  -0.11815  -0.42480   3.70000  1
  -0.15289  -0.42015  -0.14482  -0.25810   3.70000  2
  -0.09559  -0.42580   0.28800   0.72379   3.70000  3
  -0.01485  -0.32087   0.08877   0.54781   3.70000  4
   0.22998   1.71171   0.04556   0.03422   3.70000  5
   0.18862   1.26866  -0.11887  -0.18929   3.70000  6
   0.12081   0.84673  -0.03303   0.32835   3.70000  7
   0.11881   0.74389  -0.06480  -0.08225   3.70000  8
  -0.02417   2.00778   0.02636  -0.19611   3.70000  9
   0.14443   1.92312   0.03098  -0.48362   3.70000 10
  -0.04384  -0.36874  -0.16824  -0.43899   3.80000  1
  -0.16172  -0.44220  -0.03328  -0.17687   3.80000  2
  -0.06585  -0.35034   0.30474   0.77006   3.80000  3
  -0.00981  -0.27035   0.01369   0.45516   3.80000  4
   0.23276   1.71654   0.00840   0.06313   3.80000  5
   0.17643   1.24957  -0.12501  -0.19328   3.80000  6
   0.11758   0.87832  -0.03155   0.30430   3.80000  7
   0.11242   0.73873  -0.06276  -0.02086   3.80000  8
  -0.01871   1.98568   0.08230  -0.24681   3.80000  9
   0.14647   1.87315   0.01171  -0.51582   3.80000 10
  -0.06227  -0.40962  -0.19704  -0.37233   3.90000  1
  -0.16012  -0.45524   0.06235  -0.08490   3.90000  2
  -0.03543  -0.27464   0.29944   0.73684   3.90000  3
  -0.01155  -0.23014  -0.04475   0.35134   3.90000  4
   0.23128   1.72445  -0.04039   0.09519   3.90000  5
   0.16362   1.22981  -0.13128  -0.20289   3.90000  6
   0.11450   0.90783  -0.02997   0.28729   3.90000  7
   0.10628   0.73970  -0.06006   0.03997   3.90000  8
  -0.00777   1.95822   0.13643  -0.30341   3.90000  9
   0.14720   1.81997   0.00527  -0.54710   3.90000 10
  -0.08302  -0.44328  -0.21758  -0.30254   4.00000  1
  -0.14977  -0.45963   0.14188  -0.00584   4.00000  2
  -0.00659  -0.20332   0.27439   0.68863   4.00000  3
  -0.01783  -0.19918  -0.07562   0.27351   4.00000  4
   0.22418   1.73533  -0.10376   0.11935   4.00000  5
   0.15016   1.20877  -0.13780  -0.21912   4.00000  6
   0.11160   0.93610  -0.02810   0.27962   4.00000  7
   0.10042   0.74668  -0.05691   0.09964   4.00000  8
   0.00855   1.92479   0.19001  -0.36651   4.00000  9
   0.14803   1.76410   0.01349  -0.56674   4.00000 10
  -0.10552  -0.47032  -0.22954  -0.23797   4.10000  1
  -0.13246  -0.45709   0.19962   0.05280   4.10000  2
   0.01886  -0.13724   0.23229   0.63125   4.10000  3
  -0.02564  -0.17419  -0.07631   0.23186   4.10000  4
   0.21024   1.74735  -0.17520   0.11521   4.10000  5
   0.13605   1.18573  -0.14439  -0.24328   4.10000  6
   0.10889   0.96411  -0.02604   0.28245   4.10000  7
   0.09491   0.75963  -0.05333   0.15937   4.10000  8
   0.03029   1.88468   0.24515  -0.43680   4.10000  9
   0.15012   1.70770   0.02773  -0.55489   4.10000 10
  -0.12810  -0.49064  -0.21730  -0.16741   4.20000  1
  -0.11103  -0.44988   0.22281   0.08788   4.20000  2
   0.03965  -0.07724   0.18350   0.56875   4.20000  3
  -0.03254  -0.15201  -0.06008   0.21436   4.20000  4
   0.18938   1.75732  -0.24026   0.08061   4.20000  5
   0.12131   1.15980  -0.15031  -0.27688   4.20000  6
   0.10638   0.99297  -0.02423   0.29669   4.20000  7
   0.08978   0.77862  -0.04922   0.22113   4.20000  8
   0.05773   1.83717   0.30466  -0.51442   4.20000  9
   0.15317   1.65424   0.03043  -0.51071   4.20000 10
  -0.14815  -0.50369  -0.18077  -0.09378   4.30000  1
  -0.08899  -0.44000   0.21390   0.10838   4.30000  2
   0.05566  -0.02337   0.13740   0.50949   4.30000  3
  -0.03750  -0.13100  -0.03890   0.20664   4.30000  4
   0.16253   1.76301  -0.29427   0.03049   4.30000  5
   0.10607   1.13003  -0.15362  -0.31976   4.30000  6
   0.10399   1.02380  -0.02410   0.32119   4.30000  7
   0.08508   0.80400  -0.04454   0.28754   4.30000  8
   0.09133   1.78171   0.36646  -0.59390   4.30000  9
   0.15570   1.60588   0.01844  -0.45628   4.30000 10
  -0.16390  -0.50956  -0.13352  -0.02463   4.40000  1
  -0.06879  -0.42831   0.18839   0.12542   4.40000  2
   0.06731   0.02486   0.09652   0.45624   4.40000  3
  -0.04031  -0.11057  -0.01731   0.20231   4.40000  4
   0.13151   1.76253  -0.31789  -0.04641   4.40000  5
   0.09081   1.09585  -0.14995  -0.36154   4.40000  6
   0.10139   1.05718  -0.02920   0.34402   4.40000  7
   0.08089   0.83640  -0.03931   0.36218   4.40000  8
   0.13019   1.71909   0.40226  -0.65292   4.40000  9
   0.15664   1.56288   0.00000  -0.40466   4.40000 10
  -0.17480  -0.50883  -0.08440   0.03814   4.50000  1
  -0.05151  -0.41488   0.15673   0.14324   4.50000  2
   0.07513   0.06806   0.06055   0.40863   4.50000  3
  -0.04099  -0.09049   0.00344   0.19944   4.50000  4
   0.10063   1.75284  -0.29410  -0.14841   4.50000  5
   0.07647   1.05872  -0.13501  -0.37440   4.50000  6
   0.09787   1.09152  -0.04222   0.33540   4.50000  7
   0.07723   0.87687  -0.03398   0.44969   4.50000  8
   0.16989   1.65185   0.38418  -0.69155   4.50000  9
   0.15581   1.52472  -0.01518  -0.36018   4.50000 10
  -0.18082  -0.50210  -0.03630   0.09577   4.60000  1
  -0.03751  -0.39961   0.12306   0.16234   4.60000  2
   0.07955   0.10674   0.02865   0.36547   4.60000  3
  -0.03966  -0.07065   0.02292   0.19752   4.60000  4
   0.07316   1.73302  -0.25469  -0.24635   4.60000  5
   0.06404   1.02202  -0.11293  -0.35617   4.60000  6
   0.09294   1.12316  -0.05563   0.29481   4.60000  7
   0.07405   0.92687  -0.03008   0.55219   4.60000  8
   0.20599   1.58051   0.33390  -0.73667   4.60000  9
   0.15399   1.49041  -0.01889  -0.32891   4.60000 10
  -0.18210  -0.48979   0.01047   0.15010   4.70000  1
  -0.02691  -0.38239   0.08874   0.18232   4.70000  2
   0.08096   0.14126   0.00005   0.32554   4.70000  3
  -0.03646  -0.05096   0.04091   0.19646   4.70000  4
   0.04966   1.70384  -0.21561  -0.33644   4.70000  5
   0.05406   0.98828  -0.08581  -0.31113   4.70000  6
   0.08702   1.15047  -0.06102   0.25296   4.70000  7
   0.07106   0.98715  -0.03035   0.64814   4.70000  8
   0.23593   1.50437   0.26137  -0.78584   4.70000  9
   0.15251   1.45812  -0.00875  -0.32210   4.70000 10
  -0.17875  -0.47213   0.05639   0.20292   4.80000  1
  -0.01977  -0.36314   0.05414   0.20270   4.80000  2
   0.07966   0.17192  -0.02578   0.28775   4.80000  3
  -0.03154  -0.03133   0.05717   0.19626   4.80000  4
   0.02999   1.66583  -0.17808  -0.42383   4.80000  5
   0.04694   0.96173  -0.05693  -0.21284   4.80000  6
   0.08112   1.17418  -0.05464   0.22373   4.80000  7
   0.06804   1.05496  -0.02828   0.70322   4.80000  8
   0.25760   1.42354   0.16888  -0.82962   4.80000  9
   0.15244   1.42481   0.00713  -0.35028   4.80000 10
  -0.17083  -0.44920   0.10219   0.25588   4.90000  1
  -0.01609  -0.34185   0.01927   0.22307   4.90000  2
   0.07589   0.19885  -0.04909   0.25113   4.90000  3
  -0.02509  -0.01168   0.07140   0.19696   4.90000  4
   0.01406   1.61897  -0.14029  -0.51424   4.90000  5
   0.04252   0.94617  -0.03203  -0.09908   4.90000  6
   0.07662   1.19578  -0.03224   0.21162   4.90000  7
   0.06598   1.12778  -0.00902   0.75531   4.90000  8
   0.26906   1.33873   0.05636  -0.86489   4.90000  9
   0.15362   1.38681   0.01345  -0.41575   4.90000 10
  -0.15830  -0.42090   0.14854   0.31066   5.00000  1
  -0.01592  -0.31854  -0.01587   0.24296   5.00000  2
   0.06992   0.22215  -0.06993   0.21477   5.00000  3
  -0.01734   0.00809   0.08315   0.19859   5.00000  4
   0.00203   1.56266  -0.09936  -0.61447   5.00000  5
   0.04053   0.94164  -0.00734   0.00731   5.00000  6
   0.07537   1.21730   0.01077   0.22333   5.00000  7
   0.06721   1.20623   0.03927   0.81053   5.00000  8
   0.26797   1.25116  -0.08265  -0.88065   5.00000  9
   0.15426   1.34058  -0.00657  -0.51303   5.00000 10
  -0.14109  -0.38695   0.19582   0.36903   5.10000  1
  -0.01927  -0.29329  -0.05100   0.26189   5.10000  2
   0.06199   0.24179  -0.08810   0.17785   5.10000  3
  -0.00856   0.02807   0.09182   0.20121   5.10000  4
  -0.00551   1.49543  -0.04860  -0.73401   5.10000  5
   0.04123   0.94749   0.02280   0.10954   5.10000  6
   0.07937   1.24123   0.07048   0.25611   5.10000  7
   0.07473   1.28802   0.11052   0.80994   5.10000  8
   0.25204   1.16441  -0.23424  -0.84428   5.10000  9
   0.15080   1.28416  -0.06949  -0.60727   5.10000 10
  -0.11912  -0.34691   0.24342   0.43284   5.20000  1
  -0.02608  -0.26621  -0.08485   0.27944   5.20000  2
   0.05240   0.25768  -0.10320   0.13963   5.20000  3
   0.00090   0.04837   0.09661   0.20496   5.20000  4
  -0.00670   1.41509   0.03222  -0.87279   5.20000  5
   0.04548   0.96367   0.06477   0.21534   5.20000  6
   0.08907   1.26783   0.11719   0.26900   5.20000  7
   0.08768   1.36492   0.13548   0.71610   5.20000  8
   0.22212   1.08373  -0.35883  -0.76609   5.20000  9
   0.14000   1.22219  -0.14282  -0.61843   5.20000 10
  -0.09250  -0.30016   0.28782   0.50318   5.30000  1
  -0.03607  -0.23743  -0.11328   0.29624   5.30000  2
   0.04148   0.26965  -0.11470   0.09945   5.30000  3
   0.01060   0.06910   0.09653   0.20997   5.30000  4
   0.00239   1.32234   0.15233  -0.97147   5.30000  5
   0.05479   0.99080   0.12428   0.32743   5.30000  6
   0.10089   1.29353   0.10946   0.23790   5.30000  7
   0.09985   1.42938   0.10592   0.56638   5.30000  8
   0.18105   1.01144  -0.45985  -0.67789   5.30000  9
   0.12326   1.16171  -0.18851  -0.59120   5.30000 10
  -0.06199  -0.24613   0.31888   0.57749   5.40000  1
  -0.04822  -0.20684  -0.12582   0.31707   5.40000  2
   0.02961   0.27748  -0.12191   0.05663   5.40000  3
   0.02000   0.09041   0.09042   0.21623   5.40000  4
   0.02337   1.22238   0.26260  -1.02527   5.40000  5
   0.07047   1.02873   0.18502   0.42613   5.40000  6
   0.10977   1.31382   0.06740   0.16105   5.40000  7
   0.10936   1.47813   0.08674   0.41247   5.40000  8
   0.13083   0.94906  -0.53796  -0.56281   5.40000  9
   0.10255   1.10333  -0.22537  -0.57899   5.40000 10
  -0.02969  -0.18482   0.32176   0.64713   5.50000  1
  -0.06019  -0.17349  -0.10783   0.35365   5.50000  2
   0.01727   0.28086  -0.12387   0.01042   5.50000  3
   0.02844   0.11238   0.07716   0.22333   5.50000  4
   0.05375   1.11679   0.33878  -1.08758   5.50000  5
   0.08982   1.07450   0.18974   0.47637   5.50000  6
   0.11488   1.32516   0.03777   0.06621   5.50000  7
   0.11750   1.51275   0.07700   0.28380   5.50000  8
   0.07534   0.89994  -0.56257  -0.41830   5.50000  9
   0.07861   1.04628  -0.24796  -0.55504   5.50000 10
   0.00139  -0.11701   0.29603   0.70827   5.60000  1
  -0.06877  -0.13528  -0.05994   0.41436   5.60000  2
   0.00506   0.27942  -0.11905  -0.04013   5.60000  3
   0.03516   0.13506   0.05577   0.22992   5.60000  4
   0.08910   1.00664   0.35284  -1.10193   5.60000  5
   0.10685   1.12022   0.15014   0.42467   5.60000  6
   0.11776   1.32745   0.02137  -0.01847   5.60000  7
   0.12484   1.53551   0.06987   0.17382   5.60000  8
   0.01993   0.86507  -0.53770  -0.28266   5.60000  9
   0.05442   0.99329  -0.22934  -0.50785   5.60000 10
   0.02904  -0.04312   0.25536   0.77094   5.70000  1
  -0.07173  -0.08993   0.00186   0.49569   5.70000  2
  -0.00623   0.27265  -0.10475  -0.09611   5.70000  3
   0.03931   0.15826   0.02576   0.23318   5.70000  4
   0.12132   0.89808   0.28220  -1.06512   5.70000  5
   0.12028   1.15943   0.11989   0.36655   5.70000  6
   0.11935   1.32178   0.01121  -0.09386   5.70000  7
   0.13149   1.54789   0.06316   0.07517   5.70000  8
  -0.03057   0.84222  -0.46538  -0.18260   5.70000  9
   0.03348   0.94309  -0.18931  -0.50383   5.70000 10
   0.05215   0.03762   0.20479   0.84638   5.80000  1
  -0.06827  -0.03557   0.06755   0.59447   5.80000  2
  -0.01543   0.26000  -0.07639  -0.15780   5.80000  3
   0.04006   0.18144  -0.01174   0.22900   5.80000  4
   0.14492   0.79397   0.19048  -1.01753   5.80000  5
   0.13099   1.19489   0.09458   0.34822   5.80000  6
   0.12015   1.30885   0.00563  -0.16383   5.80000  7
   0.13746   1.55076   0.05622  -0.01714   5.80000  8
  -0.07233   0.82684  -0.36786  -0.13271   5.80000  9
   0.01604   0.89157  -0.16327  -0.52906   5.80000 10
   0.06936   0.12660   0.13463   0.93380   5.90000  1
  -0.05815   0.02965   0.13537   0.71409   5.90000  2
  -0.02080   0.24106  -0.02666  -0.21970   5.90000  3
   0.03689   0.20373  -0.05098   0.21560   5.90000  4
   0.15980   0.69410   0.10908  -0.98365   5.90000  5
   0.13917   1.22986   0.06876   0.35298   5.90000  6
   0.12067   1.28929   0.00591  -0.22469   5.90000  7
   0.14272   1.54455   0.04892  -0.10691   5.90000  8
  -0.10404   0.81439  -0.26668  -0.12197   5.90000  9
   0.00011   0.83713  -0.15836  -0.55955   5.90000 10
   0.07787   0.22344   0.03113   0.99169   6.00000  1
  -0.04106   0.10818   0.20730   0.86075   6.00000  2
  -0.01986   0.21707   0.04806  -0.24922   6.00000  3
   0.03020   0.22471  -0.08067   0.20741   6.00000  4
   0.16698   0.59630   0.03477  -0.97808   6.00000  5
   0.14463   1.26533   0.03999   0.35333   6.00000  6
   0.12156   1.26482   0.01276  -0.25832   6.00000  7
   0.14723   1.52934   0.04125  -0.19770   6.00000  8
  -0.12577   0.80142  -0.16881  -0.14217   6.00000  9
  -0.01605   0.77975  -0.16577  -0.58767   6.00000 10
   0.07571   0.32223  -0.06807   0.97562   6.10000  1
  -0.01657   0.20200   0.28165   1.00860   6.10000  2
  -0.01144   0.19453   0.11626  -0.18109   6.10000  3
   0.02123   0.24627  -0.09576   0.23003   6.10000  4
   0.16647   0.49713  -0.04925  -1.01282   6.10000  5
   0.14722   1.29966   0.01269   0.32959   6.10000  6
   0.12327   1.23909   0.02088  -0.24989   6.10000  7
   0.15095   1.50485   0.03294  -0.29334   6.10000  8
  -0.13804   0.78506  -0.07777  -0.18936   6.10000  9
  -0.03306   0.71956  -0.17357  -0.61733   6.10000 10
   0.06616   0.41781  -0.11414   0.92896   6.20000  1
   0.01467   0.30726   0.33904   1.08509   6.20000  2
   0.00260   0.18463   0.16154  -0.00647   6.20000  3
   0.01203   0.27234  -0.08041   0.30111   6.20000  4
   0.15542   0.39278  -0.18399  -1.06861   6.20000  5
   0.14743   1.33092  -0.00698   0.29572   6.20000  6
   0.12557   1.21567   0.02424  -0.21660   6.20000  7
   0.15377   1.47040   0.02316  -0.39706   6.20000  8
  -0.14158   0.76274   0.00585  -0.26081   6.20000  9
  -0.05034   0.65581  -0.16832  -0.66133   6.20000 10
   0.05281   0.50638  -0.15828   0.84092   6.30000  1
   0.05014   0.41693   0.35735   1.09887   6.30000  2
   0.02048   0.19382   0.19516   0.18936   6.30000  3
   0.00680   0.30761  -0.01936   0.40280   6.30000  4
   0.12840   0.28707  -0.35249  -1.02538   6.30000  5
   0.14612   1.35888  -0.01777   0.26273   6.30000  6
   0.12796   1.19592   0.02310  -0.17847   6.30000  7
   0.15547   1.42524   0.00999  -0.50552   6.30000  8
  -0.13695   0.73214   0.08734  -0.35479   6.30000  9
  -0.06549   0.58636  -0.12504  -0.73053   6.30000 10
   0.03387   0.58605  -0.21825   0.74946   6.40000  1
   0.08238   0.52623   0.27210   1.08434   6.40000  2
   0.04143   0.22168   0.21982   0.35816   6.40000  3
   0.00782   0.35175   0.03207   0.47611   6.40000  4
   0.08706   0.19039  -0.46180  -0.89926   6.40000  5
   0.14415   1.38269  -0.02047   0.20593   6.40000  6
   0.13012   1.17989   0.01992  -0.14274   6.40000  7
   0.15559   1.36999  -0.00853  -0.59274   6.40000  8
  -0.12370   0.69117   0.18156  -0.46659   6.40000  9
  -0.07298   0.51053  -0.01644  -0.77268   6.40000 10
   0.01039   0.65605  -0.24438   0.65110   6.50000  1
   0.10315   0.63270   0.14238   1.04014   6.50000  2
   0.06250   0.26329   0.19102   0.46974   6.50000  3
   0.01144   0.40272   0.03226   0.54211   6.50000  4
   0.03877   0.10853  -0.49339  -0.73861   6.50000  5
   0.14211   1.39844  -0.02046   0.10323   6.50000  6
   0.13194   1.16722   0.01654  -0.11150   6.50000  7
   0.15368   1.30808  -0.02963  -0.64142   6.50000  8
  -0.09957   0.63909   0.30590  -0.56852   6.50000  9
  -0.06869   0.43425   0.09977  -0.74629   6.50000 10
  -0.01341   0.71617  -0.22238   0.55203   6.60000  1
   0.11133   0.73354   0.02648   0.97507   6.60000  2
   0.07809   0.31577   0.11467   0.58068   6.60000  3
   0.01328   0.45906   0.00421   0.57804   6.60000  4
  -0.01054   0.04162  -0.49060  -0.60566   6.60000  5
   0.13999   1.40286  -0.02232  -0.01505   6.60000  6
   0.13343   1.15730   0.01318  -0.08917   6.60000  7
   0.14966   1.24179  -0.05093  -0.68594   6.60000  8
  -0.06267   0.57952   0.42544  -0.61452   6.60000  9
  -0.05343   0.36273   0.20225  -0.67546   6.60000 10
  -0.03257   0.76736  -0.15602   0.47864   6.70000  1
   0.10968   0.82802  -0.05354   0.91891   6.70000  2
   0.08460   0.37900   0.01418   0.68009   6.70000  3
   0.01269   0.51764  -0.01226   0.58882   6.70000  4
  -0.05908  -0.01356  -0.47902  -0.50162   6.70000  5
   0.13758   1.39550  -0.02617  -0.13167   6.70000  6
   0.13450   1.14854   0.00718  -0.09284   6.70000  7
   0.14345   1.17060  -0.07359  -0.73802   6.70000  8
  -0.01592   0.51675   0.50317  -0.63774   6.70000  9
  -0.02920   0.30050   0.27609  -0.56455   6.70000 10
  -0.04405   0.81323  -0.07180   0.44449   6.80000  1
   0.10166   0.91860  -0.10197   0.90046   6.80000  2
   0.08115   0.45113  -0.07975   0.75750   6.80000  3
   0.01214   0.57513   0.00759   0.55663   6.80000  4
  -0.10612  -0.05936  -0.46068  -0.41725   6.80000  5
   0.13470   1.37654  -0.03189  -0.24804   6.80000  6
   0.13455   1.13687  -0.00851  -0.15092   6.80000  7
   0.13485   1.09440  -0.09948  -0.78514   6.80000  8
   0.03648   0.45364   0.53710  -0.61450   6.80000  9
   0.00039   0.25017   0.30938  -0.44321   6.80000 10
  -0.04655   0.85724   0.02430   0.43954   6.90000  1
   0.09049   1.00928  -0.11406   0.91071   6.90000  2
   0.07019   0.52872  -0.13048   0.79022   6.90000  3
   0.01481   0.62948   0.04638   0.53605   6.90000  4
  -0.15103  -0.09755  -0.43689  -0.34920   6.90000  5
   0.13111   1.34568  -0.04053  -0.37083   6.90000  6
   0.13221   1.11666  -0.04188  -0.25871   6.90000  7
   0.12299   1.01367  -0.14233  -0.82424   6.90000  8
   0.08966   0.39586   0.51756  -0.53693   6.90000  9
   0.03186   0.21133   0.31792  -0.33661   6.90000 10
  -0.03856   0.90154   0.13884   0.44582   7.00000  1
   0.07989   1.09788  -0.09561   0.84733   7.00000  2
   0.05606   0.61010  -0.14938   0.84548   7.00000  3
   0.02141   0.68360   0.08538   0.55307   7.00000  4
  -0.19342  -0.12967  -0.41073  -0.29533   7.00000  5
   0.12638   1.30183  -0.05587  -0.50982   7.00000  6
   0.12526   1.08517  -0.10115  -0.36392   7.00000  7
   0.10579   0.93198  -0.20287  -0.80349   7.00000  8
   0.13914   0.34558   0.47058  -0.47431   7.00000  9
   0.06380   0.18236   0.32082  -0.24483   7.00000 10
  -0.01831   0.94554   0.26547   0.42781   7.10000  1
   0.07149   1.17726  -0.07208   0.73670   7.10000  2
   0.04085   0.69953  -0.15080   0.95115   7.10000  3
   0.03181   0.74163   0.12201   0.61579   7.10000  4
  -0.23319  -0.15700  -0.38494  -0.25288   7.10000  5
   0.11938   1.24290  -0.08838  -0.67114   7.10000  6
   0.11165   1.04579  -0.17104  -0.41915   7.10000  7
   0.08226   0.85263  -0.26692  -0.78563   7.10000  8
   0.18368   0.30004   0.41996  -0.44000   7.10000  9
   0.09613   0.16204   0.32671  -0.16266   7.10000 10
   0.01383   0.98600   0.37249   0.37704   7.20000  1
   0.06560   1.24398  -0.04716   0.58837   7.20000  2
   0.02714   0.80124  -0.11668   1.07655   7.20000  3
   0.04543   0.80788   0.14518   0.70788   7.20000  4
  -0.27047  -0.18053  -0.36097  -0.21904   7.20000  5
   0.10782   1.16840  -0.14483  -0.81203   7.20000  6
   0.09101   1.00117  -0.24200  -0.47498   7.20000  7
   0.05298   0.77557  -0.31148  -0.73523   7.20000  8
   0.22304   0.25706   0.36656  -0.42150   7.20000  9
   0.12935   0.14961   0.33890  -0.08706   7.20000 10
   0.05463   1.01984   0.43014   0.29226   7.30000  1
   0.06139   1.29408  -0.03953   0.41558   7.30000  2
   0.01862   0.91272  -0.04664   1.14760   7.30000  3
   0.05946   0.88294   0.13045   0.79856   7.30000  4
  -0.30546  -0.20101  -0.33929  -0.19140   7.30000  5
   0.09035   1.08047  -0.20546  -0.95294   7.30000  6
   0.06366   0.95109  -0.29841  -0.51671   7.30000  7
   0.02212   0.71029  -0.29785  -0.56552   7.30000  8
   0.25683   0.21553   0.30841  -0.40950   7.30000  9
   0.16415   0.14442   0.35818  -0.01793   7.30000 10
   0.09613   1.04279   0.38067   0.16278   7.40000  1
   0.05748   1.32777  -0.03883   0.26077   7.40000  2
   0.01947   1.02809   0.06598   1.13199   7.40000  3
   0.07080   0.96792   0.09326   0.88730   7.40000  4
  -0.33840  -0.21896  -0.31985  -0.16809   7.40000  5
   0.06667   0.97817  -0.26240  -1.06496   7.40000  6
   0.03381   0.90254  -0.28482  -0.43079   7.40000  7
  -0.00595   0.66112  -0.26239  -0.42472   7.40000  8
   0.28455   0.17524   0.24543  -0.39480   7.40000  9
   0.20118   0.14567   0.38294   0.04052   7.40000 10
   0.12832   1.05392   0.25946   0.07577   7.50000  1
   0.05366   1.34648  -0.03709   0.11318   7.50000  2
   0.03068   1.13494   0.15067   1.00271   7.50000  3
   0.07812   1.05601   0.05708   0.86273   7.50000  4
  -0.36950  -0.23473  -0.30234  -0.14776   7.50000  5
   0.03983   0.87459  -0.26954  -0.99403   7.50000  6
   0.00825   0.86584  -0.22468  -0.31324   7.50000  7
  -0.03024   0.62438  -0.22301  -0.31306   7.50000  8
   0.30591   0.13705   0.18256  -0.36577   7.50000  9
   0.24072   0.15188   0.40687   0.07948   7.50000 10
   0.14833   1.06099   0.14489   0.07610   7.60000  1
   0.05023   1.35018  -0.03002  -0.04054   7.60000  2
   0.04847   1.22970   0.20014   0.89825   7.60000  3
   0.08310   1.14042   0.04478   0.82848   7.60000  4
  -0.39892  -0.24857  -0.28640  -0.12944   7.60000  5
   0.01274   0.77882  -0.27269  -0.92509   7.60000  6
  -0.01134   0.83710  -0.16942  -0.27403   7.60000  7
  -0.05044   0.59818  -0.18008  -0.21172   7.60000  8
   0.32144   0.10287   0.13069  -0.31412   7.60000  9
   0.28212   0.16067   0.41810   0.09211   7.60000 10
   0.15825   1.07030   0.05793   0.11270   7.70000  1
   0.04823   1.33840  -0.00538  -0.19001   7.70000  2
   0.06968   1.31526   0.21845   0.81090   7.70000  3
   0.08711   1.22259   0.03444   0.81937   7.70000  4
  -0.42682  -0.26066  -0.27168  -0.11249   7.70000  5
  -0.01472   0.68888  -0.27667  -0.87723   7.70000  6
  -0.02623   0.80919  -0.13120  -0.29000   7.70000  7
  -0.06608   0.58200  -0.13174  -0.11219   7.70000  8
   0.33269   0.07481   0.09759  -0.24509   7.70000  9
   0.32362   0.16960   0.40826   0.08404   7.70000 10
   0.16064   1.08376  -0.00751   0.15697   7.80000  1
   0.05021   1.31454   0.04846  -0.27123   7.80000  2
   0.09109   1.39048   0.20639   0.68674   7.80000  3
   0.08970   1.30472   0.01621   0.81969   7.80000  4
  -0.45329  -0.27110  -0.25785  -0.09641   7.80000  5
  -0.04260   0.60292  -0.28026  -0.84098   7.80000  6
  -0.03806   0.77840  -0.10747  -0.32819   7.80000  7
  -0.07659   0.57545  -0.07830  -0.02304   7.80000  8
   0.34149   0.05401   0.08059  -0.17089   7.80000  9
   0.36315   0.17720   0.37974   0.06735   7.80000 10
   0.15716   1.10175  -0.06044   0.20336   7.90000  1
   0.05793   1.28714   0.10301  -0.26764   7.90000  2
   0.11064   1.45220   0.18366   0.54975   7.90000  3
   0.09056   1.38488   0.00458   0.77619   7.90000  4
  -0.47841  -0.27996  -0.24461  -0.08083   7.90000  5
  -0.07042   0.52164  -0.27295  -0.77798   7.90000  6
  -0.04805   0.74324  -0.09356  -0.37631   7.90000  7
  -0.08197   0.57590  -0.03203   0.02333   7.90000  8
   0.34912   0.04056   0.07309  -0.09885   7.90000  9
   0.39917   0.18302   0.33925   0.04899   7.90000 10
   0.14878   1.12454  -0.10643   0.25311   8.00000  1
   0.07022   1.26136   0.14078  -0.25055   8.00000  2
   0.12760   1.50117   0.15430   0.43412   8.00000  3
   0.09142   1.45943   0.01619   0.71493   8.00000  4
  -0.50222  -0.28727  -0.23168  -0.06543   8.00000  5
  -0.09655   0.44815  -0.24736  -0.69112   8.00000  6
  -0.05699   0.70290  -0.08627  -0.43150   8.00000  7
  -0.08357   0.57899  -0.00189   0.03668   8.00000  8
   0.35627   0.03410   0.07036  -0.03101   8.00000  9
   0.43077   0.18701   0.29200   0.03076   8.00000 10
   0.13605   1.15250  -0.14697   0.30624   8.10000  1
   0.08582   1.23638   0.16998  -0.25174   8.10000  2
   0.14126   1.53997   0.11775   0.34665   8.10000  3
   0.09431   1.52795   0.04326   0.65545   8.10000  4
  -0.52474  -0.29305  -0.21879  -0.04998   8.10000  5
  -0.11964   0.38315  -0.21387  -0.61081   8.10000  6
  -0.06544   0.65682  -0.08295  -0.48967   8.10000  7
  -0.08259   0.58323   0.02066   0.04833   8.10000  8
   0.36327   0.03422   0.06999   0.03279   8.10000  9
   0.45745   0.18918   0.24094   0.01274   8.10000 10
