   0.18185   0.68342  -0.15461   0.06223   0.10000  1
   0.02634   0.79178  -0.00828  -0.09510   0.10000  2
  -0.46734   0.60678   0.15557   0.06134   0.10000  3
  -0.29374   0.68774   0.00836  -0.02491   0.10000  4
   0.17188  -2.32724  -0.11082   0.03059   0.10000  5
  -0.01406  -2.29311   0.10630  -0.00602   0.10000  6
  -0.02131   2.42277   0.09689  -0.05538   0.10000  7
   0.14620   2.33505  -0.09783   0.04531   0.10000  8
  -0.16969  -1.11424   0.03364  -0.10988   0.10000  9
  -0.11456  -1.29554  -0.02922   0.09181   0.10000 10
   0.15824   0.69276  -0.32045   0.12436   0.20000  1
   0.02520   0.77749  -0.01382  -0.19069   0.20000  2
  -0.44364   0.61605   0.32094   0.12467   0.20000  3
  -0.29253   0.68395   0.01542  -0.05117   0.20000  4
   0.15502  -2.32260  -0.22768   0.06267   0.20000  5
   0.00211  -2.29407   0.21858  -0.01352   0.20000  6
  -0.00657   2.41435   0.19922  -0.11376   0.20000  7
   0.13132   2.34196  -0.20111   0.09361   0.20000  8
  -0.16457  -1.13096   0.06902  -0.22597   0.20000  9
  -0.11901  -1.28153  -0.06011   0.18982   0.20000 10
   0.11703   0.70811  -0.50753   0.18000   0.30000  1
   0.02367   0.75378  -0.01727  -0.28128   0.30000  2
  -0.40249   0.63179   0.50577   0.19018   0.30000  3
  -0.29068   0.67747   0.02218  -0.07805   0.30000  4
   0.12609  -2.31463  -0.35083   0.09686   0.30000  5
   0.02990  -2.29590   0.33702  -0.02312   0.30000  6
   0.01876   2.39989   0.30728  -0.17556   0.30000  7
   0.10575   2.35391  -0.31015   0.14528   0.30000  8
  -0.15581  -1.15973   0.10630  -0.34967   0.30000  9
  -0.12666  -1.25729  -0.09278   0.29534   0.30000 10
   0.05630   0.72750  -0.70403   0.19548   0.40000  1
   0.02102   0.72238  -0.04672  -0.33541   0.40000  2
  -0.34180   0.65390   0.70885   0.24854   0.40000  3
  -0.28762   0.66866   0.04615  -0.09390   0.40000  4
   0.08582  -2.30333  -0.44019   0.12686   0.40000  5
   0.06855  -2.29858   0.42151  -0.02833   0.40000  6
   0.05403   2.37966   0.38546  -0.22253   0.40000  7
   0.07013   2.37060  -0.38934   0.18204   0.40000  8
  -0.14356  -1.20019   0.13489  -0.44753   0.40000  9
  -0.13732  -1.22318  -0.11658   0.37480   0.40000 10
  -0.02192   0.74370  -0.85064   0.11107   0.50000  1
   0.01033   0.68987  -0.19114  -0.30021   0.50000  2
  -0.26167   0.68014   0.88450   0.26737   0.50000  3
  -0.27836   0.66039   0.16267  -0.05955   0.50000  4
   0.04272  -2.29006  -0.39963   0.13469   0.50000  5
   0.10953  -2.30075   0.37595  -0.01086   0.50000  6
   0.09166   2.35755   0.34710  -0.20913   0.50000  7
   0.03207   2.38814  -0.35206   0.15828   0.50000  8
  -0.13015  -1.24498   0.12655  -0.42631   0.50000  9
  -0.14865  -1.18661  -0.10331   0.33464   0.50000 10
  -0.11315   0.74695  -0.97102  -0.05855   0.60000  1
  -0.02141   0.66418  -0.45896  -0.20720   0.60000  2
  -0.16633   0.70602   1.01631   0.24753   0.60000  3
  -0.25013   0.65903   0.42030   0.04101   0.60000  4
   0.00834  -2.27685  -0.28487   0.12877   0.60000  5
   0.14129  -2.30026   0.25611   0.02136   0.60000  6
   0.12123   2.33900   0.24122  -0.16021   0.60000  7
   0.00195   2.40108  -0.24740   0.09886   0.60000  8
  -0.11903  -1.28284   0.09474  -0.32717   0.60000  9
  -0.15719  -1.15890  -0.06644   0.21561   0.60000 10
  -0.20873   0.73074  -0.88105  -0.25701   0.70000  1
  -0.08233   0.65063  -0.74144  -0.04918   0.70000  2
  -0.06617   0.72730   0.92414   0.15363   0.70000  3
  -0.19305   0.67000   0.70630   0.17956   0.70000  4
  -0.01430  -2.26429  -0.16919   0.12271   0.70000  5
   0.16079  -2.29644   0.13525   0.05503   0.70000  6
   0.13994   2.32550   0.13435  -0.11058   0.70000  7
  -0.01745   2.40792  -0.14183   0.03859   0.70000  8
  -0.11119  -1.31043   0.06255  -0.22621   0.70000  9
  -0.16194  -1.14351  -0.02908   0.09346   0.70000 10
  -0.28192   0.69929  -0.57324  -0.35090   0.80000  1
  -0.16223   0.65517  -0.81191   0.13245   0.80000  2
   0.01161   0.73564   0.62651   0.02433   0.80000  3
  -0.11689   0.69148   0.76791   0.22549   0.80000  4
  -0.02577  -2.25225  -0.06127   0.11844   0.80000  5
   0.16861  -2.28927   0.02201   0.08843   0.80000  6
   0.14834   2.31676   0.03457  -0.06451   0.80000  7
  -0.02667   2.40891  -0.04336  -0.01821   0.80000  8
  -0.10642  -1.32840   0.03323  -0.13454   0.80000  9
  -0.16310  -1.13994   0.00555  -0.02099   0.80000 10
  -0.32453   0.66357  -0.28928  -0.35091   0.90000  1
  -0.23948   0.67375  -0.73304   0.21838   0.90000  2
   0.06026   0.73423   0.35393  -0.04479   0.90000  3
  -0.04468   0.71339   0.67895   0.21328   0.90000  4
  -0.02664  -2.24058   0.04392   0.11494   0.90000  5
   0.16527  -2.27872  -0.08874   0.12275   0.90000  6
   0.14694   2.31256  -0.06266  -0.01954   0.90000  7
  -0.02620   2.40431   0.05263  -0.07396   0.90000  8
  -0.10450  -1.33749   0.00542  -0.04752   0.90000  9
  -0.16088  -1.14761   0.03888  -0.13262   0.90000 10
  -0.34235   0.63189  -0.08336  -0.26924   1.00000  1
  -0.30956   0.69488  -0.66711   0.18696   1.00000  2
   0.08383   0.72806   0.12591  -0.07157   1.00000  3
   0.02076   0.73396   0.63636   0.19471   1.00000  4
  -0.01687  -2.22929   0.15255   0.11057   1.00000  5
   0.15073  -2.26463  -0.20331   0.15977   1.00000  6
   0.13571   2.31292  -0.16301   0.02747   1.00000  7
  -0.01603   2.39405   0.15181  -0.13186   1.00000  8
  -0.10534  -1.33785  -0.02254   0.04122   1.00000  9
  -0.15531  -1.16659   0.07270  -0.24802   1.00000 10
  -0.34478   0.61162   0.01890  -0.13233   1.10000  1
  -0.37159   0.70880  -0.56584   0.08644   1.10000  2
   0.08783   0.72152  -0.02918  -0.05142   1.10000  3
   0.08246   0.75119   0.58911   0.14339   1.10000  4
   0.00413  -2.21856   0.26837   0.10352   1.10000  5
   0.12434  -2.24661  -0.32558   0.20151   1.10000  6
   0.11410   2.31820  -0.27018   0.07884   1.10000  7
   0.00440   2.37778   0.25788  -0.19424   1.10000  8
  -0.10905  -1.32900  -0.05178   0.13703   1.10000  9
  -0.14627  -1.19754   0.10829  -0.37274   1.10000 10
  -0.34094   0.60527   0.04979   0.00208   1.20000  1
  -0.42154   0.71214  -0.42944  -0.01694   1.20000  2
   0.08175   0.71886  -0.07639   0.00001   1.20000  3
   0.13602   0.76173   0.47018   0.06654   1.20000  4
   0.03658  -2.20866   0.37434   0.09491   1.20000  5
   0.08581  -2.22418  -0.43867   0.24720   1.20000  6
   0.08182   2.32866  -0.37015   0.12791   1.20000  7
   0.03540   2.35523   0.35684  -0.25446   1.20000  8
  -0.11567  -1.31036  -0.07945   0.23333   1.20000  9
  -0.13366  -1.24130   0.14296  -0.50058   1.20000 10
  -0.33589   0.61124   0.04762   0.11300   1.30000  1
  -0.45699   0.70614  -0.27767  -0.09902   1.30000  2
   0.07462   0.72127  -0.06085   0.04533   1.30000  3
   0.17501   0.76483   0.30613  -0.00165   1.30000  4
   0.07567  -2.19905   0.38213   0.10219   1.30000  5
   0.03991  -2.19759  -0.45431   0.28004   1.30000  6
   0.04294   2.34232  -0.38503   0.13349   1.30000  7
   0.07290   2.32835   0.37075  -0.27130   1.30000  8
  -0.12424  -1.28444  -0.08549   0.26428   1.30000  9
  -0.11836  -1.29566   0.15672  -0.56636   1.30000 10
  -0.33196   0.62701   0.02893   0.19800   1.40000  1
  -0.47678   0.69316  -0.11680  -0.15630   1.40000  2
   0.07010   0.72734  -0.02849   0.07338   1.40000  3
   0.19697   0.76204   0.13266  -0.05108   1.40000  4
   0.10898  -2.18725   0.27471   0.13687   1.40000  5
  -0.00105  -2.16899  -0.35545   0.28977   1.40000  6
   0.00850   2.35337  -0.29478   0.08230   1.40000  7
   0.10586   2.30295   0.27955  -0.23154   1.40000  8
  -0.13146  -1.26204  -0.05485   0.16863   1.40000  9
  -0.10360  -1.35019   0.13450  -0.51001   1.40000 10
  -0.33045   0.64988  -0.00018   0.25413   1.50000  1
  -0.48004   0.67580   0.05320  -0.18584   1.50000  2
   0.06903   0.73544   0.00744   0.08616   1.50000  3
   0.20147   0.75517  -0.04306  -0.08374   1.50000  4
   0.13010  -2.17136   0.14839   0.18172   1.50000  5
  -0.03070  -2.13976  -0.23842   0.29520   1.50000  6
  -0.01554   2.35848  -0.18678   0.02013   1.50000  7
   0.12833   2.28234   0.17059  -0.18102   1.50000  8
  -0.13494  -1.25189  -0.01510   0.03375   1.50000  9
  -0.09170  -1.39669   0.10390  -0.42050   1.50000 10
  -0.33217   0.67662  -0.03414   0.27348   1.60000  1
  -0.46587   0.65717   0.23108  -0.18001   1.60000  2
   0.07164   0.74410   0.04487   0.08449   1.60000  3
   0.18820   0.74583  -0.22326  -0.10006   1.60000  4
   0.13892  -2.15079   0.02894   0.23038   1.60000  5
  -0.04901  -2.10981  -0.12913   0.30450   1.60000  6
  -0.02912   2.35750  -0.08597  -0.03914   1.60000  7
   0.14024   2.26663   0.06877  -0.13369   1.60000  8
  -0.13458  -1.25512   0.02187  -0.09727   1.60000  9
  -0.08269  -1.43472   0.07697  -0.34268   1.60000 10
  -0.33700   0.70297  -0.05905   0.24473   1.70000  1
  -0.43386   0.64136   0.40716  -0.12737   1.70000  2
   0.07787   0.75172   0.07720   0.06401   1.70000  3
   0.15672   0.73584  -0.40550  -0.09570   1.70000  4
   0.13602  -2.12512  -0.08674   0.28396   1.70000  5
  -0.05669  -2.07869  -0.02484   0.31878   1.70000  6
  -0.03290   2.35071   0.00991  -0.09659   1.70000  7
   0.14225   2.25553  -0.02823  -0.08858   1.70000  8
  -0.13065  -1.27121   0.05635  -0.22433   1.70000  9
  -0.07618  -1.46570   0.05374  -0.27891   1.70000 10
  -0.34271   0.72379  -0.04549   0.16383   1.80000  1
  -0.38525   0.63347   0.55858  -0.02252   1.80000  2
   0.08582   0.75598   0.06976   0.01647   1.80000  3
   0.10791   0.72764  -0.56171  -0.06370   1.80000  4
   0.12148  -2.09372  -0.20512   0.34596   1.80000  5
  -0.05395  -2.04591   0.08021   0.33765   1.80000  6
  -0.02711   2.33814   0.10646  -0.15536   1.80000  7
   0.13457   2.24894  -0.12599  -0.04263   1.80000  8
  -0.12333  -1.30008   0.09022  -0.35441   1.80000  9
  -0.07186  -1.49084   0.03307  -0.22530   1.80000 10
  -0.34361   0.73465   0.04171   0.05153   1.90000  1
  -0.32375   0.63805   0.66357   0.11724   1.90000  2
   0.08829   0.75437  -0.03962  -0.04895   1.90000  3
   0.04703   0.72365  -0.64305  -0.01659   1.90000  4
   0.09472  -2.05546  -0.33148   0.42219   1.90000  5
  -0.04048  -2.01104   0.19001   0.36002   1.90000  6
  -0.01142   2.31949   0.20866  -0.21862   1.90000  7
   0.11685   2.24713  -0.22953   0.00728   1.90000  8
  -0.11257  -1.34247   0.12529  -0.49592   1.90000  9
  -0.06950  -1.51097   0.01444  -0.17819   1.90000 10
  -0.33143   0.73443   0.21623  -0.05098   2.00000  1
  -0.25371   0.65692   0.73507   0.25780   2.00000  2
   0.07470   0.74661  -0.24370  -0.10314   2.00000  3
  -0.01926   0.72358  -0.68341   0.00951   2.00000  4
   0.05506  -2.00852  -0.45939   0.52105   2.00000  5
  -0.01602  -1.97382   0.29581   0.38506   2.00000  6
   0.01476   2.29426   0.31379  -0.28593   2.00000  7
   0.08852   2.25054  -0.33612   0.06068   2.00000  8
  -0.09819  -1.39995   0.16276  -0.65768   2.00000  9
  -0.06887  -1.52664  -0.00104  -0.13637   2.00000 10
  -0.29768   0.72590   0.47174  -0.11091   2.10000  1
  -0.17622   0.68893   0.81921   0.37799   2.10000  2
   0.03768   0.73433  -0.50600  -0.13995   2.10000  3
  -0.09098   0.72424  -0.75905  -0.00310   2.10000  4
   0.00484  -1.95047  -0.52457   0.64182   2.10000  5
   0.01638  -1.93355   0.32986   0.42654   2.10000  6
   0.04994   2.26294   0.37355  -0.33219   2.10000  7
   0.05102   2.25861  -0.39749   0.09239   2.10000  8
  -0.08002  -1.47471   0.19969  -0.83874   2.10000  9
  -0.06941  -1.53882  -0.00694  -0.11384   2.10000 10
  -0.23463   0.71420   0.79638  -0.11236   2.20000  1
  -0.09239   0.73034   0.81709   0.42554   2.20000  2
  -0.02868   0.71930  -0.82870  -0.15293   2.20000  3
  -0.16883   0.72255  -0.75700  -0.02445   2.20000  4
  -0.04514  -1.88010  -0.45793   0.76768   2.20000  5
   0.04481  -1.88648   0.21941   0.52683   2.20000  6
   0.08518   2.23015   0.31392  -0.31362   2.20000  7
   0.01331   2.26666  -0.33960   0.05857   2.20000  8
  -0.05883  -1.56670   0.21938  -0.98915   2.20000  9
  -0.06925  -1.55252   0.01705  -0.18611   2.20000 10
  -0.14218   0.70562   1.00140  -0.05110   2.30000  1
  -0.02165   0.76827   0.56450   0.31633   2.30000  2
  -0.12422   0.70675  -1.03534  -0.08788   2.30000  3
  -0.23359   0.71995  -0.50077  -0.02885   2.30000  4
  -0.08475  -1.79549  -0.32420   0.93503   2.30000  5
   0.05793  -1.82590   0.03347   0.69562   2.30000  6
   0.11120   2.20114   0.20540  -0.26556   2.30000  7
  -0.01538   2.26937  -0.23297  -0.00548   2.30000  8
  -0.03701  -1.67068   0.21313  -1.08946   2.30000  9
  -0.06478  -1.58164   0.07539  -0.41865   2.30000 10
  -0.04612   0.70488   0.89410   0.04046   2.40000  1
   0.02011   0.79291   0.28504   0.17564   2.40000  2
  -0.22505   0.70161  -0.95449  -0.01792   2.40000  3
  -0.26751   0.71671  -0.19281  -0.03612   2.40000  4
  -0.10609  -1.69471  -0.08406   1.03705   2.40000  5
   0.04880  -1.74672  -0.23034   0.86760   2.40000  6
   0.12642   2.17700   0.10042  -0.21794   2.40000  7
  -0.03345   2.26558  -0.12992  -0.06981   2.40000  8
  -0.01727  -1.78080   0.18147  -1.04845   2.40000  9
  -0.05428  -1.63906   0.13060  -0.73051   2.40000 10
   0.03655   0.71450   0.76025   0.15413   2.50000  1
   0.03864   0.80309   0.10266   0.02744   2.50000  2
  -0.31336   0.70261  -0.80054   0.03426   2.50000  3
  -0.27711   0.71282  -0.02847  -0.03949   2.50000  4
  -0.10155  -1.59789   0.16010   0.86415   2.50000  5
   0.01227  -1.65999  -0.48312   0.83260   2.50000  6
   0.13152   2.15745   0.00231  -0.17339   2.50000  7
  -0.04160   2.25549  -0.03376  -0.13179   2.50000  8
  -0.00081  -1.87032   0.14263  -0.73777   2.50000  9
  -0.03900  -1.72036   0.17794  -0.83015   2.50000 10
   0.10508   0.73538   0.60298   0.25743   2.60000  1
   0.04411   0.79893   0.02304  -0.10385   2.60000  2
  -0.38323   0.70761  -0.59364   0.06199   2.60000  3
  -0.27774   0.70948   0.00356  -0.02431   2.60000  4
  -0.07766  -1.52341   0.29962   0.62960   2.60000  5
  -0.04253  -1.58325  -0.58762   0.71268   2.60000  6
   0.12695   2.14231  -0.09392  -0.12915   2.60000  7
  -0.04026   2.23921   0.06057  -0.19416   2.60000  8
   0.01086  -1.93039   0.09116  -0.47401   2.60000  9
  -0.02001  -1.79846   0.19425  -0.73622   2.60000 10
   0.15593   0.76415   0.41081   0.30718   2.70000  1
   0.04573   0.78432   0.01686  -0.17701   2.70000  2
  -0.43233   0.71446  -0.39158   0.07329   2.70000  3
  -0.27741   0.70837   0.00183   0.00337   2.70000  4
  -0.04627  -1.47066   0.30229   0.43622   2.70000  5
  -0.10038  -1.51466  -0.54544   0.66618   2.70000  6
   0.11262   2.13172  -0.19366  -0.08177   2.70000  7
  -0.02936   2.21653   0.15846  -0.26047   2.70000  8
   0.01767  -1.96665   0.04687  -0.25708   2.70000  9
  -0.00062  -1.87019   0.19357  -0.70991   2.70000 10
   0.18720   0.79487   0.21659   0.29921   2.80000  1
   0.04815   0.76566   0.03166  -0.18708   2.80000  2
  -0.46220   0.72202  -0.20858   0.07714   2.80000  3
  -0.27735   0.71024   0.00011   0.03388   2.80000  4
  -0.02076  -1.43356   0.20032   0.31778   2.80000  5
  -0.14849  -1.44999  -0.41097   0.62470   2.80000  6
   0.08801   2.12615  -0.29901  -0.02888   2.80000  7
  -0.00836   2.18689   0.26206  -0.33323   2.80000  8
   0.02074  -1.98318   0.01822  -0.08401   2.80000  9
   0.01862  -1.94170   0.18960  -0.71952   2.80000 10
   0.19983   0.82274   0.03930   0.25342   2.90000  1
   0.05177   0.74835   0.03854  -0.15340   2.90000  2
  -0.47444   0.72978  -0.03749   0.07751   2.90000  3
  -0.27729   0.71510   0.00122   0.06294   2.90000  4
  -0.00657  -1.40528   0.08456   0.25423   2.90000  5
  -0.18254  -1.39008  -0.27230   0.57247   2.90000  6
   0.05327   2.12584  -0.38762   0.01896   2.90000  7
   0.02260   2.14995   0.34900  -0.40210   2.90000  8
   0.02233  -1.98681   0.01896  -0.01019   2.90000  9
   0.03661  -2.01218   0.16583  -0.67383   2.90000 10
   0.19563   0.84480  -0.12092   0.18483   3.00000  1
   0.05536   0.73591   0.03090  -0.09163   3.00000  2
  -0.46979   0.73747   0.13098   0.07630   3.00000  3
  -0.27710   0.72274   0.00239   0.08949   3.00000  4
  -0.00351  -1.38174  -0.02163   0.22045   3.00000  5
  -0.20348  -1.33562  -0.14894   0.51629   3.00000  6
   0.01396   2.12805  -0.37635   0.01210   3.00000  7
   0.05796   2.10832   0.33605  -0.41771   3.00000  8
   0.02529  -1.98896   0.04173  -0.04471   3.00000  9
   0.05123  -2.07357   0.12578  -0.54541   3.00000 10
   0.17601   0.85915  -0.27028   0.09941   3.10000  1
   0.05747   0.73071   0.00884  -0.00924   3.10000  2
  -0.44802   0.74503   0.30618   0.07491   3.10000  3
  -0.27692   0.73293   0.00054   0.11400   3.10000  4
  -0.01060  -1.36054  -0.11908   0.20659   3.10000  5
  -0.21272  -1.28693  -0.03759   0.45684   3.10000  6
  -0.01905   2.12635  -0.27838  -0.05031   3.10000  7
   0.08685   2.06826   0.23623  -0.37957   3.10000  8
   0.03071  -1.99693   0.06623  -0.11701   3.10000  9
   0.06184  -2.12062   0.08731  -0.39563   3.10000 10
   0.14170   0.86412  -0.41571  -0.00302   3.20000  1
   0.05662   0.73467  -0.02886   0.09163   3.20000  2
  -0.40802   0.75251   0.49718   0.07527   3.20000  3
  -0.27713   0.74550  -0.00507   0.13718   3.20000  4
  -0.02715  -1.33982  -0.21130   0.21088   3.20000  5
  -0.21123  -1.24445   0.06665   0.39125   3.20000  6
  -0.04157   2.11773  -0.17327  -0.12220   3.20000  7
   0.10505   2.03259   0.12892  -0.33408   3.20000  8
   0.03841  -2.01260   0.08715  -0.19733   3.20000  9
   0.06888  -2.15284   0.05431  -0.24958   3.20000 10
   0.09283   0.85789  -0.56193  -0.12484   3.30000  1
   0.05091   0.74963  -0.09093   0.21000   3.30000  2
  -0.34800   0.76029   0.70430   0.08221   3.30000  3
  -0.27768   0.76029  -0.00114   0.15796   3.30000  4
  -0.05276  -1.31766  -0.30022   0.23624   3.30000  5
  -0.19954  -1.20906   0.16648   0.31404   3.30000  6
  -0.05399   2.10197  -0.07630  -0.19285   3.30000  7
   0.11291   2.00130   0.02921  -0.29238   3.30000  8
   0.04803  -2.03658   0.10480  -0.28346   3.30000  9
   0.07284  -2.17066   0.02571  -0.10694   3.30000 10
   0.02940   0.83879  -0.70504  -0.25562   3.40000  1
   0.03667   0.77679  -0.20745   0.32977   3.40000  2
  -0.26805   0.76956   0.88331   0.10748   3.40000  3
  -0.27476   0.77682   0.08295   0.17076   3.40000  4
  -0.08698  -1.29165  -0.38210   0.28927   3.40000  5
  -0.17817  -1.18231   0.25850   0.21704   3.40000  6
  -0.05699   2.07914   0.01606  -0.26408   3.40000  7
   0.11103   1.97404  -0.06659  -0.25308   3.40000  8
   0.05925  -2.06953   0.11891  -0.37638   3.40000  9
   0.07416  -2.17424   0.00147   0.03484   3.40000 10
  -0.04781   0.80860  -0.83959  -0.33074   3.50000  1
   0.00562   0.81314  -0.43427   0.37617   3.50000  2
  -0.17347   0.78274   1.00542   0.16075   3.50000  3
  -0.25551   0.79420   0.32636   0.17660   3.50000  4
  -0.12824  -1.25872  -0.43435   0.37379   3.50000  5
  -0.14879  -1.16653   0.32014   0.09520   3.50000  6
  -0.05076   2.04900   0.10911  -0.33982   3.50000  7
   0.09954   1.95072  -0.16382  -0.21282   3.50000  8
   0.07155  -2.11168   0.12486  -0.46150   3.50000  9
   0.07342  -2.16409  -0.01387   0.16236   3.50000 10
  -0.13667   0.77761  -0.89789  -0.25793   3.60000  1
  -0.05308   0.84697  -0.73100   0.27614   3.60000  2
  -0.06928   0.80214   1.02481   0.22550   3.60000  3
  -0.20610   0.81195   0.66682   0.17362   3.60000  4
  -0.17104  -1.21679  -0.40437   0.45890   3.60000  5
  -0.11699  -1.16319   0.29871  -0.02182   3.60000  6
  -0.03500   2.01088   0.20667  -0.42439   3.60000  7
   0.07808   1.93163  -0.26622  -0.16805   3.60000  8
   0.08355  -2.15947   0.11114  -0.47607   3.60000  9
   0.07209  -2.14431  -0.00867   0.21410   3.60000 10
  -0.21767   0.76189  -0.69146  -0.05191   3.70000  1
  -0.13315   0.86541  -0.82316   0.09150   3.70000  2
   0.01889   0.82708   0.71813   0.26578   3.70000  3
  -0.12667   0.82794   0.86450   0.15142   3.70000  4
  -0.20623  -1.16915  -0.29208   0.48168   3.70000  5
  -0.09196  -1.16855   0.19413  -0.07253   3.70000  6
  -0.00947   1.96382   0.30088  -0.51705   3.70000  7
   0.04633   1.91724  -0.36574  -0.12023   3.70000  8
   0.09319  -2.20315   0.08065  -0.38469   3.70000  9
   0.07230  -2.12513   0.01415   0.15603   3.70000 10
  -0.27388   0.76588  -0.44196   0.12454   3.80000  1
  -0.20983   0.86684  -0.69809  -0.05105   3.80000  2
   0.07532   0.85395   0.42091   0.26745   3.80000  3
  -0.04313   0.84352   0.79259   0.16061   3.80000  4
  -0.22914  -1.12235  -0.16809   0.44805   3.80000  5
  -0.07849  -1.17571   0.07709  -0.06407   3.80000  6
   0.02311   1.90829   0.33144  -0.58314   3.80000  7
   0.00699   1.90658  -0.40181  -0.10436   3.80000  8
   0.09972  -2.23519   0.05058  -0.25441   3.80000  9
   0.07491  -2.11441   0.03733   0.05637   3.80000 10
  -0.30801   0.78590  -0.24975   0.27177   3.90000  1
  -0.27375   0.85667  -0.58772  -0.14740   3.90000  2
   0.10487   0.87994   0.17906   0.24939   3.90000  3
   0.03299   0.86032   0.73728   0.17839   3.90000  4
  -0.24044  -1.08034  -0.06098   0.38939   3.90000  5
  -0.07597  -1.18049  -0.02364  -0.02850   3.90000  6
   0.05282   1.84971   0.25029  -0.57954   3.90000  7
  -0.03003   1.89366  -0.32615  -0.16405   3.90000  8
   0.10348  -2.25398   0.02538  -0.12161   3.90000  9
   0.07962  -2.11398   0.05623  -0.04784   3.90000 10
  -0.32577   0.81894  -0.11723   0.37740   4.00000  1
  -0.32802   0.83867  -0.49546  -0.20105   4.00000  2
   0.11350   0.90325   0.01068   0.21475   4.00000  3
   0.10454   0.88000   0.68623   0.21866   4.00000  4
  -0.24190  -1.04485   0.02931   0.31884   4.00000  5
  -0.08267  -1.18097  -0.10795   0.02075   4.00000  6
   0.07233   1.79311   0.13992  -0.55214   4.00000  7
  -0.05740   1.87281  -0.22123  -0.25460   4.00000  8
   0.10493  -2.25955   0.00427   0.01043   4.00000  9
   0.08604  -2.12400   0.07146  -0.15306   4.00000 10
  -0.33406   0.85801  -0.05942   0.38720   4.10000  1
  -0.37164   0.81979  -0.37105  -0.15967   4.10000  2
   0.11116   0.92296  -0.03864   0.18249   4.10000  3
   0.16747   0.90431   0.55855   0.26642   4.10000  4
  -0.23501  -1.01688   0.10653   0.23885   4.10000  5
  -0.09714  -1.17597  -0.17950   0.08117   4.10000  6
   0.08108   1.73909   0.03658  -0.52946   4.10000  7
  -0.07455   1.84263  -0.12322  -0.34950   4.10000  8
   0.10446  -2.25185  -0.01279   0.14336   4.10000  9
   0.09380  -2.14469   0.08295  -0.26085   4.10000 10
  -0.33893   0.89403  -0.04032   0.32741   4.20000  1
  -0.40167   0.80910  -0.22976  -0.04819   4.20000  2
   0.10822   0.94062  -0.01442   0.17518   4.20000  3
   0.21451   0.93279   0.37891   0.30068   4.20000  4
  -0.22097  -0.99746   0.17243   0.14735   4.20000  5
  -0.11821  -1.16430  -0.23996   0.15475   4.20000  6
   0.07988   1.68694  -0.05971  -0.51500   4.20000  7
  -0.08227   1.80279  -0.03198  -0.44815   4.20000  8
   0.10261  -2.23120  -0.02222   0.26451   4.20000  9
   0.10239  -2.17590   0.08703  -0.35852   4.20000 10
  -0.34220   0.92308  -0.02455   0.25334   4.30000  1
  -0.41784   0.81067  -0.09509   0.08066   4.30000  2
   0.10874   0.95880   0.02532   0.19205   4.30000  3
   0.24309   0.96407   0.19302   0.32364   4.30000  4
  -0.20098  -0.98793   0.22431   0.04033   4.30000  5
  -0.14468  -1.14445  -0.28661   0.24535   4.30000  6
   0.06922   1.63587  -0.15329  -0.50738   4.30000  7
  -0.08101   1.75270   0.05725  -0.55592   4.30000  8
   0.10058  -2.20136  -0.01527   0.31343   4.30000  9
   0.11064  -2.21403   0.07492  -0.38550   4.30000 10
  -0.34371   0.94480  -0.00501   0.18207   4.40000  1
  -0.42088   0.82535   0.03388   0.21350   4.40000  2
   0.11325   0.97970   0.06444   0.22920   4.40000  3
   0.25316   0.99735   0.00799   0.34135   4.40000  4
  -0.17695  -0.98998   0.24995  -0.08352   4.40000  5
  -0.17469  -1.11460  -0.30719   0.35403   4.40000  6
   0.04921   1.58531  -0.24693  -0.50438   4.40000  7
  -0.07076   1.69104   0.14823  -0.68083   4.40000  8
   0.10002  -2.17246   0.00483   0.25069   4.40000  9
   0.11692  -2.24910   0.04982  -0.30212   4.40000 10
  -0.34307   0.95969   0.01837   0.11689   4.50000  1
  -0.41102   0.85356   0.16434   0.35200   4.50000  2
   0.12151   1.00534   0.09989   0.28754   4.50000  3
   0.24451   1.03227  -0.18250   0.35682   4.50000  4
  -0.15282  -1.00458   0.22091  -0.20329   4.50000  5
  -0.20430  -1.07366  -0.27327   0.45962   4.50000  6
   0.01994   1.53489  -0.33633  -0.50499   4.50000  7
  -0.05135   1.61562   0.23879  -0.83272   4.50000  8
   0.10149  -2.15260   0.02378   0.14409   4.50000  9
   0.12067  -2.27311   0.02602  -0.17596   4.50000 10
  -0.33984   0.96856   0.04827   0.06403   4.60000  1
  -0.38775   0.89599   0.30255   0.49704   4.60000  2
   0.13285   1.03809   0.12300   0.37254   4.60000  3
   0.21629   1.06869  -0.38308   0.37200   4.60000  4
  -0.13517  -1.02832   0.12399  -0.25552   4.60000  5
  -0.22695  -1.02497  -0.17166   0.49840   4.60000  6
  -0.01686   1.48375  -0.38685  -0.52554   4.60000  7
  -0.02393   1.52357   0.29860  -1.00980   4.60000  8
   0.10462  -2.14375   0.03829   0.03303   4.60000  9
   0.12228  -2.28421   0.00689  -0.04618   4.60000 10
  -0.33264   0.97386   0.10301   0.05426   4.70000  1
  -0.35034   0.95260   0.44463   0.62885   4.70000  2
   0.14444   1.08096   0.09311   0.49024   4.70000  3
   0.16805   1.10693  -0.57685   0.39638   4.70000  4
  -0.12844  -1.05267   0.01334  -0.22078   4.70000  5
  -0.23822  -0.97698  -0.05650   0.45071   4.70000  6
  -0.05351   1.42675  -0.32555  -0.63522   4.70000  7
   0.00503   1.41433   0.26405  -1.16943   4.70000  8
   0.10902  -2.14599   0.04916  -0.07815   4.70000  9
   0.12218  -2.28237  -0.00840   0.08313   4.70000 10
  -0.31682   0.98318   0.22838   0.15343   4.80000  1
  -0.29934   1.01959   0.57447   0.69987   4.80000  2
   0.14647   1.13688  -0.08459   0.62863   4.80000  3
   0.10268   1.14962  -0.72356   0.46998   4.80000  4
  -0.13158  -1.07119  -0.07119  -0.14617   4.80000  5
  -0.23918  -0.93610   0.03245   0.36356   4.80000  6
  -0.07931   1.35288  -0.18286  -0.85767   4.80000  7
   0.02758   1.28952   0.19043  -1.33431   4.80000  8
   0.11434  -2.15944   0.05634  -0.19086   4.80000  9
   0.12073  -2.26754  -0.01986   0.21355   4.80000 10
  -0.28393   1.00815   0.44414   0.35853   4.90000  1
  -0.23432   1.09142   0.74127   0.73719   4.90000  2
   0.12078   1.20451  -0.45410   0.68534   4.90000  3
   0.02390   1.20147  -0.84457   0.52962   4.90000  4
  -0.14180  -1.08156  -0.12928  -0.06037   4.90000  5
  -0.23262  -0.90460   0.09491   0.26565   4.90000  6
  -0.08894   1.25285  -0.00433  -1.14732   4.90000  7
   0.04399   1.14902   0.11967  -1.40865   4.90000  8
   0.12008  -2.18386   0.05689  -0.29261   4.90000  9
   0.11842  -2.23998  -0.02459   0.33263   4.90000 10
  -0.22465   1.05654   0.76117   0.61230   5.00000  1
  -0.14670   1.16639   1.02410   0.74153   5.00000  2
   0.05566   1.26452  -0.83708   0.48519   5.00000  3
  -0.06455   1.24466  -0.91054   0.29137   5.00000  4
  -0.15677  -1.08314  -0.16730   0.02946   5.00000  5
  -0.22086  -0.88308   0.13735   0.16424   5.00000  6
  -0.08212   1.12897   0.10225  -1.25908   5.00000  7
   0.04403   1.02153  -0.13808  -1.12202   5.00000  8
   0.12527  -2.21561   0.04460  -0.32309   5.00000  9
   0.11625  -2.20338  -0.01647   0.38010   5.00000 10
  -0.12962   1.12845   1.11434   0.80218   5.10000  1
  -0.03774   1.23449   1.06881   0.61340   5.10000  2
  -0.04392   1.29730  -1.12538   0.15140   5.10000  3
  -0.15086   1.25687  -0.75787  -0.02930   5.10000  4
  -0.17470  -1.07553  -0.18866   0.12368   5.10000  5
  -0.20569  -0.87188   0.16323   0.05909   5.10000  6
  -0.07299   1.01406   0.08881  -1.01144   5.10000  7
   0.01695   0.92608  -0.38724  -0.78273   5.10000  8
   0.12870  -2.24455   0.02370  -0.24171   5.10000  9
   0.11543  -2.16790   0.00025   0.31543   5.10000 10
  -0.01500   1.21396   1.11384   0.88942   5.20000  1
   0.05432   1.28705   0.76150   0.42728   5.20000  2
  -0.15713   1.29479  -1.08543  -0.17578   5.20000  3
  -0.20930   1.24552  -0.41028  -0.16191   5.20000  4
  -0.19393  -1.05818  -0.19272   0.22457   5.20000  5
  -0.18878  -0.87147   0.17190  -0.05204   5.20000  6
  -0.06162   0.92542   0.13940  -0.78492   5.20000  7
  -0.02932   0.86456  -0.51793  -0.45680   5.20000  8
   0.13012  -2.26256   0.00543  -0.11616   5.20000  9
   0.11620  -2.14170   0.01429   0.20634   5.20000 10
   0.08962   1.30209   0.98412   0.85871   5.30000  1
   0.11707   1.32047   0.51122   0.25371   5.30000  2
  -0.25716   1.26760  -0.90943  -0.35060   5.30000  3
  -0.23728   1.22875  -0.18019  -0.16657   5.30000  4
  -0.21248  -1.03036  -0.17349   0.33270   5.30000  5
  -0.17208  -0.88251   0.15726  -0.16965   5.30000  6
  -0.04761   0.85374   0.12156  -0.65428   5.30000  7
  -0.08258   0.83205  -0.52657  -0.21036   5.30000  8
   0.12994  -2.26769  -0.00833   0.01323   5.30000  9
   0.11814  -2.12673   0.02385   0.09311   5.30000 10
   0.18236   1.38321   0.86656   0.75093   5.40000  1
   0.16060   1.34160   0.38034   0.18969   5.40000  2
  -0.33768   1.22701  -0.69579  -0.45135   5.40000  3
  -0.25115   1.21166  -0.11810  -0.18278   5.40000  4
  -0.22742  -0.99173  -0.11780   0.43685   5.40000  5
  -0.15854  -0.90528   0.10604  -0.28255   5.40000  6
  -0.04073   0.79500   0.00667  -0.51626   5.40000  7
  -0.13129   0.81893  -0.43933  -0.06672   5.40000  8
   0.12857  -2.25993  -0.01852   0.14210   5.40000  9
   0.12085  -2.12306   0.02991  -0.01991   5.40000 10
   0.26224   1.45081   0.73076   0.60010   5.50000  1
   0.19633   1.36125   0.34379   0.20985   5.50000  2
  -0.39614   1.17885  -0.47518  -0.50677   5.50000  3
  -0.26331   1.19071  -0.13085  -0.24248   5.50000  4
  -0.23449  -0.94462  -0.01740   0.49111   5.50000  5
  -0.15244  -0.93737   0.00993  -0.34490   5.50000  6
  -0.04686   0.75097  -0.12862  -0.36337   5.50000  7
  -0.17013   0.81679  -0.33983   0.01868   5.50000  8
   0.12635  -2.23923  -0.02508   0.27196   5.50000  9
   0.12401  -2.13076   0.03249  -0.13419   5.50000 10
   0.32884   1.50365   0.60355   0.45988   5.60000  1
   0.23047   1.38408   0.34255   0.24744   5.60000  2
  -0.43314   1.12627  -0.26633  -0.54321   5.60000  3
  -0.27792   1.16212  -0.16290  -0.33397   5.60000  4
  -0.23070  -0.89701   0.08862   0.44526   5.60000  5
  -0.15676  -0.97074  -0.09194  -0.30666   5.60000  6
  -0.06614   0.72240  -0.25514  -0.20760   5.60000  7
  -0.20000   0.82208  -0.26192   0.08555   5.60000  8
   0.12374  -2.20585  -0.02577   0.39040   5.60000  9
   0.12716  -2.14959   0.02928  -0.23711   5.60000 10
   0.38340   1.54340   0.48931   0.33757   5.70000  1
   0.26534   1.41076   0.35692   0.28642   5.70000  2
  -0.44948   1.07039  -0.05952  -0.57404   5.70000  3
  -0.29606   1.12296  -0.20022  -0.45432   5.70000  4
  -0.21825  -0.85759   0.15287   0.33854   5.70000  5
  -0.16934  -0.99667  -0.15212  -0.20722   5.70000  6
  -0.09763   0.70966  -0.37386  -0.04551   5.70000  7
  -0.22347   0.83382  -0.21296   0.14960   5.70000  8
   0.12153  -2.16352  -0.01691   0.43735   5.70000  9
   0.12953  -2.17581   0.01649  -0.26839   5.70000 10
   0.42694   1.57157   0.38230   0.22719   5.80000  1
   0.30229   1.44144   0.38430   0.32772   5.80000  2
  -0.44453   1.01147   0.16270  -0.60455   5.80000  3
  -0.31790   1.07004  -0.23522  -0.61145   5.80000  4
  -0.20143  -0.82956   0.17827   0.22251   5.80000  5
  -0.18588  -1.01192  -0.17344  -0.09833   5.80000  6
  -0.14085   0.71386  -0.49108   0.13372   5.80000  7
  -0.24389   0.85215  -0.20335   0.21827   5.80000  8
   0.12051  -2.12235  -0.00388   0.37186   5.80000  9
   0.13031  -2.19929  -0.00061  -0.18695   5.80000 10
   0.45987   1.58903   0.27584   0.12273   5.90000  1
   0.34268   1.47649   0.42613   0.37432   5.90000  2
  -0.41581   0.94944   0.41772  -0.63601   5.90000  3
  -0.34230   0.99904  -0.24369  -0.81608   5.90000  4
  -0.18342  -0.81288   0.17868   0.11219   5.90000  5
  -0.20321  -1.01654  -0.16978   0.00486   5.90000  6
  -0.19611   0.73754  -0.61700   0.34772   5.90000  7
  -0.26630   0.87762  -0.25914   0.28905   5.90000  8
   0.12061  -2.09053   0.00506   0.26214   5.90000  9
   0.12955  -2.21180  -0.01381  -0.06094   5.90000 10
   0.48194   1.59620   0.16439   0.02145   6.00000  1
   0.38807   1.51652   0.48427   0.42703   6.00000  2
  -0.36064   0.88445   0.67129  -0.65939   6.00000  3
  -0.36302   0.90658  -0.14297  -1.01599   6.00000  4
  -0.16628  -0.80692   0.16129   0.00789   6.00000  5
  -0.21925  -1.01115  -0.14837   0.10206   6.00000  6
  -0.26533   0.78553  -0.77514   0.62362   6.00000  7
  -0.29898   0.90759  -0.40156   0.27557   6.00000  8
   0.12137  -2.07000   0.00955   0.14874   6.00000  9
   0.12769  -2.21139  -0.02275   0.06901   6.00000 10
   0.49269   1.59374   0.05263  -0.06566   6.10000  1
   0.43989   1.56174   0.55154   0.47352   6.10000  2
  -0.29085   0.82039   0.64636  -0.59181   6.10000  3
  -0.36626   0.80420   0.07376  -0.96778   6.10000  4
  -0.15169  -0.81119   0.12769  -0.09282   6.10000  5
  -0.23235  -0.99624  -0.11087   0.19584   6.10000  6
  -0.35019   0.86072  -0.87364   0.81508   6.10000  7
  -0.34318   0.92282  -0.44972  -0.00082   6.10000  8
   0.12241  -2.06076   0.01070   0.03599   6.10000  9
   0.12510  -2.19802  -0.02845   0.19847   6.10000 10
   0.49406   1.58525  -0.00985  -0.08782   6.20000  1
   0.49701   1.60927   0.57676   0.46179   6.20000  2
  -0.23942   0.76836   0.38250  -0.46024   6.20000  3
  -0.35309   0.72100   0.17462  -0.69659   6.20000  4
  -0.14137  -0.82541   0.07523  -0.19107   6.20000  5
  -0.24080  -0.97205  -0.05464   0.28759   6.20000  6
  -0.43018   0.93609  -0.71135   0.67048   6.20000  7
  -0.38616   0.90938  -0.41099  -0.23539   6.20000  8
   0.12340  -2.06284   0.00858  -0.07771   6.20000  9
   0.12211  -2.17165  -0.03087   0.32896   6.20000 10
   0.49398   1.57907   0.01980  -0.02765   6.30000  1
   0.55217   1.65138   0.51563   0.37307   6.30000  2
  -0.21307   0.72598   0.15059  -0.39625   6.30000  3
  -0.33258   0.66310   0.23241  -0.46984   6.30000  4
  -0.13749  -0.84918  -0.00240  -0.28192   6.30000  5
  -0.24244  -0.93893   0.02662   0.37249   6.30000  6
  -0.49271   0.99305  -0.54637   0.46805   6.30000  7
  -0.42535   0.88145  -0.36952  -0.30611   6.30000  8
   0.12396  -2.07599   0.00162  -0.18001   6.30000  9
   0.11909  -2.13253  -0.02838   0.44817   6.30000 10
   0.49916   1.58018   0.08579   0.04948   6.40000  1
   0.59916   1.68356   0.42270   0.27147   6.40000  2
  -0.20838   0.68781  -0.05316  -0.37208   6.40000  3
  -0.30702   0.62579   0.27704  -0.28096   6.40000  4
  -0.14284  -0.88077  -0.10827  -0.34056   6.40000  5
  -0.23449  -0.89855   0.13603   0.42565   6.40000  6
  -0.54098   1.03052  -0.42520   0.28685   6.40000  7
  -0.45920   0.84972  -0.30375  -0.32523   6.40000  8
   0.12350  -2.09648  -0.01164  -0.21087   6.40000  9
   0.11666  -2.08437  -0.01954   0.49625   6.40000 10
   0.51128   1.58873   0.15691   0.12027   6.50000  1
   0.63669   1.70602   0.32830   0.17946   6.50000  2
  -0.22300   0.65089  -0.23400  -0.36772   6.50000  3
  -0.27768   0.60614   0.30502  -0.11601   6.50000  4
  -0.15908  -0.91440  -0.21016  -0.31509   6.50000  5
  -0.21529  -0.85668   0.24151   0.39491   6.50000  6
  -0.57868   1.05146  -0.33238   0.13639   6.50000  7
  -0.48549   0.81667  -0.21952  -0.33543   6.50000  8
   0.12163  -2.11416  -0.02517  -0.12845   6.50000  9
   0.11519  -2.03727  -0.01050   0.43167   6.50000 10
   0.53061   1.60406   0.23036   0.18595   6.60000  1
   0.66484   1.71971   0.23459   0.09523   6.60000  2
  -0.25327   0.61465  -0.35589  -0.35011   6.60000  3
  -0.24793   0.60136   0.27381   0.01037   6.60000  4
  -0.18262  -0.94105  -0.24840  -0.21097   6.60000  5
  -0.18843  -0.82231   0.28348   0.28552   6.60000  6
  -0.60795   1.05852  -0.25481   0.00776   6.60000  7
  -0.50269   0.78263  -0.12270  -0.34573   6.60000  8
   0.11864  -2.12075  -0.03375  -0.00107   6.60000  9
   0.11437  -1.99943  -0.00669   0.32304   6.60000 10
   0.55754   1.62587   0.30966   0.25031   6.70000  1
   0.68350   1.72518   0.13753   0.01449   6.70000  2
  -0.29058   0.58303  -0.37633  -0.27141   6.70000  3
  -0.22668   0.60564   0.13599   0.06317   6.70000  4
  -0.20683  -0.95632  -0.22911  -0.09606   6.70000  5
  -0.16052  -0.79985   0.26809   0.16527   6.70000  6
  -0.62990   1.05347  -0.18492  -0.10692   6.70000  7
  -0.50968   0.74737  -0.01533  -0.36048   6.70000  8
   0.11501  -2.11428  -0.03839   0.13036   6.70000  9
   0.11371  -1.97273  -0.00719   0.21128   6.70000 10
   0.59287   1.65413   0.39844   0.31445   6.80000  1
   0.69209   1.72266   0.03306  -0.06424   6.80000  2
  -0.32719   0.56196  -0.35463  -0.14480   6.80000  3
  -0.22246   0.61235  -0.05574   0.06644   6.80000  4
  -0.22755  -0.96082  -0.18210   0.00320   6.80000  5
  -0.13571  -0.78870   0.22502   0.06054   6.80000  6
  -0.64503   1.03741  -0.11766  -0.21340   6.80000  7
  -0.50534   0.71023   0.10469  -0.38432   6.80000  8
   0.11105  -2.09470  -0.04025   0.26141   6.80000  9
   0.11283  -1.95713  -0.01082   0.10072   6.80000 10
   0.63735   1.68841   0.48838   0.36609   6.90000  1
   0.69005   1.71274  -0.07085  -0.12892   6.90000  2
  -0.36178   0.55485  -0.33936   0.00613   6.90000  3
  -0.23832   0.61842  -0.26412   0.05348   6.90000  4
  -0.24280  -0.95619  -0.12094   0.08724   6.90000  5
  -0.11598  -0.78724   0.16771  -0.02913   6.90000  6
  -0.65338   1.01091  -0.04872  -0.31641   6.90000  7
  -0.48808   0.67005   0.24474  -0.42180   6.90000  8
   0.10705  -2.06194  -0.03934   0.39371   6.90000  9
   0.11144  -1.95262  -0.01748  -0.01039   6.90000 10
   0.68866   1.72529   0.52140   0.35722   7.00000  1
   0.67985   1.69898  -0.11645  -0.13177   7.00000  2
  -0.39546   0.56383  -0.33356   0.17468   7.00000  3
  -0.27606   0.62278  -0.49596   0.03174   7.00000  4
  -0.25138  -0.94373  -0.04891   0.16035   7.00000  5
  -0.10253  -0.79418   0.09935  -0.10819   7.00000  6
  -0.65456   0.97408   0.02656  -0.42088   7.00000  7
  -0.45547   0.62548   0.41030  -0.46839   7.00000  8
   0.10331  -2.01623  -0.03472   0.51545   7.00000  9
   0.10921  -1.95890  -0.02800  -0.11022   7.00000 10
   0.73821   1.75742   0.45845   0.27952   7.10000  1
   0.67022   1.68885  -0.06495  -0.06469   7.10000  2
  -0.42685   0.58867  -0.27605   0.30520   7.10000  3
  -0.33851   0.62399  -0.75085  -0.01513   7.10000  4
  -0.25217  -0.92439   0.03556   0.22512   7.10000  5
  -0.09653  -0.80862   0.01837  -0.17945   7.10000  6
  -0.64764   0.92645   0.11462  -0.53422   7.10000  7
  -0.40711   0.57851   0.53360  -0.44440   7.10000  8
   0.10022  -1.96115  -0.02701   0.56768   7.10000  9
   0.10572  -1.97233  -0.04174  -0.13963   7.10000 10
   0.77938   1.78098   0.36353   0.19265   7.20000  1
   0.66787   1.68629   0.01952   0.01247   7.20000  2
  -0.44764   0.62071  -0.14350   0.31980   7.20000  3
  -0.42198   0.61842  -0.88090  -0.08956   7.20000  4
  -0.24371  -0.89903   0.13667   0.27982   7.20000  5
  -0.09941  -0.82978  -0.07927  -0.24154   7.20000  6
  -0.63087   0.86649   0.22598  -0.67056   7.20000  7
  -0.35683   0.54281   0.43291  -0.25526   7.20000  8
   0.09779  -1.90668  -0.02273   0.50746   7.20000  9
   0.10098  -1.98281  -0.05221  -0.05529   7.20000 10
   0.81090   1.79626   0.26710   0.11440   7.30000  1
   0.67417   1.69107   0.10639   0.08179   7.30000  2
  -0.45993   0.65048  -0.12952   0.26933   7.30000  3
  -0.50771   0.61042  -0.81085  -0.04639   7.30000  4
  -0.22419  -0.86916   0.25610   0.31145   7.30000  5
  -0.11302  -0.85624  -0.19512  -0.28189   7.30000  6
  -0.60117   0.79080   0.37540  -0.85286   7.30000  7
  -0.32442   0.52676   0.21197  -0.07391   7.30000  8
   0.09547  -1.86104  -0.02449   0.40299   7.30000  9
   0.09548  -1.98194  -0.05696   0.07508   7.30000 10
   0.83281   1.80408   0.17079   0.04268   7.40000  1
   0.68916   1.70245   0.19395   0.14525   7.40000  2
  -0.47781   0.67403  -0.24006   0.19577   7.40000  3
  -0.58130   0.61261  -0.64540   0.09666   7.40000  4
  -0.19267  -0.83871   0.36743   0.28368   7.40000  5
  -0.13826  -0.88424  -0.30266  -0.26457   7.40000  6
  -0.55471   0.69418   0.54973  -1.07681   7.40000  7
  -0.31412   0.52680  -0.00535   0.07121   7.40000  8
   0.09276  -1.82611  -0.03021   0.29613   7.40000  9
   0.08970  -1.96768  -0.05821   0.21000   7.40000 10
   0.84492   1.80489   0.07036  -0.02607   7.50000  1
   0.71312   1.72004   0.28644   0.20639   7.50000  2
  -0.50705   0.68553  -0.32340   0.01035   7.50000  3
  -0.63228   0.62682  -0.36102   0.16003   7.50000  4
  -0.15354  -0.81507   0.39743   0.18092   7.50000  5
  -0.17071  -0.90656  -0.32858  -0.17403   7.50000  6
  -0.49610   0.58303   0.59444  -1.09036   7.50000  7
  -0.32604   0.54041  -0.23962   0.19625   7.50000  8
   0.08933  -1.80173  -0.03874   0.19158   7.50000  9
   0.08391  -1.93995  -0.05730   0.34495   7.50000 10
   0.84662   1.79894  -0.03764  -0.09213   7.60000  1
   0.74674   1.74368   0.38726   0.26557   7.60000  2
  -0.53931   0.67534  -0.31565  -0.20503   7.60000  3
  -0.65399   0.64167  -0.07933   0.13224   7.60000  4
  -0.11595  -0.80281   0.34591   0.06731   7.60000  5
  -0.20120  -0.91881  -0.27270  -0.07416   7.60000  6
  -0.43725   0.48218   0.58055  -0.90987   7.60000  7
  -0.36331   0.56363  -0.50402   0.24677   7.60000  8
   0.08492  -1.78780  -0.04994   0.08734   7.60000  9
   0.07830  -1.89862  -0.05446   0.48195   7.60000 10
   0.83750   1.78699  -0.13998  -0.14117   7.70000  1
   0.79049   1.77266   0.48318   0.30844   7.70000  2
  -0.56948   0.64687  -0.28321  -0.35065   7.70000  3
  -0.64884   0.65244   0.18020   0.07651   7.70000  4
  -0.08527  -0.80081   0.26549  -0.02329   7.70000  5
  -0.22432  -0.92224  -0.18768   0.00141   7.70000  6
  -0.38251   0.40290   0.50020  -0.68027   7.70000  7
  -0.42433   0.58634  -0.70474   0.20449   7.70000  8
   0.07925  -1.78396  -0.06386  -0.00615   7.70000  9
   0.07308  -1.84378  -0.04960   0.61067   7.70000 10
   0.82117   1.77286  -0.16786  -0.12844   7.80000  1
   0.84085   1.80323   0.50528   0.29019   7.80000  2
  -0.59425   0.60867  -0.20008  -0.39233   7.80000  3
  -0.61884   0.65474   0.40960  -0.04473   7.80000  4
  -0.06309  -0.80682   0.17756  -0.09429   7.80000  5
  -0.23849  -0.91924  -0.09484   0.05577   7.80000  6
  -0.33837   0.34390   0.38244  -0.51097   7.80000  7
  -0.50392   0.60546  -0.88888   0.18209   7.80000  8
   0.07213  -1.78680  -0.07810  -0.03218   7.80000  9
   0.06838  -1.77861  -0.04511   0.67489   7.80000 10
   0.80736   1.76320  -0.09842  -0.06091   7.90000  1
   0.88813   1.82881   0.43058   0.21764   7.90000  2
  -0.60767   0.57291  -0.07103  -0.30388   7.90000  3
  -0.57145   0.64108   0.49445  -0.22919   7.90000  4
  -0.04990  -0.81925   0.08545  -0.15281   7.90000  5
  -0.24314  -0.91159   0.00271   0.09509   7.90000  6
  -0.30562   0.29896   0.27506  -0.39401   7.90000  7
  -0.59981   0.62235  -0.98500   0.14322   7.90000  8
   0.06384  -1.78632  -0.08642   0.05686   7.90000  9
   0.06382  -1.71274  -0.04739   0.62799   7.90000 10
   0.80226   1.76071  -0.00264   0.00975   8.00000  1
   0.92620   1.84674   0.32999   0.14234   8.00000  2
  -0.61074   0.54974   0.00019  -0.16244   8.00000  3
  -0.52881   0.61100   0.34103  -0.36103   8.00000  4
  -0.04620  -0.83711  -0.01299  -0.20308   8.00000  5
  -0.23771  -0.90062   0.10746   0.12228   8.00000  6
  -0.28289   0.26426   0.18149  -0.30263   8.00000  7
  -0.69025   0.63095  -0.79906   0.02250   8.00000  8
   0.05504  -1.77383  -0.08901   0.19588   8.00000  9
   0.05867  -1.65443  -0.05647   0.53643   8.00000 10
   0.80682   1.76487   0.09351   0.07233   8.10000  1
   0.95416   1.85757   0.22946   0.07546   8.10000  2
  -0.60825   0.53869   0.05042  -0.06938   8.10000  3
  -0.50371   0.57044   0.16321  -0.44376   8.10000  4
  -0.05283  -0.85961  -0.12160  -0.24526   8.10000  5
  -0.22127  -0.88757   0.22354   0.13588   8.10000  6
  -0.26905   0.23809   0.09614  -0.22179   8.10000  7
  -0.75882   0.62730  -0.57619  -0.09019   8.10000  8
   0.04612  -1.74697  -0.08912   0.34150   8.10000  9
   0.05240  -1.60541  -0.06937   0.44522   8.10000 10
