  -0.18728   0.31004  -0.02086   0.14681   0.10000  1
  -0.29378   0.47062   0.10929   0.05768   0.10000  2
  -0.17439   0.70315  -0.01969  -0.08299   0.10000  3
  -0.24460   0.52036   0.01846  -0.00704   0.10000  4
   0.32004   0.66094  -0.05112  -0.05103   0.10000  5
   0.38476   0.47775  -0.07505   0.06204   0.10000  6
  -0.18202   1.38482  -0.13397  -0.04658   0.10000  7
  -0.36743   1.33310   0.00416   0.02015   0.10000  8
  -0.49595   1.28581   0.14236   0.04049   0.10000  9
  -0.36957   1.42695   0.02643  -0.13954   0.10000 10
  -0.19038   0.33237  -0.04104   0.30186   0.20000  1
  -0.27750   0.47922   0.21543   0.11379   0.20000  2
  -0.17733   0.69046  -0.03909  -0.17249   0.20000  3
  -0.24160   0.51936   0.04306  -0.01238   0.20000  4
   0.31233   0.65323  -0.10336  -0.10367   0.20000  5
   0.37338   0.48712  -0.15333   0.12571   0.20000  6
  -0.20243   1.37775  -0.27621  -0.09549   0.20000  7
  -0.36668   1.33594   0.01195   0.03514   0.20000  8
  -0.47437   1.29202   0.29062   0.08445   0.20000  9
  -0.36564   1.40608   0.05197  -0.27693   0.20000 10
  -0.19538   0.37097  -0.05793   0.47366   0.30000  1
  -0.25103   0.49323   0.31113   0.16537   0.30000  2
  -0.18216   0.66818  -0.05700  -0.27626   0.30000  3
  -0.23551   0.51807   0.08190  -0.01190   0.30000  4
   0.29929   0.64012  -0.15805  -0.15896   0.30000  5
   0.35387   0.50299  -0.23856   0.19212   0.30000  6
  -0.23780   1.36553  -0.43405  -0.15052   0.30000  7
  -0.36471   1.33957   0.02982   0.03293   0.30000  8
  -0.43751   1.30286   0.44787   0.13249   0.30000  9
  -0.35927   1.37204   0.07487  -0.39894   0.30000 10
  -0.20156   0.42781  -0.06190   0.66584   0.40000  1
  -0.21615   0.51204   0.38015   0.20961   0.40000  2
  -0.18854   0.63444  -0.06860  -0.40264   0.40000  3
  -0.22448   0.51748   0.14247   0.00385   0.40000  4
   0.28057   0.62139  -0.21740  -0.21522   0.40000  5
   0.32529   0.52561  -0.33512   0.25998   0.40000  6
  -0.28957   1.34724  -0.59878  -0.21733   0.40000  7
  -0.36004   1.34126   0.06768  -0.00666   0.40000  8
  -0.38497   1.31815   0.59695   0.16758   0.40000  9
  -0.35078   1.32812   0.09454  -0.46501   0.40000 10
  -0.20643   0.50383  -0.02542   0.84363   0.50000  1
  -0.17689   0.53501   0.39266   0.24914   0.50000  2
  -0.19512   0.58712  -0.05645  -0.53972   0.50000  3
  -0.20651   0.52007   0.21704   0.05686   0.50000  4
   0.25549   0.59740  -0.28657  -0.26079   0.50000  5
   0.28633   0.55471  -0.44672   0.31866   0.50000  6
  -0.35429   1.32206  -0.66145  -0.28198   0.50000  7
  -0.35068   1.33680   0.11823  -0.08815   0.50000  8
  -0.32170   1.33393   0.63797   0.13145   0.50000  9
  -0.34043   1.28262   0.11070  -0.42911   0.50000 10
  -0.20451   0.59137   0.07102   0.86954   0.60000  1
  -0.14009   0.56135   0.33526   0.27272   0.60000  2
  -0.19792   0.53061   0.01108  -0.55096   0.60000  3
  -0.18163   0.53073   0.27628   0.16085   0.60000  4
   0.22250   0.57064  -0.37868  -0.26416   0.60000  5
   0.23551   0.58807  -0.57120   0.33939   0.60000  6
  -0.41465   1.29200  -0.52604  -0.31633   0.60000  7
  -0.33724   1.32298   0.14660  -0.18918   0.60000  8
  -0.26292   1.34179   0.52589   0.01992   0.60000  9
  -0.32928   1.24402   0.10978  -0.34178   0.60000 10
  -0.19180   0.67308   0.18242   0.75767   0.70000  1
  -0.10994   0.58884   0.27255   0.27561   0.70000  2
  -0.19142   0.48313   0.12213  -0.38392   0.70000  3
  -0.15178   0.55177   0.32086   0.25553   0.70000  4
   0.17848   0.54668  -0.50836  -0.20601   0.70000  5
   0.17177   0.62079  -0.70642   0.30825   0.70000  6
  -0.45814   1.25897  -0.34295  -0.34435   0.70000  7
  -0.32174   1.29900   0.16297  -0.29012   0.70000  8
  -0.21707   1.33751   0.39188  -0.10621   0.70000  9
  -0.31859   1.21380   0.10494  -0.26645   0.70000 10
  -0.16834   0.74291   0.28489   0.64011   0.80000  1
  -0.08419   0.61646   0.24995   0.27726   0.80000  2
  -0.17343   0.45480   0.23722  -0.18136   0.80000  3
  -0.11700   0.58122   0.37808   0.33211   0.80000  4
   0.11957   0.53088  -0.67550  -0.10360   0.80000  5
   0.09336   0.64890  -0.86762   0.25178   0.80000  6
  -0.48343   1.22307  -0.16386  -0.37402   0.80000  7
  -0.30459   1.26503   0.18034  -0.38901   0.80000  8
  -0.18425   1.32041   0.26600  -0.23683   0.80000  9
  -0.30793   1.18988   0.11051  -0.21645   0.80000 10
  -0.13535   0.80113   0.37032   0.52235   0.90000  1
  -0.05871   0.64434   0.26001   0.28015   0.90000  2
  -0.14408   0.44710   0.34901   0.02998   0.90000  3
  -0.07558   0.61804   0.44816   0.40294   0.90000  4
   0.04247   0.52744  -0.86738   0.04414   0.90000  5
  -0.00281   0.67087  -1.05247   0.18688   0.90000  6
  -0.49100   1.18408   0.01262  -0.40614   0.90000  7
  -0.28559   1.22124   0.20017  -0.48628   0.90000  8
  -0.16366   1.28981   0.14645  -0.37757   0.90000  9
  -0.29592   1.16952   0.13311  -0.19643   0.90000 10
  -0.09605   0.84672   0.40154   0.38780   1.00000  1
  -0.03466   0.67232   0.20049   0.27871   1.00000  2
  -0.10418   0.46177   0.44019   0.27003   1.00000  3
  -0.03081   0.66098   0.41611   0.44847   1.00000  4
  -0.05226   0.54167  -1.00502   0.24500   1.00000  5
  -0.11161   0.68686  -1.07738   0.14259   1.00000  6
  -0.48070   1.14174   0.19530  -0.44150   1.00000  7
  -0.26446   1.16799   0.22300  -0.57702   1.00000  8
  -0.15489   1.24428   0.02893  -0.53679   1.00000  9
  -0.28060   1.14924   0.17686  -0.21728   1.00000 10
  -0.05815   0.87917   0.34371   0.26645   1.10000  1
  -0.02126   0.70055   0.06577   0.29257   1.10000  2
  -0.05958   0.50198   0.43036   0.53210   1.10000  3
   0.00274   0.70678   0.24595   0.46849   1.10000  4
  -0.15228   0.57590  -0.96815   0.43622   1.10000  5
  -0.21173   0.70158  -0.91526   0.15916   1.10000  6
  -0.45141   1.09555   0.39386  -0.48397   1.10000  7
  -0.24082   1.10630   0.25101  -0.65443   1.10000  8
  -0.15785   1.18157  -0.08745  -0.72211   1.10000  9
  -0.25988   1.12418   0.24021  -0.29450   1.10000 10
  -0.02940   0.90092   0.22142   0.17117   1.20000  1
  -0.02099   0.73242  -0.05661   0.35296   1.20000  2
  -0.02051   0.56731   0.34628   0.77259   1.20000  3
   0.01773   0.75519   0.05207   0.50247   1.20000  4
  -0.24352   0.62892  -0.85494   0.62591   1.20000  5
  -0.29425   0.72001  -0.73467   0.21621   1.20000  6
  -0.40101   1.04437   0.61996  -0.54394   1.20000  7
  -0.21407   1.03739   0.28406  -0.72376   1.20000  8
  -0.17193   1.09898  -0.18880  -0.93260   1.20000  9
  -0.23228   1.08804   0.31123  -0.44102   1.20000 10
  -0.01602   0.91324   0.03465   0.07034   1.30000  1
  -0.03206   0.77283  -0.16468   0.46444   1.30000  2
   0.00874   0.65683   0.23065   1.02185   1.30000  3
   0.01250   0.80781  -0.16219   0.55188   1.30000  4
  -0.32311   0.70156  -0.73193   0.82872   1.30000  5
  -0.35813   0.74628  -0.53697   0.31651   1.30000  6
  -0.32615   0.98547   0.88248  -0.64293   1.30000  7
  -0.18428   0.96123   0.30901  -0.80142   1.30000  8
  -0.19335   0.99523  -0.22192  -1.13594   1.30000  9
  -0.19836   1.03307   0.36089  -0.67344   1.30000 10
  -0.02472   0.91323  -0.21745  -0.08102   1.40000  1
  -0.05474   0.82718  -0.29854   0.62589   1.40000  2
   0.02258   0.77250   0.02050   1.28890   1.40000  3
  -0.01636   0.86532  -0.42440   0.58793   1.40000  4
  -0.38714   0.79409  -0.52628   1.00442   1.40000  5
  -0.39965   0.78437  -0.28213   0.44483   1.40000  6
  -0.22457   0.91379   1.13848  -0.79482   1.40000  7
  -0.15268   0.87737   0.32592  -0.86156   1.40000  8
  -0.21182   0.87484  -0.12208  -1.24029   1.40000  9
  -0.16112   0.95086   0.38597  -0.97429   1.40000 10
  -0.05985   0.89582  -0.47240  -0.26141   1.50000  1
  -0.09292   0.89394  -0.44458   0.65134   1.50000  2
   0.00632   0.90934  -0.36556   1.38007   1.50000  3
  -0.07235   0.91976  -0.66748   0.45462   1.50000  4
  -0.42496   0.89569  -0.23160   0.99362   1.50000  5
  -0.41320   0.83369   0.00940   0.52937   1.50000  6
  -0.10233   0.82990   1.26695  -0.83108   1.50000  7
  -0.11818   0.79615   0.35727  -0.71383   1.50000  8
  -0.21355   0.75692   0.09300  -1.07045   1.50000  9
  -0.11921   0.84232   0.45500  -1.13225   1.50000 10
  -0.11341   0.86441  -0.57020  -0.34597   1.60000  1
  -0.13678   0.94893  -0.42340   0.44688   1.60000  2
  -0.04581   1.03506  -0.63923   1.11305   1.60000  3
  -0.14093   0.95196  -0.67935   0.20333   1.60000  4
  -0.43526   0.98932   0.01787   0.87269   1.60000  5
  -0.39910   0.88845   0.26599   0.56153   1.60000  6
   0.01468   0.75557   1.03030  -0.66290   1.60000  7
  -0.08410   0.73812   0.31416  -0.45989   1.60000  8
  -0.19465   0.66477   0.27480  -0.77275   1.60000  9
  -0.07487   0.73696   0.40907  -0.95596   1.60000 10
  -0.17071   0.83001  -0.56743  -0.32881   1.70000  1
  -0.17915   0.98514  -0.43622   0.28694   1.70000  2
  -0.11713   1.13239  -0.77590   0.84075   1.70000  3
  -0.20717   0.96441  -0.64792   0.06364   1.70000  4
  -0.42226   1.06955   0.23980   0.72892   1.70000  5
  -0.36070   0.94547   0.50082   0.57608   1.70000  6
   0.10263   0.69412   0.73720  -0.57723   1.70000  7
  -0.05642   0.70007   0.23722  -0.32127   1.70000  8
  -0.16027   0.60123   0.40597  -0.50536   1.70000  9
  -0.03905   0.65118   0.30646  -0.76366   1.70000 10
  -0.22554   0.80090  -0.52243  -0.24470   1.80000  1
  -0.22613   1.00801  -0.50884   0.17944   1.80000  2
  -0.19966   1.20424  -0.86984   0.59849   1.80000  3
  -0.27081   0.96807  -0.61849   0.02738   1.80000  4
  -0.38769   1.13441   0.44865   0.56470   1.80000  5
  -0.29978   1.00268   0.70078   0.56002   1.80000  6
   0.16392   0.63886   0.49624  -0.53140   1.80000  7
  -0.03665   0.67064   0.15988  -0.27949   1.80000  8
  -0.11453   0.56225   0.50447  -0.28168   1.80000  9
  -0.01335   0.58351   0.20957  -0.59277   1.80000 10
  -0.27403   0.78206  -0.44391  -0.13071   1.90000  1
  -0.27970   1.02325  -0.54526   0.13679   1.90000  2
  -0.28978   1.25201  -0.91965   0.35617   1.90000  3
  -0.32762   0.97300  -0.50327   0.07902   1.90000  4
  -0.33379   1.18208   0.61506   0.38985   1.90000  5
  -0.22777   1.05573   0.69766   0.49663   1.90000  6
   0.20303   0.58747   0.28991  -0.49716   1.90000  7
  -0.02382   0.64238   0.10125  -0.29224   1.90000  8
  -0.06016   0.54333   0.57841  -0.10515   1.90000  9
   0.00342   0.53224   0.12981  -0.43318   1.90000 10
  -0.31413   0.77471  -0.35891  -0.01719   2.00000  1
  -0.33199   1.03668  -0.49318   0.13221   2.00000  2
  -0.37944   1.27612  -0.85333   0.13614   2.00000  3
  -0.37050   0.98404  -0.35585   0.14015   2.00000  4
  -0.26960   1.21284   0.64262   0.22543   2.00000  5
  -0.16538   1.10209   0.54364   0.43284   2.00000  6
   0.22243   0.53945   0.09946  -0.46224   2.00000  7
  -0.01519   0.61127   0.07927  -0.33244   2.00000  8
  -0.00020   0.53931   0.61098   0.01407   2.00000  9
   0.01378   0.49705   0.08530  -0.26896   2.00000 10
  -0.34614   0.77844  -0.28323   0.09125   2.10000  1
  -0.37777   1.04928  -0.42180   0.11708   2.10000  2
  -0.45898   1.28134  -0.73747  -0.02419   2.10000  3
  -0.39951   1.00067  -0.22908   0.19059   2.10000  4
  -0.20769   1.22725   0.59309   0.06530   2.10000  5
  -0.11892   1.14277   0.38829   0.38276   2.10000  6
   0.22301   0.49544  -0.08791  -0.41433   2.10000  7
  -0.00616   0.57593   0.11023  -0.37163   2.10000  8
   0.05974   0.54382   0.57708   0.06406   2.10000  9
   0.02220   0.47860   0.09081  -0.10089   2.10000 10
  -0.37118   0.79288  -0.21971   0.19756   2.20000  1
  -0.41640   1.05969  -0.35102   0.09002   2.20000  2
  -0.52720   1.27222  -0.62758  -0.15518   2.20000  3
  -0.41742   1.02176  -0.13509   0.22883   2.20000  4
  -0.15079   1.22670   0.54647  -0.07157   2.20000  5
  -0.08711   1.17890   0.25095   0.33997   2.20000  6
   0.20492   0.45762  -0.27219  -0.33531   2.20000  7
   0.00830   0.53774   0.18396  -0.38774   2.20000  8
   0.11355   0.54981   0.49295   0.04538   2.20000  9
   0.03310   0.47623   0.13127   0.04803   2.20000 10
  -0.39047   0.81802  -0.16791   0.30574   2.30000  1
  -0.44795   1.06725  -0.27964   0.06196   2.30000  2
  -0.58445   1.25078  -0.51638  -0.27158   2.30000  3
  -0.42777   1.04582  -0.07817   0.24851   2.30000  4
  -0.09828   1.21412   0.50231  -0.17280   2.30000  5
  -0.06803   1.21043   0.13531   0.28682   2.30000  6
   0.16933   0.42991  -0.43322  -0.21130   2.30000  7
   0.03124   0.49937   0.27606  -0.37382   2.30000  8
   0.15716   0.55128   0.37311  -0.02096   2.30000  9
   0.04900   0.48657   0.18854   0.14743   2.30000 10
  -0.40516   0.85422  -0.12801   0.41962   2.40000  1
  -0.47224   1.07229  -0.20571   0.04005   2.40000  2
  -0.63010   1.21833  -0.39414  -0.37490   2.40000  3
  -0.43424   1.07053  -0.05638   0.24046   2.40000  4
  -0.05099   1.19382   0.43908  -0.22505   2.40000  5
  -0.05883   1.23514   0.05536   0.20161   2.40000  6
   0.12002   0.41667  -0.54034  -0.04890   2.40000  7
   0.06342   0.46432   0.36388  -0.32050   2.40000  8
   0.18698   0.54525   0.21831  -0.09889   2.40000  9
   0.07091   0.50297   0.24795   0.16650   2.40000 10
  -0.41655   0.90223  -0.10272   0.54221   2.50000  1
  -0.48908   1.07544  -0.13114   0.02316   2.50000  2
  -0.66270   1.17637  -0.25474  -0.46103   2.50000  3
  -0.43990   1.09279  -0.06010   0.19894   2.50000  4
  -0.01129   1.17031   0.35205  -0.24174   2.50000  5
  -0.05581   1.24990   0.00895   0.09134   2.50000  6
   0.06502   0.42029  -0.53646   0.11643   2.50000  7
   0.10216   0.43664   0.39682  -0.22539   2.50000  8
   0.20018   0.53199   0.04445  -0.16312   2.50000  9
   0.09775   0.51760   0.28289   0.11919   2.50000 10
  -0.42641   0.96294  -0.09873   0.67219   2.60000  1
  -0.49848   1.07688  -0.05668   0.00519   2.60000  2
  -0.68037   1.12693  -0.09525  -0.52298   2.60000  3
  -0.44666   1.10919  -0.07581   0.12370   2.60000  4
   0.01911   1.14580   0.25528  -0.24783   2.60000  5
  -0.05660   1.25329  -0.02383  -0.02323   2.60000  6
   0.01671   0.43820  -0.41894   0.23277   2.60000  7
   0.14020   0.42078   0.35658  -0.08617   2.60000  8
   0.19599   0.51333  -0.12536  -0.20597   2.60000  9
   0.12629   0.52622   0.28274   0.05233   2.60000 10
  -0.43731   1.03624  -0.12441   0.78626   2.70000  1
  -0.50030   1.07649   0.02090  -0.01105   2.70000  2
  -0.68107   1.07294   0.08416  -0.54943   2.70000  3
  -0.45503   1.11662  -0.09046   0.02222   2.70000  4
   0.03972   1.12074   0.15687  -0.25364   2.70000  5
  -0.06057   1.24539  -0.05595  -0.13395   2.70000  6
  -0.01804   0.46545  -0.27584   0.30680   2.70000  7
   0.17272   0.41996   0.28995   0.07028   2.70000  8
   0.17633   0.49175  -0.25794  -0.21971   2.70000  9
   0.15334   0.52798   0.25274  -0.01778   2.70000 10
  -0.45182   1.11687  -0.16362   0.80031   2.80000  1
  -0.49440   1.07570   0.09402   0.00279   2.80000  2
  -0.66323   1.01879   0.27211  -0.52385   2.80000  3
  -0.46438   1.11390  -0.09458  -0.06920   2.80000  4
   0.05050   1.09501   0.05883  -0.26144   2.80000  5
  -0.06795   1.22669  -0.09269  -0.23899   2.80000  6
  -0.03867   0.49866  -0.13823   0.35366   2.80000  7
   0.19714   0.43443   0.19205   0.21442   2.80000  8
   0.14703   0.47087  -0.31377  -0.18933   2.80000  9
   0.17558   0.52262   0.18588  -0.08837   2.80000 10
  -0.46866   1.19110  -0.16443   0.66660   2.90000  1
  -0.48247   1.07805   0.13962   0.04459   2.90000  2
  -0.62726   0.96996   0.44262  -0.44571   2.90000  3
  -0.47354   1.10481  -0.08608  -0.10479   2.90000  4
   0.05149   1.06834  -0.03894  -0.27274   2.90000  5
  -0.07928   1.19782  -0.13448  -0.33735   2.90000  6
  -0.04607   0.53544  -0.01189   0.37840   2.90000  7
   0.21003   0.46152   0.06218   0.31961   2.90000  8
   0.11595   0.45560  -0.29961  -0.10843   2.90000  9
   0.18957   0.51092   0.09100  -0.14019   2.90000 10
  -0.48335   1.24874  -0.12496   0.48527   3.00000  1
  -0.46723   1.08391   0.16271   0.06706   3.00000  2
  -0.57572   0.93072   0.58303  -0.33524   3.00000  3
  -0.48081   1.09359  -0.05405  -0.11931   3.00000  4
   0.04266   1.04026  -0.13828  -0.29016   3.00000  5
  -0.09494   1.15942  -0.17905  -0.42986   3.00000  6
  -0.04156   0.57373   0.09906   0.38472   3.00000  7
   0.20924   0.49666  -0.07805   0.37416   3.00000  8
   0.08809   0.45036  -0.25469   0.00786   3.00000  9
   0.19340   0.49617  -0.01572  -0.14450   3.00000 10
  -0.49310   1.28845  -0.06843   0.31100   3.10000  1
  -0.45011   1.09022   0.18001   0.05281   3.10000  2
  -0.51161   0.90344   0.69474  -0.20868   3.10000  3
  -0.48310   1.08086   0.01487  -0.13545   3.10000  4
   0.02370   1.00999  -0.24189  -0.31723   3.10000  5
  -0.11512   1.11195  -0.22459  -0.51922   3.10000  6
  -0.02689   0.61196   0.19099   0.37819   3.10000  7
   0.19451   0.53463  -0.21606   0.37855   3.10000  8
   0.06538   0.45777  -0.19837   0.14260   3.10000  9
   0.18613   0.48429  -0.13128  -0.08258   3.10000 10
  -0.49683   1.31136  -0.00543   0.14905   3.20000  1
  -0.43094   1.09331   0.20589   0.00358   3.20000  2
  -0.43751   0.88909   0.78468  -0.07896   3.20000  3
  -0.47652   1.06650   0.12290  -0.15160   3.20000  4
  -0.00593   0.97634  -0.35183  -0.35841   3.20000  5
  -0.13986   1.05561  -0.27009  -0.60735   3.20000  6
  -0.00413   0.64909   0.25948   0.36322   3.20000  7
   0.16605   0.57160  -0.35391   0.35969   3.20000  8
   0.04862   0.47923  -0.13617   0.28820   3.20000  9
   0.16685   0.48143  -0.25552   0.03258   3.20000 10
  -0.49406   1.31854   0.06162  -0.00448   3.30000  1
  -0.40831   1.08991   0.25020  -0.07659   3.30000  2
  -0.35486   0.88734   0.86972   0.04142   3.30000  3
  -0.45741   1.05062   0.26424  -0.16589   3.30000  4
  -0.04686   0.93769  -0.46725  -0.41748   3.30000  5
  -0.16907   0.99056  -0.31347  -0.69266   3.30000  6
   0.02381   0.68426   0.29080   0.33735   3.30000  7
   0.12352   0.60683  -0.49709   0.34801   3.30000  8
   0.03814   0.51574  -0.07467   0.44369   3.30000  9
   0.13488   0.49207  -0.38410   0.18663   3.30000 10
  -0.48434   1.31061   0.13374  -0.15369   3.40000  1
  -0.38017   1.07702   0.31609  -0.18586   3.40000  2
  -0.26289   0.89644   0.97167   0.13012   3.40000  3
  -0.42286   1.03319   0.42984  -0.18471   3.40000  4
  -0.09938   0.89244  -0.58198  -0.48700   3.40000  5
  -0.20219   0.91758  -0.34236  -0.76022   3.40000  6
   0.05150   0.71573   0.24549   0.28685   3.40000  7
   0.06695   0.64212  -0.62859   0.36339   3.40000  8
   0.03296   0.56831  -0.03653   0.60894   3.40000  9
   0.09020   0.52013  -0.50735   0.38218   3.40000 10
  -0.46706   1.28784   0.21324  -0.30152   3.50000  1
  -0.34446   1.05186   0.40107  -0.32116   3.50000  2
  -0.16242   0.90886   1.01102   0.08589   3.50000  3
  -0.37112   1.01291   0.60445  -0.22701   3.50000  4
  -0.16209   0.84154  -0.65354  -0.51758   3.50000  5
  -0.23396   0.84146  -0.26597  -0.74363   3.50000  6
   0.06871   0.74078   0.07818   0.21340   3.50000  7
  -0.00017   0.68066  -0.70201   0.41372   3.50000  8
   0.02820   0.63751  -0.07728   0.77232   3.50000  9
   0.03414   0.57012  -0.60916   0.62557   3.50000 10
  -0.44136   1.25026   0.30279  -0.45075   3.60000  1
  -0.29940   1.01202   0.50319  -0.47978   3.60000  2
  -0.06541   0.90924   0.91786  -0.08989   3.60000  3
  -0.30258   0.98606   0.76107  -0.32072   3.60000  4
  -0.22442   0.79120  -0.56872  -0.48209   3.60000  5
  -0.25184   0.77107  -0.08176  -0.65606   3.60000  6
   0.06390   0.75925  -0.18675   0.16612   3.60000  7
  -0.07179   0.72638  -0.72588   0.50785   3.60000  8
   0.01353   0.72155  -0.23327   0.89901   3.60000  9
  -0.03085   0.64652  -0.68853   0.90630   3.60000 10
  -0.40604   1.19744   0.40670  -0.60800   3.70000  1
  -0.24289   0.95487   0.63374  -0.67024   3.70000  2
   0.01848   0.88933   0.73551  -0.30499   3.70000  3
  -0.22017   0.94624   0.88146  -0.49035   3.70000  4
  -0.27151   0.74710  -0.35429  -0.38550   3.70000  5
  -0.24909   0.71285   0.13575  -0.48704   3.70000  6
   0.02966   0.77745  -0.50046   0.21905   3.70000  7
  -0.14457   0.78251  -0.72348   0.61002   3.70000  8
  -0.02055   0.81488  -0.45098   0.95179   3.70000  9
  -0.10355   0.75087  -0.76396   1.16527   3.70000 10
  -0.35917   1.12780   0.53692  -0.79233   3.80000  1
  -0.17135   0.87662   0.78486  -0.87529   3.80000  2
   0.07580   0.85282   0.39429  -0.39462   3.80000  3
  -0.12802   0.88534   0.93173  -0.71259   3.80000  4
  -0.29311   0.71747  -0.07681  -0.19400   3.80000  5
  -0.22720   0.67855   0.28354  -0.18331   3.80000  6
  -0.03532   0.80654  -0.79264   0.36992   3.80000  7
  -0.21345   0.84729  -0.62239   0.67256   3.80000  8
  -0.07664   0.90731  -0.66990   0.86347   3.80000  9
  -0.18177   0.87382  -0.76961   1.24619   3.80000 10
  -0.29670   1.03659   0.72330  -1.04314   3.90000  1
  -0.09297   0.79035   0.74785  -0.80884   3.90000  2
   0.09741   0.81426   0.04380  -0.37049   3.90000  3
  -0.04265   0.81262   0.74701  -0.70924   3.90000  4
  -0.28777   0.70932   0.17835   0.03121   3.90000  5
  -0.19507   0.67686   0.35264   0.14640   3.90000  6
  -0.12603   0.84952  -0.98688   0.46295   3.90000  7
  -0.26386   0.91300  -0.38438   0.63446   3.90000  8
  -0.15130   0.98092  -0.80487   0.59887   3.90000  9
  -0.25129   0.99011  -0.61682   1.05783   3.90000 10
  -0.21613   0.92197   0.84835  -1.20707   4.00000  1
  -0.02513   0.71727   0.60937  -0.64976   4.00000  2
   0.08565   0.77832  -0.27397  -0.35441   4.00000  3
   0.02047   0.74535   0.52149  -0.63408   4.00000  4
  -0.25860   0.72357   0.39804   0.25372   4.00000  5
  -0.15737   0.70623   0.39789   0.42732   4.00000  6
  -0.22648   0.89590  -1.00553   0.46976   4.00000  7
  -0.29126   0.97416  -0.16352   0.57384   4.00000  8
  -0.23625   1.02812  -0.87688   0.34209   4.00000  9
  -0.30512   1.08265  -0.45523   0.77859   4.00000 10
  -0.13277   0.79940   0.82256  -1.24383   4.10000  1
   0.02926   0.66173   0.47667  -0.45384   4.10000  2
   0.04425   0.74204  -0.54100  -0.37415   4.10000  3
   0.06182   0.68691   0.30168  -0.52741   4.10000  4
  -0.20951   0.75933   0.58015   0.44831   4.10000  5
  -0.11639   0.75862   0.41637   0.59590   4.10000  6
  -0.32140   0.94287  -0.87566   0.47377   4.10000  7
  -0.29958   1.02555  -0.03048   0.45289   4.10000  8
  -0.32227   1.05100  -0.82584   0.13315   4.10000  9
  -0.34362   1.14611  -0.32446   0.49522   4.10000 10
  -0.04935   0.67738   0.85526  -1.16634   4.20000  1
   0.06891   0.62684   0.30832  -0.24943   4.20000  2
  -0.01890   0.70475  -0.69474  -0.35907   4.20000  3
   0.08022   0.64084   0.06742  -0.39257   4.20000  4
  -0.14336   0.80787   0.73209   0.49282   4.20000  5
  -0.07494   0.81772   0.40608   0.55046   4.20000  6
  -0.40043   0.99250  -0.70390   0.52430   4.20000  7
  -0.30235   1.06496  -0.04134   0.33795   4.20000  8
  -0.39840   1.05815  -0.68710   0.02465   4.20000  9
  -0.37164   1.18252  -0.24210   0.23722   4.20000 10
   0.03750   0.56924   0.86953  -0.98715   4.30000  1
   0.09009   0.60952   0.11779  -0.11264   4.30000  2
  -0.08684   0.67210  -0.63323  -0.28794   4.30000  3
   0.07667   0.60789  -0.12422  -0.27320   4.30000  4
  -0.06655   0.85404   0.78448   0.42115   4.30000  5
  -0.03720   0.86626   0.34229   0.42060   4.30000  6
  -0.46236   1.04769  -0.53604   0.57414   4.30000  7
  -0.30951   1.09393  -0.10565   0.24592   4.30000  8
  -0.45901   1.05847  -0.52542  -0.00628   4.30000  9
  -0.39302   1.19443  -0.18953   0.00540   4.30000 10
   0.12153   0.48126   0.79645  -0.77357   4.40000  1
   0.09426   0.60129  -0.02353  -0.06106   4.40000  2
  -0.14326   0.64764  -0.49474  -0.20237   4.40000  3
   0.05946   0.58473  -0.20067  -0.19289   4.40000  4
   0.01013   0.89164   0.73634   0.33199   4.40000  5
  -0.00650   0.90261   0.27580   0.31038   4.40000  6
  -0.50779   1.10551  -0.37251   0.57121   4.40000  7
  -0.32393   1.11504  -0.18451   0.17994   4.40000  8
  -0.50380   1.05923  -0.37184   0.03145   4.40000  9
  -0.41033   1.18462  -0.16078  -0.19508   4.40000 10
   0.19561   0.41289   0.68575  -0.60379   4.50000  1
   0.08686   0.59672  -0.12019  -0.03033   4.50000  2
  -0.18626   0.63126  -0.36816  -0.12688   4.50000  3
   0.03882   0.56952  -0.20659  -0.10912   4.50000  4
   0.07882   0.92072   0.63086   0.25094   4.50000  5
   0.01899   0.92900   0.23856   0.22022   4.50000  6
  -0.53679   1.15971  -0.20793   0.50188   4.50000  7
  -0.34681   1.13037  -0.27507   0.12748   4.50000  8
  -0.53352   1.06608  -0.22248   0.10869   4.50000  9
  -0.42595   1.15728  -0.15475  -0.33908   4.50000 10
   0.25928   0.35875   0.59099  -0.48594   4.60000  1
   0.07071   0.59536  -0.20149   0.00387   4.60000  2
  -0.21739   0.62201  -0.25651  -0.05898   4.60000  3
   0.01860   0.56321  -0.19719  -0.01637   4.60000  4
   0.13553   0.94212   0.50141   0.17861   4.60000  5
   0.04182   0.94707   0.21982   0.14263   4.60000  6
  -0.54981   1.20392  -0.05630   0.37443   4.60000  7
  -0.37924   1.14033  -0.37399   0.06929   4.60000  8
  -0.54810   1.08101  -0.06772   0.18798   4.60000  9
  -0.44161   1.11978  -0.15900  -0.39551   4.60000 10
   0.31448   0.31463   0.51614  -0.40078   4.70000  1
   0.04678   0.59763  -0.27617   0.04232   4.70000  2
  -0.23785   0.61935  -0.15355   0.00533   4.70000  3
  -0.00067   0.56633  -0.18906   0.07899   4.70000  4
   0.17895   0.95670   0.36710   0.11410   4.70000  5
   0.06313   0.95775   0.20658   0.07192   4.70000  6
  -0.54895   1.23345   0.06911   0.21209   4.70000  7
  -0.42145   1.14375  -0.46791  -0.00225   4.70000  8
  -0.54684   1.10286   0.09306   0.24316   4.70000  9
  -0.45782   1.08110  -0.16530  -0.36489   4.70000 10
   0.36302   0.27792   0.45687  -0.33595   4.80000  1
   0.01565   0.60400  -0.34549   0.08604   4.80000  2
  -0.24820   0.62304  -0.05343   0.06854   4.80000  3
  -0.01951   0.57897  -0.18978   0.17348   4.80000  4
   0.20898   0.96515   0.23371   0.05566   4.80000  5
   0.08313   0.96158   0.19305   0.00535   4.80000  6
  -0.53687   1.24562   0.16769   0.02806   4.80000  7
  -0.47193   1.14003  -0.53330  -0.06877   4.80000  8
  -0.53000   1.12824   0.23688   0.25660   4.80000  9
  -0.47450   1.04899  -0.16620  -0.26902   4.80000 10
   0.40624   0.24700   0.40917  -0.28442   4.90000  1
  -0.02207   0.61514  -0.40720   0.13868   4.90000  2
  -0.24844   0.63306   0.04945   0.13189   4.90000  3
  -0.03915   0.60089  -0.20628   0.26382   4.90000  4
   0.22571   0.96796   0.10078   0.00112   4.90000  5
   0.10162   0.95895   0.17609  -0.05734   4.90000  6
  -0.51655   1.23851   0.23209  -0.17156   4.90000  7
  -0.52516   1.13121  -0.51088  -0.10065   4.90000  8
  -0.50196   1.15252   0.30698   0.22072   4.90000  9
  -0.49047   1.02832  -0.15020  -0.14226   4.90000 10
   0.44514   0.22074   0.37010  -0.24203   5.00000  1
  -0.06543   0.63221  -0.45805   0.20565   5.00000  2
  -0.23802   0.64945   0.16095   0.19602   5.00000  3
  -0.06152   0.63147  -0.24528   0.34615   5.00000  4
   0.22907   0.96542  -0.03411  -0.05195   5.00000  5
   0.11812   0.95030   0.15224  -0.11460   5.00000  6
  -0.49178   1.21160   0.25770  -0.36187   5.00000  7
  -0.57012   1.12078  -0.37455  -0.10738   5.00000  8
  -0.47173   1.17102   0.28783   0.14392   5.00000  9
  -0.50396   1.02056  -0.11682  -0.01392   5.00000 10
   0.48047   0.19838   0.33744  -0.20612   5.10000  1
  -0.11326   0.65689  -0.49593   0.29120   5.10000  2
  -0.21586   0.67233   0.28320   0.26230   5.10000  3
  -0.08903   0.66976  -0.30867   0.41781   5.10000  4
   0.21876   0.95753  -0.17289  -0.10626   5.10000  5
   0.13166   0.93632   0.11602  -0.16316   5.10000  6
  -0.46588   1.16766   0.25670  -0.50734   5.10000  7
  -0.59849   1.10935  -0.18844  -0.12399   5.10000  8
  -0.44532   1.18011   0.23895   0.03062   5.10000  9
  -0.51328   1.02522  -0.06638   0.10495   5.10000 10
   0.51279   0.17936   0.30952  -0.17496   5.20000  1
  -0.16371   0.69109  -0.50449   0.39553   5.20000  2
  -0.18183   0.70215   0.38769   0.33653   5.20000  3
  -0.12371   0.71463  -0.38433   0.47739   5.20000  4
   0.19439   0.94404  -0.31449  -0.16428   5.20000  5
   0.14060   0.91811   0.05788  -0.19826   5.20000  6
  -0.44111   1.11217   0.23544  -0.59269   5.20000  7
  -0.60728   1.09547   0.01461  -0.15540   5.20000  8
  -0.42393   1.17564   0.18939  -0.12635   5.20000  9
  -0.51641   1.04089   0.00877   0.20248   5.20000 10
   0.54249   0.16327   0.28505  -0.14738   5.30000  1
  -0.21167   0.73641  -0.44396   0.51247   5.30000  2
  -0.14205   0.74042   0.38628   0.43310   5.30000  3
  -0.16486   0.76481  -0.42957   0.52495   5.30000  4
   0.15596   0.92455  -0.45327  -0.22577   5.30000  5
   0.14200   0.89724  -0.03745  -0.21630   5.30000  6
  -0.41920   1.05109   0.20384  -0.61913   5.30000  7
  -0.59517   1.07810   0.22985  -0.19186   5.30000  8
  -0.40730   1.15397   0.14379  -0.30969   5.30000  9
  -0.51044   1.06371   0.11545   0.23960   5.30000 10
   0.56988   0.14978   0.26308  -0.12270   5.40000  1
  -0.25165   0.79400  -0.35737   0.64234   5.40000  2
  -0.10774   0.78934   0.29318   0.54584   5.40000  3
  -0.20803   0.81982  -0.43127   0.57837   5.40000  4
   0.10391   0.89902  -0.58781  -0.28276   5.40000  5
   0.13134   0.87537  -0.18510  -0.21875   5.40000  6
  -0.39930   0.98999   0.20350  -0.59765   5.40000  7
  -0.56087   1.05728   0.45844  -0.22374   5.40000  8
  -0.39509   1.11349   0.10165  -0.49957   5.40000  9
  -0.49269   1.08547   0.24171   0.17861   5.40000 10
   0.59517   0.13864   0.24299  -0.10066   5.50000  1
  -0.28439   0.86552  -0.30743   0.78926   5.50000  2
  -0.08345   0.84917   0.19449   0.64430   5.50000  3
  -0.25177   0.88128  -0.45112   0.65362   5.50000  4
   0.03794   0.86885  -0.73581  -0.31238   5.50000  5
   0.10317   0.85401  -0.38639  -0.20464   5.50000  6
  -0.37604   0.93221   0.27542  -0.55183   5.50000  7
  -0.50297   1.03330   0.70260  -0.25845   5.50000  8
  -0.38622   1.05445   0.08409  -0.67750   5.50000  9
  -0.46166   1.09612   0.38115   0.01828   5.50000 10
   0.61853   0.12957   0.22440  -0.08123   5.60000  1
  -0.31543   0.95048  -0.32087   0.88800   5.60000  2
  -0.06921   0.91535   0.07949   0.65839   5.60000  3
  -0.30012   0.95009  -0.52013   0.71038   5.60000  4
  -0.04373   0.83951  -0.89430  -0.25445   5.60000  5
   0.05280   0.83560  -0.62489  -0.15566   5.60000  6
  -0.34231   0.88315   0.39485  -0.39962   5.60000  7
  -0.41970   1.00437   0.96343  -0.32861   5.60000  8
  -0.37513   0.97936   0.15996  -0.80491   5.60000  9
  -0.41591   1.08608   0.53806  -0.23229   5.60000 10
   0.64009   0.12231   0.20708  -0.06429   5.70000  1
  -0.34732   1.03570  -0.29201   0.77651   5.70000  2
  -0.07093   0.97713  -0.12939   0.56549   5.70000  3
  -0.35320   1.01856  -0.50383   0.63034   5.70000  4
  -0.13988   0.82148  -1.02797  -0.09297   5.70000  5
  -0.02211   0.82468  -0.87470  -0.05422   5.70000  6
  -0.29967   0.85664   0.45127  -0.12872   5.70000  7
  -0.31317   0.96757   1.12698  -0.39382   5.70000  8
  -0.35082   0.90165   0.33268  -0.71082   5.70000  9
  -0.35321   1.04783   0.70988  -0.52749   5.70000 10
   0.65998   0.11664   0.19085  -0.04938   5.80000  1
  -0.36900   1.10073  -0.13568   0.51808   5.80000  2
  -0.09722   1.02664  -0.40055   0.41272   5.80000  3
  -0.39333   1.07236  -0.28546   0.44193   5.80000  4
  -0.24896   0.82370  -1.12682   0.14796   5.80000  5
  -0.12301   0.82648  -1.14845   0.10203   5.80000  6
  -0.25179   0.85530   0.50346   0.08617   5.80000  7
  -0.20186   0.92659   1.07267  -0.43155   5.80000  8
  -0.30745   0.83996   0.53918  -0.51885   5.80000  9
  -0.27756   0.98516   0.79081  -0.70911   5.80000 10
   0.67829   0.11239   0.17537  -0.03569   5.90000  1
  -0.37559   1.14018  -0.00358   0.27565   5.90000  2
  -0.14965   1.05667  -0.62965   0.17705   5.90000  3
  -0.41088   1.10786  -0.07152   0.27246   5.90000  4
  -0.35390   0.84931  -0.92439   0.33808   5.90000  5
  -0.24872   0.84713  -1.30407   0.30259   5.90000  6
  -0.20189   0.87066   0.47325   0.20594   5.90000  7
  -0.10578   0.88239   0.81471  -0.43424   5.90000  8
  -0.24519   0.79997   0.67540  -0.26453   5.90000  9
  -0.19692   0.90701   0.79447  -0.83729   5.90000 10
   0.69506   0.10949   0.16014  -0.02233   6.00000  1
  -0.37104   1.15637   0.08846   0.04892   6.00000  2
  -0.21951   1.06236  -0.75523  -0.05156   6.00000  3
  -0.40879   1.12716   0.10748   0.11255   6.00000  4
  -0.43224   0.88814  -0.65203   0.43341   6.00000  5
  -0.37225   0.88285  -1.15556   0.40443   6.00000  6
  -0.15939   0.89299   0.37867   0.22207   6.00000  7
  -0.04035   0.84184   0.50120  -0.37595   6.00000  8
  -0.17754   0.78781   0.67140   0.01006   6.00000  9
  -0.12417   0.82456   0.65548  -0.78159   6.00000 10
   0.71031   0.10793   0.14470  -0.00877   6.10000  1
  -0.35922   1.14990   0.13980  -0.17867   6.10000  2
  -0.29921   1.04975  -0.83323  -0.18027   6.10000  3
  -0.39082   1.12984   0.24212  -0.06230   6.10000  4
  -0.48621   0.93567  -0.43539   0.51652   6.10000  5
  -0.47998   0.92823  -0.99472   0.50398   6.10000  6
  -0.12572   0.91257   0.29605   0.16284   6.10000  7
  -0.00379   0.80688   0.23889  -0.32446   6.10000  8
  -0.11074   0.79861   0.66378   0.18624   6.10000  9
  -0.06485   0.75418   0.53800  -0.61512   6.10000 10
   0.72399   0.10775   0.12884   0.00519   6.20000  1
  -0.34523   1.12110   0.12815  -0.39028   6.20000  2
  -0.38444   1.03033  -0.85805  -0.19280   6.20000  3
  -0.36321   1.11432   0.29211  -0.24622   6.20000  4
  -0.52053   0.99102  -0.25446   0.58531   6.20000  5
  -0.56939   0.98288  -0.78443   0.58118   6.20000  6
  -0.09972   0.92485   0.22701   0.08151   6.20000  7
   0.00939   0.77717   0.03681  -0.26599   6.20000  8
  -0.04575   0.82131   0.62795   0.25185   6.20000  9
  -0.01534   0.70283   0.45605  -0.40975   6.20000 10
   0.73606   0.10898   0.11252   0.01954   6.30000  1
  -0.33536   1.07430   0.06661  -0.52988   6.30000  2
  -0.46810   1.01294  -0.80608  -0.14946   6.30000  3
  -0.33569   1.08201   0.24906  -0.38929   6.30000  4
  -0.53747   1.05079  -0.08775   0.59492   6.30000  5
  -0.63582   1.04248  -0.54376   0.60049   6.30000  6
  -0.07967   0.92891   0.17680   0.00084   6.30000  7
   0.00651   0.75468  -0.07900  -0.17933   6.30000  8
   0.01274   0.84640   0.53074   0.24073   6.30000  9
   0.02657   0.67205   0.38086  -0.20857   6.30000 10
   0.74648   0.11167   0.09581   0.03423   6.40000  1
  -0.33121   1.01826   0.02398  -0.57749   6.40000  2
  -0.54425   1.00170  -0.71096  -0.07048   6.40000  3
  -0.31378   1.03839   0.19171  -0.47567   6.40000  4
  -0.53988   1.10657   0.02698   0.50721   6.40000  5
  -0.67879   1.10109  -0.32148   0.56382   6.40000  6
  -0.06399   0.92525   0.13797  -0.07328   6.40000  7
  -0.00384   0.74183  -0.11889  -0.07615   6.40000  8
   0.05870   0.86834   0.38318   0.19461   6.40000  9
   0.06034   0.66045   0.29169  -0.02680   6.40000 10
   0.75522   0.11584   0.07884   0.04913   6.50000  1
  -0.32867   0.96079   0.03630  -0.56532   6.50000  2
  -0.60953   0.99908  -0.59310   0.01666   6.50000  3
  -0.29637   0.98795   0.16226  -0.52946   6.50000  4
  -0.53446   1.15095   0.07231   0.37934   6.50000  5
  -0.70149   1.15403  -0.13949   0.49066   6.50000  6
  -0.05192   0.91432   0.10381  -0.14553   6.50000  7
  -0.01614   0.73972  -0.12393   0.03544   6.50000  8
   0.08877   0.88484   0.21669   0.13316   6.50000  9
   0.08437   0.66604   0.18631   0.13592   6.50000 10
   0.76225   0.12150   0.06178   0.06411   6.60000  1
  -0.32223   0.90598   0.10021  -0.52880   6.60000  2
  -0.66289   1.00460  -0.47493   0.09153   6.60000  3
  -0.28013   0.93305   0.16866  -0.56621   6.60000  4
  -0.52670   1.18276   0.07850   0.25970   6.60000  5
  -0.70800   1.19868   0.00371   0.40081   6.60000  6
  -0.04312   0.89602   0.07285  -0.22139   6.60000  7
  -0.02836   0.74925  -0.12042   0.15676   6.60000  8
   0.10186   0.89448   0.04438   0.05687   6.60000  9
   0.09709   0.68723   0.06527   0.28662   6.60000 10
   0.76757   0.12866   0.04472   0.07900   6.70000  1
  -0.30725   0.85523   0.20575  -0.48583   6.70000  2
  -0.70470   1.01697  -0.36222   0.15405   6.70000  3
  -0.26137   0.87519   0.21339  -0.58786   6.70000  4
  -0.51939   1.20351   0.06533   0.15833   6.70000  5
  -0.70171   1.23402   0.11812   0.30553   6.70000  6
  -0.03724   0.86991   0.04526  -0.30060   6.70000  7
  -0.04035   0.77129  -0.12028   0.28374   6.70000  8
   0.09749   0.89557  -0.13304  -0.03859   6.70000  9
   0.09673   0.72321  -0.07703   0.43224   6.70000 10
   0.77119   0.13729   0.02767   0.09364   6.80000  1
  -0.27985   0.80891   0.34829  -0.43938   6.80000  2
  -0.73548   1.03511  -0.25382   0.20738   6.80000  3
  -0.23600   0.81638   0.30130  -0.58153   6.80000  4
  -0.51396   1.21501   0.04202   0.07449   6.80000  5
  -0.68501   1.25974   0.21320   0.20861   6.80000  6
  -0.03404   0.83646   0.01812  -0.36038   6.80000  7
  -0.05258   0.80525  -0.12419   0.38542   6.80000  8
   0.07497   0.88599  -0.31883  -0.15653   6.80000  9
   0.08054   0.77343  -0.25375   0.56828   6.80000 10
   0.77310   0.14737   0.01048   0.10789   6.90000  1
  -0.23649   0.76785   0.52334  -0.37713   6.90000  2
  -0.75550   1.05822  -0.14634   0.25390   6.90000  3
  -0.19979   0.76091   0.42721  -0.51461   6.90000  4
  -0.51116   1.21893   0.01345   0.00624   6.90000  5
  -0.65948   1.27568   0.29567   0.10968   6.90000  6
  -0.03403   0.80086  -0.02304  -0.33155   6.90000  7
  -0.06483   0.84487  -0.11757   0.38487   6.90000  8
   0.03343   0.86403  -0.51237  -0.27805   6.90000  9
   0.04453   0.83482  -0.47083   0.63875   6.90000 10
   0.77327   0.15885  -0.00715   0.12171   7.00000  1
  -0.17472   0.73493   0.71017  -0.27128   7.00000  2
  -0.76463   1.08568  -0.03522   0.29409   7.00000  3
  -0.15045   0.71643   0.55543  -0.35997   7.00000  4
  -0.51132   1.21674  -0.01642  -0.04750   7.00000  5
  -0.62617   1.28153   0.36916   0.00619   7.00000  6
  -0.04047   0.77352  -0.11719  -0.20814   7.00000  7
  -0.07546   0.87805  -0.09504   0.26321   7.00000  8
  -0.02708   0.83269  -0.69056  -0.33574   7.00000  9
  -0.01319   0.89513  -0.67318   0.53742   7.00000 10
   0.77165   0.17170  -0.02559   0.13528   7.10000  1
  -0.09651   0.71598   0.82810  -0.09842   7.10000  2
  -0.76225   1.11676   0.08469   0.32576   7.10000  3
  -0.09075   0.69156   0.61968  -0.12898   7.10000  4
  -0.51430   1.20989  -0.04158  -0.08733   7.10000  5
  -0.58597   1.27664   0.43262  -0.10544   7.10000  6
  -0.05922   0.75869  -0.25703  -0.09699   7.10000  7
  -0.08489   0.89578  -0.10269   0.08922   7.10000  8
  -0.10133   0.79824  -0.76357  -0.35098   7.10000  9
  -0.08665   0.93830  -0.77463   0.31787   7.10000 10
   0.76812   0.18591  -0.04511   0.14898   7.20000  1
  -0.01692   0.71492   0.73064   0.06489   7.20000  2
  -0.74724   1.15037   0.21811   0.34333   7.20000  3
  -0.03142   0.69048   0.54623   0.09742   7.20000  4
  -0.51909   1.19966  -0.05000  -0.11612   7.20000  5
  -0.54028   1.26011   0.47666  -0.22655   7.20000  6
  -0.08913   0.75252  -0.32192  -0.02858   7.20000  7
  -0.09771   0.89636  -0.15838  -0.07357   7.20000  8
  -0.17246   0.76416  -0.63595  -0.31552   7.20000  9
  -0.16409   0.95907  -0.76029   0.10571   7.20000 10
   0.76259   0.20152  -0.06574   0.16321   7.30000  1
   0.04652   0.72624   0.53417   0.15176   7.30000  2
  -0.71810   1.18465   0.36709   0.33739   7.30000  3
   0.01631   0.70842   0.40495   0.24920   7.30000  4
  -0.52316   1.18669  -0.02485  -0.14436   7.30000  5
  -0.49181   1.23125   0.48653  -0.34981   7.30000  6
  -0.12109   0.75354  -0.31384   0.05274   7.30000  7
  -0.11672   0.88196  -0.22044  -0.20964   7.30000  8
  -0.22745   0.73774  -0.46635  -0.20458   7.30000  9
  -0.23731   0.96154  -0.70153  -0.04591   7.30000 10
   0.75494   0.21858  -0.08731   0.17816   7.40000  1
   0.09002   0.74401   0.33753   0.19968   7.40000  2
  -0.67342   1.21661   0.52743   0.29435   7.40000  3
   0.04962   0.73824   0.26285   0.33834   7.40000  4
  -0.52282   1.17034   0.03657  -0.18512   7.40000  5
  -0.44408   1.19046   0.46417  -0.46463   7.40000  6
  -0.15219   0.76358  -0.31129   0.14891   7.40000  7
  -0.14144   0.85552  -0.27248  -0.31279   7.40000  8
  -0.26654   0.72434  -0.31906  -0.05940   7.40000  9
  -0.30431   0.95189  -0.63842  -0.13751   7.40000 10
   0.74510   0.23717  -0.10960   0.19381   7.50000  1
   0.11443   0.76575   0.15251   0.23412   7.50000  2
  -0.61276   1.24177   0.68271   0.19929   7.50000  3
   0.06923   0.77450   0.13105   0.37982   7.50000  4
  -0.51501   1.14924   0.12348  -0.23881   7.50000  5
  -0.39937   1.13848   0.42920  -0.57516   7.50000  6
  -0.18405   0.78315  -0.32939   0.23900   7.50000  7
  -0.17117   0.82106  -0.32330  -0.36521   7.50000  8
  -0.29188   0.72654  -0.19014   0.10633   7.50000  9
  -0.36473   0.93590  -0.56651  -0.17319   7.50000 10
   0.73300   0.25736  -0.13244   0.21002   7.60000  1
   0.12086   0.79078  -0.02237   0.26669   7.60000  2
  -0.53796   1.25462   0.80621   0.04966   7.60000  3
   0.07614   0.81301   0.00824   0.38564   7.60000  4
  -0.49731   1.12214   0.23467  -0.30648   7.60000  5
  -0.35834   1.07518   0.39120  -0.69267   7.60000  6
  -0.21877   0.81009  -0.36880   0.29212   7.60000  7
  -0.20650   0.78540  -0.38544  -0.33034   7.60000  8
  -0.30498   0.74609  -0.07421   0.28587   7.60000  9
  -0.41636   0.91889  -0.45706  -0.16051   7.60000 10
   0.71860   0.27919  -0.15574   0.22659   7.70000  1
   0.11014   0.81920  -0.19169   0.30245   7.70000  2
  -0.45311   1.25046   0.88314  -0.13733   7.70000  3
   0.07094   0.85092  -0.11296   0.36994   7.70000  4
  -0.46734   1.08693   0.36750  -0.40463   7.70000  5
  -0.32110   0.99956   0.35425  -0.82197   7.70000  6
  -0.25852   0.84039  -0.42862   0.31221   7.70000  7
  -0.24847   0.75871  -0.45215  -0.18543   7.70000  8
  -0.30743   0.78358   0.01864   0.46106   7.70000  9
  -0.45393   0.90463  -0.28238  -0.12290   7.70000 10
   0.70184   0.30269  -0.17958   0.24341   7.80000  1
   0.08243   0.85140  -0.36421   0.34200   7.80000  2
  -0.36268   1.22644   0.91962  -0.34640   7.80000  3
   0.05313   0.88664  -0.24682   0.34315   7.80000  4
  -0.42346   1.03957   0.51119  -0.55179   7.80000  5
  -0.28749   0.91052   0.31212  -0.95012   7.80000  6
  -0.30426   0.87296  -0.47711   0.33909   7.80000  7
  -0.29583   0.75169  -0.48629   0.05888   7.80000  8
  -0.30334   0.83735   0.05078   0.60694   7.80000  9
  -0.47056   0.89429  -0.03970  -0.08517   7.80000 10
   0.68265   0.32788  -0.20424   0.26045   7.90000  1
   0.03678   0.88754  -0.55242   0.37949   7.90000  2
  -0.27030   1.18037   0.92165  -0.57993   7.90000  3
   0.02062   0.91929  -0.40918   0.30867   7.90000  4
  -0.36512   0.97467   0.65102  -0.75069   7.90000  5
  -0.26121   0.81603   0.20450  -0.89432   7.90000  6
  -0.35077   0.90676  -0.43613   0.32831   7.90000  7
  -0.34337   0.77219  -0.45027   0.35180   7.90000  8
  -0.29949   0.90152   0.01715   0.65175   7.90000  9
  -0.46001   0.88731   0.25791  -0.05554   7.90000 10
   0.66094   0.35479  -0.23037   0.27779   8.00000  1
  -0.02897   0.92687  -0.76800   0.40442   8.00000  2
  -0.17987   1.10949   0.87783  -0.84126   8.00000  3
  -0.03010   0.94828  -0.61359   0.27152   8.00000  4
  -0.29655   0.89246   0.69240  -0.85157   8.00000  5
  -0.24638   0.73825   0.09974  -0.64498   8.00000  6
  -0.38757   0.93654  -0.27816   0.25041   8.00000  7
  -0.38288   0.82069  -0.32400   0.60637   8.00000  8
  -0.30048   0.96309  -0.02586   0.55496   8.00000  9
  -0.41836   0.88310   0.57001  -0.02766   8.00000 10
   0.63649   0.38346  -0.25909   0.29577   8.10000  1
  -0.11762   0.96752  -0.99934   0.39786   8.10000  2
  -0.09706   1.01227   0.75602  -1.09108   8.10000  3
  -0.10360   0.97360  -0.85611   0.23048   8.10000  4
  -0.23003   0.81234   0.63407  -0.72326   8.10000  5
  -0.23946   0.68857   0.04759  -0.34604   8.10000  6
  -0.40358   0.95494  -0.03357   0.11834   8.10000  7
  -0.40449   0.88945  -0.09214   0.74367   8.10000  8
  -0.30148   1.00871   0.01764   0.34598   8.10000  9
  -0.34940   0.88270   0.78493   0.02828   8.10000 10
