  -0.18341   1.19857   0.01428  -0.00724   0.10000  1
  -0.12744   1.38994   0.00380  -0.01687   0.10000  2
   0.02154   1.11236  -0.00263  -0.00502   0.10000  3
  -0.16125   1.03398   0.01534   0.00935   0.10000  4
   0.02308   0.98629  -0.00146   0.01407   0.10000  5
   0.16905   1.12126  -0.01535  -0.00599   0.10000  6
   0.62300   0.23875  -0.00742   0.00420   0.10000  7
   0.42542   0.21199   0.00471   0.00625   0.10000  8
   0.45753   0.67962  -0.00174   0.00529   0.10000  9
   0.56002   0.85067  -0.00953  -0.00403   0.10000 10
  -0.18127   1.19748   0.02865  -0.01454   0.20000  1
  -0.12687   1.38740   0.00765  -0.03386   0.20000  2
   0.02115   1.11161  -0.00531  -0.01001   0.20000  3
  -0.15895   1.03538   0.03076   0.01873   0.20000  4
   0.02286   0.98840  -0.00296   0.02819   0.20000  5
   0.16674   1.12036  -0.03082  -0.01196   0.20000  6
   0.62188   0.23939  -0.01485   0.00842   0.20000  7
   0.42612   0.21293   0.00943   0.01250   0.20000  8
   0.45727   0.68041  -0.00348   0.01059   0.20000  9
   0.55859   0.85006  -0.01908  -0.00807   0.20000 10
  -0.17768   1.19566   0.04320  -0.02195   0.30000  1
  -0.12590   1.38316   0.01163  -0.05108   0.30000  2
   0.02048   1.11036  -0.00806  -0.01493   0.30000  3
  -0.15509   1.03772   0.04637   0.02818   0.30000  4
   0.02248   0.99193  -0.00454   0.04244   0.30000  5
   0.16287   1.11887  -0.04654  -0.01789   0.30000  6
   0.62003   0.24044  -0.02233   0.01265   0.30000  7
   0.42730   0.21449   0.01417   0.01878   0.30000  8
   0.45683   0.68174  -0.00524   0.01595   0.30000  9
   0.55620   0.84905  -0.02866  -0.01214   0.30000 10
  -0.17262   1.19308   0.05802  -0.02952   0.40000  1
  -0.12453   1.37718   0.01580  -0.06867   0.40000  2
   0.01953   1.10863  -0.01095  -0.01972   0.40000  3
  -0.14966   1.04102   0.06226   0.03773   0.40000  4
   0.02194   0.99689  -0.00626   0.05684   0.40000  5
   0.15742   1.11679  -0.06264  -0.02377   0.40000  6
   0.61742   0.24192  -0.02986   0.01690   0.40000  7
   0.42896   0.21669   0.01895   0.02509   0.40000  8
   0.45622   0.68361  -0.00703   0.02137   0.40000  9
   0.55285   0.84763  -0.03829  -0.01625   0.40000 10
  -0.16606   1.18974   0.07321  -0.03733   0.50000  1
  -0.12273   1.36941   0.02025  -0.08674   0.50000  2
   0.01828   1.10642  -0.01400  -0.02428   0.50000  3
  -0.14263   1.04527   0.07850   0.04739   0.50000  4
   0.02122   1.00330  -0.00816   0.07141   0.50000  5
   0.15033   1.11412  -0.07926  -0.02953   0.50000  6
   0.61405   0.24382  -0.03747   0.02118   0.50000  7
   0.43110   0.21951   0.02378   0.03144   0.50000  8
   0.45543   0.68602  -0.00885   0.02688   0.50000  9
   0.54854   0.84580  -0.04799  -0.02042   0.50000 10
  -0.15796   1.18561   0.08888  -0.04542   0.60000  1
  -0.12047   1.35981   0.02506  -0.10545   0.60000  2
   0.01672   1.10378  -0.01727  -0.02848   0.60000  3
  -0.13395   1.05050   0.09518   0.05715   0.60000  4
   0.02030   1.01118  -0.01031   0.08614   0.60000  5
   0.14154   1.11089  -0.09654  -0.03512   0.60000  6
   0.60992   0.24615  -0.04518   0.02550   0.60000  7
   0.43372   0.22298   0.02866   0.03783   0.60000  8
   0.45445   0.68899  -0.01072   0.03251   0.60000  9
   0.54325   0.84355  -0.05775  -0.02465   0.60000 10
  -0.14826   1.18065   0.10513  -0.05385   0.70000  1
  -0.11770   1.34829   0.03038  -0.12496   0.70000  2
   0.01482   1.10075  -0.02079  -0.03212   0.70000  3
  -0.12358   1.05671   0.11233   0.06696   0.70000  4
   0.01915   1.02053  -0.01279   0.10090   0.70000  5
   0.13099   1.10711  -0.11461  -0.04039   0.70000  6
   0.60501   0.24892  -0.05300   0.02988   0.70000  7
   0.43683   0.22708   0.03359   0.04428   0.70000  8
   0.45328   0.69252  -0.01266   0.03826   0.70000  9
   0.53699   0.84087  -0.06759  -0.02896   0.70000 10
  -0.13691   1.17483   0.12206  -0.06265   0.80000  1
  -0.11437   1.33478   0.03636  -0.14545   0.80000  2
   0.01256   1.09739  -0.02457  -0.03487   0.80000  3
  -0.11147   1.06389   0.12994   0.07670   0.80000  4
   0.01773   1.03135  -0.01568   0.11549   0.80000  5
   0.11859   1.10282  -0.13357  -0.04515   0.80000  6
   0.59932   0.25213  -0.06093   0.03432   0.80000  7
   0.44044   0.23183   0.03859   0.05080   0.80000  8
   0.45191   0.69664  -0.01468   0.04417   0.80000  9
   0.52973   0.83775  -0.07751  -0.03334   0.80000 10
  -0.12383   1.16811   0.13976  -0.07183   0.90000  1
  -0.11040   1.31916   0.04323  -0.16711   0.90000  2
   0.00990   1.09382  -0.02858  -0.03631   0.90000  3
  -0.09758   1.07203   0.14788   0.08613   0.90000  4
   0.01600   1.04361  -0.01912   0.12953   0.90000  5
   0.10425   1.09810  -0.15348  -0.04907   0.90000  6
   0.59282   0.25579  -0.06899   0.03884   0.90000  7
   0.44455   0.23724   0.04362   0.05738   0.90000  8
   0.45034   0.70136  -0.01682   0.05023   0.90000  9
   0.52148   0.83419  -0.08751  -0.03780   0.90000 10
  -0.10893   1.16045   0.15825  -0.08133   1.00000  1
  -0.10569   1.30131   0.05127  -0.19012   1.00000  2
   0.00684   1.09019  -0.03270  -0.03583   1.00000  3
  -0.08189   1.08109   0.16577   0.09485   1.00000  4
   0.01388   1.05722  -0.02326   0.14238   1.00000  5
   0.08787   1.09306  -0.17417  -0.05157   1.00000  6
   0.58552   0.25990  -0.07715   0.04345   1.00000  7
   0.44916   0.24331   0.04868   0.06404   1.00000  8
   0.44854   0.70669  -0.01912   0.05646   1.00000  9
   0.51223   0.83019  -0.09755  -0.04232   1.00000 10
  -0.09216   1.15183   0.17735  -0.09096   1.10000  1
  -0.10009   1.28109   0.06089  -0.21465   1.10000  2
   0.00336   1.08673  -0.03669  -0.03280   1.10000  3
  -0.06445   1.09096   0.18279   0.10214   1.10000  4
   0.01132   1.07202  -0.02825   0.15318   1.10000  5
   0.06940   1.08786  -0.19514  -0.05184   1.10000  6
   0.57739   0.26448  -0.08540   0.04818   1.10000  7
   0.45428   0.25005   0.05370   0.07076   1.10000  8
   0.44651   0.71266  -0.02163   0.06284   1.10000  9
   0.50197   0.82573  -0.10761  -0.04686   1.10000 10
  -0.07346   1.14227   0.19647  -0.10029   1.20000  1
  -0.09344   1.25833   0.07258  -0.24071   1.20000  2
  -0.00048   1.08373  -0.04008  -0.02668   1.20000  3
  -0.04542   1.10144   0.19738   0.10696   1.20000  4
   0.00820   1.08775  -0.03414   0.16084   1.20000  5
   0.04887   1.08280  -0.21512  -0.04871   1.20000  6
   0.56844   0.26954  -0.09365   0.05305   1.20000  7
   0.45990   0.25747   0.05861   0.07755   1.20000  8
   0.44421   0.71927  -0.02442   0.06934   1.20000  9
   0.49071   0.82082  -0.11762  -0.05136   1.20000 10
  -0.05291   1.13181   0.21414  -0.10852   1.30000  1
  -0.08549   1.23290   0.08695  -0.26801   1.30000  2
  -0.00461   1.08151  -0.04224  -0.01735   1.30000  3
  -0.02514   1.11222   0.20699   0.10804   1.30000  4
   0.00447   1.10404  -0.04056   0.16418   1.30000  5
   0.02649   1.07827  -0.23164  -0.04103   1.30000  6
   0.55866   0.27510  -0.10178   0.05811   1.30000  7
   0.46599   0.26556   0.06325   0.08438   1.30000  8
   0.44161   0.72653  -0.02761   0.07590   1.30000  9
   0.47845   0.81546  -0.12749  -0.05570   1.30000 10
  -0.03078   1.12064   0.22739  -0.11432   1.40000  1
  -0.07595   1.20472   0.10444  -0.29548   1.40000  2
  -0.00887   1.08035  -0.04257  -0.00545   1.40000  3
  -0.00429   1.12289   0.20867   0.10438   1.40000  4
   0.00011   1.12041  -0.04637   0.16209   1.40000  5
   0.00279   1.07476  -0.24093  -0.02853   1.40000  6
   0.54809   0.28117  -0.10961   0.06341   1.40000  7
   0.47253   0.27434   0.06741   0.09123   1.40000  8
   0.43867   0.73444  -0.03136   0.08238   1.40000  9
   0.46522   0.80969  -0.13707  -0.05970   1.40000 10
  -0.00771   1.10908   0.23240  -0.11619   1.50000  1
  -0.06451   1.17388   0.12468  -0.32071   1.50000  2
  -0.01305   1.08046  -0.04069   0.00768   1.50000  3
   0.01628   1.13294   0.20127   0.09596   1.50000  4
  -0.00473   1.13625  -0.04988   0.15357   1.50000  5
  -0.02134   1.07268  -0.23968  -0.01286   1.50000  6
   0.53676   0.28779  -0.11683   0.06902   1.50000  7
   0.47945   0.28381   0.07077   0.09804   1.50000  8
   0.43531   0.74300  -0.03586   0.08860   1.50000  9
   0.45105   0.80354  -0.14618  -0.06311   1.50000 10
   0.01537   1.09756   0.22765  -0.11354   1.60000  1
  -0.05099   1.14080   0.14539  -0.33951   1.60000  2
  -0.01693   1.08186  -0.03651   0.02017   1.60000  3
   0.03574   1.14194   0.18694   0.08342   1.60000  4
  -0.00974   1.15089  -0.04977   0.13808   1.60000  5
  -0.04478   1.07219  -0.22757   0.00284   1.60000  6
   0.52476   0.29499  -0.12306   0.07500   1.60000  7
   0.48665   0.29395   0.07292   0.10478   1.60000  8
   0.43146   0.75215  -0.04136   0.09429   1.60000  9
   0.43601   0.79710  -0.15462  -0.06554   1.60000 10
   0.03758   1.08648   0.21568  -0.10769   1.70000  1
  -0.03555   1.10634   0.16250  -0.34750   1.70000  2
  -0.02028   1.08441  -0.03005   0.03004   1.70000  3
   0.05356   1.14952   0.16924   0.06764   1.70000  4
  -0.01455   1.16365  -0.04564   0.11642   1.70000  5
  -0.06657   1.07315  -0.20691   0.01569   1.70000  6
   0.51220   0.30281  -0.12790   0.08145   1.70000  7
   0.49398   0.30476   0.07339   0.11139   1.70000  8
   0.42700   0.76183  -0.04812   0.09915   1.70000  9
   0.42016   0.79048  -0.16218  -0.06660   1.70000 10
   0.05839   1.07606   0.20023  -0.10073   1.80000  1
  -0.01870   1.07171   0.17347  -0.34339   1.80000  2
  -0.02287   1.08773  -0.02132   0.03561   1.80000  3
   0.06956   1.15540   0.15091   0.04975   1.80000  4
  -0.01877   1.17406  -0.03832   0.09138   1.80000  5
  -0.08598   1.07517  -0.18073   0.02409   1.80000  6
   0.49924   0.31130  -0.13102   0.08842   1.80000  7
   0.50126   0.31622   0.07183   0.11785   1.80000  8
   0.42179   0.77194  -0.05632   0.10291   1.80000  9
   0.40360   0.78384  -0.16874  -0.06588   1.80000 10
   0.07760   1.06632   0.18395  -0.09424   1.90000  1
  -0.00102   1.03797   0.17960  -0.33020   1.90000  2
  -0.02448   1.09138  -0.01075   0.03683   1.90000  3
   0.08377   1.15943   0.13334   0.03088   1.90000  4
  -0.02215   1.18191  -0.02928   0.06574   1.90000  5
  -0.10264   1.07783  -0.15228   0.02860   1.90000  6
   0.48605   0.32051  -0.13233   0.09593   1.90000  7
   0.50827   0.32832   0.06808   0.12416   1.90000  8
   0.41569   0.78237  -0.06603   0.10545   1.90000  9
   0.38644   0.77737  -0.17432  -0.06315   1.90000 10
   0.09520   1.05717   0.16822  -0.08899   2.00000  1
   0.01714   1.00581   0.18350  -0.31257   2.00000  2
  -0.02499   1.09500   0.00072   0.03521   2.00000  3
   0.09627   1.16157   0.11697   0.01184   2.00000  4
  -0.02460   1.18723  -0.01959   0.04082   2.00000  5
  -0.11644   1.08082  -0.12382   0.03084   2.00000  6
   0.47282   0.33050  -0.13203   0.10396   2.00000  7
   0.51481   0.34105   0.06231   0.13038   2.00000  8
   0.40854   0.79299  -0.07717   0.10688   2.00000  9
   0.36877   0.77128  -0.17909  -0.05837   2.00000 10
   0.11128   1.04847   0.15365  -0.08520   2.10000  1
   0.03567   0.97549   0.18695  -0.29387   2.10000  2
  -0.02434   1.09838   0.01227   0.03230   2.10000  3
   0.10720   1.16181   0.10177  -0.00701   2.10000  4
  -0.02607   1.19011  -0.00980   0.01697   2.10000  5
  -0.12743   1.08396  -0.09622   0.03193   2.10000  6
   0.45969   0.34132  -0.13053   0.11249   2.10000  7
   0.52068   0.35440   0.05483   0.13657   2.10000  8
   0.40021   0.80372  -0.08962   0.10749   2.10000  9
   0.35064   0.76576  -0.18331  -0.05167   2.10000 10
   0.12598   1.04008   0.14045  -0.08284   2.20000  1
   0.05455   0.94702   0.19078  -0.27575   2.20000  2
  -0.02254   1.10144   0.02350   0.02889   2.20000  3
   0.11666   1.16018   0.08762  -0.02553   2.20000  4
  -0.02656   1.19066  -0.00008  -0.00581   2.20000  5
  -0.13571   1.08718  -0.06958   0.03240   2.20000  6
   0.44674   0.35301  -0.12827   0.12147   2.20000  7
   0.52573   0.36837   0.04606   0.14279   2.20000  8
   0.39057   0.81447  -0.10324   0.10761   2.20000  9
   0.33211   0.76100  -0.18723  -0.04322   2.20000 10
   0.13942   1.03186   0.12861  -0.08179   2.30000  1
   0.07385   0.92030   0.19538  -0.25892   2.30000  2
  -0.01965   1.10415   0.03429   0.02525   2.30000  3
   0.12476   1.15671   0.07436  -0.04370   2.30000  4
  -0.02609   1.18898   0.00952  -0.02764   2.30000  5
  -0.14138   1.09043  -0.04376   0.03242   2.30000  6
   0.43405   0.36563  -0.12566   0.13091   2.30000  7
   0.52985   0.38296   0.03632   0.14910   2.30000  8
   0.37952   0.82523  -0.11797   0.10758   2.30000  9
   0.31320   0.75717  -0.19109  -0.03319   2.30000 10
   0.15174   1.02368   0.11800  -0.08194   2.40000  1
   0.09366   0.89518   0.20096  -0.24359   2.40000  2
  -0.01570   1.10648   0.04465   0.02136   2.40000  3
   0.13156   1.15145   0.06184  -0.06156   2.40000  4
  -0.02466   1.18516   0.01905  -0.04863   2.40000  5
  -0.14449   1.09365  -0.01852   0.03202   2.40000  6
   0.42161   0.37921  -0.12303   0.14081   2.40000  7
   0.53297   0.39819   0.02588   0.15552   2.40000  8
   0.36694   0.83599  -0.13382   0.10764   2.40000  9
   0.29389   0.75442  -0.19502  -0.02164   2.40000 10
   0.16305   1.01543   0.10847  -0.08321   2.50000  1
   0.11408   0.87153   0.20764  -0.22976   2.50000  2
  -0.01073   1.10841   0.05462   0.01708   2.50000  3
   0.13714   1.14441   0.04995  -0.07914   2.50000  4
  -0.02228   1.17928   0.02859  -0.06883   2.50000  5
  -0.14509   1.09682   0.00636   0.03115   2.50000  6
   0.40943   0.39381  -0.12059   0.15122   2.50000  7
   0.53501   0.41407   0.01488   0.16210   2.50000  8
   0.35272   0.84677  -0.15085   0.10794   2.50000  9
   0.27419   0.75289  -0.19908  -0.00855   2.50000 10
   0.17346   1.00701   0.09983  -0.08555   2.60000  1
   0.13522   0.84919   0.21534  -0.21725   2.60000  2
  -0.00479   1.10988   0.06424   0.01214   2.60000  3
   0.14157   1.13563   0.03864  -0.09649   2.60000  4
  -0.01894   1.17142   0.03822  -0.08824   2.60000  5
  -0.14322   1.09987   0.03109   0.02971   2.60000  6
   0.39748   0.40947  -0.11851   0.16218   2.60000  7
   0.53593   0.43062   0.00342   0.16885   2.60000  8
   0.33673   0.85759  -0.16912   0.10847   2.60000  9
   0.25408   0.75276  -0.20316   0.00617   2.60000 10
   0.18304   0.99829   0.09186  -0.08892   2.70000  1
   0.15716   0.82805   0.22354  -0.20565   2.70000  2
   0.00210   1.11081   0.07354   0.00624   2.70000  3
   0.14489   1.12512   0.02784  -0.11361   2.70000  4
  -0.01463   1.16166   0.04808  -0.10679   2.70000  5
  -0.13887   1.10274   0.05586   0.02754   2.70000  6
   0.38572   0.42626  -0.11690   0.17379   2.70000  7
   0.53568   0.44785  -0.00848   0.17580   2.70000  8
   0.31886   0.86846  -0.18853   0.10906   2.70000  9
   0.23357   0.75418  -0.20681   0.02255   2.70000 10
   0.19185   0.98919   0.08426  -0.09329   2.80000  1
   0.17989   0.80806   0.23067  -0.19406   2.80000  2
   0.00991   1.11108   0.08252  -0.00103   2.80000  3
   0.14716   1.11291   0.01757  -0.13049   2.80000  4
  -0.00931   1.15009   0.05828  -0.12438   2.80000  5
  -0.13204   1.10534   0.08082   0.02443   2.80000  6
   0.37408   0.44425  -0.11585   0.18613   2.80000  7
   0.53422   0.46578  -0.02083   0.18299   2.80000  8
   0.29900   0.87939  -0.20856   0.10941   2.80000  9
   0.21277   0.75732  -0.20889   0.04029   2.80000 10
   0.19989   0.97960   0.07658  -0.09852   2.90000  1
   0.20317   0.78928   0.23397  -0.18117   2.90000  2
   0.01860   1.11054   0.09118  -0.01009   2.90000  3
   0.14842   1.09903   0.00785  -0.14711   2.90000  4
  -0.00296   1.13682   0.06897  -0.14086   2.90000  5
  -0.12270   1.10758   0.10613   0.02010   2.90000  6
   0.36253   0.46352  -0.11541   0.19935   2.90000  7
   0.53150   0.48446  -0.03367   0.19049   2.90000  8
   0.27716   0.89033  -0.22810   0.10934   2.90000  9
   0.19191   0.76226  -0.20749   0.05847   2.90000 10
   0.20714   0.96947   0.06808  -0.10428   3.00000  1
   0.22649   0.77189   0.23137  -0.16625   3.00000  2
   0.02814   1.10899   0.09949  -0.02138   3.00000  3
   0.14875   1.08350  -0.00127  -0.16339   3.00000  4
   0.00450   1.12196   0.08030  -0.15615   3.00000  5
  -0.11080   1.10931   0.13184   0.01421   3.00000  6
   0.35098   0.48416  -0.11562   0.21362   3.00000  7
   0.52747   0.50389  -0.04709   0.19837   3.00000  8
   0.25345   0.90125  -0.24564   0.10920   3.00000  9
   0.17143   0.76899  -0.20146   0.07606   3.00000 10
   0.21345   0.95875   0.05766  -0.10990   3.10000  1
   0.24928   0.75606   0.22393  -0.15049   3.10000  2
   0.03848   1.10618   0.10738  -0.03530   3.10000  3
   0.14819   1.06637  -0.00973  -0.17925   3.10000  4
   0.01313   1.10563   0.09245  -0.17024   3.10000  5
  -0.09631   1.11036   0.15798   0.00636   3.10000  6
   0.33938   0.50629  -0.11646   0.22914   3.10000  7
   0.52206   0.52414  -0.06119   0.20671   3.10000  8
   0.22814   0.91219  -0.26008   0.10976   3.10000  9
   0.15173   0.77745  -0.19194   0.09321   3.10000 10
   0.21857   0.94753   0.04416  -0.11431   3.20000  1
   0.27119   0.74176   0.21416  -0.13580   3.20000  2
   0.04959   1.10183   0.11474  -0.05215   3.20000  3
   0.14682   1.04768  -0.01750  -0.19449   3.20000  4
   0.02303   1.08795   0.10558  -0.18328   3.20000  5
  -0.07919   1.11050   0.18448  -0.00393   3.20000  6
   0.32767   0.53004  -0.11786   0.24615   3.20000  7
   0.51520   0.54526  -0.07614   0.21563   3.20000  8
   0.20155   0.92324  -0.27097   0.11135   3.20000  9
   0.13309   0.78765  -0.18066   0.11084   3.20000 10
   0.22216   0.93596   0.02719  -0.11661   3.30000  1
   0.29209   0.72882   0.20370  -0.12328   3.30000  2
   0.06141   1.09564   0.12139  -0.07210   3.30000  3
   0.14471   1.02750  -0.02467  -0.20872   3.30000  4
   0.03429   1.06900   0.11982  -0.19565   3.30000  5
  -0.05941   1.10947   0.21117  -0.01718   3.30000  6
   0.31580   0.55557  -0.11962   0.26485   3.30000  7
   0.50680   0.56729  -0.09212   0.22522   3.30000  8
   0.17406   0.93449  -0.27840   0.11378   3.30000  9
   0.11563   0.79966  -0.16845   0.12969   3.30000 10
   0.22391   0.92428   0.00755  -0.11662   3.40000  1
   0.31193   0.71702   0.19300  -0.11302   3.40000  2
   0.07384   1.08731   0.12699  -0.09517   3.40000  3
   0.14190   1.00599  -0.03157  -0.22111   3.40000  4
   0.04702   1.04883   0.13507  -0.20784   3.40000  5
  -0.03696   1.10695   0.23771  -0.03393   3.40000  6
   0.30374   0.58307  -0.12137   0.28530   3.40000  7
   0.49673   0.59033  -0.10939   0.23560   3.40000  8
   0.14598   0.94601  -0.28264   0.11670   3.40000  9
   0.09943   0.81364  -0.15535   0.15010   3.40000 10
   0.22362   0.91270  -0.01349  -0.11473   3.50000  1
   0.33067   0.70617   0.18168  -0.10422   3.50000  2
   0.08675   1.07651   0.13097  -0.12112   3.50000  3
   0.13839   0.98339  -0.03860  -0.23020   3.50000  4
   0.06132   1.02742   0.15071  -0.22024   3.50000  5
  -0.01189   1.10255   0.26356  -0.05479   3.50000  6
   0.29154   0.61268  -0.12250   0.30709   3.50000  7
   0.48487   0.61444  -0.12822   0.24678   3.50000  8
   0.11765   0.95782  -0.28309   0.11931   3.50000  9
   0.08460   0.82973  -0.14101   0.17211   3.50000 10
   0.22120   0.90139  -0.03490  -0.11133   3.60000  1
   0.34822   0.69619   0.16918  -0.09511   3.60000  2
   0.09995   1.06301   0.13244  -0.14922   3.60000  3
   0.13418   0.96011  -0.04554  -0.23456   3.60000  4
   0.07712   1.00478   0.16482  -0.23242   3.60000  5
   0.01569   1.09584   0.28766  -0.08029   3.60000  6
   0.27928   0.64450  -0.12263   0.32926   3.60000  7
   0.47103   0.63971  -0.14889   0.25866   3.60000  8
   0.08956   0.96980  -0.27746   0.11972   3.60000  9
   0.07130   0.84810  -0.12469   0.19529   3.60000 10
   0.21666   0.89048  -0.05593  -0.10661   3.70000  1
   0.36446   0.68723   0.15543  -0.08361   3.70000  2
   0.11313   1.04664   0.13061  -0.17807   3.70000  3
   0.12933   0.93665  -0.05098  -0.23378   3.70000  4
   0.09413   0.98100   0.17458  -0.24270   3.70000  5
   0.04552   1.08633   0.30810  -0.11057   3.70000  6
   0.26703   0.67851  -0.12237   0.35093   3.70000  7
   0.45503   0.66618  -0.17142   0.27073   3.70000  8
   0.06247   0.98161  -0.26273   0.11540   3.70000  9
   0.05977   0.86879  -0.10528   0.21828   3.70000 10
   0.21006   0.88011  -0.07580  -0.10054   3.80000  1
   0.37928   0.67959   0.14063  -0.06843   3.80000  2
   0.12596   1.02742   0.12567  -0.20607   3.80000  3
   0.12410   0.91352  -0.05288  -0.22814   3.80000  4
   0.11185   0.95635   0.17904  -0.24976   3.80000  5
   0.07710   1.07359   0.32218  -0.14464   3.80000  6
   0.25476   0.71468  -0.12349   0.37251   3.80000  7
   0.43670   0.69383  -0.19531   0.28208   3.80000  8
   0.03734   0.99268  -0.23843   0.10498   3.80000  9
   0.05038   0.89165  -0.08161   0.23802   3.80000 10
   0.20157   0.87042  -0.09343  -0.09292   3.90000  1
   0.39254   0.67367   0.12428  -0.04952   3.90000  2
   0.13821   1.00549   0.11909  -0.23230   3.90000  3
   0.11894   0.89118  -0.04919  -0.21795   3.90000  4
   0.12982   0.93116   0.17992  -0.25346   3.90000  5
   0.10969   1.05735   0.32829  -0.18040   3.90000  6
   0.24222   0.75305  -0.12791   0.39514   3.90000  7
   0.41595   0.72254  -0.21958   0.29193   3.90000  8
   0.01499   1.00242  -0.20787   0.08919   3.90000  9
   0.04359   0.91614  -0.05360   0.25029   3.90000 10
   0.19150   0.86159  -0.10724  -0.08324   4.00000  1
   0.40406   0.66977   0.10583  -0.02816   4.00000  2
   0.14978   0.98103   0.11258  -0.25644   4.00000  3
   0.11450   0.87006  -0.03848  -0.20388   4.00000  4
   0.14779   0.90577   0.17950  -0.25402   4.00000  5
   0.14251   1.03751   0.32715  -0.21623   4.00000  6
   0.22902   0.79374  -0.13693   0.41876   4.00000  7
   0.39278   0.75218  -0.24406   0.30085   4.00000  8
  -0.00417   1.01040  -0.17519   0.07010   4.00000  9
   0.03975   0.94136  -0.02315   0.25225   4.00000 10
   0.18031   0.85387  -0.11531  -0.07052   4.10000  1
   0.41365   0.66805   0.08576  -0.00624   4.10000  2
   0.16078   0.95428   0.10775  -0.27818   4.10000  3
   0.11148   0.85051  -0.02080  -0.18641   4.10000  4
   0.16572   0.88047   0.17892  -0.25123   4.10000  5
   0.17492   1.01412   0.32018  -0.25145   4.10000  6
   0.21468   0.83673  -0.15045   0.43988   4.10000  7
   0.36709   0.78273  -0.27017   0.31025   4.10000  8
  -0.02006   1.01641  -0.14273   0.05004   4.10000  9
   0.03895   0.96624   0.00685   0.24387   4.10000 10
   0.16868   0.84761  -0.11621  -0.05428   4.20000  1
   0.42119   0.66850   0.06483   0.01501   4.20000  2
   0.17142   0.92551   0.10549  -0.29639   4.20000  3
   0.11050   0.83290   0.00177  -0.16528   4.20000  4
   0.18353   0.85573   0.17689  -0.24207   4.20000  5
   0.20638   0.98726   0.30823  -0.28562   4.20000  6
   0.19892   0.88136  -0.16422   0.45019   4.20000  7
   0.33863   0.81427  -0.29973   0.32063   4.20000  8
  -0.03274   1.02044  -0.11108   0.03071   4.20000  9
   0.04102   0.98985   0.03403   0.22711   4.20000 10
   0.15732   0.84307  -0.10967  -0.03655   4.30000  1
   0.42660   0.67102   0.04338   0.03526   4.30000  2
   0.18193   0.89526   0.10469  -0.30687   4.30000  3
   0.11190   0.81756   0.02621  -0.14113   4.30000  4
   0.20098   0.83234   0.17145  -0.22451   4.30000  5
   0.23638   0.95711   0.29057  -0.31641   4.30000  6
   0.18209   0.92614  -0.17068   0.44213   4.30000  7
   0.30701   0.84684  -0.33314   0.33028   4.30000  8
  -0.04230   1.02261  -0.08014   0.01297   4.30000  9
   0.04562   1.01148   0.05733   0.20482   4.30000 10
   0.14696   0.84024  -0.09675  -0.02058   4.40000  1
   0.42984   0.67552   0.02134   0.05462   4.40000  2
   0.19235   0.86449   0.10356  -0.30691   4.40000  3
   0.11574   0.80471   0.05053  -0.11577   4.40000  4
   0.21772   0.81101   0.16279  -0.20140   4.40000  5
   0.26429   0.92425   0.26675  -0.33914   4.40000  6
   0.16505   0.96925  -0.16947   0.41851   4.40000  7
   0.27200   0.88013  -0.36613   0.33391   4.40000  8
  -0.04878   1.02310  -0.04967  -0.00282   4.40000  9
   0.05237   1.03072   0.07706   0.17959   4.40000 10
   0.13811   0.83884  -0.07976  -0.00797   4.50000  1
   0.43084   0.68192  -0.00160   0.07331   4.50000  2
   0.20258   0.83417   0.10079  -0.29835   4.50000  3
   0.12196   0.79440   0.07355  -0.09058   4.50000  4
   0.23343   0.79213   0.15096  -0.17617   4.50000  5
   0.28954   0.88962   0.23753  -0.35178   4.50000  6
   0.14823   1.00969  -0.16714   0.39018   4.50000  7
   0.23414   0.91317  -0.38884   0.32475   4.50000  8
  -0.05224   1.02211  -0.01949  -0.01658   4.50000  9
   0.06094   1.04736   0.09399   0.15320   4.50000 10
   0.13105   0.83854  -0.06144   0.00146   4.60000  1
   0.42948   0.69017  -0.02584   0.09146   4.60000  2
   0.21244   0.80500   0.09605  -0.28459   4.60000  3
   0.13037   0.78655   0.09427  -0.06668   4.60000  4
   0.24786   0.77573   0.13768  -0.15245   4.60000  5
   0.31174   0.85414   0.20660  -0.35721   4.60000  6
   0.13157   1.04731  -0.16621   0.36222   4.60000  7
   0.19462   0.94479  -0.40011   0.30730   4.60000  8
  -0.05269   1.01985   0.01055  -0.02831   4.60000  9
   0.07108   1.06136   0.10844   0.12680   4.60000 10
   0.12580   0.83905  -0.04379   0.00839   4.70000  1
   0.42561   0.70020  -0.05178   0.10896   4.70000  2
   0.22181   0.77731   0.09162  -0.26889   4.70000  3
   0.14072   0.78097   0.11223  -0.04541   4.70000  4
   0.26098   0.76153   0.12502  -0.13196   4.70000  5
   0.33094   0.81826   0.17780  -0.35995   4.70000  6
   0.11496   1.08215  -0.16597   0.33454   4.70000  7
   0.15431   0.97468  -0.40533   0.29102   4.70000  8
  -0.05013   1.01652   0.04046  -0.03799   4.70000  9
   0.08252   1.07275   0.11973   0.10128   4.70000 10
   0.12224   0.84015  -0.02758   0.01337   4.80000  1
   0.41906   0.71192  -0.07964   0.12508   4.80000  2
   0.23083   0.75125   0.08920  -0.25205   4.80000  3
   0.15273   0.77734   0.12759  -0.02789   4.80000  4
   0.27292   0.74922   0.11390  -0.11491   4.80000  5
   0.34739   0.78221   0.15160  -0.36054   4.80000  6
   0.09840   1.11419  -0.16504   0.30629   4.80000  7
   0.11370   1.00314  -0.40626   0.27884   4.80000  8
  -0.04460   1.01232   0.07010  -0.04557   4.80000  9
   0.09487   1.08167   0.12613   0.07737   4.80000 10
   0.12023   0.84167  -0.01275   0.01680   4.90000  1
   0.40963   0.72511  -0.10900   0.13797   4.90000  2
   0.23973   0.72695   0.08923  -0.23384   4.90000  3
   0.16617   0.77525   0.14077  -0.01457   4.90000  4
   0.28382   0.73845   0.10438  -0.10100   4.90000  5
   0.36133   0.74628   0.12739  -0.35733   4.90000  6
   0.08200   1.14338  -0.16267   0.27748   4.90000  7
   0.07323   1.03054  -0.40218   0.26942   4.90000  8
  -0.03614   1.00748   0.09895  -0.05074   4.90000  9
   0.10752   1.08830   0.12587   0.05580   4.90000 10
   0.11966   0.84347   0.00113   0.01908   5.00000  1
   0.39726   0.73931  -0.13827   0.14488   5.00000  2
   0.24875   0.70454   0.09143  -0.21400   5.00000  3
   0.18083   0.77429   0.15214  -0.00528   5.00000  4
   0.29383   0.72894   0.09601  -0.08957   5.00000  5
   0.37289   0.71096   0.10396  -0.34792   5.00000  6
   0.06591   1.16970  -0.15913   0.24900   5.00000  7
   0.03345   1.05701  -0.39237   0.25974   5.00000  8
  -0.02488   1.00227   0.12558  -0.05302   5.00000  9
   0.11983   1.09293   0.11952   0.03710   5.00000 10
   0.12044   0.84546   0.01444   0.02061   5.10000  1
   0.38205   0.75385  -0.16561   0.14490   5.10000  2
   0.25806   0.68420   0.09505  -0.19252   5.10000  3
   0.19654   0.77408   0.16190   0.00055   5.10000  4
   0.30303   0.72048   0.08800  -0.07970   5.10000  5
   0.38211   0.67692   0.08041  -0.33203   5.10000  6
   0.05020   1.19323  -0.15502   0.22180   5.10000  7
  -0.00507   1.08243  -0.37725   0.24844   5.10000  8
  -0.01117   0.99697   0.14798  -0.05266   5.10000  9
   0.13133   1.09580   0.11009   0.02062   5.10000 10
   0.12254   0.84758   0.02750   0.02173   5.20000  1
   0.36423   0.76812  -0.19026   0.13992   5.20000  2
   0.26777   0.66608   0.09912  -0.16969   5.20000  3
   0.21316   0.77431   0.17022   0.00368   5.20000  4
   0.31141   0.71298   0.07938  -0.07043   5.20000  5
   0.38899   0.64469   0.05733  -0.31213   5.20000  6
   0.03491   1.21412  -0.15082   0.19649   5.20000  7
  -0.04188   1.10669  -0.35856   0.23687   5.20000  8
   0.00456   0.99176   0.16595  -0.05155   5.20000  9
   0.14184   1.09708   0.10013   0.00510   5.20000 10
   0.12594   0.84980   0.04053   0.02268   5.30000  1
   0.34409   0.78174  -0.21193   0.13218   5.30000  2
   0.27787   0.65029   0.10276  -0.14611   5.30000  3
   0.23053   0.77476   0.17700   0.00492   5.30000  4
   0.31886   0.70640   0.06943  -0.06113   5.30000  5
   0.39363   0.61455   0.03572  -0.29043   5.30000  6
   0.02003   1.23259  -0.14678   0.17328   5.30000  7
  -0.07674   1.12985  -0.33880   0.22657   5.30000  8
   0.02194   0.98662   0.18130  -0.05156   5.30000  9
   0.15137   1.09682   0.09077  -0.01040   5.30000 10
   0.13065   0.85212   0.05371   0.02359   5.40000  1
   0.32196   0.79452  -0.23022   0.12325   5.40000  2
   0.28829   0.63686   0.10538  -0.12254   5.40000  3
   0.24849   0.77526   0.18169   0.00510   5.40000  4
   0.32524   0.70076   0.05793  -0.05170   5.40000  5
   0.39620   0.58662   0.01612  -0.26796   5.40000  6
   0.00554   1.24885  -0.14300   0.15218   5.40000  7
  -0.10966   1.15206  -0.31961   0.21793   5.40000  8
   0.04079   0.98139   0.19564  -0.05341   5.40000  9
   0.16002   1.09498   0.08236  -0.02643   5.40000 10
   0.13669   0.85452   0.06714   0.02451   5.50000  1
   0.29819   0.80639  -0.24442   0.11434   5.50000  2
   0.29890   0.62576   0.10668  -0.09964   5.50000  3
   0.26676   0.77577   0.18301   0.00495   5.50000  4
   0.33041   0.69606   0.04529  -0.04230   5.50000  5
   0.39693   0.56097  -0.00129  -0.24513   5.50000  6
  -0.00858   1.26310  -0.13953   0.13309   5.50000  7
  -0.14071   1.17348  -0.30161   0.21069   5.50000  8
   0.06106   0.97587   0.20977  -0.05720   5.50000  9
   0.16788   1.09150   0.07497  -0.04332   5.50000 10
   0.14409   0.85702   0.08084   0.02543   5.60000  1
   0.27324   0.81742  -0.25376   0.10652   5.60000  2
   0.30958   0.61690   0.10657  -0.07782   5.60000  3
   0.28493   0.77626   0.17940   0.00483   5.60000  4
   0.33429   0.69229   0.03225  -0.03305   5.60000  5
   0.39602   0.53761  -0.01649  -0.22209   5.60000  6
  -0.02238   1.27553  -0.13639   0.11586   5.60000  7
  -0.17002   1.19424  -0.28493   0.20451   5.60000  8
   0.08274   0.96988   0.22392  -0.06291   5.60000  9
   0.17505   1.08628   0.06859  -0.06129   5.60000 10
   0.15286   0.85961   0.09465   0.02630   5.70000  1
   0.24759   0.82778  -0.25843   0.10106   5.70000  2
   0.32017   0.61015   0.10505  -0.05726   5.70000  3
   0.30247   0.77672   0.17064   0.00444   5.70000  4
   0.33687   0.68944   0.01954  -0.02395   5.70000  5
   0.39370   0.51655  -0.02955  -0.19895   5.70000  6
  -0.03587   1.28633  -0.13358   0.10031   5.70000  7
  -0.19773   1.21441  -0.26949   0.19909   5.70000  8
   0.10584   0.96323   0.23800  -0.07054   5.70000  9
   0.18163   1.07921   0.06317  -0.08051   5.70000 10
   0.16300   0.86228   0.10797   0.02707   5.80000  1
   0.22168   0.83775  -0.25930   0.09889   5.80000  2
   0.33054   0.60540   0.10210  -0.03788   5.80000  3
   0.31893   0.77712   0.15810   0.00340   5.80000  4
   0.33823   0.68750   0.00775  -0.01490   5.80000  5
   0.39018   0.49782  -0.04054  -0.17580   5.80000  6
  -0.04910   1.29564  -0.13110   0.08629   5.80000  7
  -0.22396   1.23407  -0.25519   0.19420   5.80000  8
   0.13032   0.95571   0.25149  -0.08017   5.80000  9
   0.18772   1.07014   0.05873  -0.10111   5.80000 10
   0.17441   0.86502   0.11973   0.02776   5.90000  1
   0.19587   0.84767  -0.25606   0.10003   5.90000  2
   0.34054   0.60254   0.09773  -0.01950   5.90000  3
   0.33401   0.77738   0.14327   0.00171   5.90000  4
   0.33846   0.68647  -0.00274  -0.00573   5.90000  5
   0.38565   0.48139  -0.04961  -0.15276   5.90000  6
  -0.06210   1.30363  -0.12893   0.07364   5.90000  7
  -0.24880   1.25326  -0.24190   0.18968   5.90000  8
   0.15608   0.94713   0.26321  -0.09173   5.90000  9
   0.19341   1.05894   0.05528  -0.12312   5.90000 10
   0.18686   0.86783   0.12883   0.02844   6.00000  1
   0.17067   0.85783  -0.24678   0.10332   6.00000  2
   0.35004   0.60148   0.09198  -0.00182   6.00000  3
   0.34753   0.77745   0.12702  -0.00035   6.00000  4
   0.33773   0.68636  -0.01170   0.00373   6.00000  5
   0.38032   0.46726  -0.05691  -0.12992   6.00000  6
  -0.07490   1.31041  -0.12707   0.06222   6.00000  7
  -0.27237   1.27202  -0.22951   0.18540   6.00000  8
   0.18284   0.93732   0.27123  -0.10459   6.00000  9
   0.19881   1.04547   0.05289  -0.14644   6.00000 10
   0.20008   0.87070   0.13521   0.02898   6.10000  1
   0.14675   0.86833  -0.23037   0.10663   6.10000  2
   0.35890   0.60217   0.08493   0.01546   6.10000  3
   0.35938   0.77731   0.10975  -0.00244   6.10000  4
   0.33618   0.68723  -0.01902   0.01367   6.10000  5
   0.37433   0.45540  -0.06264  -0.10736   6.10000  6
  -0.08753   1.31611  -0.12547   0.05189   6.10000  7
  -0.29473   1.29035  -0.21794   0.18126   6.10000  8
   0.21015   0.92622   0.27394  -0.11731   6.10000  9
   0.20402   1.02961   0.05162  -0.17078   6.10000 10
   0.21385   0.87360   0.14000   0.02884   6.20000  1
   0.12477   0.87909  -0.20871   0.10832   6.20000  2
   0.36699   0.60457   0.07668   0.03262   6.20000  3
   0.36946   0.77697   0.09160  -0.00424   6.20000  4
   0.33398   0.68912  -0.02467   0.02427   6.20000  5
   0.36783   0.44578  -0.06702  -0.08513   6.20000  6
  -0.10000   1.32082  -0.12412   0.04254   6.20000  7
  -0.31598   1.30827  -0.20709   0.17722   6.20000  8
   0.23747   0.91390   0.27180  -0.12885   6.20000  9
   0.20917   1.01130   0.05153  -0.19558   6.20000 10
   0.22806   0.87642   0.14434   0.02726   6.30000  1
   0.10508   0.88993  -0.18484   0.10808   6.30000  2
   0.37420   0.60870   0.06736   0.04994   6.30000  3
   0.37768   0.77648   0.07270  -0.00553   6.30000  4
   0.33130   0.69211  -0.02867   0.03570   6.30000  5
   0.36096   0.43836  -0.07023  -0.06324   6.30000  6
  -0.11236   1.32465  -0.12298   0.03405   6.30000  7
  -0.33617   1.32579  -0.19690   0.17322   6.30000  8
   0.26440   0.90048   0.26644  -0.13938   6.30000  9
   0.21437   0.99051   0.05277  -0.22010   6.30000 10
   0.24271   0.87898   0.14865   0.02346   6.40000  1
   0.08781   0.90065  -0.16076   0.10609   6.40000  2
   0.38043   0.61457   0.05707   0.06767   6.40000  3
   0.38397   0.77589   0.05315  -0.00614   6.40000  4
   0.32830   0.69629  -0.03099   0.04810   6.40000  5
   0.35382   0.43312  -0.07246  -0.04166   6.40000  6
  -0.12460   1.32766  -0.12199   0.02633   6.40000  7
  -0.35538   1.34292  -0.18731   0.16923   6.40000  8
   0.29069   0.88603   0.25898  -0.14965   6.40000  9
   0.21978   0.96732   0.05565  -0.24344   6.40000 10
   0.25779   0.88101   0.15275   0.01666   6.50000  1
   0.07290   0.91109  -0.13749   0.10248   6.50000  2
   0.38558   0.62225   0.04593   0.08603   6.50000  3
   0.38829   0.77528   0.03314  -0.00598   6.50000  4
   0.32516   0.70176  -0.03157   0.06151   6.50000  5
   0.34650   0.43002  -0.07386  -0.02031   6.50000  6
  -0.13676   1.32994  -0.12111   0.01930   6.50000  7
  -0.37365   1.35964  -0.17828   0.16525   6.50000  8
   0.31614   0.87054   0.24977  -0.16023   6.50000  9
   0.22558   0.94189   0.06071  -0.26471   6.50000 10
   0.27324   0.88218   0.15621   0.00607   6.60000  1
   0.06026   0.92110  -0.11559   0.09746   6.60000  2
   0.38959   0.63180   0.03402   0.10524   6.60000  3
   0.39060   0.77472   0.01296  -0.00512   6.60000  4
   0.32205   0.70862  -0.03030   0.07583   6.60000  5
   0.33907   0.42905  -0.07454   0.00089   6.60000  6
  -0.14883   1.33154  -0.12031   0.01289   6.60000  7
  -0.39105   1.37597  -0.16976   0.16127   6.60000  8
   0.34058   0.85397   0.23875  -0.17133   6.60000  9
   0.23201   0.91447   0.06854  -0.28319   6.60000 10
   0.28900   0.88208   0.15872  -0.00884   6.70000  1
   0.04973   0.93055  -0.09536   0.09136   6.70000  2
   0.39237   0.64333   0.02142   0.12548   6.70000  3
   0.39090   0.77427  -0.00686  -0.00381   6.70000  4
   0.31917   0.71695  -0.02704   0.09072   6.70000  5
   0.33161   0.43020  -0.07459   0.02206   6.70000  6
  -0.16082   1.33253  -0.11953   0.00703   6.70000  7
  -0.40762   1.39189  -0.16172   0.15727   6.70000  8
   0.36381   0.83626   0.22544  -0.18273   6.70000  9
   0.23939   0.88536   0.07950  -0.29853   6.70000 10
   0.30495   0.88027   0.16020  -0.02808   6.80000  1
   0.04113   0.93935  -0.07686   0.08456   6.80000  2
   0.39385   0.65694   0.00822   0.14683   6.80000  3
   0.38926   0.77395  -0.02563  -0.00255   6.80000  4
   0.31671   0.72676  -0.02171   0.10545   6.80000  5
   0.32417   0.43347  -0.07406   0.04334   6.80000  6
  -0.17273   1.33296  -0.11874   0.00168   6.80000  7
  -0.42341   1.40742  -0.15412   0.15327   6.80000  8
   0.38557   0.81744   0.20909  -0.19361   6.80000  9
   0.24802   0.85486   0.09361  -0.31088   6.80000 10
   0.32100   0.87634   0.16064  -0.05102   6.90000  1
   0.03430   0.94745  -0.06000   0.07741   6.90000  2
   0.39399   0.67273  -0.00547   0.16908   6.90000  3
   0.38583   0.77373  -0.04257  -0.00209   6.90000  4
   0.31489   0.73799  -0.01440   0.11882   6.90000  5
   0.31682   0.43887  -0.07296   0.06488   6.90000  6
  -0.18457   1.33288  -0.11790  -0.00322   6.90000  7
  -0.43846   1.42255  -0.14695   0.14926   6.90000  8
   0.40551   0.79760   0.18899  -0.20265   6.90000  9
   0.25821   0.82327   0.11061  -0.32046   6.90000 10
   0.33704   0.86997   0.15986  -0.07674   7.00000  1
   0.02909   0.95483  -0.04455   0.07014   7.00000  2
   0.39275   0.69076  -0.01939   0.19132   7.00000  3
   0.38083   0.77349  -0.05705  -0.00308   7.00000  4
   0.31389   0.75042  -0.00535   0.12896   7.00000  5
   0.30960   0.44646  -0.07125   0.08686   7.00000  6
  -0.19631   1.33233  -0.11698  -0.00771   7.00000  7
  -0.45281   1.43727  -0.14017   0.14526   7.00000  8
   0.42323   0.77702   0.16496  -0.20839   7.00000  9
   0.27022   0.79088   0.12993  -0.32662   7.00000 10
   0.35292   0.86094   0.15738  -0.10418   7.10000  1
   0.02535   0.96148  -0.03026   0.06288   7.10000  2
   0.39012   0.71092  -0.03315   0.21136   7.10000  3
   0.37452   0.77306  -0.06862  -0.00580   7.10000  4
   0.31388   0.76360   0.00539   0.13352   7.10000  5
   0.30259   0.45627  -0.06883   0.10946   7.10000  6
  -0.20796   1.33135  -0.11596  -0.01184   7.10000  7
  -0.46651   1.45160  -0.13375   0.14126   7.10000  8
   0.43838   0.75608   0.13753  -0.20954   7.10000  9
   0.28423   0.75813   0.15027  -0.32714   7.10000 10
   0.36844   0.84912   0.15245  -0.13209   7.20000  1
   0.02300   0.96741  -0.01688   0.05569   7.20000  2
   0.38615   0.73284  -0.04611   0.22564   7.20000  3
   0.36722   0.77228  -0.07660  -0.00996   7.20000  4
   0.31503   0.77689   0.01794   0.13107   7.20000  5
   0.29586   0.46838  -0.06552   0.13290   7.20000  6
  -0.21950   1.32998  -0.11481  -0.01562   7.20000  7
  -0.47958   1.46553  -0.12768   0.13727   7.20000  8
   0.45067   0.73529   0.10792  -0.20535   7.20000  9
   0.30023   0.72573   0.16930  -0.31955   7.20000 10
   0.38330   0.83456   0.14421  -0.15877   7.30000  1
   0.02195   0.97262  -0.00419   0.04855   7.30000  2
   0.38096   0.75575  -0.05718   0.23116   7.30000  3
   0.35934   0.77104  -0.08021  -0.01478   7.30000  4
   0.31751   0.78961   0.03177   0.12259   7.30000  5
   0.28953   0.48288  -0.06096   0.15730   7.30000  6
  -0.23092   1.32824  -0.11352  -0.01911   7.30000  7
  -0.49205   1.47905  -0.12194   0.13331   7.30000  8
   0.45995   0.71517   0.07781  -0.19634   7.30000  9
   0.31795   0.69450   0.18421  -0.30391   7.30000 10
   0.39714   0.81748   0.13198  -0.18189   7.40000  1
   0.02215   0.97712   0.00800   0.04144   7.40000  2
   0.37481   0.77877  -0.06515   0.22767   7.40000  3
   0.35134   0.76934  -0.07917  -0.01921   7.40000  4
   0.32138   0.80127   0.04557   0.10995   7.40000  5
   0.28373   0.49987  -0.05462   0.18263   7.40000  6
  -0.24220   1.32616  -0.11206  -0.02231   7.40000  7
  -0.50397   1.49219  -0.11651   0.12936   7.40000  8
   0.46626   0.69612   0.04859  -0.18428   7.40000  9
   0.33688   0.66511   0.19336  -0.28335   7.40000 10
   0.40957   0.79838   0.11587  -0.19918   7.50000  1
   0.02354   0.98090   0.01985   0.03428   7.50000  2
   0.36804   0.80103  -0.06979   0.21645   7.50000  3
   0.34364   0.76724  -0.07413  -0.02259   7.50000  4
   0.32658   0.81151   0.05792   0.09452   7.50000  5
   0.27869   0.51942  -0.04580   0.20843   7.50000  6
  -0.25332   1.32378  -0.11043  -0.02527   7.50000  7
  -0.51537   1.50493  -0.11136   0.12545   7.50000  8
   0.46972   0.67836   0.02090  -0.17088   7.50000  9
   0.35644   0.63788   0.19696  -0.26122   7.50000 10
   0.42023   0.77786   0.09722  -0.21022   7.60000  1
   0.02611   0.98397   0.03150   0.02703   7.60000  2
   0.36094   0.82186  -0.07200   0.19925   7.60000  3
   0.33661   0.76485  -0.06623  -0.02494   7.60000  4
   0.33288   0.82011   0.06764   0.07732   7.60000  5
   0.27468   0.54154  -0.03391   0.23370   7.60000  6
  -0.26428   1.32112  -0.10864  -0.02798   7.60000  7
  -0.52626   1.51728  -0.10649   0.12158   7.60000  8
   0.47050   0.66196  -0.00510  -0.15713   7.60000  9
   0.37612   0.61288   0.19601  -0.23861   7.60000 10
   0.42898   0.75648   0.07773  -0.21665   7.70000  1
   0.02984   0.98630   0.04307   0.01960   7.70000  2
   0.35369   0.84076  -0.07286   0.17837   7.70000  3
   0.33045   0.76227  -0.05668  -0.02671   7.70000  4
   0.33999   0.82694   0.07399   0.05927   7.70000  5
   0.27201   0.56610  -0.01900   0.25724   7.70000  6
  -0.27505   1.31819  -0.10669  -0.03048   7.70000  7
  -0.53667   1.52925  -0.10187   0.11776   7.70000  8
   0.46876   0.64693  -0.02931  -0.14338   7.70000  9
   0.39552   0.59019   0.19162  -0.21501   7.70000 10
   0.43579   0.73462   0.05842  -0.22028   7.80000  1
   0.03473   0.98788   0.05466   0.01194   7.80000  2
   0.34639   0.85747  -0.07294   0.15570   7.80000  3
   0.32530   0.75952  -0.04644  -0.02840   7.80000  4
   0.34756   0.83196   0.07667   0.04104   7.80000  5
   0.27095   0.59291  -0.00182   0.27844   7.80000  6
  -0.28561   1.31503  -0.10458  -0.03277   7.80000  7
  -0.54664   1.54083  -0.09750   0.11398   7.80000  8
   0.46470   0.63328  -0.05145  -0.12962   7.80000  9
   0.41437   0.56992   0.18497  -0.19003   7.80000 10
   0.44068   0.71249   0.03960  -0.22207   7.90000  1
   0.04078   0.98868   0.06639   0.00396   7.90000  2
   0.33912   0.87188  -0.07243   0.13234   7.90000  3
   0.32117   0.75658  -0.03619  -0.03035   7.90000  4
   0.35521   0.83516   0.07576   0.02304   7.90000  5
   0.27169   0.62171   0.01679   0.29730   7.90000  6
  -0.29596   1.31165  -0.10232  -0.03487   7.90000  7
  -0.55618   1.55204  -0.09336   0.11026   7.90000  8
   0.45855   0.62102  -0.07104  -0.11557   7.90000  9
   0.43247   0.55221   0.17681  -0.16406   7.90000 10
   0.44373   0.69027   0.02135  -0.22206   8.00000  1
   0.04801   0.98866   0.07837  -0.00441   8.00000  2
   0.33192   0.88393  -0.07146   0.10881   8.00000  3
   0.31804   0.75344  -0.02637  -0.03256   8.00000  4
   0.36260   0.83658   0.07156   0.00543   8.00000  5
   0.27433   0.65228   0.03613   0.31373   8.00000  6
  -0.30607   1.30806  -0.09993  -0.03679   8.00000  7
  -0.56532   1.56289  -0.08943   0.10660   8.00000  8
   0.45060   0.61019  -0.08750  -0.10089   8.00000  9
   0.44968   0.53712   0.16728  -0.13787   8.00000 10
   0.44498   0.66815   0.00396  -0.21983   8.10000  1
   0.05646   0.98779   0.09072  -0.01324   8.10000  2
   0.32484   0.89364  -0.07016   0.08531   8.10000  3
   0.31587   0.75007  -0.01718  -0.03463   8.10000  4
   0.36942   0.83626   0.06448  -0.01175   8.10000  5
   0.27891   0.68436   0.05538   0.32710   8.10000  6
  -0.31594   1.30429  -0.09742  -0.03855   8.10000  7
  -0.57407   1.57337  -0.08571   0.10301   8.10000  8
   0.44118   0.60087  -0.10032  -0.08529   8.10000  9
   0.46587   0.52463   0.15625  -0.11213   8.10000 10
