   0.17508  -0.32444  -0.07192   0.00529   0.10000  1
  -0.02016  -0.35224  -0.01804   0.02390   0.10000  2
  -0.12250  -0.19774   0.02265  -0.03279   0.10000  3
  -0.01138  -0.03477  -0.02074  -0.06991   0.10000  4
  -0.40646  -0.88947   0.00782   0.04774   0.10000  5
  -0.35790  -1.08158  -0.01038   0.08151   0.10000  6
  -0.49227  -0.81051   0.06450   0.00510   0.10000  7
  -0.30005  -0.78339  -0.05307  -0.00413   0.10000  8
  -0.54911  -0.49256   0.03666  -0.00878   0.10000  9
  -0.59393  -0.29967   0.04252  -0.04792   0.10000 10
   0.16422  -0.32363  -0.14562   0.01105   0.20000  1
  -0.02287  -0.34863  -0.03617   0.04849   0.20000  2
  -0.11908  -0.20268   0.04585  -0.06611   0.20000  3
  -0.01449  -0.04533  -0.04165  -0.14175   0.20000  4
  -0.40528  -0.88228   0.01606   0.09626   0.20000  5
  -0.35946  -1.06926  -0.02080   0.16530   0.20000  6
  -0.48257  -0.80974   0.12960   0.01021   0.20000  7
  -0.30805  -0.78404  -0.10706  -0.00890   0.20000  8
  -0.54359  -0.49389   0.07393  -0.01792   0.20000  9
  -0.58752  -0.30689   0.08585  -0.09663   0.20000 10
   0.14583  -0.32220  -0.22301   0.01787   0.30000  1
  -0.02740  -0.34250  -0.05443   0.07440   0.30000  2
  -0.11330  -0.21100   0.07010  -0.10046   0.30000  3
  -0.01972  -0.06326  -0.06284  -0.21765   0.30000  4
  -0.40322  -0.87018   0.02524   0.14596   0.30000  5
  -0.36206  -1.04836  -0.03127   0.25392   0.30000  6
  -0.46633  -0.80846   0.19521   0.01561   0.30000  7
  -0.32151  -0.78521  -0.16228  -0.01482   0.30000  8
  -0.53428  -0.49617   0.11238  -0.02785   0.30000  9
  -0.57670  -0.31905   0.13089  -0.14697   0.30000 10
   0.11943  -0.32000  -0.30621   0.02653   0.40000  1
  -0.03376  -0.33370  -0.07277   0.10194   0.40000  2
  -0.10502  -0.22282   0.09564  -0.13625   0.40000  3
  -0.02707  -0.08908  -0.08428  -0.30011   0.40000  4
  -0.40017  -0.85308   0.03602   0.19599   0.40000  5
  -0.36571  -1.01822  -0.04168   0.35043   0.40000  6
  -0.44359  -0.80658   0.25886   0.02221   0.40000  7
  -0.34049  -0.78704  -0.21674  -0.02179   0.40000  8
  -0.52105  -0.49951   0.15256  -0.03914   0.40000  9
  -0.56125  -0.33637   0.17859  -0.19983   0.40000 10
   0.08432  -0.31679  -0.39740   0.03815   0.50000  1
  -0.04195  -0.32208  -0.09086   0.13039   0.50000  2
  -0.09414  -0.23829   0.12180  -0.17338   0.50000  3
  -0.03657  -0.12359  -0.10560  -0.39198   0.50000  4
  -0.39595  -0.83109   0.04864   0.24260   0.50000  5
  -0.37038  -0.97789  -0.05152   0.45842   0.50000  6
  -0.41491  -0.80390   0.31138   0.03213   0.50000  7
  -0.36455  -0.78954  -0.26130  -0.02757   0.50000  8
  -0.50370  -0.50407   0.19483  -0.05259   0.50000  9
  -0.54086  -0.35913   0.23004  -0.25615   0.50000 10
   0.03965  -0.31223  -0.49719   0.05389   0.60000  1
  -0.05190  -0.30771  -0.10796   0.15567   0.60000  2
  -0.08076  -0.25749   0.14468  -0.21025   0.60000  3
  -0.04815  -0.16787  -0.12574  -0.49546   0.60000  4
  -0.39044  -0.80493   0.06118   0.27815   0.60000  5
  -0.37595  -0.92606  -0.05928   0.58032   0.60000  6
  -0.38238  -0.79994   0.33196   0.04847   0.60000  7
  -0.39167  -0.79227  -0.27335  -0.02460   0.60000  8
  -0.48201  -0.51014   0.23933  -0.06935   0.60000  9
  -0.51508  -0.38774   0.28637  -0.31683   0.60000 10
  -0.01515  -0.30593  -0.59673   0.07141   0.70000  1
  -0.06349  -0.29147  -0.12389   0.16447   0.70000  2
  -0.06575  -0.28017   0.15056  -0.24160   0.70000  3
  -0.06163  -0.22293  -0.14346  -0.60535   0.70000  4
  -0.38385  -0.77599   0.06993   0.29844   0.70000  5
  -0.38204  -0.86156  -0.06103   0.70912   0.70000  6
  -0.35016  -0.79381   0.30477   0.07740   0.70000  7
  -0.41748  -0.79374  -0.23469  -0.00012   0.70000  8
  -0.45576  -0.51811   0.28600  -0.09126   0.70000  9
  -0.48339  -0.42267   0.34854  -0.38250   0.70000 10
  -0.07845  -0.29858  -0.65849   0.06858   0.80000  1
  -0.07683  -0.27633  -0.14458   0.12842   0.80000  2
  -0.05226  -0.30537   0.10875  -0.26013   0.80000  3
  -0.07692  -0.28802  -0.16413  -0.68644   0.80000  4
  -0.37661  -0.74535   0.07410   0.31589   0.80000  5
  -0.38774  -0.78505  -0.05046   0.81362   0.80000  6
  -0.32267  -0.78351   0.24055   0.13474   0.80000  7
  -0.43729  -0.79109  -0.15702   0.06024   0.80000  8
  -0.42474  -0.52867   0.33481  -0.12182   0.80000  9
  -0.44518  -0.46441   0.41647  -0.45311   0.80000 10
  -0.14456  -0.29409  -0.65535   0.01251   0.90000  1
  -0.09292  -0.26771  -0.17988   0.03692   0.90000  2
  -0.04586  -0.33203   0.01284  -0.27413   0.90000  3
  -0.09513  -0.35775  -0.20382  -0.69866   0.90000  4
  -0.36908  -0.71206   0.07687   0.35547   0.90000  5
  -0.39152  -0.70047  -0.02124   0.87177   0.90000  6
  -0.30248  -0.76557   0.16293   0.22980   0.90000  7
  -0.44834  -0.78031  -0.06249   0.16091   0.90000  8
  -0.38877  -0.54297   0.38432  -0.16699   0.90000  9
  -0.40003  -0.51342   0.48582  -0.52759   0.90000 10
  -0.20864  -0.29735  -0.62419  -0.08208   1.00000  1
  -0.11322  -0.26970  -0.22767  -0.07859   1.00000  2
  -0.05037  -0.36063  -0.10483  -0.30037   1.00000  3
  -0.11839  -0.42696  -0.26532  -0.68570   1.00000  4
  -0.36092  -0.67307   0.09011   0.42875   1.00000  5
  -0.39089  -0.61153   0.04217   0.90016   1.00000  6
  -0.28994  -0.73658   0.08917   0.35454   1.00000  7
  -0.44955  -0.75822   0.04005   0.28281   1.00000  8
  -0.34817  -0.56257   0.42425  -0.22479   1.00000  9
  -0.34859  -0.56980   0.53625  -0.59473   1.00000 10
  -0.26914  -0.31126  -0.58475  -0.19957   1.10000  1
  -0.13865  -0.28370  -0.28184  -0.20287   1.10000  2
  -0.06710  -0.39262  -0.23113  -0.34189   1.10000  3
  -0.14915  -0.49535  -0.35556  -0.68482   1.10000  4
  -0.34981  -0.62621   0.13995   0.50300   1.10000  5
  -0.38127  -0.52315   0.15502   0.85401   1.10000  6
  -0.28423  -0.69385   0.02902   0.50242   1.10000  7
  -0.43979  -0.72361   0.15892   0.40881   1.10000  8
  -0.30488  -0.58694   0.43692  -0.25415   1.10000  9
  -0.29467  -0.62970   0.53345  -0.58494   1.10000 10
  -0.32528  -0.33794  -0.53543  -0.33744   1.20000  1
  -0.16980  -0.31062  -0.34263  -0.33773   1.20000  2
  -0.09697  -0.42946  -0.36875  -0.39684   1.20000  3
  -0.19060  -0.56418  -0.47668  -0.68986   1.20000  4
  -0.33158  -0.57430   0.22792   0.52695   1.20000  5
  -0.35985  -0.44200   0.27110   0.76701   1.20000  6
  -0.28277  -0.63658   0.00974   0.63394   1.20000  7
  -0.41697  -0.67677   0.30127   0.52582   1.20000  8
  -0.26159  -0.61149   0.42433  -0.22657   1.20000  9
  -0.24327  -0.68305   0.48914  -0.46527   1.20000 10
  -0.37504  -0.37892  -0.44916  -0.47796   1.30000  1
  -0.20760  -0.35177  -0.41561  -0.48778   1.30000  2
  -0.14143  -0.47224  -0.52324  -0.45879   1.30000  3
  -0.24362  -0.63150  -0.56781  -0.63869   1.30000  4
  -0.30442  -0.52210   0.30952   0.51196   1.30000  5
  -0.32805  -0.37046   0.35675   0.65517   1.30000  6
  -0.28074  -0.56946   0.03323   0.69584   1.30000  7
  -0.37892  -0.61891   0.46134   0.62856   1.30000  8
  -0.22129  -0.63025   0.37347  -0.14160   1.30000  9
  -0.19758  -0.72078   0.42151  -0.28670   1.30000 10
  -0.41282  -0.43208  -0.29690  -0.57741   1.40000  1
  -0.25295  -0.40829  -0.48643  -0.64059   1.40000  2
  -0.20176  -0.52055  -0.67868  -0.49804   1.40000  3
  -0.30000  -0.68850  -0.54286  -0.49218   1.40000  4
  -0.27144  -0.47268   0.33970   0.47149   1.40000  5
  -0.29019  -0.31324   0.39218   0.48041   1.40000  6
  -0.27642  -0.49918   0.05098   0.70300   1.40000  7
  -0.32520  -0.55191   0.60406   0.70651   1.40000  8
  -0.18831  -0.63920   0.28182  -0.03640   1.40000  9
  -0.15959  -0.74076   0.33614  -0.11678   1.40000 10
  -0.43312  -0.49238  -0.10777  -0.61834   1.50000  1
  -0.30226  -0.47815  -0.48178  -0.73738   1.50000  2
  -0.27393  -0.56855  -0.74144  -0.44688   1.50000  3
  -0.35050  -0.72978  -0.46512  -0.33623   1.50000  4
  -0.23917  -0.42955   0.29433   0.38382   1.50000  5
  -0.25114  -0.27489   0.38388   0.28855   1.50000  6
  -0.27123  -0.43129   0.05033   0.64010   1.50000  7
  -0.26126  -0.47921   0.65163   0.73258   1.50000  8
  -0.16549  -0.63766   0.17300   0.06434   1.50000  9
  -0.13060  -0.74493   0.24295   0.02943   1.50000 10
  -0.43506  -0.55447   0.06345  -0.62146   1.60000  1
  -0.34706  -0.55216  -0.41394  -0.73642   1.60000  2
  -0.34660  -0.60895  -0.70499  -0.36393   1.60000  3
  -0.39322  -0.75627  -0.39094  -0.19503   1.60000  4
  -0.21328  -0.39591   0.22601   0.29473   1.60000  5
  -0.21395  -0.25486   0.35838   0.11523   1.60000  6
  -0.26587  -0.37276   0.06299   0.53104   1.60000  7
  -0.19887  -0.40812   0.58736   0.68473   1.60000  8
  -0.15368  -0.62725   0.06489   0.13903   1.60000  9
  -0.11110  -0.73567   0.14681   0.15208   1.60000 10
  -0.42188  -0.61674   0.19018  -0.62423   1.70000  1
  -0.38583  -0.62531  -0.36504  -0.72540   1.70000  2
  -0.41425  -0.64234  -0.64356  -0.31009   1.70000  3
  -0.42897  -0.76891  -0.32480  -0.05818   1.70000  4
  -0.19304  -0.36917   0.18325   0.24626   1.70000  5
  -0.17966  -0.25124   0.32655  -0.03952   1.70000  6
  -0.25741  -0.32444   0.11093   0.43822   1.70000  7
  -0.14446  -0.34228   0.49894   0.63174   1.70000  8
  -0.15195  -0.61074  -0.02690   0.18718   1.70000  9
  -0.10124  -0.71520   0.05046   0.25401   1.70000 10
  -0.39964  -0.67906   0.24084  -0.61912   1.80000  1
  -0.42049  -0.69673  -0.32886  -0.69947   1.80000  2
  -0.47406  -0.67238  -0.54700  -0.29736   1.80000  3
  -0.45814  -0.76807  -0.25766   0.07233   1.80000  4
  -0.17589  -0.34568   0.16278   0.22681   1.80000  5
  -0.14874  -0.26181   0.29154  -0.16501   1.80000  6
  -0.24306  -0.28477   0.17797   0.35567   1.80000  7
  -0.09938  -0.28201   0.40177   0.57105   1.80000  8
  -0.15834  -0.59044  -0.09716   0.21632   1.80000  9
  -0.10095  -0.68543  -0.04423   0.33880   1.80000 10
  -0.37592  -0.73966   0.22624  -0.58753   1.90000  1
  -0.45162  -0.76427  -0.29377  -0.64565   1.90000  2
  -0.52308  -0.70270  -0.43271  -0.31086   1.90000  3
  -0.48026  -0.75573  -0.18481   0.16406   1.90000  4
  -0.16003  -0.32350   0.15610   0.21677   1.90000  5
  -0.12153  -0.28254   0.25116  -0.24084   1.90000  6
  -0.22166  -0.25338   0.24974   0.27117   1.90000  7
  -0.06409  -0.22884   0.30504   0.48873   1.90000  8
  -0.17057  -0.56784  -0.14324   0.23470   1.90000  9
  -0.10992  -0.64792  -0.13375   0.40944   1.90000 10
  -0.35525  -0.79560   0.18519  -0.52795   2.00000  1
  -0.47919  -0.82473  -0.25727  -0.55974   2.00000  2
  -0.56067  -0.73446  -0.32002  -0.32224   2.00000  3
  -0.49550  -0.73765  -0.12298   0.18724   2.00000  4
  -0.14439  -0.30257   0.15746   0.19967   2.00000  5
  -0.09889  -0.30844   0.19959  -0.27100   2.00000  6
  -0.19333  -0.23073   0.31513   0.18109   2.00000  7
  -0.03802  -0.18476   0.21831   0.39183   2.00000  8
  -0.18614  -0.54358  -0.16381   0.25063   2.00000  9
  -0.12732  -0.60387  -0.21161   0.47047   2.00000 10
  -0.33904  -0.84493   0.13873  -0.45836   2.10000  1
  -0.50309  -0.87600  -0.22127  -0.46630   2.10000  2
  -0.58736  -0.76666  -0.21568  -0.31951   2.10000  3
  -0.50546  -0.71962  -0.07838   0.16979   2.10000  4
  -0.12850  -0.28405   0.16021   0.16850   2.10000  5
  -0.08191  -0.33585   0.13890  -0.27397   2.10000  6
  -0.15911  -0.21726   0.36630   0.08825   2.10000  7
  -0.02009  -0.15050   0.14161   0.29336   2.10000  8
  -0.20254  -0.51758  -0.16046   0.27031   2.10000  9
  -0.15159  -0.55394  -0.26996   0.52794   2.10000 10
  -0.32749  -0.88739   0.09236  -0.39192   2.20000  1
  -0.52356  -0.91824  -0.18881  -0.37990   2.20000  2
  -0.60423  -0.79804  -0.12381  -0.30725   2.20000  3
  -0.51141  -0.70402  -0.04134   0.14170   2.20000  4
  -0.11249  -0.26921   0.15912   0.12717   2.20000  5
  -0.07134  -0.36274   0.07117  -0.26154   2.20000  6
  -0.12078  -0.21301   0.39599  -0.00228   2.20000  7
  -0.00946  -0.12607   0.07206   0.19503   2.20000  8
  -0.21756  -0.48929  -0.13726   0.29669   2.20000  9
  -0.18035  -0.49836  -0.29948   0.58230   2.20000 10
  -0.32052  -0.92354   0.04743  -0.33228   2.30000  1
  -0.54097  -0.95225  -0.15990  -0.30151   2.30000  2
  -0.61255  -0.82803  -0.04451  -0.29263   2.30000  3
  -0.51379  -0.69122  -0.00633   0.11509   2.30000  4
  -0.09686  -0.25876   0.15243   0.08169   2.30000  5
  -0.06793  -0.38762  -0.00368  -0.23278   2.30000  6
  -0.08093  -0.21740   0.39529  -0.08326   2.30000  7
  -0.00547  -0.11159   0.00905   0.09404   2.30000  8
  -0.22952  -0.45800  -0.09997   0.33031   2.30000  9
  -0.21016  -0.43798  -0.28982   0.62134   2.30000 10
  -0.31795  -0.95406   0.00414  -0.27893   2.40000  1
  -0.55561  -0.97874  -0.13310  -0.22924   2.40000  2
  -0.61349  -0.85663   0.02405  -0.27978   2.40000  3
  -0.51271  -0.68085   0.02770   0.09316   2.40000  4
  -0.08221  -0.25287   0.13940   0.03656   2.40000  5
  -0.07206  -0.40853  -0.07776  -0.18158   2.40000  6
  -0.04297  -0.22904   0.35756  -0.14569   2.40000  7
  -0.00740  -0.10742  -0.04638  -0.01153   2.40000  8
  -0.23727  -0.42309  -0.05396   0.36804   2.40000  9
  -0.23701  -0.37517  -0.24165   0.62899   2.40000 10
  -0.31965  -0.97948  -0.03798  -0.23023   2.50000  1
  -0.56760  -0.99824  -0.10646  -0.16129   2.50000  2
  -0.60803  -0.88411   0.08370  -0.27052   2.50000  3
  -0.50829  -0.67243   0.06063   0.07574   2.50000  4
  -0.06922  -0.25128   0.11906  -0.00380   2.50000  5
  -0.08304  -0.42332  -0.13916  -0.11206   2.50000  6
  -0.01056  -0.24572   0.28605  -0.18382   2.50000  7
  -0.01450  -0.11403  -0.09456  -0.12099   2.50000  8
  -0.24010  -0.38449  -0.00176   0.40288   2.50000  9
  -0.25770  -0.31328  -0.16953   0.60408   2.50000 10
  -0.32554  -1.00020  -0.07981  -0.18450   2.60000  1
  -0.57683  -1.01111  -0.07764  -0.09666   2.60000  2
  -0.59701  -0.91086   0.13551  -0.26508   2.60000  3
  -0.50062  -0.66558   0.09252   0.06191   2.60000  4
  -0.05866  -0.25335   0.09072  -0.03605   2.60000  5
  -0.09929  -0.43061  -0.18261  -0.03263   2.60000  6
   0.01348  -0.26504   0.19185  -0.19921   2.60000  7
  -0.02617  -0.13168  -0.13856  -0.23218   2.60000  8
  -0.23745  -0.34282   0.05574   0.42852   2.60000  9
  -0.27060  -0.25513  -0.08772   0.55587   2.60000 10
  -0.33564  -1.01643  -0.12247  -0.14029   2.70000  1
  -0.58296  -1.01770  -0.04373  -0.03577   2.70000  2
  -0.58119  -0.93721   0.17954  -0.26210   2.70000  3
  -0.48980  -0.65996   0.12374   0.05098   2.70000  4
  -0.05138  -0.25819   0.05329  -0.05931   2.70000  5
  -0.11893  -0.42970  -0.20704   0.05130   2.70000  6
   0.02739  -0.28497   0.08472  -0.19682   2.70000  7
  -0.04220  -0.16041  -0.18221  -0.34154   2.70000  8
  -0.22881  -0.29921   0.11777   0.44144   2.70000  9
  -0.27517  -0.20262  -0.00362   0.49210   2.70000 10
  -0.35010  -1.02827  -0.16716  -0.09638   2.80000  1
  -0.58530  -1.01847  -0.00142   0.01882   2.80000  2
  -0.56138  -0.96325   0.21517  -0.25808   2.80000  3
  -0.47588  -0.65529   0.15472   0.04283   2.80000  4
  -0.04838  -0.26497   0.00472  -0.07538   2.80000  5
  -0.14005  -0.42031  -0.21195   0.13661   2.80000  6
   0.03018  -0.30395  -0.02995  -0.18084   2.80000  7
  -0.06265  -0.19966  -0.22686  -0.44035   2.80000  8
  -0.21377  -0.25508   0.18343   0.43771   2.80000  9
  -0.27136  -0.15714   0.07930   0.41505   2.80000 10
  -0.36918  -1.03569  -0.21506  -0.05181   2.90000  1
  -0.58288  -1.01429   0.05159   0.06269   2.90000  2
  -0.53844  -0.98861   0.24247  -0.24764   2.90000  3
  -0.45886  -0.65128   0.18575   0.03788   2.90000  4
  -0.05087  -0.27320  -0.05657  -0.08957   2.90000  5
  -0.16063  -0.40241  -0.19608   0.22098   2.90000  6
   0.02124  -0.32079  -0.14938  -0.15441   2.90000  7
  -0.08742  -0.24746  -0.26626  -0.50844   2.90000  8
  -0.19216  -0.21259   0.24703   0.40591   2.90000  9
  -0.25950  -0.12006   0.15650   0.32442   2.90000 10
  -0.39323  -1.03860  -0.26636  -0.00622   3.00000  1
  -0.57464  -1.00642   0.11457   0.09228   3.00000  2
  -0.51309  -1.01240   0.26356  -0.22591   3.00000  3
  -0.43873  -0.64758   0.21693   0.03704   3.00000  4
  -0.06002  -0.28302  -0.12729  -0.10762   3.00000  5
  -0.17849  -0.37629  -0.15701   0.29941   3.00000  6
   0.00024  -0.33458  -0.27070  -0.12057   3.00000  7
  -0.11514  -0.29960  -0.28360  -0.52606   3.00000  8
  -0.16516  -0.17528   0.28699   0.33444   3.00000  9
  -0.24043  -0.09262   0.22291   0.22320   3.00000 10
  -0.42244  -1.03693  -0.31673   0.03918   3.10000  1
  -0.55976  -0.99630   0.18370   0.10783   3.10000  2
  -0.48590  -1.03334   0.27904  -0.19037   3.10000  3
  -0.41547  -0.64370   0.24828   0.04161   3.10000  4
  -0.07635  -0.29481  -0.19881  -0.12793   3.10000  5
  -0.19125  -0.34332  -0.09527   0.35336   3.10000  6
  -0.03278  -0.34476  -0.38837  -0.08243   3.10000  7
  -0.14336  -0.35121  -0.27801  -0.49908   3.10000  8
  -0.13605  -0.14641   0.28931   0.24143   3.10000  9
  -0.21533  -0.07560   0.27687   0.11641   3.10000 10
  -0.45600  -1.03089  -0.34955   0.08090   3.20000  1
  -0.53789  -0.98523   0.25302   0.11197   3.20000  2
  -0.45779  -1.04994   0.27922  -0.13888   3.20000  3
  -0.38906  -0.63901   0.28002   0.05345   3.20000  4
  -0.09958  -0.30845  -0.26466  -0.14336   3.20000  5
  -0.19726  -0.30727  -0.02504   0.35992   3.20000  6
  -0.07698  -0.35103  -0.49204  -0.04308   3.20000  7
  -0.17030  -0.39807  -0.25929  -0.43331   3.20000  8
  -0.10834  -0.12705   0.26037   0.14624   3.20000  9
  -0.18548  -0.06945   0.31794   0.00616   3.20000 10
  -0.49101  -1.02088  -0.34330   0.11893   3.30000  1
  -0.50953  -0.97420   0.31083   0.10774   3.30000  2
  -0.43092  -1.06063   0.25481  -0.07340   3.30000  3
  -0.35944  -0.63266   0.31246   0.07563   3.30000  4
  -0.12896  -0.32309  -0.32084  -0.14721   3.30000  5
  -0.19651  -0.27258   0.03763   0.32885   3.30000  6
  -0.13017  -0.35345  -0.56492  -0.00630   3.30000  7
  -0.19511  -0.43745  -0.23761  -0.35414   3.30000  8
  -0.08476  -0.11697   0.20798   0.05659   3.30000  9
  -0.15228  -0.07446   0.34296  -0.10670   3.30000 10
  -0.52328  -1.00714  -0.29654   0.15557   3.40000  1
  -0.47664  -0.96373   0.34231   0.10209   3.40000  2
  -0.40721  -1.06443   0.21886  -0.00213   3.40000  3
  -0.32657  -0.62340   0.34456   0.11254   3.40000  4
  -0.16325  -0.33749  -0.36197  -0.13951   3.40000  5
  -0.19042  -0.24227   0.08013   0.27496   3.40000  6
  -0.18830  -0.35262  -0.58849   0.02020   3.40000  7
  -0.21814  -0.46911  -0.22492  -0.28062   3.40000  8
  -0.06724  -0.11547   0.14057  -0.02533   3.40000  9
  -0.11764  -0.09074   0.34548  -0.21778   3.40000 10
  -0.54956  -0.98993  -0.22703   0.18760   3.50000  1
  -0.44183  -0.95353   0.35121   0.10342   3.50000  2
  -0.38708  -1.06101   0.18442   0.07080   3.50000  3
  -0.29071  -0.60952   0.37066   0.16823   3.50000  4
  -0.20074  -0.35094  -0.38500  -0.13054   3.50000  5
  -0.18121  -0.21781   0.10173   0.21407   3.50000  6
  -0.24611  -0.35016  -0.56013   0.02484   3.50000  7
  -0.24046  -0.49401  -0.22245  -0.21991   3.50000  8
  -0.05683  -0.12186   0.06759  -0.10203   3.50000  9
  -0.08415  -0.11761   0.31902  -0.31649   3.50000 10
  -0.56857  -0.96977  -0.15319   0.21517   3.60000  1
  -0.40669  -0.94277   0.35070   0.11312   3.60000  2
  -0.37014  -1.05023   0.15540   0.14513   3.60000  3
  -0.25309  -0.58918   0.37692   0.24035   3.60000  4
  -0.23967  -0.36394  -0.39071  -0.13157   3.60000  5
  -0.17029  -0.19941   0.11666   0.15381   3.60000  6
  -0.29913  -0.34851  -0.49598   0.00443   3.60000  7
  -0.26262  -0.51353  -0.21924  -0.17189   3.60000  8
  -0.05363  -0.13586  -0.00257  -0.17818   3.60000  9
  -0.05486  -0.15320   0.26201  -0.39036   3.60000 10
  -0.58029  -0.94696  -0.08178   0.24100   3.70000  1
  -0.37184  -0.93068   0.34548   0.12964   3.70000  2
  -0.35579  -1.03192   0.13261   0.22122   3.70000  3
  -0.21654  -0.56142   0.34805   0.31338   3.70000  4
  -0.27831  -0.37771  -0.37921  -0.14588   3.70000  5
  -0.15779  -0.18718   0.13365   0.08945   3.70000  6
  -0.34467  -0.34985  -0.41267  -0.03347   3.70000  7
  -0.28378  -0.52844  -0.20112  -0.12533   3.70000  8
  -0.05711  -0.15753  -0.06603  -0.25516   3.70000  9
  -0.03256  -0.19469   0.18102  -0.43485   3.70000 10
  -0.58502  -0.92154  -0.01315   0.26753   3.80000  1
  -0.33779  -0.91663   0.33439   0.15248   3.80000  2
  -0.34339  -1.00592   0.11653   0.29915   3.80000  3
  -0.18447  -0.52700   0.29032   0.37241   3.80000  4
  -0.31492  -0.39338  -0.35001  -0.16799   3.80000  5
  -0.14356  -0.18189   0.15048   0.01412   3.80000  6
  -0.38139  -0.35550  -0.32078  -0.08052   3.80000  7
  -0.30244  -0.53831  -0.17150  -0.07094   3.80000  8
  -0.06662  -0.18680  -0.12316  -0.32944   3.80000  9
  -0.01909  -0.23941   0.08687  -0.45680   3.80000 10
  -0.58296  -0.89336   0.05426   0.29678   3.90000  1
  -0.30525  -0.89994   0.31480   0.18285   3.90000  2
  -0.33224  -0.97205   0.10770   0.37835   3.90000  3
  -0.15871  -0.48737   0.22521   0.41890   3.90000  4
  -0.34782  -0.41131  -0.30604  -0.19012   3.90000  5
  -0.12797  -0.18489   0.15908  -0.07704   3.90000  6
  -0.40873  -0.36612  -0.22579  -0.13253   3.90000  7
  -0.31811  -0.54250  -0.14256  -0.01276   3.90000  8
  -0.08151  -0.22319  -0.17311  -0.39722   3.90000  9
  -0.01538  -0.28567  -0.01354  -0.46720   3.90000 10
  -0.57414  -0.86203   0.12255   0.33078   4.00000  1
  -0.27518  -0.87972   0.28474   0.22340   4.00000  2
  -0.32161  -0.93024   0.10603   0.45782   4.00000  3
  -0.13911  -0.44337   0.16912   0.46071   4.00000  4
  -0.37579  -0.43130  -0.25174  -0.20923   4.00000  5
  -0.11232  -0.19787   0.15051  -0.18515   4.00000  6
  -0.42651  -0.38213  -0.12969  -0.18823   4.00000  7
  -0.33112  -0.54091  -0.11846   0.04394   4.00000  8
  -0.10091  -0.26609  -0.21304  -0.46045   4.00000  9
  -0.02200  -0.33273  -0.12000  -0.47360   4.00000 10
  -0.55834  -0.82696   0.19419   0.37204   4.10000  1
  -0.24866  -0.85480   0.24409   0.27765   4.10000  2
  -0.31085  -0.88049   0.10986   0.53730   4.10000  3
  -0.12434  -0.39539   0.12827   0.49547   4.10000  4
  -0.39787  -0.45308  -0.18829  -0.22614   4.10000  5
  -0.09859  -0.22237   0.12056  -0.30656   4.10000  6
  -0.43464  -0.40388  -0.03263  -0.24744   4.10000  7
  -0.34194  -0.53388  -0.09840   0.09560   4.10000  8
  -0.12377  -0.31536  -0.24242  -0.52511   4.10000  9
  -0.03969  -0.38018  -0.23521  -0.47282   4.10000 10
  -0.53508  -0.78726   0.27228   0.42412   4.20000  1
  -0.22666  -0.82361   0.19443   0.34936   4.20000  2
  -0.29957  -0.82271   0.11566   0.61907   4.20000  3
  -0.11355  -0.34594   0.08494   0.48083   4.20000  4
  -0.41305  -0.47650  -0.11312  -0.24213   4.20000  5
  -0.08892  -0.25943   0.06912  -0.43495   4.20000  6
  -0.43299  -0.43173   0.06608  -0.30993   4.20000  7
  -0.35084  -0.52215  -0.07922   0.13627   4.20000  8
  -0.14897  -0.37064  -0.25988  -0.57520   4.20000  9
  -0.06905  -0.42642  -0.35028  -0.44744   4.20000 10
  -0.50352  -0.74160   0.36133   0.49243   4.30000  1
  -0.21002  -0.78421   0.13720   0.44282   4.30000  2
  -0.28781  -0.75640   0.11874   0.70931   4.30000  3
  -0.10782  -0.30169   0.02915   0.39471   4.30000  4
  -0.41996  -0.50149  -0.02179  -0.25767   4.30000  5
  -0.08551  -0.30896  -0.00466  -0.55079   4.30000  6
  -0.42133  -0.46591   0.16754  -0.37332   4.30000  7
  -0.35759  -0.50742  -0.05390   0.15255   4.30000  8
  -0.17580  -0.42943  -0.27927  -0.59905   4.30000  9
  -0.10933  -0.46928  -0.45434  -0.41100   4.30000 10
  -0.46222  -0.68797   0.46862   0.58474   4.40000  1
  -0.19952  -0.73411   0.07057   0.56435   4.40000  2
  -0.27609  -0.68025   0.11365   0.81717   4.40000  3
  -0.10770  -0.26832  -0.02675   0.26947   4.40000  4
  -0.41671  -0.52804   0.09090  -0.27359   4.40000  5
  -0.09054  -0.36839  -0.09943  -0.63378   4.40000  6
  -0.39937  -0.50615   0.27215  -0.42923   4.40000  7
  -0.36097  -0.49325  -0.00902   0.12057   4.40000  8
  -0.20564  -0.49065  -0.32223  -0.62674   4.40000  9
  -0.15993  -0.50926  -0.55846  -0.39296   4.40000 10
  -0.40881  -0.62373   0.60531   0.70185   4.50000  1
  -0.19660  -0.67018  -0.01825   0.71895   4.50000  2
  -0.26559  -0.59255   0.09220   0.92999   4.50000  3
  -0.11318  -0.24790  -0.08304   0.13971   4.50000  4
  -0.40077  -0.55614   0.23374  -0.28576   4.50000  5
  -0.10628  -0.43554  -0.22126  -0.71009   4.50000  6
  -0.36675  -0.55105   0.38148  -0.46255   4.50000  7
  -0.35826  -0.48561   0.06923   0.02129   4.50000  8
  -0.24118  -0.55483  -0.39174  -0.65195   4.50000  9
  -0.22126  -0.54886  -0.66766  -0.40143   4.50000 10
  -0.34043  -0.54925   0.75725   0.76325   4.60000  1
  -0.20502  -0.59067  -0.15935   0.85694   4.60000  2
  -0.25887  -0.49923   0.03828   0.90046   4.60000  3
  -0.12434  -0.24024  -0.14062   0.01334   4.60000  4
  -0.36878  -0.58382   0.40912  -0.25694   4.60000  5
  -0.13639  -0.51038  -0.39057  -0.78217   4.60000  6
  -0.32313  -0.59615   0.48519  -0.42037   4.60000  7
  -0.34607  -0.49061   0.17863  -0.12410   4.60000  8
  -0.28355  -0.61768  -0.44598  -0.57807   4.60000  9
  -0.29211  -0.58835  -0.73194  -0.37235   4.60000 10
  -0.26118  -0.47647   0.80437   0.67805   4.70000  1
  -0.22840  -0.50357  -0.29777   0.85994   4.70000  2
  -0.25723  -0.41696   0.00198   0.73699   4.70000  3
  -0.14146  -0.24543  -0.20269  -0.11910   4.70000  4
  -0.32026  -0.60589   0.54385  -0.18133   4.70000  5
  -0.18558  -0.58906  -0.58978  -0.76959   4.70000  6
  -0.27274  -0.63211   0.50319  -0.29210   4.70000  7
  -0.32216  -0.50937   0.29750  -0.23937   4.70000  8
  -0.32747  -0.66677  -0.41715  -0.39948   4.70000  9
  -0.36221  -0.62075  -0.64350  -0.27401   4.70000 10
  -0.18361  -0.41382   0.73265   0.58185   4.80000  1
  -0.26102  -0.42157  -0.33447   0.77593   4.80000  2
  -0.25684  -0.35156   0.01254   0.57671   4.80000  3
  -0.16511  -0.26460  -0.27090  -0.26684   4.80000  4
  -0.26388  -0.62015   0.56659  -0.10746   4.80000  5
  -0.25164  -0.66142  -0.71077  -0.66961   4.80000  6
  -0.22533  -0.65464   0.43446  -0.16336   4.80000  7
  -0.28817  -0.53618   0.37050  -0.28893   4.80000  8
  -0.36487  -0.69829  -0.32572  -0.23772   4.80000  9
  -0.41824  -0.64415  -0.47488  -0.20056   4.80000 10
  -0.11611  -0.35865   0.61406   0.52464   4.90000  1
  -0.29226  -0.34806  -0.28156   0.69671   4.90000  2
  -0.25402  -0.30044   0.04413   0.44933   4.90000  3
  -0.19540  -0.29878  -0.33119  -0.41062   4.90000  4
  -0.20974  -0.62827   0.50792  -0.05726   4.90000  5
  -0.32353  -0.72208  -0.71424  -0.54353   4.90000  6
  -0.18719  -0.66591   0.32703  -0.06558   4.90000  7
  -0.25031  -0.56638   0.37891  -0.31283   4.90000  8
  -0.39244  -0.71577  -0.22738  -0.11893   4.90000  9
  -0.45769  -0.66204  -0.31768  -0.16194   4.90000 10
  -0.06090  -0.30905   0.49256   0.46600   5.00000  1
  -0.31645  -0.28223  -0.20123   0.61767   5.00000  2
  -0.24852  -0.26143   0.06179   0.33174   5.00000  3
  -0.23024  -0.34424  -0.35955  -0.48565   5.00000  4
  -0.16292  -0.63180   0.42724  -0.01434   5.00000  5
  -0.39348  -0.77052  -0.68204  -0.42664   5.00000  6
  -0.15948  -0.66813   0.23035   0.01961   5.00000  7
  -0.21318  -0.59824   0.36204  -0.32131   5.00000  8
  -0.41102  -0.72344  -0.14900  -0.04073   5.00000  9
  -0.48250  -0.67730  -0.18215  -0.14634   5.00000 10
  -0.01679  -0.26546   0.39379   0.40662   5.10000  1
  -0.33283  -0.22493  -0.12892   0.52800   5.10000  2
  -0.24242  -0.23360   0.05773   0.22883   5.10000  3
  -0.26614  -0.39440  -0.35359  -0.51566   5.10000  4
  -0.12450  -0.63146   0.34009   0.01905   5.10000  5
  -0.45937  -0.80759  -0.63302  -0.31579   5.10000  6
  -0.14053  -0.66233   0.15142   0.09413   5.10000  7
  -0.17806  -0.62996   0.33966  -0.30919   5.10000  8
  -0.42324  -0.72492  -0.09960   0.00782   5.10000  9
  -0.49481  -0.69174  -0.06754  -0.14379   5.10000 10
   0.01852  -0.22749   0.31503   0.35398   5.20000  1
  -0.34267  -0.17643  -0.06975   0.44351   5.20000  2
  -0.23722  -0.21484   0.04588   0.15017   5.20000  3
  -0.30025  -0.44756  -0.32633  -0.54905   5.20000  4
  -0.09509  -0.62844   0.24752   0.03896   5.20000  5
  -0.51958  -0.83403  -0.56919  -0.21520   5.20000  6
  -0.12865  -0.64998   0.08879   0.14844   5.20000  7
  -0.14547  -0.65920   0.31058  -0.27085   5.20000  8
  -0.43156  -0.72229  -0.06875   0.04347   5.20000  9
  -0.49671  -0.70614   0.02621  -0.14342   5.20000 10
   0.04665  -0.19446   0.24923   0.30741   5.30000  1
  -0.34707  -0.13595  -0.01931   0.36724   5.30000  2
  -0.23323  -0.20292   0.03414   0.09091   5.30000  3
  -0.33113  -0.50452  -0.29056  -0.59123   5.30000  4
  -0.07504  -0.62409   0.15359   0.04629   5.30000  5
  -0.57293  -0.85114  -0.49678  -0.12988   5.30000  6
  -0.12225  -0.63359   0.04150   0.17479   5.30000  7
  -0.11637  -0.68324   0.26914  -0.20649   5.30000  8
  -0.43715  -0.71637  -0.04284   0.07440   5.30000  9
  -0.49018  -0.72010   0.10188  -0.13345   5.30000 10
   0.06864  -0.16586   0.19181   0.26525   5.40000  1
  -0.34674  -0.10277   0.02495   0.29715   5.40000  2
  -0.23030  -0.19623   0.02502   0.04460   5.40000  3
  -0.35841  -0.56592  -0.25605  -0.63704   5.40000  4
  -0.06426  -0.61947   0.06273   0.04511   5.40000  5
  -0.61885  -0.86053  -0.42161  -0.06023   5.40000  6
  -0.11998  -0.61586   0.00528   0.17628   5.40000  7
  -0.09205  -0.70001   0.21540  -0.12770   5.40000  8
  -0.43998  -0.70752  -0.01241   0.10194   5.40000  9
  -0.47676  -0.73221   0.16488  -0.10536   5.40000 10
   0.08519  -0.14131   0.13990   0.22621   5.50000  1
  -0.34224  -0.07639   0.06443   0.23112   5.50000  2
  -0.22812  -0.19373   0.01904   0.00644   5.50000  3
  -0.38269  -0.63182  -0.23184  -0.67924   5.50000  4
  -0.06229  -0.61522  -0.02221   0.03939   5.50000  5
  -0.65728  -0.86363  -0.34735  -0.00370   5.50000  6
  -0.12097  -0.59893  -0.02399   0.15992   5.50000  7
  -0.07357  -0.70871   0.15301  -0.04652   5.50000  8
  -0.43925  -0.69617   0.02909   0.12329   5.50000  9
  -0.45746  -0.74048   0.21992  -0.05691   5.50000 10
   0.09674  -0.12055   0.09157   0.18931   5.60000  1
  -0.33399  -0.05647   0.10005   0.16745   5.60000  2
  -0.22639  -0.19478   0.01607  -0.02698   5.60000  3
  -0.40513  -0.70094  -0.21709  -0.69551   5.60000  4
  -0.06846  -0.61165  -0.09969   0.03196   5.60000  5
  -0.68839  -0.86161  -0.27502   0.04255   5.60000  6
  -0.12461  -0.58427  -0.04807   0.13172   5.60000  7
  -0.06166  -0.70944   0.08433   0.03129   5.60000  8
  -0.43381  -0.68355   0.08034   0.12368   5.60000  9
  -0.43300  -0.74314   0.26752   0.00454   5.60000 10
   0.10358  -0.10340   0.04540   0.15375   5.70000  1
  -0.32233  -0.04286   0.13247   0.10474   5.70000  2
  -0.22482  -0.19905   0.01580  -0.05821   5.70000  3
  -0.42564  -0.76890  -0.18961  -0.65390   5.70000  4
  -0.08196  -0.60881  -0.16901   0.02491   5.70000  5
  -0.71234  -0.85541  -0.20422   0.08010   5.70000  6
  -0.13048  -0.57282  -0.06906   0.09626   5.70000  7
  -0.05690  -0.70262   0.00988   0.10415   5.70000  8
  -0.42325  -0.67254   0.13029   0.09299   5.70000  9
  -0.40454  -0.73996   0.29806   0.05520   5.70000 10
   0.10586  -0.08977   0.00028   0.11884   5.80000  1
  -0.30758  -0.03553   0.16219   0.04187   5.80000  2
  -0.22315  -0.20642   0.01794  -0.08928   5.80000  3
  -0.44255  -0.83042  -0.14801  -0.57381   5.80000  4
  -0.10198  -0.60660  -0.23009   0.01967   5.80000  5
  -0.72927  -0.84586  -0.13471   0.10939   5.80000  6
  -0.13842  -0.56517  -0.09014   0.05598   5.80000  7
  -0.05991  -0.68878  -0.07138   0.17179   5.80000  8
  -0.40772  -0.66511   0.18118   0.05668   5.80000  9
  -0.37395  -0.73271   0.31274   0.08887   5.80000 10
   0.10364  -0.07964  -0.04473   0.08386   5.90000  1
  -0.28997  -0.03453   0.18956  -0.02215   5.90000  2
  -0.22116  -0.21696   0.02218  -0.12194   5.90000  3
  -0.45538  -0.88358  -0.10980  -0.48994   5.90000  4
  -0.12771  -0.60480  -0.28324   0.01670   5.90000  5
  -0.73934  -0.83378  -0.06702   0.13112   5.90000  6
  -0.14861  -0.56176  -0.11450   0.01173   5.90000  7
  -0.07147  -0.66847  -0.16147   0.23322   5.90000  8
  -0.38674  -0.66085   0.24021   0.03072   5.90000  9
  -0.34193  -0.72202   0.32882   0.12668   5.90000 10
   0.09689  -0.07303  -0.09052   0.04807   6.00000  1
  -0.26974  -0.04003   0.21477  -0.08820   6.00000  2
  -0.21866  -0.23092   0.02816  -0.15793   6.00000  3
  -0.46475  -0.92860  -0.07862  -0.41142   6.00000  4
  -0.15838  -0.60321  -0.32884   0.01512   6.00000  5
  -0.74276  -0.81984  -0.00171   0.14689   6.00000  6
  -0.16152  -0.56293  -0.14492  -0.03563   6.00000  7
  -0.09256  -0.64245  -0.26233   0.28514   6.00000  8
  -0.35929  -0.65845   0.31097   0.02014   6.00000  9
  -0.30791  -0.70693   0.35304   0.17782   6.00000 10
   0.08548  -0.07008  -0.13800   0.01056   6.10000  1
  -0.24709  -0.05227   0.23791  -0.15714   6.10000  2
  -0.21549  -0.24872   0.03528  -0.19926   6.10000  3
  -0.47128  -0.96605  -0.05280  -0.33842   6.10000  4
  -0.19319  -0.60182  -0.36534   0.01229   6.10000  5
  -0.73976  -0.80454   0.06134   0.15875   6.10000  6
  -0.17787  -0.56890  -0.18339  -0.08342   6.10000  7
  -0.12428  -0.61201  -0.37321   0.31955   6.10000  8
  -0.32411  -0.65611   0.39462   0.03100   6.10000  9
  -0.27109  -0.68589   0.38358   0.24609   6.10000 10
   0.06920  -0.07101  -0.18814  -0.02989   6.20000  1
  -0.22223  -0.07158   0.25880  -0.22970   6.20000  2
  -0.21160  -0.27103   0.04243  -0.24842   6.20000  3
  -0.47544  -0.99644  -0.03080  -0.27002   6.20000  4
  -0.23072  -0.60086  -0.37852   0.00692   6.20000  5
  -0.73054  -0.78815   0.12300   0.16874   6.20000  6
  -0.19844  -0.57938  -0.22835  -0.12375   6.20000  7
  -0.16717  -0.57965  -0.48162   0.32051   6.20000  8
  -0.28020  -0.65117   0.48139   0.07445   6.20000  9
  -0.23155  -0.65712   0.40181   0.33117   6.20000 10
   0.04773  -0.07621  -0.24181  -0.07510   6.30000  1
  -0.19542  -0.09834   0.27685  -0.30621   6.30000  2
  -0.20708  -0.29876   0.04745  -0.30817   6.30000  3
  -0.47754  -1.02017  -0.01181  -0.20521   6.30000  4
  -0.26696  -0.60007  -0.33597   0.01290   6.30000  5
  -0.71516  -0.77079   0.18479   0.17873   6.30000  6
  -0.22317  -0.59280  -0.26132  -0.13778   6.30000  7
  -0.21909  -0.54950  -0.54389   0.27596   6.30000  8
  -0.22930  -0.63988   0.52309   0.15606   6.30000  9
  -0.19271  -0.61986   0.36263   0.40883   6.30000 10
   0.02071  -0.08629  -0.29923  -0.12816   6.40000  1
  -0.16700  -0.13292   0.29062  -0.38578   6.40000  2
  -0.20229  -0.33308   0.04701  -0.38009   6.40000  3
  -0.47788  -1.03756   0.00470  -0.14292   6.40000  4
  -0.29650  -0.59735  -0.25237   0.04528   6.40000  5
  -0.69351  -0.75235   0.24878   0.19056   6.40000  6
  -0.24932  -0.60522  -0.25594  -0.10213   6.40000  7
  -0.27299  -0.52497  -0.52177   0.21560   6.40000  8
  -0.17883  -0.61977   0.47329   0.24390   6.40000  9
  -0.16108  -0.57688   0.26490   0.44376   6.40000 10
  -0.01218  -0.10228  -0.35841  -0.19429   6.50000  1
  -0.13755  -0.17551   0.29656  -0.46564   6.50000  2
  -0.19794  -0.37512   0.03899  -0.46188   6.50000  3
  -0.47667  -1.04881   0.01934  -0.08215   6.50000  4
  -0.31757  -0.59052  -0.17100   0.09270   6.50000  5
  -0.66525  -0.73255   0.31742   0.20613   6.50000  6
  -0.27382  -0.61195  -0.23350  -0.02851   6.50000  7
  -0.32179  -0.50595  -0.44918   0.16646   6.50000  8
  -0.13611  -0.59167   0.37793   0.31640   6.50000  9
  -0.13982  -0.53204   0.16185   0.45079   6.50000 10
  -0.05079  -0.12581  -0.41172  -0.28008   6.60000  1
  -0.10824  -0.22595   0.28561  -0.54267   6.60000  2
  -0.19462  -0.42542   0.02742  -0.54148   6.60000  3
  -0.47405  -1.05401   0.03288  -0.02203   6.60000  4
  -0.33114  -0.57873  -0.10252   0.14283   6.60000  5
  -0.62978  -0.71092   0.39334   0.22774   6.60000  6
  -0.29612  -0.61047  -0.21286   0.05929   6.60000  7
  -0.36213  -0.49158  -0.35524   0.12054   6.60000  8
  -0.10352  -0.55662   0.27278   0.38430   6.60000  9
  -0.12830  -0.48688   0.07032   0.45157   6.60000 10
  -0.09393  -0.15902  -0.44788  -0.38723   6.70000  1
  -0.08147  -0.28406   0.24374  -0.62052   6.70000  2
  -0.19240  -0.48207   0.01579  -0.58041   6.70000  3
  -0.47010  -1.05321   0.04619   0.03817   6.70000  4
  -0.33839  -0.56212  -0.04361   0.18790   6.70000  5
  -0.58624  -0.68670   0.47946   0.25865   6.70000  6
  -0.31636  -0.60000  -0.19113   0.14982   6.70000  7
  -0.39253  -0.48204  -0.25159   0.06908   6.70000  8
  -0.08186  -0.51493   0.15877   0.44773   6.70000  9
  -0.12542  -0.44225  -0.00975   0.43681   6.70000 10
  -0.13975  -0.20382  -0.46579  -0.51155   6.80000  1
  -0.06083  -0.35025   0.16202  -0.70206   6.80000  2
  -0.19214  -0.53894  -0.01532  -0.54577   6.80000  3
  -0.46479  -1.04635   0.06031   0.09917   6.80000  4
  -0.34009  -0.54162   0.00828   0.21906   6.80000  5
  -0.53345  -0.65872   0.57868   0.30370   6.80000  6
  -0.33408  -0.58075  -0.16189   0.23274   6.80000  7
  -0.41231  -0.47796  -0.14340   0.01180   6.80000  8
  -0.07194  -0.46769   0.04000   0.49360   6.80000  9
  -0.12931  -0.40028  -0.06290   0.39932   6.80000 10
  -0.18661  -0.26187  -0.46861  -0.65135   6.90000  1
  -0.05039  -0.42325   0.04219  -0.74601   6.90000  2
  -0.19638  -0.58952  -0.07241  -0.45989   6.90000  3
  -0.45797  -1.03333   0.07639   0.16169   6.90000  4
  -0.33707  -0.51899   0.05023   0.23012   6.90000  5
  -0.47003  -0.62526   0.69150   0.36964   6.90000  6
  -0.34846  -0.55413  -0.12431   0.29546   6.90000  7
  -0.42100  -0.47972  -0.02879  -0.04658   6.90000  8
  -0.07354  -0.41708  -0.07066   0.51070   6.90000  9
  -0.13725  -0.36324  -0.09552   0.33620   6.90000 10
  -0.23281  -0.33404  -0.45352  -0.78855   7.00000  1
  -0.05283  -0.49690  -0.09158  -0.71959   7.00000  2
  -0.20686  -0.63009  -0.13721  -0.34803   7.00000  3
  -0.44940  -1.01393   0.09564   0.22669   7.00000  4
  -0.33040  -0.49618   0.08209   0.22360   7.00000  5
  -0.39509  -0.58395   0.80455   0.45988   7.00000  6
  -0.35859  -0.52257  -0.07477   0.33110   7.00000  7
  -0.41757  -0.48699   0.10106  -0.09570   7.00000  8
  -0.08615  -0.36767  -0.18313   0.46830   7.00000  9
  -0.14900  -0.33405  -0.14312   0.24230   7.00000 10
  -0.27763  -0.41862  -0.44728  -0.89877   7.10000  1
  -0.06879  -0.56656  -0.22860  -0.67144   7.10000  2
  -0.22352  -0.65846  -0.19280  -0.21608   7.10000  3
  -0.43870  -0.98785   0.11914   0.29581   7.10000  4
  -0.32055  -0.47464   0.11700   0.20539   7.10000  5
  -0.31068  -0.53319   0.87047   0.55141   7.10000  6
  -0.36217  -0.48878   0.01133   0.34058   7.10000  7
  -0.39997  -0.49775   0.25419  -0.11168   7.10000  8
  -0.11038  -0.32476  -0.30075   0.38435   7.10000  9
  -0.16628  -0.31576  -0.20269   0.12044   7.10000 10
  -0.32189  -0.51140  -0.42718  -0.93350   7.20000  1
  -0.09861  -0.63054  -0.36644  -0.60375   7.20000  2
  -0.24450  -0.67286  -0.22232  -0.07164   7.20000  3
  -0.42539  -0.95453   0.14812   0.37228   7.20000  4
  -0.30672  -0.45587   0.15874   0.16523   7.20000  5
  -0.22460  -0.47562   0.83263   0.58597   7.20000  6
  -0.35505  -0.45573   0.13258   0.31135   7.20000  7
  -0.36666  -0.50783   0.40765  -0.08572   7.20000  8
  -0.14584  -0.29178  -0.40510   0.27055   7.20000  9
  -0.18941  -0.31024  -0.25869  -0.01075   7.20000 10
  -0.36068  -0.60138  -0.34114  -0.86018   7.30000  1
  -0.14145  -0.68648  -0.48658  -0.51224   7.30000  2
  -0.26741  -0.67319  -0.23447   0.06116   7.30000  3
  -0.40884  -0.91297   0.18431   0.46179   7.30000  4
  -0.28918  -0.44200   0.19044   0.11405   7.30000  5
  -0.14664  -0.41788   0.71862   0.56581   7.30000  6
  -0.33610  -0.42792   0.24367   0.24309   7.30000  7
  -0.32036  -0.51497   0.50632  -0.05865   7.30000  8
  -0.19045  -0.27162  -0.48048   0.12831   7.30000  9
  -0.21757  -0.31798  -0.30069  -0.14314   7.30000 10
  -0.38949  -0.68370  -0.23485  -0.78879   7.40000  1
  -0.19523  -0.73259  -0.58551  -0.40843   7.40000  2
  -0.29116  -0.66180  -0.23843   0.15915   7.40000  3
  -0.38823  -0.86146   0.22944   0.57240   7.40000  4
  -0.26899  -0.43238   0.21073   0.08152   7.40000  5
  -0.08200  -0.36304   0.57263   0.52682   7.40000  6
  -0.30683  -0.40681   0.33809   0.18145   7.40000  7
  -0.26773  -0.51949   0.53502  -0.03001   7.40000  8
  -0.24036  -0.26669  -0.50969  -0.03097   7.40000  9
  -0.24868  -0.33843  -0.31743  -0.26313   7.40000 10
  -0.40785  -0.75939  -0.13283  -0.72292   7.50000  1
  -0.25783  -0.76803  -0.66278  -0.30027   7.50000  2
  -0.31445  -0.64294  -0.22359   0.21153   7.50000  3
  -0.36278  -0.79775   0.27857   0.70161   7.50000  4
  -0.24782  -0.42527   0.20777   0.06122   7.50000  5
  -0.03170  -0.31325   0.43736   0.46662   7.50000  6
  -0.26977  -0.39133   0.39311   0.12746   7.50000  7
  -0.21562  -0.52059   0.49657   0.00957   7.50000  8
  -0.29083  -0.27789  -0.49172  -0.19220   7.50000  9
  -0.28004  -0.36995  -0.30246  -0.36262   7.50000 10
  -0.41619  -0.82700  -0.03742  -0.62298   7.60000  1
  -0.32671  -0.79245  -0.70572  -0.18668   7.60000  2
  -0.33513  -0.62030  -0.18656   0.23969   7.60000  3
  -0.33315  -0.72262   0.30880   0.79197   7.60000  4
  -0.22843  -0.42040   0.17618   0.03353   7.60000  5
   0.00633  -0.26994   0.32693   0.39918   7.60000  6
  -0.23056  -0.38196   0.38115   0.05566   7.60000  7
  -0.17019  -0.51735   0.40538   0.05550   7.60000  8
  -0.33711  -0.30466  -0.42713  -0.33950   7.60000  9
  -0.30754  -0.40971  -0.24161  -0.42636   7.60000 10
  -0.41655  -0.88350   0.02330  -0.50706   7.70000  1
  -0.39689  -0.80571  -0.68963  -0.08390   7.70000  2
  -0.35106  -0.59483  -0.12825   0.27282   7.70000  3
  -0.30205  -0.63986   0.31000   0.86599   7.70000  4
  -0.21303  -0.41919   0.13087  -0.01259   7.70000  5
   0.03435  -0.23344   0.23624   0.33076   7.70000  6
  -0.19483  -0.38088   0.32982  -0.03607   7.70000  7
  -0.13541  -0.50959   0.28737   0.09899   7.70000  8
  -0.37532  -0.34498  -0.33413  -0.46373   7.70000  9
  -0.32789  -0.45439  -0.16560  -0.46521   7.70000 10
  -0.41283  -0.92865   0.04611  -0.39809   7.80000  1
  -0.46345  -0.81034  -0.63769  -0.01243   7.80000  2
  -0.36012  -0.56487  -0.05086   0.32989   7.80000  3
  -0.27160  -0.54891   0.29689   0.95072   7.80000  4
  -0.20223  -0.42345   0.08555  -0.07445   7.80000  5
   0.05403  -0.20378   0.15917   0.26264   7.80000  6
  -0.16506  -0.38934   0.26344  -0.13306   7.80000  7
  -0.11313  -0.49770   0.15676   0.13832   7.80000  8
  -0.40348  -0.39692  -0.22631  -0.57273   7.80000  9
  -0.34082  -0.50243  -0.09305  -0.49080   7.80000 10
  -0.40793  -0.96364   0.05027  -0.30404   7.90000  1
  -0.52398  -0.80864  -0.57165   0.04504   7.90000  2
  -0.36113  -0.52884   0.02969   0.38579   7.90000  3
  -0.24276  -0.45184   0.28331   0.97327   7.90000  4
  -0.19587  -0.43415   0.04231  -0.13650   7.90000  5
   0.06647  -0.18090   0.09089   0.19503   7.90000  6
  -0.14266  -0.40725   0.18148  -0.22150   7.90000  7
  -0.10425  -0.48192   0.02069   0.17735   7.90000  8
  -0.41992  -0.45878  -0.09974  -0.65771   7.90000  9
  -0.34667  -0.55043  -0.02724  -0.45673   7.90000 10
  -0.40293  -0.98987   0.04962  -0.22211   8.00000  1
  -0.57764  -0.80155  -0.50094   0.09568   8.00000  2
  -0.35453  -0.48949   0.10142   0.39077   8.00000  3
  -0.21401  -0.35809   0.29321   0.88626   8.00000  4
  -0.19343  -0.44938   0.00933  -0.16047   8.00000  5
   0.07235  -0.16474   0.02703   0.12833   8.00000  6
  -0.12926  -0.43229   0.08573  -0.27003   8.00000  7
  -0.10876  -0.46235  -0.10827   0.21206   8.00000  8
  -0.42332  -0.52653   0.02927  -0.68681   8.00000  9
  -0.34716  -0.59211   0.01360  -0.37369   8.00000 10
  -0.39801  -1.00828   0.04884  -0.14690   8.10000  1
  -0.62406  -0.78975  -0.42697   0.13879   8.10000  2
  -0.34063  -0.45225   0.17856   0.34961   8.10000  3
  -0.18435  -0.27589   0.29816   0.75790   8.10000  4
  -0.19352  -0.46536  -0.00981  -0.15677   8.10000  5
   0.07189  -0.15518  -0.03660   0.06329   8.10000  6
  -0.12542  -0.45962  -0.00852  -0.27040   8.10000  7
  -0.12513  -0.44038  -0.21439   0.22133   8.10000  8
  -0.41495  -0.59454   0.13314  -0.66815   8.10000  9
  -0.34450  -0.62515   0.03758  -0.28871   8.10000 10
