  -0.29089  -0.29823   0.01482   0.05480   0.10000  1
  -0.30221  -0.10293   0.02922  -0.03197   0.10000  2
  -0.11174  -1.55262   0.03909  -0.01526   0.10000  3
   0.06395  -1.63875  -0.03942   0.02218   0.10000  4
   0.37761   0.08223  -0.05009   0.04994   0.10000  5
   0.19112   0.13831   0.04716   0.00766   0.10000  6
   0.12008   2.05814   0.01309  -0.04366   0.10000  7
   0.17761   1.87107  -0.01238   0.03826   0.10000  8
   0.52850   0.55067  -0.04901  -0.05800   0.10000  9
   0.38844   0.41243   0.00752  -0.02395   0.10000 10
  -0.28865  -0.28997   0.03007   0.11082   0.20000  1
  -0.29784  -0.10776   0.05827  -0.06482   0.20000  2
  -0.10584  -1.55492   0.07911  -0.03103   0.20000  3
   0.05800  -1.63540  -0.07976   0.04486   0.20000  4
   0.37007   0.08976  -0.10084   0.10094   0.20000  5
   0.19826   0.13949   0.09614   0.01619   0.20000  6
   0.12205   2.05156   0.02648  -0.08833   0.20000  7
   0.17574   1.87685  -0.02508   0.07756   0.20000  8
   0.52112   0.54190  -0.09895  -0.11787   0.20000  9
   0.38955   0.40882   0.01456  -0.04832   0.20000 10
  -0.28485  -0.27599   0.04626   0.16914   0.30000  1
  -0.29057  -0.11594   0.08690  -0.09926   0.30000  2
  -0.09586  -1.55885   0.12086  -0.04777   0.30000  3
   0.04794  -1.62974  -0.12182   0.06847   0.30000  4
   0.35741   0.10248  -0.15247   0.15384   0.30000  5
   0.21046   0.14162   0.14860   0.02687   0.30000  6
   0.12539   2.04042   0.04042  -0.13489   0.30000  7
   0.17258   1.88665  -0.03835   0.11881   0.30000  8
   0.50865   0.52697  -0.15074  -0.18166   0.30000  9
   0.39131   0.40274   0.02034  -0.07355   0.30000 10
  -0.27935  -0.25605   0.06420   0.23017   0.40000  1
  -0.28049  -0.12766   0.11456  -0.13531   0.40000  2
  -0.08160  -1.56452   0.16453  -0.06566   0.40000  3
   0.03357  -1.62167  -0.16578   0.09317   0.40000  4
   0.33959   0.12060  -0.20352   0.20877   0.40000  5
   0.22812   0.14501   0.20512   0.04208   0.40000  6
   0.13016   2.02450   0.05497  -0.18362   0.40000  7
   0.16805   1.90069  -0.05227   0.16230   0.40000  8
   0.49088   0.50536  -0.20516  -0.25174   0.40000  9
   0.39353   0.39407   0.02336  -0.10017   0.40000 10
  -0.27191  -0.22993   0.08523   0.29168   0.50000  1
  -0.26773  -0.14298   0.14012  -0.17025   0.50000  2
  -0.06295  -1.57200   0.20792  -0.08374   0.50000  3
   0.01478  -1.61110  -0.20944   0.11799   0.50000  4
   0.31695   0.14424  -0.24684   0.26345   0.50000  5
   0.25151   0.15035   0.26166   0.06703   0.50000  6
   0.13638   2.00368   0.06944  -0.23236   0.50000  7
   0.16212   1.91913  -0.06616   0.20591   0.50000  8
   0.46752   0.47632  -0.26248  -0.33070   0.50000  9
   0.39579   0.38263   0.02054  -0.12900   0.50000 10
  -0.26212  -0.19802   0.11151   0.34343   0.60000  1
  -0.25260  -0.16134   0.16164  -0.19336   0.60000  2
  -0.04032  -1.58113   0.24160  -0.09751   0.60000  3
  -0.00801  -1.59821  -0.24335   0.13844   0.60000  4
   0.29116   0.17306  -0.26157   0.31124   0.60000  5
   0.27992   0.15907   0.30195   0.11172   0.60000  6
   0.14395   1.97833   0.08084  -0.27156   0.60000  7
   0.15491   1.94158  -0.07704   0.24006   0.60000  8
   0.43833   0.43885  -0.32132  -0.42056   0.60000  9
   0.39724   0.36813   0.00575  -0.16190   0.60000 10
  -0.24938  -0.16226   0.14430   0.36538   0.70000  1
  -0.23558  -0.18055   0.17805  -0.18402   0.70000  2
  -0.01559  -1.59104   0.24699  -0.09782   0.70000  3
  -0.03292  -1.58387  -0.24893   0.14539   0.70000  4
   0.26645   0.20608  -0.22345   0.34741   0.70000  5
   0.31068   0.17364   0.30734   0.18421   0.70000  6
   0.15224   1.95036   0.08316  -0.28169   0.70000  7
   0.14702   1.96615  -0.07890   0.24522   0.70000  8
   0.40336   0.39188  -0.37696  -0.52004   0.70000  9
   0.39619   0.34995  -0.03161  -0.20404   0.70000 10
  -0.23313  -0.12613   0.18113   0.35303   0.80000  1
  -0.21706  -0.19685   0.19235  -0.13715   0.80000  2
   0.00795  -1.60014   0.21959  -0.08209   0.80000  3
  -0.05666  -1.56968  -0.22165   0.13626   0.80000  4
   0.24810   0.24226  -0.13678   0.37440   0.80000  5
   0.34049   0.19675   0.28509   0.28138   0.80000  6
   0.16021   1.92321   0.07465  -0.25672   0.80000  7
   0.13951   1.98941  -0.06999   0.21534   0.80000  8
   0.36329   0.33481  -0.42211  -0.61978   0.80000  9
   0.38979   0.32670  -0.10228  -0.26468   0.80000 10
  -0.21311  -0.09213   0.21957   0.32617   0.90000  1
  -0.19705  -0.20738   0.20828  -0.07182   0.90000  2
   0.02784  -1.60721   0.17721  -0.05880   0.90000  3
  -0.07677  -1.55686  -0.17933   0.11956   0.90000  4
   0.24018   0.28010  -0.01861   0.37352   0.90000  5
   0.36667   0.23011   0.22981   0.38043   0.90000  6
   0.16701   1.89956   0.06101  -0.21504   0.90000  7
   0.13319   2.00868  -0.05601   0.16876   0.90000  8
   0.31971   0.26903  -0.44222  -0.68236   0.90000  9
   0.37479   0.29644  -0.19970  -0.34044   0.90000 10
  -0.18913  -0.06087   0.26058   0.29949   1.00000  1
  -0.17530  -0.21107   0.22745  -0.00174   1.00000  2
   0.04333  -1.61187   0.13282  -0.03430   1.00000  3
  -0.09247  -1.54580  -0.13492   0.10169   1.00000  4
   0.24405   0.31450   0.09026   0.30330   1.00000  5
   0.38444   0.27004   0.11870   0.40121   1.00000  6
   0.17239   1.88027   0.04661  -0.17086   1.00000  7
   0.12832   2.02309  -0.04132   0.11966   1.00000  8
   0.27668   0.20240  -0.41192  -0.63350   1.00000  9
   0.35016   0.25965  -0.28827  -0.38495   1.00000 10
  -0.16081  -0.03206   0.30713   0.27759   1.10000  1
  -0.15141  -0.20768   0.25110   0.06980   1.10000  2
   0.05447  -1.61410   0.09020  -0.01049   1.10000  3
  -0.10381  -1.53650  -0.09219   0.08457   1.10000  4
   0.25685   0.33946   0.15952   0.19360   1.10000  5
   0.38997   0.30785  -0.00696   0.34877   1.10000  6
   0.17635   1.86532   0.03278  -0.12852   1.10000  7
   0.12490   2.03267  -0.02723   0.07231   1.10000  8
   0.23772   0.14370  -0.36836  -0.54055   1.10000  9
   0.31823   0.22168  -0.34599  -0.36709   1.10000 10
  -0.12739  -0.00518   0.36312   0.26082   1.20000  1
  -0.12487  -0.19702   0.28094   0.14401   1.20000  2
   0.06144  -1.61399   0.04961   0.01249   1.20000  3
  -0.11097  -1.52886  -0.05138   0.06836   1.20000  4
   0.27491   0.35326   0.19718   0.08435   1.20000  5
   0.38348   0.33939  -0.12034   0.28192   1.20000  6
   0.17897   1.85449   0.01962  -0.08835   1.20000  7
   0.12285   2.03763  -0.01382   0.02706   1.20000  8
   0.20251   0.09388  -0.33908  -0.45837   1.20000  9
   0.28155   0.18675  -0.38585  -0.33230   1.20000 10
  -0.08771   0.02022   0.43348   0.24757   1.30000  1
  -0.09493  -0.17869   0.31958   0.22403   1.30000  2
   0.06443  -1.61162   0.01032   0.03501   1.30000  3
  -0.11413  -1.52281  -0.01178   0.05269   1.30000  4
   0.29554   0.35693   0.21171  -0.00704   1.30000  5
   0.36638   0.36423  -0.21890   0.21420   1.30000  6
   0.18029   1.84760   0.00691  -0.04963   1.30000  7
   0.12212   2.03813  -0.00087  -0.01685   1.30000  8
   0.16920   0.05159  -0.33085  -0.38892   1.30000  9
   0.24127   0.15474  -0.41960  -0.31106   1.30000 10
  -0.04004   0.04430   0.52343   0.23308   1.40000  1
  -0.06053  -0.15187   0.37117   0.31464   1.40000  2
   0.06352  -1.60699  -0.02858   0.05754   1.40000  3
  -0.11334  -1.51832   0.02752   0.03709   1.40000  4
   0.31636   0.35275   0.19926  -0.07197   1.40000  5
   0.34045   0.38195  -0.29480   0.13828   1.40000  6
   0.18035   1.84455  -0.00565  -0.01134   1.40000  7
   0.12268   2.03427   0.01191  -0.06040   1.40000  8
   0.13553   0.01589  -0.34646  -0.32513   1.40000  9
   0.19748   0.12379  -0.45781  -0.31180   1.40000 10
   0.01757   0.06639   0.62903   0.20479   1.50000  1
  -0.02007  -0.11517   0.44159   0.42294   1.50000  2
   0.05870  -1.60009  -0.06801   0.08057   1.50000  3
  -0.10860  -1.51541   0.06743   0.02104   1.50000  4
   0.33411   0.34339   0.14925  -0.11195   1.50000  5
   0.30862   0.39143  -0.33581   0.04924   1.50000  6
   0.17915   1.84535  -0.01835   0.02756   1.50000  7
   0.12451   2.02603   0.02482  -0.10460   1.50000  8
   0.09929  -0.01320  -0.37917  -0.25426   1.50000  9
   0.14920   0.09161  -0.51078  -0.33532   1.50000 10
   0.08465   0.08418   0.69758   0.14541   1.60000  1
   0.02840  -0.06650   0.52720   0.55263   1.60000  2
   0.04987  -1.59084  -0.10883   0.10459   1.60000  3
  -0.09980  -1.51414   0.10880   0.00403   1.60000  4
   0.34516   0.33070   0.06792  -0.14165   1.60000  5
   0.27426   0.39153  -0.34800  -0.04804   1.60000  6
   0.17667   1.85012  -0.03146   0.06807   1.60000  7
   0.12765   2.01329   0.03811  -0.15042   1.60000  8
   0.06045  -0.03432  -0.38839  -0.16485   1.60000  9
   0.09517   0.05632  -0.56292  -0.36977   1.60000 10
   0.15312   0.09513   0.65824   0.07811   1.70000  1
   0.08364  -0.00529   0.56199   0.66063   1.70000  2
   0.03687  -1.57913  -0.15150   0.12995   1.70000  3
  -0.08678  -1.51465   0.15204  -0.01429   1.70000  4
   0.34717   0.31491  -0.02948  -0.17567   1.70000  5
   0.23948   0.38162  -0.34570  -0.15154   1.70000  6
   0.17284   1.85904  -0.04513   0.11083   1.70000  7
   0.13215   1.99587   0.05193  -0.19849   1.70000  8
   0.02425  -0.04534  -0.32398  -0.05185   1.70000  9
   0.03972   0.01817  -0.52840  -0.38769   1.70000 10
   0.21522   0.10150   0.58141   0.05922   1.80000  1
   0.13867   0.06297   0.53954   0.69716   1.80000  2
   0.01954  -1.56482  -0.19487   0.15627   1.80000  3
  -0.06937  -1.51704   0.19597  -0.03354   1.80000  4
   0.33898   0.29509  -0.13566  -0.22375   1.80000  5
   0.20548   0.36090  -0.33233  -0.26485   1.80000  6
   0.16763   1.87234  -0.05903   0.15507   1.80000  7
   0.13805   1.97354   0.06596  -0.24797   1.80000  8
  -0.00348  -0.04478  -0.23239   0.05816   1.80000  9
  -0.00825  -0.01938  -0.42860  -0.35577   1.80000 10
   0.26906   0.10901   0.49379   0.10047   1.90000  1
   0.19274   0.13378   0.54637   0.71906   1.90000  2
  -0.00193  -1.54793  -0.23240   0.18054   1.90000  3
  -0.04776  -1.52129   0.23404  -0.05071   1.90000  4
   0.31980   0.26943  -0.24878  -0.29355   1.90000  5
   0.17358   0.32822  -0.30148  -0.39073   1.90000  6
   0.16109   1.88993  -0.07127   0.19492   1.90000  7
   0.14529   1.94640   0.07831  -0.29302   1.90000  8
  -0.02301  -0.03506  -0.16206   0.12932   1.90000  9
  -0.04640  -0.05215  -0.33651  -0.29630   1.90000 10
   0.31362   0.12315   0.39463   0.18694   2.00000  1
   0.24803   0.20662   0.55369   0.73093   2.00000  2
  -0.02619  -1.52906  -0.24745   0.19440   2.00000  3
  -0.02331  -1.52683   0.24959  -0.05740   2.00000  4
   0.28924   0.23571  -0.35852  -0.37975   2.00000  5
   0.14637   0.28264  -0.23516  -0.51733   2.00000  6
   0.15360   1.91063  -0.07677   0.21377   2.00000  7
   0.15348   1.91563   0.08391  -0.31703   2.00000  8
  -0.03651  -0.02013  -0.10973   0.16486   2.00000  9
  -0.07587  -0.07805  -0.25419  -0.21939   2.00000 10
   0.34723   0.14636   0.27406   0.27231   2.10000  1
   0.30116   0.27665   0.49882   0.65265   2.10000  2
  -0.05022  -1.50965  -0.22806   0.19095   2.10000  3
   0.00096  -1.53217   0.23067  -0.04670   2.10000  4
   0.25030   0.19547  -0.40744  -0.41176   2.10000  5
   0.12775   0.22636  -0.13620  -0.59930   2.10000  6
   0.14612   1.93141  -0.07114   0.19613   2.10000  7
   0.16169   1.88426   0.07839  -0.30455   2.10000  8
  -0.04508  -0.00263  -0.06117   0.18383   2.10000  9
  -0.09744  -0.09573  -0.17791  -0.13354   2.10000 10
   0.36817   0.17619   0.14652   0.31741   2.20000  1
   0.34732   0.33583   0.42667   0.53178   2.20000  2
  -0.07111  -1.49124  -0.18798   0.17637   2.20000  3
   0.02213  -1.53579   0.19103  -0.02470   2.20000  4
   0.20894   0.15486  -0.42058  -0.39867   2.20000  5
   0.11845   0.16407  -0.05552  -0.64195   2.20000  6
   0.13962   1.94902  -0.05823   0.15357   2.20000  7
   0.16892   1.85556   0.06561  -0.26724   2.20000  8
  -0.04844   0.01652  -0.00375   0.19873   2.20000  9
  -0.11152  -0.10468  -0.10377  -0.04529   2.20000 10
   0.37729   0.20878   0.04067   0.33106   2.30000  1
   0.38705   0.38361   0.36991   0.42696   2.30000  2
  -0.08768  -1.47447  -0.14332   0.15886   2.30000  3
   0.03903  -1.53701   0.14680   0.00042   2.30000  4
   0.16554   0.11546  -0.45050  -0.39265   2.30000  5
   0.11526   0.09886  -0.01660  -0.65686   2.30000  6
   0.13453   1.96192  -0.04357   0.10435   2.30000  7
   0.17476   1.83102   0.05115  -0.22339   2.30000  8
  -0.04521   0.03695   0.07199   0.20813   2.30000  9
  -0.11809  -0.10479  -0.02654   0.04312   2.30000 10
   0.37729   0.24195  -0.03599   0.33097   2.40000  1
   0.42156   0.42178   0.32095   0.33893   2.40000  2
  -0.09983  -1.45945  -0.09993   0.14168   2.40000  3
   0.05154  -1.53571   0.10385   0.02550   2.40000  4
   0.11849   0.07557  -0.49084  -0.40829   2.40000  5
   0.11325   0.03405  -0.03291  -0.63186   2.40000  6
   0.13089   1.96992  -0.02933   0.05589   2.40000  7
   0.17917   1.81084   0.03717  -0.18047   2.40000  8
  -0.03337   0.05746   0.16697   0.19690   2.40000  9
  -0.11652  -0.09608   0.06006   0.13077   2.40000 10
   0.37093   0.27483  -0.08763   0.32607   2.50000  1
   0.45128   0.45183   0.27352   0.26399   2.50000  2
  -0.10774  -1.44610  -0.05865   0.12544   2.50000  3
   0.05987  -1.53193   0.06305   0.04996   2.50000  4
   0.06751   0.03355  -0.52665  -0.43048   2.50000  5
   0.10707  -0.02611  -0.09654  -0.56585   2.50000  6
   0.12863   1.97317  -0.01586   0.00954   2.50000  7
   0.18222   1.79484   0.02403  -0.13988   2.50000  8
  -0.01178   0.07498   0.26155   0.14556   2.50000  9
  -0.10553  -0.07872   0.16318   0.21566   2.50000 10
   0.36037   0.30708  -0.12102   0.31837   2.60000  1
   0.47621   0.47493   0.22476   0.19970   2.60000  2
  -0.11161  -1.43434  -0.01892   0.10997   2.60000  3
   0.06421  -1.52573   0.02383   0.07406   2.60000  4
   0.01408  -0.00972  -0.53521  -0.43047   2.60000  5
   0.09326  -0.07830  -0.18098  -0.47473   2.60000  6
   0.12770   1.97188  -0.00298  -0.03518   2.60000  7
   0.18400   1.78280   0.01155  -0.10115   2.60000  8
   0.01740   0.08500   0.31152   0.04939   2.60000  9
  -0.08315  -0.05327   0.28744   0.29004   2.60000 10
   0.34715   0.33836  -0.14168   0.30641   2.70000  1
   0.49616   0.49206   0.17384   0.14435   2.70000  2
  -0.11155  -1.42410   0.02013   0.09485   2.70000  3
   0.06466  -1.51712  -0.01469   0.09829   2.70000  4
  -0.03793  -0.05165  -0.49472  -0.40218   2.70000  5
   0.07097  -0.12051  -0.26248  -0.36693   2.70000  6
   0.12803   1.96616   0.00958  -0.07920   2.70000  7
   0.18454   1.77458  -0.00053  -0.06335   2.70000  8
   0.04849   0.08459   0.30273  -0.05567   2.70000  9
  -0.04806  -0.02205   0.40783   0.32343   2.70000 10
   0.33235   0.36815  -0.15289   0.28834   2.80000  1
   0.51092   0.50405   0.12098   0.09653   2.80000  2
  -0.10757  -1.41537   0.05940   0.07957   2.80000  3
   0.06126  -1.50605  -0.05345   0.12318   2.80000  4
  -0.08271  -0.08911  -0.39422  -0.34595   2.80000  5
   0.04159  -0.15129  -0.32006  -0.24797   2.80000  6
   0.12961   1.95603   0.02213  -0.12357   2.80000  7
   0.18389   1.77014  -0.01253  -0.02544   2.80000  8
   0.07695   0.07453   0.26296  -0.14177   2.80000  9
  -0.00381   0.00926   0.46769   0.29708   2.80000 10
   0.31683   0.39580  -0.15628   0.26350   2.90000  1
   0.52031   0.51157   0.06673   0.05483   2.90000  2
  -0.09963  -1.40821   0.09972   0.06360   2.90000  3
   0.05393  -1.49244  -0.09332   0.14930   2.90000  4
  -0.11645  -0.12124  -0.28137  -0.29919   2.90000  5
   0.00797  -0.17031  -0.34807  -0.13496   2.90000  6
   0.13246   1.94140   0.03491  -0.16929   2.90000  7
   0.18203   1.76953  -0.02470   0.01359   2.90000  8
   0.10061   0.05711   0.20896  -0.20133   2.90000  9
   0.04440   0.03711   0.49341   0.25995   2.90000 10
   0.30132   0.42065  -0.15277   0.23249   3.00000  1
   0.52423   0.51518   0.01158   0.01789   3.00000  2
  -0.08757  -1.40269   0.14166   0.04641   3.00000  3
   0.04254  -1.47613  -0.13489   0.17718   3.00000  4
  -0.13925  -0.14938  -0.17589  -0.26502   3.00000  5
  -0.02743  -0.17894  -0.35785  -0.04150   3.00000  6
   0.13661   1.92210   0.04814  -0.21721   3.00000  7
   0.17894   1.77292  -0.03726   0.05460   3.00000  8
   0.11877   0.03547   0.15602  -0.22491   3.00000  9
   0.09430   0.06117   0.50126   0.22007   3.00000 10
   0.28649   0.44213  -0.14294   0.19635   3.10000  1
   0.52260   0.51526  -0.04433  -0.01573   3.10000  2
  -0.07126  -1.39897   0.18469   0.02790   3.10000  3
   0.02691  -1.45694  -0.17766   0.20688   3.10000  4
  -0.15189  -0.17435  -0.07826  -0.23411   3.10000  5
  -0.06333  -0.17943  -0.35899   0.02752   3.10000  6
   0.14210   1.89788   0.06170  -0.26738   3.10000  7
   0.17457   1.78052  -0.05011   0.09764   3.10000  8
   0.13238   0.01338   0.11921  -0.21217   3.10000  9
   0.14389   0.08085   0.48668   0.17310   3.10000 10
   0.27294   0.45978  -0.12691   0.15624   3.20000  1
   0.51534   0.51209  -0.10111  -0.04745   3.20000  2
  -0.05073  -1.39711   0.22451   0.00980   3.20000  3
   0.00710  -1.43475  -0.21732   0.23667   3.20000  4
  -0.15526  -0.19597   0.00816  -0.19640   3.20000  5
  -0.09896  -0.17437  -0.35169   0.06876   3.20000  6
   0.14893   1.86864   0.07452  -0.31669   3.20000  7
   0.16894   1.79243  -0.06220   0.13962   3.20000  8
   0.14313  -0.00634   0.09755  -0.18062   3.20000  9
   0.19105   0.09593   0.45450   0.13006   3.20000 10
   0.26131   0.47329  -0.10464   0.11344   3.30000  1
   0.50234   0.50579  -0.15911  -0.07862   3.30000  2
  -0.02690  -1.39678   0.24769  -0.00104   3.30000  3
  -0.01601  -1.40982  -0.24043   0.25970   3.30000  4
  -0.15096  -0.21315   0.07353  -0.14460   3.30000  5
  -0.13310  -0.16666  -0.32757   0.08083   3.30000  6
   0.15687   1.83495   0.08300  -0.35332   3.30000  7
   0.16227   1.80803  -0.06993   0.16871   3.30000  8
   0.15211  -0.02262   0.08282  -0.14469   3.30000  9
   0.23454   0.10730   0.41464   0.09959   3.30000 10
   0.25222   0.48241  -0.07627   0.06887   3.40000  1
   0.48346   0.49635  -0.21875  -0.11048   3.40000  2
  -0.00233  -1.39672   0.23789   0.00529   3.40000  3
  -0.03985  -1.38338  -0.23060   0.26604   3.40000  4
  -0.14150  -0.22450   0.11131  -0.08128   3.40000  5
  -0.16368  -0.15894  -0.28031   0.07118   3.40000  6
   0.16519   1.79909   0.08166  -0.35756   3.40000  7
   0.15529   1.82505  -0.06786   0.16519   3.40000  8
   0.15976  -0.03532   0.07039  -0.10970   3.40000  9
   0.27390   0.11630   0.37252   0.08245   3.40000 10
   0.24626   0.48701  -0.04198   0.02272   3.50000  1
   0.45852   0.48364  -0.28037  -0.14404   3.50000  2
   0.01979  -1.39519   0.20194   0.02708   3.50000  3
  -0.06124  -1.35713  -0.19461   0.25739   3.50000  4
  -0.12942  -0.22934   0.12753  -0.01573   3.50000  5
  -0.18856  -0.15270  -0.21519   0.05298   3.50000  6
   0.17288   1.76455   0.07117  -0.32935   3.50000  7
   0.14901   1.83995  -0.05665   0.12898   3.50000  8
   0.16620  -0.04463   0.05835  -0.07692   3.50000  9
   0.30903   0.12417   0.32980   0.07689   3.50000 10
   0.24401   0.48688  -0.00194  -0.02595   3.60000  1
   0.42732   0.46746  -0.34387  -0.17988   3.60000  2
   0.03781  -1.39111   0.15801   0.05491   3.60000  3
  -0.07852  -1.33208  -0.15057   0.24317   3.60000  4
  -0.11637  -0.22777   0.13242   0.04624   3.60000  5
  -0.20642  -0.14833  -0.14106   0.03497   3.60000  6
   0.17932   1.73363   0.05745  -0.28831   3.60000  7
   0.14406   1.85043  -0.04225   0.07970   3.60000  8
   0.17141  -0.05077   0.04565  -0.04627   3.60000  9
   0.33984   0.13201   0.28615   0.08142   3.60000 10
   0.24604   0.48166   0.04318  -0.07951   3.70000  1
   0.38973   0.44760  -0.40773  -0.21749   3.70000  2
   0.05142  -1.38418   0.11458   0.08375   3.70000  3
  -0.09138  -1.30851  -0.10695   0.22841   3.70000  4
  -0.10309  -0.22025   0.13266   0.10338   3.70000  5
  -0.21665  -0.14559  -0.06289   0.02058   3.70000  6
   0.18438   1.70691   0.04378  -0.24630   3.70000  7
   0.14055   1.85586  -0.02796   0.02922   3.70000  8
   0.17528  -0.05393   0.03148  -0.01709   3.70000  9
   0.36617   0.14076   0.23985   0.09505   3.70000 10
   0.25271   0.47067   0.08980  -0.14232   3.80000  1
   0.34594   0.42399  -0.46637  -0.25405   3.80000  2
   0.06080  -1.37438   0.07342   0.11227   3.80000  3
  -0.09998  -1.28637  -0.06549   0.21442   3.80000  4
  -0.08988  -0.20724   0.13152   0.15620   3.80000  5
  -0.21892  -0.14405   0.01785   0.01114   3.80000  6
   0.18811   1.68429   0.03094  -0.20643   3.80000  7
   0.13844   1.85634  -0.01454  -0.01930   3.80000  8
   0.17763  -0.05421   0.01501   0.01158   3.80000  9
   0.38762   0.15128   0.18787   0.11649   3.80000 10
   0.26365   0.45270   0.12525  -0.21957   3.90000  1
   0.29712   0.39699  -0.50452  -0.28468   3.90000  2
   0.06617  -1.36174   0.03421   0.14050   3.90000  3
  -0.10454  -1.26560  -0.02587   0.20118   3.90000  4
  -0.07678  -0.18914   0.13066   0.20532   3.90000  5
  -0.21298  -0.14315   0.10148   0.00784   3.90000  6
   0.19059   1.66555   0.01883  -0.16868   3.90000  7
   0.13762   1.85207  -0.00194  -0.06583   3.90000  8
   0.17818  -0.05160  -0.00468   0.04089   3.90000  9
   0.40343   0.16423   0.12658   0.14302   3.90000 10
   0.27667   0.42631   0.12884  -0.30948   4.00000  1
   0.24649   0.36724  -0.50029  -0.31030   4.00000  2
   0.06768  -1.34627  -0.00385   0.16887   4.00000  3
  -0.10519  -1.24612   0.01273   0.18829   4.00000  4
  -0.06369  -0.16629   0.13138   0.25098   4.00000  5
  -0.19850  -0.14221   0.18891   0.01257   4.00000  6
   0.19189   1.65052   0.00720  -0.13218   4.00000  7
   0.13803   1.84321   0.01012  -0.11117   4.00000  8
   0.17655  -0.04597  -0.02865   0.07210   4.00000  9
   0.41254   0.17991   0.05362   0.17033   4.00000 10
   0.28834   0.39076   0.10115  -0.40121   4.10000  1
   0.19845   0.33471  -0.45564  -0.34215   4.10000  2
   0.06541  -1.32794  -0.04165   0.19797   4.10000  3
  -0.10200  -1.22795   0.05119   0.17518   4.10000  4
  -0.05039  -0.13907   0.13560   0.29278   4.10000  5
  -0.17505  -0.14027   0.28083   0.02853   4.10000  6
   0.19204   1.63911  -0.00423  -0.09585   4.10000  7
   0.13963   1.82984   0.02191  -0.15632   4.10000  8
   0.17227  -0.03707  -0.05811   0.10644   4.10000  9
   0.41376   0.19819  -0.03105   0.19462   4.10000 10
   0.29658   0.34615   0.06334  -0.49076   4.20000  1
   0.15591   0.29837  -0.39383  -0.38697   4.20000  2
   0.05933  -1.30663  -0.08000   0.22846   4.20000  3
  -0.09493  -1.21112   0.09035   0.16124   4.20000  4
  -0.03634  -0.10789   0.14702   0.32984   4.20000  5
  -0.14219  -0.13597   0.37681   0.06068   4.20000  6
   0.19104   1.63138  -0.01572  -0.05863   4.20000  7
   0.14241   1.81192   0.03368  -0.20230   4.20000  8
   0.16471  -0.02453  -0.09414   0.14512   4.20000  9
   0.40594   0.21865  -0.12753   0.21332   4.20000 10
   0.30110   0.29272   0.02764  -0.57618   4.30000  1
   0.11976   0.25684  -0.32924  -0.44646   4.30000  2
   0.04937  -1.28218  -0.11948   0.26106   4.30000  3
  -0.08388  -1.19575   0.13084   0.14579   4.30000  4
  -0.02052  -0.07327   0.17247   0.36200   4.30000  5
  -0.09964  -0.12737   0.47417   0.11561   4.30000  6
   0.18889   1.62745  -0.02745  -0.01953   4.30000  7
   0.14638   1.78932   0.04564  -0.25010   4.30000  8
   0.15320  -0.00787  -0.13734   0.18902   4.30000  9
   0.38781   0.24045  -0.23725   0.21880   4.30000 10
   0.30195   0.23171  -0.01421  -0.63745   4.40000  1
   0.09000   0.20848  -0.26621  -0.52424   4.40000  2
   0.03540  -1.25433  -0.15993   0.29631   4.40000  3
  -0.06872  -1.18203   0.17253   0.12836   4.40000  4
  -0.00105  -0.03555   0.22166   0.39264   4.40000  5
  -0.04748  -0.11184   0.56777   0.20069   4.40000  6
   0.18554   1.62755  -0.03946   0.02199   4.40000  7
   0.15155   1.76182   0.05780  -0.30028   4.40000  8
   0.13704   0.01342  -0.18657   0.23723   4.40000  9
   0.35824   0.26110  -0.35338   0.18475   4.40000 10
   0.29692   0.16666  -0.09490  -0.65860   4.50000  1
   0.06652   0.15118  -0.20250  -0.62565   4.50000  2
   0.01743  -1.22284  -0.19856   0.33353   4.50000  3
  -0.04942  -1.17012   0.21271   0.10970   4.50000  4
   0.02486   0.00551   0.30153   0.43045   4.50000  5
   0.01356  -0.08597   0.65023   0.32390   4.50000  6
   0.18100   1.63190  -0.05120   0.06475   4.50000  7
   0.15793   1.72921   0.06962  -0.35173   4.50000  8
   0.11589   0.03948  -0.23497   0.28171   4.50000  9
   0.31777   0.27534  -0.45195   0.09195   4.50000 10
   0.28123   0.10052  -0.22719  -0.66207   4.60000  1
   0.05011   0.08315  -0.11871  -0.72593   4.60000  2
  -0.00393  -1.18771  -0.22543   0.36778   4.60000  3
  -0.02654  -1.15997   0.24150   0.09482   4.60000  4
   0.05987   0.05074   0.39701   0.46979   4.60000  5
   0.08162  -0.04554   0.70275   0.49087   4.60000  6
   0.17538   1.64033  -0.06050   0.10178   4.60000  7
   0.16539   1.69164   0.07891  -0.39756   4.60000  8
   0.09087   0.06872  -0.25637   0.29375   4.60000  9
   0.26848   0.27846  -0.53197  -0.03323   4.60000 10
   0.25005   0.03499  -0.40122  -0.64050   4.70000  1
   0.04474   0.01070   0.01795  -0.69311   4.70000  2
  -0.02667  -1.14977  -0.22344   0.38781   4.70000  3
  -0.00209  -1.15064   0.24184   0.09523   4.70000  4
   0.10297   0.09698   0.45725   0.44035   4.70000  5
   0.15169   0.01224   0.68556   0.65379   4.70000  6
   0.16915   1.65146  -0.06250   0.11508   4.70000  7
   0.17346   1.65048   0.08081  -0.41988   4.70000  8
   0.06757   0.09597  -0.19163   0.24370   4.70000  9
   0.21159   0.26792  -0.60461  -0.18247   4.70000 10
   0.20192  -0.02446  -0.54647  -0.53321   4.80000  1
   0.05328  -0.05198   0.14657  -0.55534   4.80000  2
  -0.04759  -1.11079  -0.19131   0.38917   4.80000  3
   0.02080  -1.14023   0.21240   0.11589   4.80000  4
   0.14987   0.13734   0.47140   0.36556   4.80000  5
   0.21630   0.08124   0.59209   0.70741   4.80000  6
   0.16322   1.66207  -0.05463   0.09149   4.80000  7
   0.18121   1.60893   0.07275  -0.40564   4.80000  8
   0.05517   0.11745  -0.05047   0.18984   4.80000  9
   0.14828   0.24077  -0.65233  -0.36516   4.80000 10
   0.14366  -0.07083  -0.60964  -0.39868   4.90000  1
   0.07278  -0.10050   0.23683  -0.41674   4.90000  2
  -0.06453  -1.07224  -0.14676   0.38113   4.90000  3
   0.04001  -1.12709   0.17088   0.14811   4.90000  4
   0.19488   0.17017   0.41927   0.29035   4.90000  5
   0.26774   0.15154   0.43272   0.69122   4.90000  6
   0.15839   1.66900  -0.04159   0.04524   4.90000  7
   0.18784   1.57009   0.05949  -0.36919   4.90000  8
   0.05747   0.13479   0.09186   0.15953   4.90000  9
   0.08423   0.19539  -0.61307  -0.53097   4.90000 10
   0.08174  -0.10540  -0.61767  -0.29769   5.00000  1
   0.09884  -0.13566   0.27205  -0.28841   5.00000  2
  -0.07692  -1.03460  -0.10117   0.37174   5.00000  3
   0.05497  -1.11048   0.12862   0.18446   5.00000  4
   0.23308   0.19546   0.34596   0.21842   5.00000  5
   0.30327   0.21812   0.28307   0.63497   5.00000  6
   0.15492   1.67095  -0.02795  -0.00645   5.00000  7
   0.19309   1.53524   0.04566  -0.32781   5.00000  8
   0.07172   0.14911   0.18186   0.12185   5.00000  9
   0.02775   0.13760  -0.51042  -0.61109   5.00000 10
   0.02225  -0.13094  -0.56556  -0.21442   5.10000  1
   0.12474  -0.15879   0.23751  -0.17801   5.10000  2
  -0.08484  -0.99783  -0.05755   0.36407   5.10000  3
   0.06581  -1.09014   0.08854   0.22240   5.10000  4
   0.26451   0.21479   0.28413   0.17293   5.10000  5
   0.32551   0.27775   0.16712   0.55490   5.10000  6
   0.15277   1.66775  -0.01514  -0.05718   5.10000  7
   0.19701   1.50447   0.03275  -0.28804   5.10000  8
   0.09210   0.15826   0.22152   0.06033   5.10000  9
  -0.01738   0.07501  -0.39331  -0.63698   5.10000 10
  -0.03088  -0.14841  -0.49680  -0.13546   5.20000  1
   0.14553  -0.17199   0.17674  -0.08906   5.20000  2
  -0.08850  -0.96170  -0.01596   0.35891   5.20000  3
   0.07275  -1.06596   0.05057   0.26161   5.20000  4
   0.29007   0.23081   0.22729   0.15019   5.20000  5
   0.33770   0.32871   0.08112   0.46303   5.20000  6
   0.15186   1.65958  -0.00322  -0.10596   5.20000  7
   0.19968   1.47754   0.02092  -0.25097   5.20000  8
   0.11576   0.16152   0.25139   0.00763   5.20000  9
  -0.05149   0.01023  -0.29205  -0.65994   5.20000 10
  -0.07719  -0.15816  -0.42963  -0.06078   5.30000  1
   0.16000  -0.17715   0.11268  -0.01657   5.30000  2
  -0.08808  -0.92596   0.02419   0.35632   5.30000  3
   0.07596  -1.03776   0.01393   0.30260   5.30000  4
   0.30997   0.24519   0.17081   0.13844   5.30000  5
   0.34250   0.37023   0.01833   0.36727   5.30000  6
   0.15210   1.64661   0.00802  -0.15337   5.30000  7
   0.20122   1.45420   0.00996  -0.21610   5.30000  8
   0.14237   0.16040   0.28060  -0.02701   5.30000  9
  -0.07639  -0.05727  -0.20889  -0.69080   5.30000 10
  -0.11668  -0.16111  -0.35856  -0.00346   5.40000  1
   0.16812  -0.17575   0.05025   0.04228   5.40000  2
  -0.08369  -0.89036   0.06353   0.35621   5.40000  3
   0.07555  -1.00535  -0.02226   0.34628   5.40000  4
   0.32422   0.25858   0.11428   0.12932   5.40000  5
   0.34193   0.40217  -0.02731   0.27157   5.40000  6
   0.15345   1.62892   0.01886  -0.20041   5.40000  7
   0.20169   1.43428  -0.00038  -0.18251   5.40000  8
   0.17182   0.15667   0.30791  -0.04514   5.40000  9
  -0.09395  -0.12771  -0.14631  -0.71415   5.40000 10
  -0.14854  -0.16046  -0.27739   0.00755   5.50000  1
   0.17020  -0.16911  -0.00746   0.08860   5.50000  2
  -0.07538  -0.85464   0.10247   0.35850   5.50000  3
   0.07150  -0.96837  -0.05881   0.39395   5.50000  4
   0.33287   0.27098   0.05897   0.11817   5.50000  5
   0.33746   0.42459  -0.06022   0.17698   5.50000  6
   0.15587   1.60650   0.02954  -0.24814   5.50000  7
   0.20115   1.41769  -0.01035  -0.14917   5.50000  8
   0.20379   0.15186   0.33043  -0.04876   5.50000  9
  -0.10646  -0.19871  -0.10718  -0.69768   5.50000 10
  -0.17219  -0.16095  -0.19661  -0.02122   5.60000  1
   0.16691  -0.15839  -0.05672   0.12413   5.60000  2
  -0.06320  -0.81857   0.14100   0.36331   5.60000  3
   0.06375  -0.92637  -0.09632   0.44735   5.60000  4
   0.33613   0.28207   0.00706   0.10266   5.60000  5
   0.33021   0.43758  -0.08337   0.08300   5.60000  6
   0.15936   1.57923   0.04023  -0.29763   5.60000  7
   0.19963   1.40447  -0.02014  -0.11502   5.60000  8
   0.23761   0.14736   0.34430  -0.03918   5.60000  9
  -0.11575  -0.26610  -0.07945  -0.64740   5.60000 10
  -0.18813  -0.16501  -0.12344  -0.06025   5.70000  1
   0.15922  -0.14456  -0.09516   0.15133   5.70000  2
  -0.04723  -0.78188   0.17800   0.37100   5.70000  3
   0.05220  -0.87864  -0.13488   0.50870   5.70000  4
   0.33449   0.29135  -0.03862   0.08219   5.70000  5
   0.32106   0.44117  -0.09857  -0.01151   5.70000  6
   0.16392   1.54689   0.05100  -0.34978   5.70000  7
   0.19713   1.39475  -0.02984  -0.07914   5.70000  8
   0.27221   0.14443   0.34516  -0.01736   5.70000  9
  -0.12240  -0.32816  -0.05366  -0.59518   5.70000 10
  -0.19707  -0.17296  -0.05629  -0.09817   5.80000  1
   0.14824  -0.12835  -0.12272   0.17183   5.80000  2
  -0.02778  -0.74424   0.20955   0.38266   5.80000  3
   0.03679  -0.82428  -0.17287   0.58029   5.80000  4
   0.32871   0.29838  -0.07528   0.05789   5.80000  5
   0.31073   0.43522  -0.10685  -0.10786   5.80000  6
   0.16955   1.50918   0.06159  -0.40472   5.80000  7
   0.19367   1.38871  -0.03927  -0.04134   5.80000  8
   0.30608   0.14425   0.32921   0.01527   5.80000  9
  -0.12646  -0.38557  -0.02707  -0.55585   5.80000 10
  -0.19949  -0.18454   0.00760  -0.13306   5.90000  1
   0.13499  -0.11039  -0.14097   0.18628   5.90000  2
  -0.00583  -0.70511   0.22549   0.40194   5.90000  3
   0.01783  -0.76222  -0.20452   0.66259   5.90000  4
   0.31979   0.30287  -0.10144   0.03196   5.90000  5
   0.29990   0.41950  -0.10862  -0.20707   5.90000  6
   0.17620   1.46593   0.07089  -0.45962   5.90000  7
   0.18932   1.38646  -0.04735  -0.00440   5.90000  8
   0.33743   0.14776   0.29461   0.05613   5.90000  9
  -0.12766  -0.43994   0.00432  -0.53476   5.90000 10
  -0.19559  -0.19948   0.07047  -0.16531   6.00000  1
   0.12029  -0.09129  -0.15184   0.19498   6.00000  2
   0.01618  -0.66330   0.20755   0.43772   6.00000  3
  -0.00356  -0.69157  -0.22015   0.75031   6.00000  4
   0.30876   0.30476  -0.11765   0.00561   6.00000  5
   0.28923   0.39372  -0.10368  -0.30883   6.00000  6
   0.18359   1.41762   0.07579  -0.50313   6.00000  7
   0.18434   1.38745  -0.05101   0.02036   6.00000  8
   0.36439   0.15563   0.24159   0.10175   6.00000  9
  -0.12516  -0.49320   0.04894  -0.53346   6.00000 10
  -0.18537  -0.21756   0.13426  -0.19626   6.10000  1
   0.10482  -0.07158  -0.15656   0.19827   6.10000  2
   0.03412  -0.61680   0.14407   0.49509   6.10000  3
  -0.02572  -0.61235  -0.22238   0.83112   6.10000  4
   0.29653   0.30389  -0.12562  -0.02436   6.10000  5
   0.27941   0.35778  -0.09147  -0.40893   6.10000  6
   0.19106   1.36637   0.07224  -0.51553   6.10000  7
   0.17941   1.38944  -0.04625   0.01316   6.10000  8
   0.38516   0.16815   0.17088   0.14839   6.10000  9
  -0.11696  -0.54700   0.12085  -0.54096   6.10000 10
  -0.16863  -0.23878   0.20122  -0.22885   6.20000  1
   0.08919  -0.05180  -0.15501   0.19643   6.20000  2
   0.04395  -0.56416   0.05006   0.55621   6.20000  3
  -0.04800  -0.52693  -0.21989   0.86606   6.20000  4
   0.28387   0.29942  -0.12624  -0.06848   6.20000  5
   0.27118   0.31238  -0.07203  -0.49533   6.20000  6
   0.19779   1.31564   0.06165  -0.49528   6.20000  7
   0.17533   1.38892  -0.03450  -0.02763   6.20000  8
   0.39796   0.18518   0.08182   0.19110   6.20000  9
  -0.10018  -0.59954   0.21293  -0.49424   6.20000 10
  -0.14492  -0.26357   0.27443  -0.26876   6.30000  1
   0.07409  -0.03246  -0.14552   0.18960   6.30000  2
   0.04423  -0.50599  -0.04223   0.60636   6.30000  3
  -0.06863  -0.44043  -0.18896   0.86506   6.30000  4
   0.27157   0.28931  -0.11831  -0.13807   6.30000  5
   0.26516   0.25976  -0.04823  -0.55072   6.30000  6
   0.20334   1.26774   0.04924  -0.46183   6.30000  7
   0.17256   1.38345  -0.02102  -0.08276   6.30000  8
   0.40086   0.20593  -0.02709   0.22026   6.30000  9
  -0.07578  -0.64341   0.26769  -0.37914   6.30000 10
  -0.11345  -0.29289   0.35572  -0.31703   6.40000  1
   0.06045  -0.01406  -0.12516   0.17749   6.40000  2
   0.03605  -0.44268  -0.11928   0.66235   6.40000  3
  -0.08547  -0.35302  -0.14625   0.88558   6.40000  4
   0.26051   0.27108  -0.10171  -0.22870   6.40000  5
   0.26138   0.20358  -0.02950  -0.56633   6.40000  6
   0.20767   1.22328   0.03756  -0.42786   6.40000  7
   0.17110   1.37232  -0.00838  -0.13978   6.40000  8
   0.39199   0.22823  -0.15175   0.21943   6.40000  9
  -0.04776  -0.67551   0.28874  -0.26516   6.40000 10
  -0.07411  -0.32543   0.42711  -0.31979   6.50000  1
   0.04950   0.00281  -0.09157   0.15856   6.50000  2
   0.02059  -0.37286  -0.18924   0.73628   6.50000  3
  -0.09703  -0.26425  -0.07849   0.88021   6.50000  4
   0.25135   0.24345  -0.08162  -0.32328   6.50000  5
   0.25850   0.14761  -0.03326  -0.54901   6.50000  6
   0.21089   1.18206   0.02699  -0.39706   6.50000  7
   0.17084   1.35555   0.00297  -0.19524   6.50000  8
   0.37049   0.24839  -0.27681   0.17662   6.50000  9
  -0.01855  -0.69700   0.29392  -0.16729   6.50000 10
  -0.02887  -0.35417   0.47191  -0.24422   6.60000  1
   0.04254   0.01732  -0.04615   0.12955   6.60000  2
  -0.00127  -0.29575  -0.24033   0.79994   6.60000  3
  -0.10010  -0.17808   0.01990   0.84449   6.60000  4
   0.24389   0.20678  -0.07069  -0.40760   6.60000  5
   0.25356   0.09430  -0.07155  -0.51569   6.60000  6
   0.21310   1.14375   0.01725  -0.36975   6.60000  7
   0.17165   1.33332   0.01317  -0.24913   6.60000  8
   0.33716   0.26225  -0.38641   0.09491   6.60000  9
   0.01082  -0.70940   0.29290  -0.08248   6.60000 10
   0.01883  -0.37310   0.47733  -0.13448   6.70000  1
   0.04046   0.02828   0.00465   0.08755   6.70000  2
  -0.02535  -0.21347  -0.23163   0.84825   6.70000  3
  -0.09258  -0.09479   0.13319   0.82344   6.70000  4
   0.23627   0.16241  -0.08801  -0.47781   6.70000  5
   0.24306   0.04464  -0.14358  -0.47684   6.70000  6
   0.21435   1.10801   0.00790  -0.34534   6.70000  7
   0.17344   1.30575   0.02239  -0.30237   6.70000  8
   0.29400   0.26637  -0.47270  -0.01658   6.70000  9
   0.03999  -0.71377   0.29045  -0.00582   6.70000 10
   0.06624  -0.38163   0.47049  -0.03872   6.80000  1
   0.04330   0.03450   0.05039   0.03649   6.80000  2
  -0.04600  -0.12497  -0.17305   0.92689   6.80000  3
  -0.07282  -0.01332   0.26526   0.80406   6.80000  4
   0.22481   0.11148  -0.14925  -0.53999   6.80000  5
   0.22390  -0.00079  -0.24372  -0.42914   6.80000  6
   0.21467   1.07461  -0.00151  -0.32300   6.80000  7
   0.17610   1.27283   0.03074  -0.35612   6.80000  8
   0.24333   0.25831  -0.53814  -0.14718   6.80000  9
   0.06894  -0.71070   0.28879   0.06669   6.80000 10
   0.11293  -0.38121   0.46315   0.04635   6.90000  1
   0.05007   0.03600   0.08316  -0.00110   6.90000  2
  -0.05800  -0.02769  -0.05579   1.01574   6.90000  3
  -0.03906   0.06502   0.40976   0.75479   6.90000  4
   0.20475   0.05475  -0.25970  -0.59067   6.90000  5
   0.19376  -0.04039  -0.35954  -0.35736   6.90000  6
   0.21403   1.04337  -0.01138  -0.30186   6.90000  7
   0.17956   1.23447   0.03822  -0.41163   6.90000  8
   0.18662   0.23647  -0.59650  -0.29242   6.90000  9
   0.09780  -0.70046   0.28861   0.13816   6.90000 10
   0.15870  -0.37233   0.45031   0.13195   7.00000  1
   0.05981   0.03585   0.11260   0.00586   7.00000  2
  -0.05511   0.07634   0.11996   1.05044   7.00000  3
   0.00832   0.13585   0.52969   0.65427   7.00000  4
   0.17177  -0.00516  -0.40065  -0.59630   7.00000  5
   0.15255  -0.07098  -0.45804  -0.24855   7.00000  6
   0.21237   1.01422  -0.02195  -0.28122   7.00000  7
   0.18371   1.19040   0.04470  -0.47028   7.00000  8
   0.12364   0.19915  -0.66618  -0.45745   7.00000  9
   0.12670  -0.68301   0.28955   0.21127   7.00000 10
   0.20242  -0.35466   0.42030   0.22192   7.10000  1
   0.07252   0.03791   0.13700   0.03395   7.10000  2
  -0.03378   0.17933   0.30199   0.99316   7.10000  3
   0.06417   0.19460   0.56579   0.51307   7.10000  4
   0.12583  -0.06214  -0.50681  -0.53367   7.10000  5
   0.10407  -0.08942  -0.50052  -0.12012   7.10000  6
   0.20962   0.98712  -0.03310  -0.26077   7.10000  7
   0.18845   1.14026   0.04987  -0.53353   7.10000  8
   0.05346   0.14542  -0.72462  -0.60215   7.10000  9
   0.15570  -0.65808   0.29009   0.28814   7.10000 10
   0.24184  -0.32808   0.36353   0.30763   7.20000  1
   0.08533   0.04163   0.10918   0.03363   7.20000  2
   0.00267   0.27200   0.41236   0.85496   7.20000  3
   0.11763   0.23827   0.49479   0.36764   7.20000  4
   0.07290  -0.11069  -0.54066  -0.43365   7.20000  5
   0.05439  -0.09556  -0.48595  -0.00757   7.20000  6
   0.20576   0.96204  -0.04407  -0.24138   7.20000  7
   0.19362   1.08351   0.05308  -0.60238   7.20000  8
  -0.01630   0.08244  -0.64987  -0.64868   7.20000  9
   0.18462  -0.62522   0.28763   0.36980   7.20000 10
   0.27437  -0.29373   0.28424   0.37579   7.30000  1
   0.09312   0.04343   0.04500  -0.00119   7.30000  2
   0.04684   0.35098   0.46634   0.72994   7.30000  3
   0.16282   0.27006   0.40987   0.27640   7.30000  4
   0.01932  -0.14836  -0.52572  -0.31773   7.30000  5
   0.00772  -0.09213  -0.44596   0.06995   7.30000  6
   0.20088   0.93869  -0.05300  -0.22706   7.30000  7
   0.19895   1.01963   0.05273  -0.67546   7.30000  8
  -0.07458   0.01573  -0.51252  -0.68664   7.30000  9
   0.21302  -0.58397   0.27902   0.45601   7.30000 10
   0.29839  -0.25362   0.19550   0.42326   7.40000  1
   0.09446   0.04103  -0.01664  -0.04748   7.40000  2
   0.09530   0.41898   0.50041   0.63464   7.40000  3
   0.19994   0.29490   0.33456   0.22600   7.40000  4
  -0.03165  -0.17395  -0.49242  -0.19334   7.40000  5
  -0.03489  -0.08289  -0.40757   0.10722   7.40000  6
   0.19534   0.91606  -0.05644  -0.23020   7.40000  7
   0.20395   0.94855   0.04582  -0.74420   7.40000  8
  -0.11850  -0.05482  -0.36480  -0.72144   7.40000  9
   0.24013  -0.53391   0.26158   0.54554   7.40000 10
   0.31343  -0.20961   0.10553   0.45467   7.50000  1
   0.09019   0.03390  -0.06667  -0.09512   7.50000  2
   0.14651   0.47880   0.52178   0.56629   7.50000  3
   0.23015   0.31615   0.27173   0.20270   7.50000  4
  -0.07912  -0.18707  -0.45730  -0.07079   7.50000  5
  -0.07388  -0.07249  -0.37092   0.09177   7.50000  6
   0.18988   0.89135  -0.05135  -0.27151   7.50000  7
   0.20781   0.87146   0.03020  -0.79375   7.50000  8
  -0.14749  -0.12735  -0.21673  -0.72106   7.50000  9
   0.26498  -0.47480   0.23375   0.63680   7.50000 10
   0.31953  -0.16308   0.01669   0.47408   7.60000  1
   0.08152   0.02204  -0.10489  -0.14183   7.60000  2
   0.19925   0.53323   0.53072   0.52764   7.60000  3
   0.25469   0.33607   0.22086   0.19837   7.60000  4
  -0.12306  -0.18885  -0.41963   0.02898   7.60000  5
  -0.10855  -0.06592  -0.31954   0.03572   7.60000  6
   0.18530   0.86028  -0.03940  -0.35610   7.60000  7
   0.20985   0.79034   0.01067  -0.82824   7.60000  8
  -0.16258  -0.19724  -0.09043  -0.66731   7.60000  9
   0.28651  -0.40653   0.19496   0.72871   7.60000 10
   0.31683  -0.11515  -0.07044   0.48292   7.70000  1
   0.06960   0.00561  -0.13156  -0.18615   7.70000  2
   0.25196   0.58548   0.51771   0.52239   7.70000  3
   0.27464   0.35631   0.17931   0.20852   7.70000  4
  -0.16230  -0.18282  -0.36017   0.08505   7.70000  5
  -0.13734  -0.06564  -0.25492  -0.03021   7.70000  6
   0.18219   0.81921  -0.02135  -0.46873   7.70000  7
   0.21025   0.70544   0.00081  -0.87268   7.70000  8
  -0.16695  -0.25904  -0.00421  -0.56202   7.70000  9
   0.30360  -0.32905   0.14482   0.82091   7.70000 10
   0.30555  -0.06687  -0.15429   0.48080   7.80000  1
   0.05559  -0.01499  -0.14672  -0.22441   7.80000  2
   0.30104   0.63761   0.45442   0.51115   7.80000  3
   0.29067   0.37820   0.14118   0.23159   7.80000  4
  -0.19424  -0.17255  -0.27544   0.11916   7.80000  5
  -0.15939  -0.07182  -0.18578  -0.09210   7.80000  6
   0.18149   0.76608   0.01077  -0.59471   7.80000  7
   0.21126   0.61595   0.02625  -0.90990   7.80000  8
  -0.16458  -0.30894   0.04750  -0.43498   7.80000  9
   0.31506  -0.24234   0.08212   0.91342   7.80000 10
   0.28624  -0.01934  -0.22983   0.46838   7.90000  1
   0.04060  -0.03882  -0.15184  -0.24914   7.90000  2
   0.34194   0.68554   0.36387   0.44018   7.90000  3
   0.30262   0.40303   0.09503   0.26629   7.90000  4
  -0.21691  -0.15900  -0.17612   0.15196   7.90000  5
  -0.17452  -0.08375  -0.11706  -0.14446   7.90000  6
   0.18513   0.70052   0.06528  -0.71294   7.90000  7
   0.21590   0.52466   0.06553  -0.91566   7.90000  8
  -0.15803  -0.34609   0.08138  -0.30885   7.90000  9
   0.31950  -0.14642   0.00376   1.00424   7.90000 10
   0.26019   0.02676  -0.28731   0.45518   8.00000  1
   0.02532  -0.06404  -0.15430  -0.25066   8.00000  2
   0.37431   0.72475   0.28707   0.34186   8.00000  3
   0.30888   0.43122   0.02622   0.29174   8.00000  4
  -0.22911  -0.14225  -0.06616   0.18180   8.00000  5
  -0.18289  -0.10018  -0.05079  -0.18081   8.00000  6
   0.19478   0.62416   0.12713  -0.81269   8.00000  7
   0.22441   0.43258   0.10497  -0.92456   8.00000  8
  -0.14862  -0.37084   0.10571  -0.18666   8.00000  9
   0.31520  -0.04183  -0.09254   1.08480   8.00000 10
   0.22968   0.07257  -0.31824   0.46841   8.10000  1
   0.00934  -0.08811  -0.16829  -0.22731   8.10000  2
   0.40011   0.75385   0.23207   0.24097   8.10000  3
   0.30753   0.45952  -0.05239   0.26556   8.10000  4
  -0.22984  -0.12310   0.05275   0.19791   8.10000  5
  -0.18473  -0.11907   0.01406  -0.19199   8.10000  6
   0.21040   0.53785   0.18529  -0.91528   8.10000  7
   0.23646   0.34046   0.13109  -0.91756   8.10000  8
  -0.13709  -0.38347   0.12403  -0.06572   8.10000  9
   0.30059   0.06983  -0.20036   1.14501   8.10000 10
