  -0.46467   0.03159   0.00769   0.00673   0.10000  1
  -0.33892   0.18572  -0.00639  -0.00979   0.10000  2
   0.24967  -1.00044  -0.02595  -0.02048   0.10000  3
   0.08389  -1.10857   0.00750   0.00399   0.10000  4
   0.07685  -1.86798   0.00645   0.00295   0.10000  5
   0.19929  -1.71088  -0.00973  -0.00538   0.10000  6
   0.15766  -1.08925  -0.01287   0.00019   0.10000  7
  -0.03938  -1.10663   0.03130  -0.00094   0.10000  8
   0.16799  -2.31126  -0.00882   0.01650   0.10000  9
   0.02268  -2.17539   0.01081   0.00624   0.10000 10
  -0.46351   0.03260   0.01543   0.01351   0.20000  1
  -0.33988   0.18425  -0.01281  -0.01964   0.20000  2
   0.24576  -1.00351  -0.05220  -0.04107   0.20000  3
   0.08501  -1.10798   0.01495   0.00799   0.20000  4
   0.07781  -1.86753   0.01289   0.00595   0.20000  5
   0.19783  -1.71169  -0.01944  -0.01087   0.20000  6
   0.15573  -1.08922  -0.02567   0.00032   0.20000  7
  -0.03468  -1.10677   0.06286  -0.00176   0.20000  8
   0.16667  -2.30878  -0.01766   0.03312   0.20000  9
   0.02431  -2.17446   0.02164   0.01246   0.20000 10
  -0.46158   0.03430   0.02324   0.02040   0.30000  1
  -0.34149   0.18179  -0.01932  -0.02960   0.30000  2
   0.23921  -1.00866  -0.07905  -0.06186   0.30000  3
   0.08687  -1.10698   0.02232   0.01196   0.30000  4
   0.07942  -1.86678   0.01933   0.00903   0.30000  5
   0.19540  -1.71306  -0.02910  -0.01655   0.30000  6
   0.15253  -1.08919  -0.03831   0.00031   0.30000  7
  -0.02679  -1.10698   0.09492  -0.00233   0.30000  8
   0.16446  -2.30463  -0.02653   0.05000   0.30000  9
   0.02701  -2.17290   0.03249   0.01864   0.30000 10
  -0.45886   0.03669   0.03115   0.02744   0.40000  1
  -0.34375   0.17833  -0.02593  -0.03972   0.40000  2
   0.22992  -1.01589  -0.10676  -0.08292   0.40000  3
   0.08947  -1.10559   0.02953   0.01586   0.40000  4
   0.08168  -1.86572   0.02575   0.01224   0.40000  5
   0.19201  -1.71501  -0.03869  -0.02253   0.40000  6
   0.14808  -1.08917  -0.05067   0.00007   0.40000  7
  -0.01567  -1.10722   0.12768  -0.00248   0.40000  8
   0.16136  -2.29877  -0.03543   0.06728   0.40000  9
   0.03081  -2.17073   0.04337   0.02475   0.40000 10
  -0.45534   0.03979   0.03921   0.03470   0.50000  1
  -0.34668   0.17384  -0.03269  -0.05005   0.50000  2
   0.21782  -1.02525  -0.13556  -0.10422   0.50000  3
   0.09277  -1.10381   0.03647   0.01957   0.50000  4
   0.08457  -1.86433   0.03211   0.01564   0.50000  5
   0.18767  -1.71758  -0.04817  -0.02892   0.50000  6
   0.14241  -1.08919  -0.06250  -0.00057   0.50000  7
  -0.00123  -1.10745   0.16119  -0.00200   0.50000  8
   0.15737  -2.29115  -0.04435   0.08507   0.50000  9
   0.03569  -2.16796   0.05427   0.03077   0.50000 10
  -0.45101   0.04364   0.04742   0.04220   0.60000  1
  -0.35029   0.16831  -0.03960  -0.06062   0.60000  2
   0.20277  -1.03674  -0.16549  -0.12557   0.60000  3
   0.09675  -1.10169   0.04299   0.02284   0.60000  4
   0.08810  -1.86259   0.03839   0.01925   0.60000  5
   0.18238  -1.72081  -0.05746  -0.03585   0.60000  6
   0.13561  -1.08930  -0.07340  -0.00184   0.60000  7
   0.01659  -1.10759   0.19526  -0.00065   0.60000  8
   0.15249  -2.28173  -0.05325   0.10355   0.60000  9
   0.04166  -2.16458   0.06514   0.03668   0.60000 10
  -0.44585   0.04824   0.05579   0.04994   0.70000  1
  -0.35461   0.16171  -0.04668  -0.07144   0.70000  2
   0.18469  -1.05035  -0.19611  -0.14646   0.70000  3
   0.10135  -1.09927   0.04880   0.02521   0.70000  4
   0.09224  -1.86047   0.04449   0.02313   0.70000  5
   0.17618  -1.72477  -0.06647  -0.04344   0.70000  6
   0.12779  -1.08959  -0.08264  -0.00411   0.70000  7
   0.03781  -1.10754   0.22897   0.00185   0.70000  8
   0.14673  -2.27042  -0.06205   0.12283   0.70000  9
   0.04871  -2.16062   0.07590   0.04248   0.70000 10
  -0.43985   0.05363   0.06425   0.05790   0.80000  1
  -0.35963   0.15401  -0.05386  -0.08247   0.80000  2
   0.16358  -1.06598  -0.22573  -0.16566   0.80000  3
   0.10647  -1.09670   0.05330   0.02583   0.80000  4
   0.09699  -1.85795   0.05030   0.02728   0.80000  5
   0.16910  -1.72953  -0.07505  -0.05183   0.80000  6
   0.11918  -1.09017  -0.08893  -0.00784   0.80000  7
   0.06229  -1.10718   0.25993   0.00556   0.80000  8
   0.14009  -2.25713  -0.07058   0.14306   0.80000  9
   0.05683  -2.15609   0.08637   0.04818   0.80000 10
  -0.43300   0.05982   0.07268   0.06593   0.90000  1
  -0.36538   0.14521  -0.06101  -0.09357   0.90000  2
   0.13972  -1.08334  -0.24985  -0.18071   0.90000  3
   0.11193  -1.09421   0.05542   0.02336   0.90000  4
   0.10229  -1.85500   0.05563   0.03171   0.90000  5
   0.16119  -1.73517  -0.08303  -0.06115   0.90000  6
   0.11016  -1.09122  -0.09032  -0.01348   0.90000  7
   0.08953  -1.10641   0.28277   0.00974   0.90000  8
   0.13263  -2.24177  -0.07855   0.16430   0.90000  9
   0.06597  -2.15099   0.09627   0.05387   0.90000 10
  -0.42533   0.06681   0.08078   0.07370   1.00000  1
  -0.37183   0.13531  -0.06785  -0.10440   1.00000  2
   0.11407  -1.10185  -0.26035  -0.18786   1.00000  3
   0.11742  -1.09218   0.05382   0.01651   1.00000  4
   0.10809  -1.85160   0.06019   0.03634   1.00000  5
   0.15253  -1.74179  -0.09010  -0.07148   1.00000  6
   0.10133  -1.09294  -0.08517  -0.02113   1.00000  7
   0.11829  -1.10530   0.28907   0.01204   1.00000  8
   0.12442  -2.22424  -0.08550   0.18653   1.00000  9
   0.07605  -2.14531   0.10511   0.05976   1.00000 10
  -0.41687   0.07453   0.08803   0.08059   1.10000  1
  -0.37892   0.12436  -0.07385  -0.11435   1.10000  2
   0.08829  -1.12058  -0.25234  -0.18516   1.10000  3
   0.12256  -1.09106   0.04833   0.00526   1.10000  4
   0.11429  -1.84773   0.06358   0.04098   1.10000  5
   0.14321  -1.74950  -0.09590  -0.08283   1.10000  6
   0.09333  -1.09551  -0.07420  -0.03047   1.10000  7
   0.14664  -1.10415   0.27487   0.01021   1.10000  8
   0.11559  -2.20444  -0.09067   0.20949   1.10000  9
   0.08693  -2.13902   0.11216   0.06629   1.10000 10
  -0.40778   0.08287   0.09359   0.08561   1.20000  1
  -0.38654   0.11250  -0.07818  -0.12241   1.20000  2
   0.06403  -1.13865  -0.23140  -0.17557   1.20000  3
   0.12701  -1.09122   0.04047  -0.00880   1.20000  4
   0.12075  -1.84342   0.06527   0.04530   1.20000  5
   0.13341  -1.75839  -0.09992  -0.09508   1.20000  6
   0.08659  -1.09907  -0.06020  -0.04093   1.20000  7
   0.17281  -1.10337   0.24705   0.00504   1.20000  8
   0.10637  -2.18233  -0.09310   0.23263   1.20000  9
   0.09839  -2.13201   0.11642   0.07422   1.20000 10
  -0.39825   0.09155   0.09650   0.08756   1.30000  1
  -0.39447   0.09998  -0.07988  -0.12738   1.30000  2
   0.04219  -1.15560  -0.20493  -0.16313   1.30000  3
   0.13063  -1.09285   0.03188  -0.02395   1.30000  4
   0.12726  -1.83870   0.06465   0.04871   1.30000  5
   0.12331  -1.76853  -0.10159  -0.10789   1.30000  6
   0.08131  -1.10371  -0.04555  -0.05191   1.30000  7
   0.19588  -1.10320   0.21379  -0.00180   1.30000  8
   0.09709  -2.15794  -0.09181   0.25516   1.30000  9
   0.11009  -2.12409   0.11694   0.08462   1.30000 10
  -0.38859   0.10025   0.09615   0.08563   1.40000  1
  -0.40241   0.08716  -0.07833  -0.12844   1.40000  2
   0.02310  -1.17126  -0.17673  -0.15018   1.40000  3
   0.13339  -1.09601   0.02340  -0.03917   1.40000  4
   0.13358  -1.83373   0.06112   0.05040   1.40000  5
   0.11318  -1.77997  -0.10036  -0.12068   1.40000  6
   0.07747  -1.10945  -0.03135  -0.06292   1.40000  7
   0.21553  -1.10375   0.17919  -0.00948   1.40000  8
   0.08815  -2.13135  -0.08631   0.27635   1.40000  9
   0.12163  -2.11497   0.11323   0.09850   1.40000 10
  -0.37912   0.10855   0.09274   0.07997   1.50000  1
  -0.41003   0.07442  -0.07374  -0.12575   1.50000  2
   0.00685  -1.18566  -0.14825  -0.13780   1.50000  3
   0.13532  -1.10068   0.01526  -0.05406   1.50000  4
   0.13938  -1.82871   0.05435   0.04947   1.50000  5
   0.10334  -1.79265  -0.09594  -0.13286   1.50000  6
   0.07501  -1.11628  -0.01792  -0.07363   1.50000  7
   0.23172  -1.10511   0.14480  -0.01777   1.50000  8
   0.07996  -2.10272  -0.07693   0.29606   1.50000  9
   0.13261  -2.10426   0.10564   0.11636   1.50000 10
  -0.37011   0.11615   0.08712   0.07158   1.60000  1
  -0.41708   0.06210  -0.06696  -0.12031   1.60000  2
  -0.00656  -1.19886  -0.11996  -0.12636   1.60000  3
   0.13645  -1.10681   0.00745  -0.06851   1.60000  4
   0.14434  -1.82395   0.04443   0.04519   1.60000  5
   0.09410  -1.80650  -0.08845  -0.14401   1.60000  6
   0.07386  -1.12416  -0.00527  -0.08388   1.60000  7
   0.24451  -1.10733   0.11113  -0.02661   1.60000  8
   0.07287  -2.07217  -0.06459   0.31486   1.60000  9
   0.14266  -2.09157   0.09510   0.13805   1.60000 10
  -0.36174   0.12282   0.08027   0.06163   1.70000  1
  -0.42339   0.05041  -0.05897  -0.11327   1.70000  2
  -0.01715  -1.21096  -0.09192  -0.11597   1.70000  3
   0.13682  -1.11437  -0.00006  -0.08257   1.70000  4
   0.14818  -1.81980   0.03189   0.03724   1.70000  5
   0.08574  -1.82142  -0.07840  -0.15418   1.70000  6
   0.07393  -1.13304   0.00665  -0.09361   1.70000  7
   0.25397  -1.11045   0.07821  -0.03605   1.70000  8
   0.06711  -2.03974  -0.05023   0.33375   1.70000  9
   0.15156  -2.07654   0.08254   0.16303   1.70000 10
  -0.35407   0.12845   0.07291   0.05098   1.80000  1
  -0.42886   0.03947  -0.05047  -0.10552   1.80000  2
  -0.02495  -1.22209  -0.06402  -0.10662   1.80000  3
   0.13645  -1.12331  -0.00727  -0.09630   1.80000  4
   0.15065  -1.81662   0.01740   0.02576   1.80000  5
   0.07848  -1.83732  -0.06644  -0.16371   1.80000  6
   0.07516  -1.14287   0.01788  -0.10282   1.80000  7
   0.26018  -1.11456   0.04593  -0.04619   1.80000  8
   0.06287  -2.00538  -0.03443   0.35363   1.80000  9
   0.15912  -2.05887   0.06852   0.19079   1.80000 10
  -0.34716   0.13301   0.06543   0.04016   1.90000  1
  -0.43348   0.02932  -0.04189  -0.09756   1.90000  2
  -0.02995  -1.23232  -0.03608  -0.09824   1.90000  3
   0.13538  -1.13362  -0.01419  -0.10981   1.90000  4
   0.15161  -1.81475   0.00152   0.01123   1.90000  5
   0.07250  -1.85414  -0.05307  -0.17264   1.90000  6
   0.07749  -1.15359   0.02842  -0.11155   1.90000  7
   0.26317  -1.11972   0.01409  -0.05715   1.90000  8
   0.06027  -1.96897  -0.01739   0.37464   1.90000  9
   0.16522  -2.03830   0.05314   0.22092   1.90000 10
  -0.34098   0.13649   0.05806   0.02943   2.00000  1
  -0.43724   0.01996  -0.03341  -0.08966   2.00000  2
  -0.03215  -1.24176  -0.00789  -0.09077   2.00000  3
   0.13363  -1.14527  -0.02073  -0.12317   2.00000  4
   0.15093  -1.81445  -0.01537  -0.00561   2.00000  5
   0.06791  -1.87177  -0.03835  -0.17913   2.00000  6
   0.08082  -1.16516   0.03819  -0.11985   2.00000  7
   0.26300  -1.12602  -0.01754  -0.06910   2.00000  8
   0.05943  -1.93047   0.00091   0.39485   2.00000  9
   0.16970  -2.01462   0.03614   0.25302   2.00000 10
  -0.33554   0.13890   0.05086   0.01889   2.10000  1
  -0.44017   0.01138  -0.02514  -0.08194   2.10000  2
  -0.03151  -1.25050   0.02078  -0.08416   2.10000  3
   0.13125  -1.15825  -0.02680  -0.13645   2.10000  4
   0.14851  -1.81591  -0.03303  -0.02351   2.10000  5
   0.06489  -1.88970  -0.02184  -0.17765   2.10000  6
   0.08509  -1.17755   0.04706  -0.12782   2.10000  7
   0.25967  -1.13358  -0.04918  -0.08227   2.10000  8
   0.06048  -1.89022   0.02027   0.40852   2.10000  9
   0.17237  -1.98765   0.01700   0.28639   2.10000 10
  -0.33080   0.14027   0.04387   0.00859   2.20000  1
  -0.44228   0.00356  -0.01708  -0.07443   2.20000  2
  -0.02797  -1.25862   0.05019  -0.07838   2.20000  3
   0.12829  -1.17256  -0.03223  -0.14971   2.20000  4
   0.14431  -1.81911  -0.05085  -0.04018   2.20000  5
   0.06362  -1.90685  -0.00304  -0.16304   2.20000  6
   0.09020  -1.19072   0.05482  -0.13553   2.20000  7
   0.25316  -1.14253  -0.08103  -0.09696   2.20000  8
   0.06350  -1.84919   0.04006   0.41010   2.20000  9
   0.17301  -1.95735  -0.00469   0.31953   2.20000 10
  -0.32676   0.14063   0.03707  -0.00150   2.30000  1
  -0.44359  -0.00352  -0.00923  -0.06710   2.30000  2
  -0.02144  -1.26621   0.08058  -0.07346   2.30000  3
   0.12483  -1.18819  -0.03687  -0.16295   2.30000  4
   0.13839  -1.82379  -0.06716  -0.05235   2.30000  5
   0.06433  -1.92194   0.01726  -0.13735   2.30000  6
   0.09601  -1.20465   0.06114  -0.14311   2.30000  7
   0.24345  -1.15303  -0.11324  -0.11352   2.30000  8
   0.06847  -1.80855   0.05916   0.40127   2.30000  9
   0.17136  -1.92383  -0.02872   0.35008   2.30000 10
  -0.32339   0.13998   0.03042  -0.01142   2.40000  1
  -0.44413  -0.00987  -0.00155  -0.05994   2.40000  2
  -0.01182  -1.27335   0.11220  -0.06946   2.40000  3
   0.12095  -1.20515  -0.04050  -0.17617   2.40000  4
   0.13102  -1.82933  -0.07930  -0.05703   2.40000  5
   0.06705  -1.93409   0.03686  -0.10461   2.40000  6
   0.10237  -1.21934   0.06564  -0.15068   2.40000  7
   0.23050  -1.16531  -0.14582  -0.13245   2.40000  8
   0.07525  -1.76914   0.07582   0.38633   2.40000  9
   0.16723  -1.88750  -0.05377   0.37542   2.40000 10
  -0.32067   0.13835   0.02390  -0.02121   2.50000  1
  -0.44390  -0.01551   0.00600  -0.05288   2.50000  2
   0.00104  -1.28013   0.14517  -0.06652   2.50000  3
   0.11677  -1.22342  -0.04296  -0.18932   2.50000  4
   0.12273  -1.83490  -0.08563  -0.05273   2.50000  5
   0.07160  -1.94272   0.05350  -0.06746   2.50000  6
   0.10906  -1.23479   0.06780  -0.15839   2.50000  7
   0.21428  -1.17962  -0.17857  -0.15434   2.50000  8
   0.08351  -1.73135   0.08865   0.36930   2.50000  9
   0.16063  -1.84899  -0.07785   0.39354   2.50000 10
  -0.31860   0.13574   0.01746  -0.03092   2.60000  1
  -0.44293  -0.02044   0.01344  -0.04589   2.60000  2
   0.01726  -1.28669   0.17933  -0.06494   2.60000  3
   0.11240  -1.24300  -0.04407  -0.20229   2.60000  4
   0.11406  -1.83958  -0.08705  -0.03954   2.60000  5
   0.07762  -1.94751   0.06604  -0.02821   2.60000  6
   0.11582  -1.25103   0.06693  -0.16642   2.60000  7
   0.19480  -1.19630  -0.21080  -0.17985   2.60000  8
   0.09285  -1.69522   0.09757   0.35377   2.60000  9
   0.15176  -1.80905  -0.09884   0.40428   2.60000 10
  -0.31718   0.13216   0.01106  -0.04060   2.70000  1
  -0.44122  -0.02468   0.02081  -0.03890   2.70000  2
   0.03692  -1.29319   0.21381  -0.06530   2.70000  3
   0.10800  -1.26387  -0.04360  -0.21491   2.70000  4
   0.10541  -1.84259  -0.08564  -0.01990   2.70000  5
   0.08467  -1.94835   0.07442   0.01141   2.70000  6
   0.12232  -1.26809   0.06214  -0.17508   2.70000  7
   0.17218  -1.21573  -0.24096  -0.20962   2.70000  8
   0.10291  -1.66047   0.10297   0.34213   2.70000  9
   0.14103  -1.76828  -0.11502   0.41076   2.70000 10
  -0.31639   0.12762   0.00468  -0.05031   2.80000  1
  -0.43877  -0.02822   0.02816  -0.03187   2.80000  2
   0.05995  -1.29985   0.24609  -0.06875   2.80000  3
   0.10375  -1.28597  -0.04105  -0.22694   2.80000  4
   0.09698  -1.84347  -0.08265   0.00254   2.80000  5
   0.09237  -1.94525   0.07903   0.05047   2.80000  6
   0.12809  -1.28608   0.05250  -0.18495   2.80000  7
   0.14678  -1.23837  -0.26597  -0.24382   2.80000  8
   0.11333  -1.62662   0.10486   0.33587   2.80000  9
   0.12895  -1.72688  -0.12564   0.41776   2.80000 10
  -0.31624   0.12210  -0.00174  -0.06012   2.90000  1
  -0.43558  -0.03105   0.03553  -0.02473   2.90000  2
   0.08588  -1.30711   0.27040  -0.07757   2.90000  3
   0.09989  -1.30923  -0.03559  -0.23833   2.90000  4
   0.08893  -1.84207  -0.07824   0.02538   2.90000  5
   0.10037  -1.93828   0.08030   0.08861   2.90000  6
   0.13264  -1.30516   0.03767  -0.19704   2.90000  7
   0.11934  -1.26461  -0.28047  -0.28137   2.90000  8
   0.12374  -1.59307   0.10274   0.33631   2.90000  9
   0.11609  -1.68459  -0.13058   0.42887   2.90000 10
  -0.31674   0.11559  -0.00823  -0.07006   3.00000  1
  -0.43166  -0.03316   0.04293  -0.01743   3.00000  2
   0.11347  -1.31568   0.27802  -0.09553   3.00000  3
   0.09675  -1.33364  -0.02673  -0.24986   3.00000  4
   0.08139  -1.83840  -0.07223   0.04788   3.00000  5
   0.10833  -1.92756   0.07856   0.12575   3.00000  6
   0.13550  -1.32561   0.01907  -0.21262   3.00000  7
   0.09128  -1.29465  -0.27731  -0.31900   3.00000  8
   0.13371  -1.55909   0.09576   0.34479   3.00000  9
   0.10302  -1.64090  -0.12986   0.44608   3.00000 10
  -0.31789   0.10808  -0.01480  -0.08020   3.10000  1
  -0.42700  -0.03453   0.05041  -0.00993   3.10000  2
   0.14079  -1.32661   0.26534  -0.12514   3.10000  3
   0.09463  -1.35928  -0.01526  -0.26355   3.10000  4
   0.07454  -1.83250  -0.06447   0.07026   3.10000  5
   0.11599  -1.91316   0.07411   0.16196   3.10000  6
   0.13643  -1.34783  -0.00029  -0.23273   3.10000  7
   0.06455  -1.32830  -0.25432  -0.35342   3.10000  8
   0.14269  -1.52381   0.08271   0.36211   3.10000  9
   0.09031  -1.59513  -0.12343   0.47064   3.10000 10
  -0.31971   0.09954  -0.02150  -0.09058   3.20000  1
  -0.42158  -0.03514   0.05798  -0.00216   3.20000  2
   0.16604  -1.34102   0.23751  -0.16407   3.20000  3
   0.09374  -1.38648  -0.00251  -0.28096   3.20000  4
   0.06855  -1.82433  -0.05495   0.09320   3.20000  5
   0.12308  -1.89519   0.06723   0.19744   3.20000  6
   0.13550  -1.37232  -0.01802  -0.25766   3.20000  7
   0.04090  -1.36522  -0.21669  -0.38447   3.20000  8
   0.15000  -1.48643   0.06190   0.38614   3.20000  9
   0.07853  -1.54650  -0.11095   0.50313   3.20000 10
  -0.32220   0.08995  -0.02831  -0.10124   3.30000  1
  -0.41540  -0.03496   0.06566   0.00589   3.30000  2
   0.18794  -1.35956   0.19893  -0.20694   3.30000  3
   0.09414  -1.41550   0.01031  -0.29878   3.30000  4
   0.06360  -1.81381  -0.04378   0.11756   3.30000  5
   0.12936  -1.87369   0.05817   0.23259   3.30000  6
   0.13290  -1.39944  -0.03372  -0.28429   3.30000  7
   0.02156  -1.40504  -0.16846  -0.41041   3.30000  8
   0.15478  -1.44670   0.03255   0.40610   3.30000  9
   0.06835  -1.49435  -0.09136   0.53953   3.30000 10
  -0.32537   0.07928  -0.03522  -0.11219   3.40000  1
  -0.40844  -0.03395   0.07342   0.01423   3.40000  2
   0.20550  -1.38225   0.15077  -0.24512   3.40000  3
   0.09570  -1.44582   0.02020  -0.30443   3.40000  4
   0.05985  -1.80074  -0.03110   0.14437   3.40000  5
   0.13464  -1.84866   0.04714   0.26806   3.40000  6
   0.12878  -1.42884  -0.04854  -0.30089   3.40000  7
   0.00745  -1.44684  -0.11304  -0.42232   3.40000  8
   0.15639  -1.40607   0.00007   0.40087   3.40000  9
   0.06054  -1.43918  -0.06370   0.55742   3.40000 10
  -0.32924   0.06751  -0.04213  -0.12338   3.50000  1
  -0.40071  -0.03210   0.08119   0.02278   3.50000  2
   0.21789  -1.40811   0.09663  -0.26953   3.50000  3
   0.09802  -1.47576   0.02552  -0.29254   3.50000  4
   0.05743  -1.78482  -0.01708   0.17482   3.50000  5
   0.13873  -1.82003   0.03419   0.30481   3.50000  6
   0.12324  -1.45897  -0.06173  -0.29925   3.50000  7
  -0.00109  -1.48883  -0.05864  -0.41512   3.50000  8
   0.15501  -1.36760  -0.02640   0.36470   3.50000  9
   0.05577  -1.38437  -0.03154   0.53271   3.50000 10
  -0.33379   0.05461  -0.04886  -0.13464   3.60000  1
  -0.39221  -0.02939   0.08879   0.03136   3.60000  2
   0.22486  -1.43577   0.04340  -0.28257   3.60000  3
   0.10072  -1.50427   0.02816  -0.27818   3.60000  4
   0.05647  -1.76561  -0.00187   0.21018   3.60000  5
   0.14141  -1.78762   0.01916   0.34403   3.60000  6
   0.11659  -1.48851  -0.07055  -0.29189   3.60000  7
  -0.00446  -1.52970  -0.00954  -0.40233   3.60000  8
   0.15134  -1.33352  -0.04626   0.31629   3.60000  9
   0.05412  -1.33329  -0.00243   0.48775   3.60000 10
  -0.33899   0.04059  -0.05505  -0.14556   3.70000  1
  -0.38297  -0.02584   0.09585   0.03955   3.70000  2
   0.22670  -1.46454  -0.00623  -0.29293   3.70000  3
   0.10359  -1.53163   0.02881  -0.27055   3.70000  4
   0.05709  -1.74258   0.01438   0.25161   3.70000  5
   0.14247  -1.75111   0.00151   0.38692   3.70000  6
   0.10927  -1.51754  -0.07500  -0.28992   3.70000  7
  -0.00308  -1.56937   0.03699  -0.39145   3.70000  8
   0.14588  -1.30425  -0.06243   0.26996   3.70000  9
   0.05510  -1.28681   0.02117   0.44237   3.70000 10
  -0.34476   0.02553  -0.06007  -0.15543   3.80000  1
  -0.37308  -0.02152   0.10178   0.04660   3.80000  2
   0.22369  -1.49445  -0.05364  -0.30590   3.80000  3
   0.10642  -1.55866   0.02759  -0.27117   3.80000  4
   0.05938  -1.71508   0.03151   0.29936   3.80000  5
   0.14159  -1.71010  -0.01975   0.43371   3.80000  6
   0.10172  -1.54677  -0.07542  -0.29607   3.80000  7
   0.00296  -1.60804   0.08419  -0.38184   3.80000  8
   0.13893  -1.27931  -0.07619   0.23005   3.80000  9
   0.05819  -1.24469   0.04001   0.40069   3.80000 10
  -0.35094   0.00958  -0.06307  -0.16312   3.90000  1
  -0.36268  -0.01660   0.10572   0.05139   3.90000  2
   0.21595  -1.52588  -0.10144  -0.32335   3.90000  3
   0.10904  -1.58608   0.02459  -0.27779   3.90000  4
   0.06343  -1.68261   0.04985   0.34962   3.90000  5
   0.13837  -1.66437  -0.04535   0.47969   3.90000  6
   0.09434  -1.57698  -0.07118  -0.30869   3.90000  7
   0.01384  -1.64557   0.13371  -0.36683   3.90000  8
   0.13071  -1.25802  -0.08770   0.19682   3.90000  9
   0.06297  -1.20657   0.05487   0.36225   3.90000 10
  -0.35728  -0.00698  -0.06318  -0.16744   4.00000  1
  -0.35203  -0.01136   0.10682   0.05270   4.00000  2
   0.20329  -1.55922  -0.15249  -0.34331   4.00000  3
   0.11127  -1.61409   0.01943  -0.28034   4.00000  4
   0.06945  -1.64552   0.07122   0.38862   4.00000  5
   0.13249  -1.61478  -0.07154   0.50660   4.00000  6
   0.08768  -1.60842  -0.06106  -0.31814   4.00000  7
   0.02965  -1.68079   0.18142  -0.33401   4.00000  8
   0.12147  -1.23975  -0.09673   0.16934   4.00000  9
   0.06904  -1.17217   0.06611   0.32597   4.00000 10
  -0.36347  -0.02378  -0.06011  -0.16778   4.10000  1
  -0.34142  -0.00620   0.10479   0.04992   4.10000  2
   0.18534  -1.59430  -0.20655  -0.35612   4.10000  3
   0.11284  -1.64151   0.01169  -0.26493   4.10000  4
   0.07778  -1.60587   0.09540   0.39898   4.10000  5
   0.12438  -1.56445  -0.08871   0.49367   4.10000  6
   0.08231  -1.63993  -0.04574  -0.30833   4.10000  7
   0.04975  -1.71173   0.21835  -0.28272   4.10000  8
   0.11146  -1.22400  -0.10299   0.14627   4.10000  9
   0.07607  -1.14133   0.07387   0.29104   4.10000 10
  -0.36921  -0.04042  -0.05435  -0.16459   4.20000  1
  -0.33116  -0.00150   0.10013   0.04346   4.20000  2
   0.16218  -1.62991  -0.25464  -0.35397   4.20000  3
   0.11360  -1.66669   0.00371  -0.23805   4.20000  4
   0.08836  -1.56664   0.11475   0.38251   4.20000  5
   0.11506  -1.51686  -0.09669   0.45643   4.20000  6
   0.07865  -1.66957  -0.02702  -0.28342   4.20000  7
   0.07288  -1.73715   0.24213  -0.22555   4.20000  8
   0.10097  -1.21040  -0.10630   0.12615   4.20000  9
   0.08371  -1.11393   0.07829   0.25702   4.20000 10
  -0.37428  -0.05661  -0.04685  -0.15898   4.30000  1
  -0.32145   0.00241   0.09380   0.03444   4.30000  2
   0.13495  -1.66485  -0.28688  -0.34429   4.30000  3
   0.11362  -1.68919  -0.00326  -0.21280   4.30000  4
   0.10035  -1.52965   0.12301   0.35733   4.30000  5
   0.10520  -1.47313  -0.09974   0.41915   4.30000  6
   0.07698  -1.69657  -0.00610  -0.25689   4.30000  7
   0.09775  -1.75688   0.25300  -0.16945   4.30000  8
   0.09030  -1.19872  -0.10666   0.10766   4.30000  9
   0.09163  -1.08989   0.07968   0.22383   4.30000 10
  -0.37855  -0.07217  -0.03848  -0.15207   4.40000  1
  -0.31242   0.00534   0.08668   0.02396   4.40000  2
   0.10548  -1.69879  -0.29893  -0.33458   4.40000  3
   0.11295  -1.70947  -0.01009  -0.19388   4.40000  4
   0.11263  -1.49501   0.12135   0.33657   4.40000  5
   0.09525  -1.43277  -0.09871   0.38952   4.40000  6
   0.07743  -1.72104   0.01496  -0.23296   4.40000  7
   0.12298  -1.77119   0.24899  -0.11783   4.40000  8
   0.07973  -1.18885  -0.10423   0.08978   4.40000  9
   0.09956  -1.06914   0.07846   0.19149   4.40000 10
  -0.38197  -0.08701  -0.02981  -0.14466   4.50000  1
  -0.30412   0.00718   0.07934   0.01281   4.50000  2
   0.07587  -1.73172  -0.28999  -0.32352   4.50000  3
   0.11159  -1.72818  -0.01712  -0.18123   4.50000  4
   0.12441  -1.46207   0.11343   0.32355   4.50000  5
   0.08558  -1.39496  -0.09413   0.36791   4.50000  6
   0.07987  -1.74326   0.03310  -0.21183   4.50000  7
   0.14702  -1.78074   0.22929  -0.07478   4.50000  8
   0.06954  -1.18077  -0.09924   0.07175   4.50000  9
   0.10725  -1.05157   0.07513   0.16000   4.50000 10
  -0.38452  -0.10110  -0.02115  -0.13719   4.60000  1
  -0.29655   0.00789   0.07209   0.00144   4.60000  2
   0.04802  -1.76335  -0.26506  -0.30835   4.60000  3
   0.10955  -1.74586  -0.02349  -0.17313   4.60000  4
   0.13519  -1.43008   0.10169   0.31732   4.60000  5
   0.07651  -1.35895  -0.08684   0.35337   4.60000  6
   0.08388  -1.76350   0.04610  -0.19329   4.60000  7
   0.16847  -1.78651   0.19847  -0.04258   4.60000  8
   0.05996  -1.17452  -0.09193   0.05316   4.60000  9
   0.11453  -1.03711   0.07011   0.12924   4.60000 10
  -0.38620  -0.11445  -0.01262  -0.12989   4.70000  1
  -0.28970   0.00747   0.06507  -0.00992   4.70000  2
   0.02313  -1.79327  -0.23199  -0.28971   4.70000  3
   0.10695  -1.76289  -0.02811  -0.16759   4.70000  4
   0.14467  -1.39843   0.08744   0.31636   4.70000  5
   0.06827  -1.32409  -0.07771   0.34482   4.70000  6
   0.08892  -1.78199   0.05398  -0.17680   4.70000  7
   0.18655  -1.78958   0.16261  -0.02013   4.70000  8
   0.05123  -1.17016  -0.08241   0.03385   4.70000  9
   0.12123  -1.02570   0.06374   0.09902   4.70000 10
  -0.38705  -0.12709  -0.00428  -0.12286   4.80000  1
  -0.28353   0.00591   0.05832  -0.02120   4.80000  2
   0.00170  -1.82124  -0.19646  -0.26946   4.80000  3
   0.10400  -1.77942  -0.03049  -0.16317   4.80000  4
   0.15262  -1.36667   0.07130   0.31945   4.80000  5
   0.06101  -1.28983  -0.06745   0.34115   4.80000  6
   0.09455  -1.79890   0.05804  -0.16165   4.80000  7
   0.20095  -1.79080   0.12547  -0.00535   4.80000  8
   0.04355  -1.16777  -0.07072   0.01404   4.80000  9
   0.12724  -1.01730   0.05627   0.06905   4.80000 10
  -0.38707  -0.13904   0.00388  -0.11612   4.90000  1
  -0.27802   0.00323   0.05184  -0.03237   4.90000  2
  -0.01618  -1.84715  -0.16131  -0.24891   4.90000  3
   0.10093  -1.79553  -0.03065  -0.15903   4.90000  4
   0.15887  -1.33443   0.05352   0.32571   4.90000  5
   0.05481  -1.25574  -0.05651   0.34093   4.90000  6
   0.10044  -1.81434   0.05940  -0.14726   4.90000  7
   0.21166  -1.79084   0.08883   0.00350   4.90000  8
   0.03716  -1.16735  -0.05678  -0.00543   4.90000  9
   0.13245  -1.01189   0.04779   0.03898   4.90000 10
  -0.38628  -0.15032   0.01190  -0.10966   5.00000  1
  -0.27315  -0.00056   0.04561  -0.04345   5.00000  2
  -0.03061  -1.87103  -0.12762  -0.22867   5.00000  3
   0.09794  -1.81122  -0.02887  -0.15470   5.00000  4
   0.16327  -1.30144   0.03410   0.33447   5.00000  5
   0.04972  -1.22160  -0.04507   0.34200   5.00000  6
   0.10636  -1.82837   0.05866  -0.13334   5.00000  7
   0.21876  -1.79025   0.05348   0.00761   5.00000  8
   0.03227  -1.16878  -0.04048  -0.02272   5.00000  9
   0.13676  -1.00952   0.03830   0.00846   5.00000 10
  -0.38469  -0.16098   0.01980  -0.10345   5.10000  1
  -0.26889  -0.00545   0.03959  -0.05448   5.10000  2
  -0.04176  -1.89290  -0.09559  -0.20890   5.10000  3
   0.09521  -1.82645  -0.02548  -0.14989   5.10000  4
   0.16563  -1.26748   0.01294   0.34503   5.10000  5
   0.04581  -1.18740  -0.03290   0.34131   5.10000  6
   0.11211  -1.84102   0.05610  -0.11981   5.10000  7
   0.22241  -1.78945   0.01977   0.00785   5.10000  8
   0.02914  -1.17172  -0.02189  -0.03481   5.10000  9
   0.14007  -1.01023   0.02766  -0.02284   5.10000 10
  -0.38232  -0.17102   0.02762  -0.09745   5.20000  1
  -0.26523  -0.01145   0.03376  -0.06553   5.20000  2
  -0.04978  -1.91283  -0.06510  -0.18958   5.20000  3
   0.09288  -1.84117  -0.02081  -0.14439   5.20000  4
   0.16580  -1.23240  -0.00998   0.35661   5.20000  5
   0.04319  -1.15349  -0.01929   0.33600   5.20000  6
   0.11752  -1.85234   0.05188  -0.10668   5.20000  7
   0.22277  -1.78879  -0.01219   0.00477   5.20000  8
   0.02796  -1.17547  -0.00150  -0.03867   5.20000  9
   0.14224  -1.01412   0.01560  -0.05508   5.20000 10
  -0.37917  -0.18047   0.03541  -0.09162   5.30000  1
  -0.26214  -0.01856   0.02807  -0.07664   5.30000  2
  -0.05482  -1.93083  -0.03588  -0.17056   5.30000  3
   0.09108  -1.85530  -0.01523  -0.13804   5.30000  4
   0.16359  -1.19616  -0.03440   0.36824   5.30000  5
   0.04203  -1.12038  -0.00335   0.32535   5.30000  6
   0.12243  -1.86237   0.04611  -0.09399   5.30000  7
   0.22003  -1.78859  -0.04233  -0.00123   5.30000  8
   0.02887  -1.17915   0.01980  -0.03350   5.30000  9
   0.14313  -1.02127   0.00180  -0.08801   5.30000 10
  -0.37524  -0.18935   0.04322  -0.08591   5.40000  1
  -0.25961  -0.02679   0.02251  -0.08790   5.40000  2
  -0.05699  -1.94694  -0.00766  -0.15165   5.40000  3
   0.08986  -1.86875  -0.00909  -0.13069   5.40000  4
   0.15889  -1.15879  -0.05960   0.37878   5.40000  5
   0.04261  -1.08856   0.01532   0.31034   5.40000  6
   0.12670  -1.87116   0.03890  -0.08181   5.40000  7
   0.21437  -1.78913  -0.07064  -0.00990   5.40000  8
   0.03191  -1.18192   0.04100  -0.02078   5.40000  9
   0.14254  -1.03171  -0.01395  -0.12048   5.40000 10
  -0.37052  -0.19766   0.05107  -0.08027   5.50000  1
  -0.25763  -0.03615   0.01703  -0.09937   5.50000  2
  -0.05638  -1.96116   0.01984  -0.13262   5.50000  3
   0.08926  -1.88141  -0.00277  -0.12226   5.50000  4
   0.15168  -1.12049  -0.08436   0.38647   5.50000  5
   0.04517  -1.05844   0.03620   0.29137   5.50000  6
   0.13017  -1.87875   0.03032  -0.07018   5.50000  7
   0.20597  -1.79066  -0.09703  -0.02110   5.50000  8
   0.03703  -1.18312   0.06107  -0.00244   5.50000  9
   0.14028  -1.04526  -0.03137  -0.14961   5.50000 10
  -0.36502  -0.20540   0.05902  -0.07467   5.60000  1
  -0.25620  -0.04667   0.01163  -0.11113   5.60000  2
  -0.05304  -1.97345   0.04687  -0.11322   5.60000  3
   0.08930  -1.89316   0.00336  -0.11265   5.60000  4
   0.14209  -1.08171  -0.10708   0.38764   5.60000  5
   0.04987  -1.03043   0.05762   0.26809   5.60000  6
   0.13272  -1.88522   0.02041  -0.05920   5.60000  7
   0.19503  -1.79343  -0.12137  -0.03474   5.60000  8
   0.04406  -1.18227   0.07908   0.01981   5.60000  9
   0.13624  -1.06133  -0.04955  -0.16994   5.60000 10
  -0.35871  -0.21259   0.06709  -0.06906   5.70000  1
  -0.25530  -0.05839   0.00630  -0.12325   5.70000  2
  -0.04701  -1.98378   0.07363  -0.09317   5.70000  3
   0.08992  -1.90389   0.00892  -0.10182   5.70000  4
   0.13039  -1.04334  -0.12615   0.37789   5.70000  5
   0.05663  -1.00495   0.07716   0.24106   5.70000  6
   0.13421  -1.89062   0.00918  -0.04897   5.70000  7
   0.18177  -1.79768  -0.14343  -0.05076   5.70000  8
   0.05276  -1.17908   0.09450   0.04435   5.70000  9
   0.13039  -1.07876  -0.06720  -0.17627   5.70000 10
  -0.35160  -0.21921   0.07530  -0.06339   5.80000  1
  -0.25494  -0.07134   0.00103  -0.13582   5.80000  2
  -0.03832  -1.99205   0.10028  -0.07213   5.80000  3
   0.09105  -1.91349   0.01347  -0.08979   5.80000  4
   0.11701  -1.00645  -0.14062   0.35886   5.80000  5
   0.06517  -0.98227   0.09271   0.21250   5.80000  6
   0.13451  -1.89504  -0.00339  -0.03969   5.80000  7
   0.16643  -1.80366  -0.16287  -0.06911   5.80000  8
   0.06286  -1.17338   0.10707   0.06965   5.80000  9
   0.12286  -1.09620  -0.08299  -0.17109   5.80000 10
  -0.34365  -0.22526   0.08368  -0.05762   5.90000  1
  -0.25509  -0.08557  -0.00416  -0.14891   5.90000  2
  -0.02696  -1.99816   0.12688  -0.04970   5.90000  3
   0.09256  -1.92181   0.01655  -0.07662   5.90000  4
   0.10244  -0.97169  -0.14998   0.33598   5.90000  5
   0.07500  -0.96241   0.10283   0.18513   5.90000  6
   0.13348  -1.89860  -0.01735  -0.03165   5.90000  7
   0.14930  -1.81158  -0.17922  -0.08968   5.90000  8
   0.07407  -1.16517   0.11644   0.09416   5.90000  9
   0.11390  -1.11283  -0.09568  -0.16109   5.90000 10
  -0.33485  -0.23073   0.09221  -0.05175   6.00000  1
  -0.25576  -0.10114  -0.00923  -0.16259   6.00000  2
  -0.01295  -2.00193   0.15332  -0.02541   6.00000  3
   0.09429  -1.92878   0.01763  -0.06251   6.00000  4
   0.08721  -0.93928  -0.15353   0.31210   6.00000  5
   0.08552  -0.94514   0.10656   0.16092   6.00000  6
   0.13099  -1.90143  -0.03271  -0.02526   6.00000  7
   0.13071  -1.82166  -0.19183  -0.11224   6.00000  8
   0.08602  -1.15463   0.12172   0.11607   6.00000  9
   0.10387  -1.12836  -0.10413  -0.14935   6.00000 10
  -0.32520  -0.23561   0.10082  -0.04578   6.10000  1
  -0.25693  -0.11811  -0.01409  -0.17687   6.10000  2
   0.00369  -2.00316   0.17921   0.00128   6.10000  3
   0.09600  -1.93430   0.01620  -0.04784   6.10000  4
   0.07193  -0.90928  -0.15115   0.28805   6.10000  5
   0.09609  -0.93009   0.10383   0.14063   6.10000  6
   0.12690  -1.90372  -0.04937  -0.02105   6.10000  7
   0.11108  -1.83408  -0.19992  -0.13633   6.10000  8
   0.09824  -1.14211   0.12177   0.13354   6.10000  9
   0.09325  -1.14263  -0.10731  -0.13561   6.10000 10
  -0.31469  -0.23989   0.10938  -0.03982   6.20000  1
  -0.25857  -0.13653  -0.01858  -0.19173   6.20000  2
   0.02285  -2.00158   0.20355   0.03084   6.20000  3
   0.09743  -1.93835   0.01182  -0.03320   6.20000  4
   0.05714  -0.88166  -0.14395   0.26446   6.20000  5
   0.10611  -0.91690   0.09593   0.12380   6.20000  6
   0.12109  -1.90573  -0.06693  -0.01968   6.20000  7
   0.09091  -1.84895  -0.20246  -0.16116   6.20000  8
   0.11019  -1.12810   0.11638   0.14581   6.20000  9
   0.08259  -1.15540  -0.10513  -0.11931   6.20000 10
  -0.30334  -0.24358   0.11763  -0.03410   6.30000  1
  -0.26063  -0.15646  -0.02241  -0.20696   6.30000  2
   0.04428  -1.99689   0.22424   0.06331   6.30000  3
   0.09826  -1.94097   0.00439  -0.01941   6.30000  4
   0.04324  -0.85635  -0.13372   0.24198   6.30000  5
   0.11517  -0.90525   0.08476   0.10943   6.30000  6
   0.11351  -1.90777  -0.08454  -0.02171   6.30000  7
   0.07082  -1.86629  -0.19817  -0.18535   6.30000  8
   0.12138  -1.11308   0.10684   0.15402   6.30000  9
   0.07235  -1.16643  -0.09901  -0.10121   6.30000 10
  -0.29119  -0.24674   0.12513  -0.02913   6.40000  1
  -0.26302  -0.17792  -0.02512  -0.22213   6.40000  2
   0.06745  -1.98886   0.23757   0.09745   6.40000  3
   0.09822  -1.94229  -0.00552  -0.00732   6.40000  4
   0.03044  -0.83321  -0.12204   0.22109   6.40000  5
   0.12301  -0.89496   0.07197   0.09659   6.40000  6
   0.10423  -1.91019  -0.10056  -0.02730   6.40000  7
   0.05156  -1.88592  -0.18557  -0.20657   6.40000  8
   0.13148  -1.09737   0.09497   0.16006   6.40000  9
   0.06285  -1.17563  -0.09083  -0.08274   6.40000 10
  -0.27836  -0.24946   0.13121  -0.02579   6.50000  1
  -0.26559  -0.20086  -0.02598  -0.23642   6.50000  2
   0.09139  -1.97747   0.23878   0.12950   6.50000  3
   0.09712  -1.94250  -0.01655   0.00256   6.50000  4
   0.01884  -0.81207  -0.10993   0.20195   6.50000  5
   0.12954  -0.88591   0.05861   0.08464   6.50000  6
   0.09353  -1.91333  -0.11259  -0.03573   6.50000  7
   0.03402  -1.90739  -0.16371  -0.22127   6.50000  8
   0.14034  -1.08109   0.08210   0.16544   6.50000  9
   0.05421  -1.18300  -0.08195  -0.06489   6.50000 10
  -0.26502  -0.25199   0.13508  -0.02534   6.60000  1
  -0.26812  -0.22514  -0.02418  -0.24865   6.60000  2
   0.11471  -1.96321   0.22528   0.15407   6.60000  3
   0.09493  -1.94185  -0.02697   0.01027   6.60000  4
   0.00845  -0.79276  -0.09794   0.18454   6.60000  5
   0.13473  -0.87802   0.04527   0.07320   6.60000  6
   0.08193  -1.91737  -0.11826  -0.04504   6.60000  7
   0.01908  -1.92984  -0.13414  -0.22597   6.60000  8
   0.14789  -1.06427   0.06894   0.17101   6.60000  9
   0.04646  -1.18864  -0.07308  -0.04810   6.60000 10
  -0.25144  -0.25467   0.13621  -0.02898   6.70000  1
  -0.27032  -0.25048  -0.01912  -0.25768   6.70000  2
   0.13603  -1.94702   0.19959   0.16794   6.70000  3
   0.09179  -1.94051  -0.03569   0.01614   6.70000  4
  -0.00076  -0.77511  -0.08636   0.16874   6.70000  5
   0.13861  -0.87126   0.03223   0.06203   6.70000  6
   0.07011  -1.92229  -0.11697  -0.05299   6.70000  7
   0.00731  -1.95222  -0.10109  -0.21999   6.70000  8
   0.15413  -1.04687   0.05577   0.17720   6.70000  9
   0.03958  -1.19266  -0.06456  -0.03241   6.70000 10
  -0.23787  -0.25794   0.13470  -0.03722   6.80000  1
  -0.27184  -0.27655  -0.01084  -0.26310   6.80000  2
   0.15441  -1.92995   0.16729   0.17201   6.80000  3
   0.08785  -1.93867  -0.04273   0.02031   6.80000  4
  -0.00884  -0.75896  -0.07532   0.15439   6.80000  5
   0.14120  -0.86561   0.01964   0.05101   6.80000  6
   0.05871  -1.92788  -0.11032  -0.05848   6.80000  7
  -0.00116  -1.97355  -0.06858  -0.20540   6.80000  8
   0.15905  -1.02880   0.04265   0.18422   6.80000  9
   0.03353  -1.19516  -0.05648  -0.01772   6.80000 10
  -0.22456  -0.26225   0.13135  -0.04953   6.90000  1
  -0.27240  -0.30300  -0.00006  -0.26554   6.90000  2
   0.16943  -1.91285   0.13317   0.16919   6.90000  3
   0.08328  -1.93651  -0.04859   0.02262   6.90000  4
  -0.01584  -0.74419  -0.06489   0.14136   6.90000  5
   0.14255  -0.86105   0.00760   0.04008   6.90000  6
   0.04815  -1.93391  -0.10045  -0.06166   6.90000  7
  -0.00650  -1.99310  -0.03875  -0.18480   6.90000  8
   0.16266  -1.00999   0.02951   0.19214   6.90000  9
   0.02827  -1.19623  -0.04889  -0.00386   6.90000 10
  -0.21163  -0.26795   0.12711  -0.06481   7.00000  1
  -0.27180  -0.32960   0.01237  -0.26618   7.00000  2
   0.18107  -1.89625   0.09986   0.16217   7.00000  3
   0.07816  -1.93422  -0.05367   0.02297   7.00000  4
  -0.02184  -0.73065  -0.05510   0.12950   7.00000  5
   0.14274  -0.85759  -0.00384   0.02927   7.00000  6
   0.03868  -1.94016  -0.08885  -0.06304   7.00000  7
  -0.00903  -2.01038  -0.01234  -0.16015   7.00000  8
   0.16494  -0.99035   0.01622   0.20093   7.00000  9
   0.02374  -1.19595  -0.04177   0.00936   7.00000 10
  -0.19914  -0.27528   0.12273  -0.08208   7.10000  1
  -0.26989  -0.35622   0.02583  -0.26613   7.10000  2
   0.18947  -1.88050   0.06840   0.15270   7.10000  3
   0.07257  -1.93198  -0.05811   0.02134   7.10000  4
  -0.02688  -0.71825  -0.04597   0.11870   7.10000  5
   0.14181  -0.85519  -0.01462   0.01871   7.10000  6
   0.03041  -1.94647  -0.07631  -0.06302   7.10000  7
  -0.00909  -2.02504   0.01053  -0.13281   7.10000  8
   0.16589  -0.96978   0.00261   0.21048   7.10000  9
   0.01990  -1.19438  -0.03510   0.02211   7.10000 10
  -0.18707  -0.28441   0.11864  -0.10069   7.20000  1
  -0.26661  -0.38283   0.04002  -0.26618   7.20000  2
   0.19482  -1.86576   0.03902   0.14178   7.20000  3
   0.06656  -1.93001  -0.06186   0.01787   7.20000  4
  -0.03105  -0.70688  -0.03753   0.10886   7.20000  5
   0.13984  -0.85383  -0.02469   0.00873   7.20000  6
   0.02343  -1.95272  -0.06325  -0.06180   7.20000  7
  -0.00703  -2.03688   0.03002  -0.10364   7.20000  8
   0.16545  -0.94824  -0.01153   0.22049   7.20000  9
   0.01671  -1.19154  -0.02885   0.03458   7.20000 10
  -0.17539  -0.29545   0.11508  -0.12031   7.30000  1
  -0.26187  -0.40947   0.05489  -0.26681   7.30000  2
   0.19734  -1.85217   0.01161   0.12993   7.30000  3
   0.06022  -1.92846  -0.06477   0.01274   7.30000  4
  -0.03441  -0.69645  -0.02981   0.09989   7.30000  5
   0.13690  -0.85341  -0.03400  -0.00009   7.30000  6
   0.01777  -1.95879  -0.04990  -0.05949   7.30000  7
  -0.00319  -2.04573   0.04633  -0.07320   7.30000  8
   0.16356  -0.92569  -0.02640   0.23042   7.30000  9
   0.01412  -1.18746  -0.02302   0.04693   7.30000 10
  -0.16404  -0.30850   0.11216  -0.14085   7.40000  1
  -0.25560  -0.43622   0.07056  -0.26829   7.40000  2
   0.19720  -1.83980  -0.01405   0.11735   7.40000  3
   0.05364  -1.92751  -0.06665   0.00615   7.40000  4
  -0.03704  -0.68688  -0.02289   0.09174   7.40000  5
   0.13306  -0.85378  -0.04259  -0.00681   7.40000  6
   0.01346  -1.96458  -0.03641  -0.05612   7.40000  7
   0.00213  -2.05149   0.05963  -0.04187   7.40000  8
   0.16014  -0.90218  -0.04218   0.23939   7.40000  9
   0.01209  -1.18215  -0.01759   0.05932   7.40000 10
  -0.15294  -0.32365   0.10994  -0.16235   7.50000  1
  -0.24772  -0.46316   0.08725  -0.27077   7.50000  2
   0.19458  -1.82872  -0.03816   0.10411   7.50000  3
   0.04694  -1.92728  -0.06727  -0.00166   7.50000  4
  -0.03902  -0.67808  -0.01681   0.08433   7.50000  5
   0.12840  -0.85466  -0.05065  -0.01020   7.50000  6
   0.01049  -1.96998  -0.02289  -0.05166   7.50000  7
   0.00864  -2.05408   0.07004  -0.00994   7.50000  8
   0.15509  -0.87788  -0.05891   0.24623   7.50000  9
   0.01059  -1.17559  -0.01255   0.07190   7.50000 10
  -0.14202  -0.34101   0.10846  -0.18500   7.60000  1
  -0.23811  -0.49041   0.10526  -0.27428   7.60000  2
   0.18961  -1.81900  -0.06092   0.09014   7.60000  3
   0.04024  -1.92787  -0.06639  -0.01041   7.60000  4
  -0.04043  -0.66999  -0.01166   0.07760   7.60000  5
   0.12294  -0.85566  -0.05857  -0.00909   7.60000  6
   0.00888  -1.97488  -0.00944  -0.04603   7.60000  7
   0.01605  -2.05347   0.07762   0.02233   7.60000  8
   0.14833  -0.85304  -0.07648   0.24990   7.60000  9
   0.00957  -1.16776  -0.00790   0.08484   7.60000 10
  -0.13122  -0.36070   0.10781  -0.20903   7.70000  1
  -0.22661  -0.51805   0.12497  -0.27879   7.70000  2
   0.18243  -1.81072  -0.08248   0.07532   7.70000  3
   0.03372  -1.92938  -0.06374  -0.01981   7.70000  4
  -0.04138  -0.66254  -0.00754   0.07144   7.70000  5
   0.11667  -0.85631  -0.06691  -0.00302   7.70000  6
   0.00860  -1.97914   0.00388  -0.03909   7.70000  7
   0.02407  -2.04962   0.08233   0.05463   7.70000  8
   0.13977  -0.82802  -0.09466   0.25005   7.70000  9
   0.00899  -1.15861  -0.00365   0.09831   7.70000 10
  -0.12043  -0.38287   0.10807  -0.23481   7.80000  1
  -0.21304  -0.54619   0.14679  -0.28414   7.80000  2
   0.17315  -1.80397  -0.10293   0.05944   7.80000  3
   0.02756  -1.93184  -0.05900  -0.02941   7.80000  4
  -0.04198  -0.65569  -0.00456   0.06565   7.80000  5
   0.10952  -0.85612  -0.07618   0.00751   7.80000  6
   0.00964  -1.98264   0.01693  -0.03063   7.80000  7
   0.03242  -2.04255   0.08408   0.08651   7.80000  8
   0.12938  -0.80313  -0.11337   0.24735   7.80000  9
   0.00882  -1.14807   0.00017   0.11251   7.80000 10
  -0.10957  -0.40773   0.10941  -0.26277   7.90000  1
  -0.19717  -0.57490   0.17121  -0.28999   7.90000  2
   0.16188  -1.79888  -0.12230   0.04227   7.90000  3
   0.02200  -1.93525  -0.05185  -0.03860   7.90000  4
  -0.04234  -0.64941  -0.00277   0.05989   7.90000  5
   0.10139  -0.85469  -0.08671   0.02146   7.90000  6
   0.01197  -1.98521   0.02957  -0.02036   7.90000  7
   0.04078  -2.03235   0.08275   0.11735   7.90000  8
   0.11708  -0.77860  -0.13280   0.24310   7.90000  9
   0.00901  -1.13607   0.00350   0.12764   7.90000 10
  -0.09851  -0.43552   0.11202  -0.29344   8.00000  1
  -0.17870  -0.60419   0.19861  -0.29568   8.00000  2
   0.14873  -1.79557  -0.14056   0.02352   8.00000  3
   0.01728  -1.93952  -0.04196  -0.04653   8.00000  4
  -0.04257  -0.64373  -0.00210   0.05352   8.00000  5
   0.09213  -0.85175  -0.09865   0.03780   8.00000  6
   0.01554  -1.98664   0.04155  -0.00795   8.00000  7
   0.04886  -2.01915   0.07825   0.14624   8.00000  8
   0.10278  -0.75452  -0.15344   0.23856   8.00000  9
   0.00950  -1.12251   0.00628   0.14396   8.00000 10
  -0.08711  -0.46653   0.11621  -0.32747   8.10000  1
  -0.15734  -0.63399   0.22913  -0.30008   8.10000  2
   0.13381  -1.79424  -0.15756   0.00283   8.10000  3
   0.01370  -1.94447  -0.02917  -0.05198   8.10000  4
  -0.04278  -0.63876  -0.00205   0.04551   8.10000  5
   0.08161  -0.84707  -0.11210   0.05595   8.10000  6
   0.02025  -1.98672   0.05248   0.00689   8.10000  7
   0.05633  -2.00320   0.07063   0.17204   8.10000  8
   0.08632  -0.73087  -0.17598   0.23455   8.10000  9
   0.01024  -1.10723   0.00840   0.16176   8.10000 10
