  -0.10234  -1.46336  -0.04679   0.02041   0.10000  1
  -0.29618  -1.47938   0.06372   0.02140   0.10000  2
   0.09295   0.49620  -0.07262  -0.03884   0.10000  3
  -0.08969   0.42640   0.01652  -0.02090   0.10000  4
  -0.48551   0.06352   0.07020   0.03962   0.10000  5
  -0.32219   0.17130  -0.00627  -0.00172   0.10000  6
   0.14025  -0.92177  -0.04136   0.03398   0.10000  7
   0.04581  -0.75129   0.01702  -0.05100   0.10000  8
   0.20141   2.13871  -0.00684   0.05228   0.10000  9
   0.17800   2.33189   0.00642  -0.05523   0.10000 10
  -0.10942  -1.46031  -0.09510   0.04053   0.20000  1
  -0.28656  -1.47614   0.12913   0.04358   0.20000  2
   0.08199   0.49032  -0.14702  -0.07925   0.20000  3
  -0.08719   0.42329   0.03358  -0.04101   0.20000  4
  -0.47492   0.06951   0.14203   0.08073   0.20000  5
  -0.32315   0.17102  -0.01299  -0.00421   0.20000  6
   0.13403  -0.91662  -0.08320   0.06942   0.20000  7
   0.04838  -0.75902   0.03441  -0.10392   0.20000  8
   0.20038   2.14661  -0.01386   0.10621   0.20000  9
   0.17897   2.32355   0.01302  -0.11209   0.20000 10
  -0.12145  -1.45527  -0.14605   0.06002   0.30000  1
  -0.27026  -1.47060   0.19756   0.06744   0.30000  2
   0.06343   0.48024  -0.22483  -0.12296   0.30000  3
  -0.08295   0.41825   0.05147  -0.05948   0.30000  4
  -0.45700   0.07977   0.21702   0.12492   0.30000  5
  -0.32482   0.17041  -0.02044  -0.00824   0.30000  6
   0.12358  -0.90779  -0.12573   0.10763   0.30000  7
   0.05271  -0.77220   0.05226  -0.16055   0.30000  8
   0.19863   2.16005  -0.02122   0.16309   0.30000  9
   0.18061   2.30938   0.01995  -0.17186   0.30000 10
  -0.13870  -1.44834  -0.19887   0.07832   0.40000  1
  -0.24696  -1.46256   0.26843   0.09408   0.40000  2
   0.03688   0.46555  -0.30686  -0.17203   0.40000  3
  -0.07689   0.41148   0.06938  -0.07548   0.40000  4
  -0.43138   0.09465   0.29619   0.17368   0.40000  5
  -0.32725   0.16930  -0.02808  -0.01418   0.40000  6
   0.10888  -0.89499  -0.16809   0.14875   0.40000  7
   0.05882  -0.79128   0.06961  -0.22154   0.40000  8
   0.19612   2.17933  -0.02883   0.22253   0.40000  9
   0.18297   2.28908   0.02713  -0.23413   0.40000 10
  -0.16103  -1.43966  -0.24493   0.09506   0.50000  1
  -0.21674  -1.45166   0.33328   0.12450   0.50000  2
   0.00200   0.44560  -0.39041  -0.22823   0.50000  3
  -0.06921   0.40324   0.08246  -0.08902   0.50000  4
  -0.39767   0.11467   0.37792   0.22738   0.50000  5
  -0.33033   0.16755  -0.03223  -0.02063   0.50000  6
   0.09011  -0.87809  -0.20584   0.18779   0.50000  7
   0.06648  -0.81653   0.08188  -0.28248   0.50000  8
   0.19288   2.20441  -0.03572   0.27679   0.50000  9
   0.18602   2.26270   0.03359  -0.29115   0.50000 10
  -0.18657  -1.42934  -0.25736   0.11180   0.60000  1
  -0.18139  -1.43756   0.36543   0.15778   0.60000  2
  -0.04084   0.41969  -0.46250  -0.29038   0.60000  3
  -0.06108   0.39363   0.07454  -0.10454   0.60000  4
  -0.35602   0.14015   0.45229   0.28145   0.60000  5
  -0.33316   0.16540  -0.01984  -0.01989   0.60000  6
   0.06827  -0.85813  -0.22671   0.20530   0.60000  7
   0.07462  -0.84716   0.07671  -0.32446   0.60000  8
   0.18911   2.23366  -0.03876   0.30023   0.60000  9
   0.18956   2.23188   0.03620  -0.31727   0.60000 10
  -0.21063  -1.41715  -0.21618   0.13292   0.70000  1
  -0.14549  -1.42014   0.34509   0.19026   0.70000  2
  -0.08939   0.38756  -0.50227  -0.35175   0.70000  3
  -0.05591   0.38184   0.01963  -0.13486   0.70000  4
  -0.30810   0.17058   0.50092   0.32468   0.70000  5
  -0.33294   0.16439   0.03255   0.00526   0.70000  6
   0.04570  -0.83857  -0.22084   0.17846   0.70000  7
   0.08087  -0.87999   0.04410  -0.32530   0.70000  8
   0.18535   2.26263  -0.03543   0.27144   0.70000  9
   0.19303   2.20107   0.03243  -0.29111   0.70000 10
  -0.22886  -1.40257  -0.14610   0.15955   0.80000  1
  -0.11327  -1.39954   0.29728   0.22176   0.80000  2
  -0.14043   0.34932  -0.51665  -0.41447   0.80000  3
  -0.05876   0.36584  -0.08261  -0.18903   0.80000  4
  -0.25659   0.20480   0.52764   0.36020   0.80000  5
  -0.32518   0.16755   0.12834   0.06280   0.80000  6
   0.02459  -0.82347  -0.20032   0.12060   0.80000  7
   0.08293  -0.91132  -0.00411  -0.29916   0.80000  8
   0.18214   2.28700  -0.02864   0.21372   0.80000  9
   0.19593   2.17460   0.02518  -0.23597   0.80000 10
  -0.23970  -1.38511  -0.07067   0.19019   0.90000  1
  -0.08612  -1.37572   0.24593   0.25519   0.90000  2
  -0.19255   0.30409  -0.52191  -0.49153   0.90000  3
  -0.07330   0.34333  -0.21172  -0.26437   0.90000  4
  -0.20266   0.24307   0.54749   0.40607   0.90000  5
  -0.30648   0.17776   0.24827   0.14495   0.90000  6
   0.00567  -0.81471  -0.17838   0.05407   0.90000  7
   0.07997  -0.93974  -0.05508  -0.26979   0.90000  8
   0.17964   2.30526  -0.02137   0.15164   0.90000  9
   0.19806   2.15399   0.01744  -0.17642   0.90000 10
  -0.24302  -1.36441   0.00410   0.22449   1.00000  1
  -0.06398  -1.34836   0.19762   0.29300   1.00000  2
  -0.24265   0.25215  -0.46744  -0.53517   1.00000  3
  -0.10160   0.31251  -0.35402  -0.35150   1.00000  4
  -0.14908   0.28470   0.51236   0.41274   1.00000  5
  -0.27520   0.19717   0.37617   0.24415   1.00000  6
  -0.01117  -0.81269  -0.15880  -0.01374   1.00000  7
   0.07193  -0.96549  -0.10560  -0.24669   1.00000  8
   0.17785   2.31743  -0.01444   0.09221   1.00000  9
   0.19943   2.13922   0.01006  -0.11949   1.00000 10
  -0.23888  -1.34006   0.07879   0.26339   1.10000  1
  -0.04649  -1.31690   0.15243   0.33733   1.10000  2
  -0.28403   0.19969  -0.35189  -0.50148   1.10000  3
  -0.14288   0.27423  -0.46087  -0.40471   1.10000  4
  -0.10217   0.32269   0.41682   0.33545   1.10000  5
  -0.23252   0.22567   0.46762   0.31559   1.10000  6
  -0.02618  -0.81751  -0.14189  -0.08303   1.10000  7
   0.05885  -0.98938  -0.15616  -0.23278   1.10000  8
   0.17674   2.32380  -0.00789   0.03566   1.10000  9
   0.20008   2.13000   0.00304  -0.06542   1.10000 10
  -0.22719  -1.31151   0.15578   0.30902   1.20000  1
  -0.03344  -1.28059   0.10876   0.39075   1.20000  2
  -0.31231   0.15354  -0.21532  -0.41892   1.20000  3
  -0.19164   0.23322  -0.50202  -0.40763   1.20000  4
  -0.06668   0.35074   0.29333   0.22590   1.20000  5
  -0.18358   0.25798   0.50013   0.31963   1.20000  6
  -0.03963  -0.82944  -0.12739  -0.15652   1.20000  7
   0.04065  -1.01242  -0.20797  -0.23000   1.20000  8
   0.17626   2.32461  -0.00155  -0.01936   1.20000  9
   0.20004   2.12609  -0.00375  -0.01287   1.20000 10
  -0.20755  -1.27791   0.23829   0.36512   1.30000  1
  -0.02478  -1.23834   0.06397   0.45652   1.30000  2
  -0.32785   0.11587  -0.09945  -0.33510   1.30000  3
  -0.24087   0.19384  -0.47693  -0.37998   1.30000  4
  -0.04299   0.36826   0.18322   0.12647   1.30000  5
  -0.13466   0.28808   0.47369   0.28123   1.30000  6
  -0.05174  -0.84909  -0.11519  -0.23839   1.30000  7
   0.01718  -1.03585  -0.26185  -0.24114   1.30000  8
   0.17642   2.31992   0.00476  -0.07449   1.30000  9
   0.19933   2.12743  -0.01051   0.03978   1.30000 10
  -0.17922  -1.23792   0.33019   0.43827   1.40000  1
  -0.02084  -1.18878   0.01282   0.53691   1.40000  2
  -0.33300   0.08641  -0.00807  -0.25460   1.40000  3
  -0.28691   0.15644  -0.44417  -0.37234   1.40000  4
  -0.02948   0.37636   0.08995   0.03684   1.40000  5
  -0.08870   0.31477   0.44729   0.25578   1.40000  6
  -0.06274  -0.87759  -0.10529  -0.33476   1.40000  7
  -0.01175  -1.06122  -0.31655  -0.26890   1.40000  8
   0.17722   2.30965   0.01124  -0.13136   1.40000  9
   0.19794   2.13410  -0.01741   0.09416   1.40000 10
  -0.14109  -1.18933   0.43396   0.53905   1.50000  1
  -0.02286  -1.13086  -0.05799   0.61770   1.50000  2
  -0.33050   0.06481   0.05196  -0.17885   1.50000  3
  -0.32955   0.11870  -0.40607  -0.38426   1.50000  4
  -0.02429   0.37597   0.01850  -0.04217   1.50000  5
  -0.04503   0.33969   0.42522   0.24334   1.50000  6
  -0.07285  -0.91683  -0.09694  -0.45488   1.50000  7
  -0.04585  -1.08984  -0.36207  -0.30025   1.50000  8
   0.17868   2.29355   0.01800  -0.19121   1.50000  9
   0.19584   2.14636  -0.02456   0.15153   1.50000 10
  -0.09266  -1.12914   0.52535   0.66467   1.60000  1
  -0.03354  -1.06723  -0.15847   0.64142   1.60000  2
  -0.32399   0.05011   0.07162  -0.11900   1.60000  3
  -0.36734   0.07960  -0.34533  -0.39597   1.60000  4
  -0.02458   0.36865  -0.01762  -0.09936   1.60000  5
  -0.00426   0.36319   0.38578   0.22385   1.60000  6
  -0.08201  -0.96972  -0.08396  -0.60778   1.60000  7
  -0.08298  -1.11907  -0.37044  -0.26569   1.60000  8
   0.18083   2.27132   0.02491  -0.25339   1.60000  9
   0.19302   2.16450  -0.03185   0.21124   1.60000 10
  -0.04007  -1.05803   0.50176   0.74181   1.70000  1
  -0.05401  -1.00545  -0.24116   0.57776   1.70000  2
  -0.31727   0.04012   0.05900  -0.08517   1.70000  3
  -0.39788   0.04007  -0.26318  -0.39175   1.70000  4
  -0.02657   0.35711  -0.01740  -0.12710   1.70000  5
   0.03125   0.38373   0.32135   0.18363   1.70000  6
  -0.08875  -1.03781  -0.04603  -0.73291   1.70000  7
  -0.11733  -1.13901  -0.30706  -0.12167   1.70000  8
   0.18364   2.24305   0.03088  -0.30930   1.70000  9
   0.18950   2.18843  -0.03817   0.26471   1.70000 10
   0.00423  -0.98463   0.37933   0.71312   1.80000  1
  -0.07889  -0.95409  -0.24361   0.44929   1.80000  2
  -0.31258   0.03231   0.03411  -0.07411   1.80000  3
  -0.41978   0.00178  -0.17501  -0.37194   1.80000  4
  -0.02751   0.34387  -0.00010  -0.13561   1.80000  5
   0.05969   0.39944   0.24693   0.12921   1.80000  6
  -0.09139  -1.10998  -0.01607  -0.68969   1.80000  7
  -0.14365  -1.14339  -0.21798   0.02675   1.80000  8
   0.18687   2.21056   0.03271  -0.33214   1.80000  9
   0.18552   2.21634  -0.04032   0.28511   1.80000 10
   0.03602  -0.91615   0.25979   0.65704   1.90000  1
  -0.10130  -0.91446  -0.20185   0.35008   1.90000  2
  -0.31043   0.02481   0.00952  -0.07785   1.90000  3
  -0.43300  -0.03402  -0.09036  -0.34309   1.90000  4
  -0.02651   0.33023   0.01988  -0.13659   1.90000  5
   0.08071   0.40943   0.17425   0.07012   1.90000  6
  -0.09377  -1.17396  -0.03665  -0.58555   1.90000  7
  -0.16083  -1.13574  -0.12668   0.11533   1.90000  8
   0.18996   2.17843   0.02839  -0.30296   1.90000  9
   0.18165   2.24364  -0.03630   0.25349   1.90000 10
   0.05681  -0.85298   0.15883   0.60754   2.00000  1
  -0.11911  -0.88298  -0.15456   0.28365   2.00000  2
  -0.31053   0.01642  -0.01063  -0.09140   2.00000  3
  -0.43805  -0.06669  -0.01142  -0.30965   2.00000  4
  -0.02359   0.31663   0.03806  -0.13511   2.00000  5
   0.09469   0.41344   0.10617   0.01004   2.00000  6
  -0.09900  -1.22667  -0.06717  -0.46847   2.00000  7
  -0.16954  -1.12196  -0.05109   0.15530   2.00000  8
   0.19245   2.15084   0.02110  -0.24694   2.00000  9
   0.17836   2.26617  -0.02929   0.19504   2.00000 10
   0.06828  -0.79441   0.07245   0.56485   2.10000  1
  -0.13234  -0.85707  -0.11089   0.23729   2.10000  2
  -0.31238   0.00627  -0.02559  -0.11270   2.10000  3
  -0.43546  -0.09586   0.06245  -0.27343   2.10000  4
  -0.01898   0.30325   0.05398  -0.13245   2.10000  5
   0.10208   0.41141   0.04213  -0.05071   2.10000  6
  -0.10690  -1.26791  -0.08914  -0.35827   2.10000  7
  -0.17178  -1.10517   0.00310   0.17976   2.10000  8
   0.19418   2.12914   0.01356  -0.18741   2.10000  9
   0.17580   2.28256  -0.02203   0.13308   2.10000 10
   0.07164  -0.73985  -0.00379   0.52713   2.20000  1
  -0.14144  -0.83510  -0.07175   0.20382   2.20000  2
  -0.31548  -0.00637  -0.03543  -0.14142   2.20000  3
  -0.42569  -0.12129   0.13233  -0.23477   2.20000  4
  -0.01285   0.29019   0.06828  -0.12848   2.20000  5
   0.10321   0.40324  -0.01917  -0.11315   2.20000  6
  -0.11653  -1.29876  -0.10231  -0.26086   2.20000  7
  -0.16947  -1.08598   0.04059   0.20448   2.20000  8
   0.19518   2.11326   0.00646  -0.13063   2.20000  9
   0.17394   2.29288  -0.01520   0.07388   2.20000 10
   0.06775  -0.68887  -0.07316   0.49304   2.30000  1
  -0.14683  -0.81600  -0.03664   0.17956   2.30000  2
  -0.31929  -0.02227  -0.03984  -0.17808   2.30000  3
  -0.40910  -0.14272   0.19883  -0.19327   2.30000  4
  -0.00535   0.27761   0.08162  -0.12263   2.30000  5
   0.09830   0.38868  -0.07883  -0.17877   2.30000  6
  -0.12715  -1.32047  -0.10915  -0.17522   2.30000  7
  -0.16405  -1.06409   0.06616   0.23451   2.30000  8
   0.19548   2.10292  -0.00023  -0.07664   2.30000  9
   0.17274   2.29743  -0.00877   0.01750   2.30000 10
   0.05716  -0.64115  -0.13785   0.46181   2.40000  1
  -0.14889  -0.79895  -0.00511   0.16254   2.40000  2
  -0.32322  -0.04228  -0.03743  -0.22349   2.40000  3
  -0.38605  -0.15984   0.26141  -0.14842   2.40000  4
   0.00345   0.26574   0.09412  -0.11435   2.40000  5
   0.08748   0.36732  -0.13730  -0.24925   2.40000  6
  -0.13822  -1.33412  -0.11161  -0.09913   2.40000  7
  -0.15653  -1.03884   0.08302   0.27176   2.40000  8
   0.19514   2.09789  -0.00669  -0.02403   2.40000  9
   0.17218   2.29643  -0.00257  -0.03744   2.40000 10
   0.04028  -0.59642  -0.19931   0.43324   2.50000  1
  -0.14797  -0.78329   0.02291   0.15156   2.50000  2
  -0.32643  -0.06727  -0.02456  -0.27771   2.50000  3
  -0.35703  -0.17230   0.31749  -0.10059   2.50000  4
   0.01340   0.25481   0.10413  -0.10405   2.50000  5
   0.07091   0.33863  -0.19333  -0.32562   2.50000  6
  -0.14937  -1.34055  -0.11104  -0.03058   2.50000  7
  -0.14767  -1.00945   0.09320   0.31748   2.50000  8
   0.19415   2.09812  -0.01309   0.02884   2.50000  9
   0.17223   2.28994   0.00359  -0.09257   2.50000 10
   0.01738  -0.55439  -0.25835   0.40797   2.60000  1
  -0.14443  -0.76846   0.04709   0.14572   2.60000  2
  -0.32755  -0.09802   0.00599  -0.33753   2.60000  3
  -0.32296  -0.17997   0.36119  -0.05372   2.60000  4
   0.02400   0.24487   0.10563  -0.09599   2.60000  5
   0.04907   0.30207  -0.24140  -0.40556   2.60000  6
  -0.16035  -1.34043  -0.10834   0.03199   2.60000  7
  -0.13807  -0.97502   0.09794   0.37303   2.60000  8
   0.19251   2.10372  -0.01961   0.08360   2.60000  9
   0.17290   2.27785   0.00988  -0.14951   2.60000 10
  -0.01132  -0.51465  -0.31527   0.38786   2.70000  1
  -0.13870  -0.75400   0.06666   0.14409   2.70000  2
  -0.32432  -0.13462   0.06376  -0.39248   2.70000  3
  -0.28547  -0.18345   0.38479  -0.01941   2.70000  4
   0.03381   0.23510   0.08572  -0.10383   2.70000  5
   0.02331   0.25775  -0.26936  -0.47817   2.70000  6
  -0.17099  -1.33431  -0.10420   0.08980   2.70000  7
  -0.12824  -0.93446   0.09785   0.44011   2.70000  8
   0.19022   2.11494  -0.02635   0.14147   2.70000  9
   0.17421   2.25993   0.01639  -0.20944   2.70000 10
  -0.04560  -0.47652  -0.36987   0.37693   2.80000  1
  -0.13129  -0.73953   0.08062   0.14584   2.80000  2
  -0.31377  -0.17585   0.15159  -0.42813   2.80000  3
  -0.24671  -0.18484   0.38779  -0.01408   2.80000  4
   0.04010   0.22294   0.03558  -0.14563   2.80000  5
  -0.00383   0.20718  -0.26937  -0.52937   2.80000  6
  -0.18116  -1.32260  -0.09909   0.14384   2.80000  7
  -0.11866  -0.88655   0.09294   0.52053   2.80000  8
   0.18724   2.13210  -0.03313   0.20152   2.80000  9
   0.17618   2.23589   0.02295  -0.27146   2.80000 10
  -0.08519  -0.43872  -0.42133   0.38245   2.90000  1
  -0.12279  -0.72471   0.08815   0.15172   2.90000  2
  -0.29332  -0.21951   0.25989  -0.44228   2.90000  3
  -0.20821  -0.18746   0.38187  -0.04374   2.90000  4
   0.04029   0.20484  -0.03335  -0.22078   2.90000  5
  -0.03005   0.15240  -0.25390  -0.56543   2.90000  6
  -0.19079  -1.30564  -0.09340   0.19496   2.90000  7
  -0.10984  -0.82988   0.08245   0.61490   2.90000  8
   0.18363   2.15503  -0.03876   0.25421   2.90000  9
   0.17877   2.20586   0.02838  -0.32600   2.90000 10
  -0.12967  -0.39910  -0.46644   0.41552   3.00000  1
  -0.11387  -0.70881   0.08914   0.16984   3.00000  2
  -0.26143  -0.26403   0.37934  -0.44812   3.00000  3
  -0.17033  -0.19453   0.37517  -0.10170   3.00000  4
   0.03332   0.17809  -0.10615  -0.31708   3.00000  5
  -0.05463   0.09392  -0.23821  -0.60644   3.00000  6
  -0.19983  -1.28368  -0.08738   0.24397   3.00000  7
  -0.10240  -0.76327   0.06509   0.71754   3.00000  8
   0.17964   2.18175  -0.04008   0.27165   3.00000  9
   0.18171   2.17187   0.02951  -0.34519   3.00000 10
  -0.17773  -0.35448  -0.48597   0.47942   3.10000  1
  -0.10519  -0.68950   0.08323   0.22519   3.10000  2
  -0.21731  -0.30927   0.50050  -0.45569   3.10000  3
  -0.13352  -0.20840   0.35723  -0.17713   3.10000  4
   0.01913   0.14091  -0.17707  -0.42923   3.10000  5
  -0.07784   0.03041  -0.22668  -0.66841   3.10000  6
  -0.20826  -1.25689  -0.08110   0.29170   3.10000  7
  -0.09706  -0.68674   0.04061   0.80935   3.10000  8
   0.17582   2.20756  -0.03560   0.23749   3.10000  9
   0.18447   2.13863   0.02484  -0.31269   3.10000 10
  -0.22321  -0.30452  -0.40145   0.50676   3.20000  1
  -0.09750  -0.66171   0.06930   0.34033   3.20000  2
  -0.16344  -0.35373   0.56208  -0.42347   3.20000  3
  -0.10007  -0.22975   0.30554  -0.24642   3.20000  4
  -0.00200   0.09166  -0.24499  -0.55917   3.20000  5
  -0.10001  -0.04083  -0.21660  -0.76226   3.20000  6
  -0.21604  -1.22535  -0.07445   0.33898   3.20000  7
  -0.09443  -0.60213   0.01150   0.88200   3.20000  8
   0.17260   2.22845  -0.02863   0.17869   3.20000  9
   0.18660   2.11014   0.01770  -0.25544   3.20000 10
  -0.25513  -0.25501  -0.23016   0.47945   3.30000  1
  -0.09150  -0.61981   0.05061   0.50477   3.30000  2
  -0.10679  -0.39322   0.56531  -0.36853   3.30000  3
  -0.07343  -0.25685   0.22347  -0.29313   3.30000  4
  -0.02976   0.02828  -0.30987  -0.71330   3.30000  5
  -0.12107  -0.12325  -0.20371  -0.89126   3.30000  6
  -0.22312  -1.18907  -0.06715   0.38672   3.30000  7
  -0.09479  -0.50969  -0.01738   0.97350   3.30000  8
   0.17009   2.24323  -0.02160   0.11720   3.30000  9
   0.18801   2.08761   0.01049  -0.19542   3.30000 10
  -0.26825  -0.20942  -0.02770   0.42410   3.40000  1
  -0.08720  -0.55941   0.03785   0.71023   3.40000  2
  -0.05222  -0.42729   0.51055  -0.30093   3.40000  3
  -0.05608  -0.28856   0.11888  -0.34486   3.40000  4
  -0.06388  -0.05216  -0.37210  -0.90241   3.40000  5
  -0.14042  -0.21947  -0.17857  -1.02950   3.40000  6
  -0.22943  -1.14796  -0.05885   0.43594   3.40000  7
  -0.09700  -0.40646  -0.01878   1.08703   3.40000  8
   0.16826   2.25200  -0.01504   0.05859   3.40000  9
   0.18872   2.07095   0.00377  -0.13820   3.40000 10
  -0.26037  -0.17253   0.18407   0.30259   3.50000  1
  -0.08316  -0.47659   0.04625   0.94847   3.50000  2
  -0.00774  -0.45041   0.36653  -0.15213   3.50000  3
  -0.05086  -0.32601  -0.01911  -0.39619   3.50000  4
  -0.10404  -0.15380  -0.42837  -1.13793   3.50000  5
  -0.15421  -0.32686  -0.07771  -1.09341   3.50000  6
  -0.23484  -1.10178  -0.04903   0.48834   3.50000  7
  -0.09813  -0.29471  -0.01119   1.12118   3.50000  8
   0.16707   2.25504  -0.00889   0.00272   3.50000  9
   0.18877   2.05988  -0.00255  -0.08365   3.50000 10
  -0.23197  -0.15095   0.37791   0.12014   3.60000  1
  -0.07872  -0.37141   0.03085   1.12484   3.60000  2
   0.01916  -0.45653   0.16551   0.03072   3.60000  3
  -0.05963  -0.36575  -0.15094  -0.39057   3.60000  4
  -0.14711  -0.27866  -0.40753  -1.32870   3.60000  5
  -0.15368  -0.43182   0.08891  -0.97790   3.60000  6
  -0.23917  -1.05008  -0.03694   0.54733   3.60000  7
  -0.10108  -0.18935  -0.05618   0.95635   3.60000  8
   0.16648   2.25258  -0.00298  -0.05185   3.60000  9
   0.18821   2.05418  -0.00862  -0.03038   3.60000 10
  -0.18628  -0.14867   0.52920  -0.06709   3.70000  1
  -0.07916  -0.26047  -0.04194   1.06554   3.70000  2
   0.02468  -0.44572  -0.05636   0.17163   3.70000  3
  -0.07948  -0.40215  -0.23626  -0.33689   3.70000  4
  -0.18058  -0.41314  -0.25098  -1.33494   3.70000  5
  -0.13866  -0.51890   0.19597  -0.76153   3.70000  6
  -0.24210  -0.99188  -0.02096   0.61944   3.70000  7
  -0.10945  -0.10532  -0.10690   0.72737   3.70000  8
   0.16647   2.24466   0.00288  -0.10676   3.70000  9
   0.18705   2.05381  -0.01464   0.02323   3.70000 10
  -0.12778  -0.16213   0.62826  -0.18810   3.80000  1
  -0.08674  -0.15832  -0.10727   0.98135   3.80000  2
   0.00836  -0.42528  -0.26358   0.22329   3.80000  3
  -0.10477  -0.43478  -0.25881  -0.32386   3.80000  4
  -0.19737  -0.54326  -0.08936  -1.26149   3.80000  5
  -0.11747  -0.58493   0.21371  -0.56691   3.80000  6
  -0.24310  -0.92540   0.00291   0.71537   3.80000  7
  -0.12096  -0.04373  -0.11392   0.50524   3.80000  8
   0.16706   2.23117   0.00884  -0.16365   3.80000  9
   0.18528   2.05889  -0.02077   0.07875   3.80000 10
  -0.06421  -0.18328   0.62634  -0.22731   3.90000  1
  -0.09908  -0.06517  -0.13157   0.87736   3.90000  2
  -0.02619  -0.40297  -0.41629   0.21732   3.90000  3
  -0.12937  -0.46770  -0.22663  -0.33548   3.90000  4
  -0.19981  -0.66482   0.03185  -1.16995   3.90000  5
  -0.09833  -0.63439   0.15968  -0.43376   3.90000  6
  -0.24093  -0.84746   0.04525   0.85154   3.90000  7
  -0.13071  -0.00347  -0.07653   0.30661   3.90000  8
   0.16825   2.21183   0.01499  -0.22364   3.90000  9
   0.18289   2.06967  -0.02709   0.13731   3.90000 10
  -0.00476  -0.20793   0.55497  -0.26931   4.00000  1
  -0.11238   0.01720  -0.13388   0.76979   4.00000  2
  -0.07243  -0.38245  -0.49557   0.19054   4.00000  3
  -0.14946  -0.50189  -0.17485  -0.34900   4.00000  4
  -0.19317  -0.77733   0.09038  -1.06839   4.00000  5
  -0.08689  -0.67364   0.06387  -0.35695   4.00000  6
  -0.23244  -0.75392   0.13443   1.00971   4.00000  7
  -0.13588   0.01939  -0.02705   0.16144   4.00000  8
   0.17005   2.18637   0.02108  -0.28546   4.00000  9
   0.17986   2.08642  -0.03337   0.19763   4.00000 10
   0.04565  -0.23745   0.44971  -0.32039   4.10000  1
  -0.12578   0.08826  -0.13315   0.64847   4.10000  2
  -0.12289  -0.36559  -0.50417   0.14194   4.10000  3
  -0.16475  -0.53791  -0.13418  -0.37387   4.10000  4
  -0.18260  -0.87522   0.12086  -0.88733   4.10000  5
  -0.08621  -0.70572  -0.04955  -0.27905   4.10000  6
  -0.21308  -0.64917   0.25196   1.07729   4.10000  7
  -0.13653   0.03109   0.01101   0.08234   4.10000  8
   0.17242   2.15500   0.02585  -0.33831   4.10000  9
   0.17626   2.10893  -0.03833   0.24890   4.10000 10
   0.08483  -0.27171   0.33317  -0.36351   4.20000  1
  -0.13876   0.14657  -0.12553   0.51788   4.20000  2
  -0.17195  -0.35502  -0.47208   0.06507   4.20000  3
  -0.17675  -0.57622  -0.10368  -0.37932   4.20000  4
  -0.16927  -0.95614   0.14385  -0.73749   4.20000  5
  -0.09576  -0.72819  -0.13429  -0.16744   4.20000  6
  -0.18291  -0.53915   0.34173   1.11313   4.20000  7
  -0.13435   0.03717   0.02953   0.04275   4.20000  8
   0.17507   2.11999   0.02621  -0.35320   4.20000  9
   0.17235   2.13492  -0.03891   0.26214   4.20000 10
   0.11217  -0.30993   0.21268  -0.39963   4.30000  1
  -0.15074   0.19210  -0.11359   0.39439   4.30000  2
  -0.21613  -0.35314  -0.40306  -0.02565   4.30000  3
  -0.18455  -0.61108  -0.04997  -0.31591   4.30000  4
  -0.15423  -1.02377   0.15507  -0.61946   4.30000  5
  -0.11185  -0.73925  -0.18345  -0.05519   4.30000  6
  -0.14720  -0.42830   0.36158   1.10269   4.30000  7
  -0.13110   0.03989   0.03368   0.01157   4.30000  8
   0.17748   2.08613   0.02126  -0.31742   4.30000  9
   0.16866   2.15958  -0.03419   0.22460   4.30000 10
   0.12710  -0.35114   0.08524  -0.42050   4.40000  1
  -0.16142   0.22579  -0.09961   0.28103   4.40000  2
  -0.25090  -0.35852  -0.28897  -0.07187   4.40000  3
  -0.18678  -0.64028   0.00433  -0.27253   4.40000  4
  -0.13854  -1.08074   0.15778  -0.52298   4.40000  5
  -0.13188  -0.73947  -0.21493   0.05006   4.40000  6
  -0.11205  -0.31907   0.33908   1.07639   4.40000  7
  -0.12787   0.03930   0.03027  -0.02495   4.40000  8
   0.17926   2.05721   0.01431  -0.25955   4.40000  9
   0.16557   2.17913  -0.02750   0.16488   4.40000 10
   0.12945  -0.39313  -0.03559  -0.41606   4.50000  1
  -0.17061   0.24854  -0.08375   0.17469   4.50000  2
  -0.27429  -0.36630  -0.18223  -0.08193   4.50000  3
  -0.18395  -0.66625   0.05033  -0.24842   4.50000  4
  -0.12284  -1.12889   0.15555  -0.44211   4.50000  5
  -0.15443  -0.72937  -0.23363   0.15083   4.50000  6
  -0.07925  -0.21365   0.31690   1.03332   4.50000  7
  -0.12508   0.03449   0.02589  -0.07370   4.50000  8
   0.18035   2.03426   0.00743  -0.19992   4.50000  9
   0.16315   2.19252  -0.02091   0.10331   4.50000 10
   0.12062  -0.43407  -0.13846  -0.40294   4.60000  1
  -0.17806   0.26083  -0.06463   0.07141   4.60000  2
  -0.28797  -0.37499  -0.09364  -0.09327   4.60000  3
  -0.17727  -0.68982   0.07935  -0.21978   4.60000  4
  -0.10751  -1.16955   0.15088  -0.37271   4.60000  5
  -0.17792  -0.70974  -0.23154   0.23778   4.60000  6
  -0.04914  -0.11150   0.28081   1.01514   4.60000  7
  -0.12239   0.02405   0.03101  -0.13697   4.60000  8
   0.18077   2.01712   0.00103  -0.14332   4.60000  9
   0.16137   2.19989  -0.01481   0.04466   4.60000 10
   0.10205  -0.47394  -0.23256  -0.39589   4.70000  1
  -0.18332   0.26282  -0.03900  -0.03185   4.70000  2
  -0.29333  -0.38527  -0.01478  -0.11418   4.70000  3
  -0.16900  -0.70910   0.08195  -0.15935   4.70000  4
  -0.09270  -1.20371   0.14522  -0.31166   4.70000  5
  -0.19966  -0.68291  -0.19795   0.29311   4.70000  6
  -0.02431  -0.01002   0.20955   1.01188   4.70000  7
  -0.11798   0.00732   0.06167  -0.19124   4.70000  8
   0.18057   2.00550  -0.00498  -0.08941   4.70000  9
   0.16018   2.20154  -0.00912  -0.01140   4.70000 10
   0.07402  -0.51350  -0.32909  -0.39632   4.80000  1
  -0.18545   0.25444  -0.00082  -0.13538   4.80000  2
  -0.29104  -0.39822   0.06038  -0.14707   4.80000  3
  -0.16144  -0.72058   0.06811  -0.06632   4.80000  4
  -0.07847  -1.23208   0.13928  -0.25660   4.80000  5
  -0.21671  -0.65199  -0.14044   0.32291   4.80000  6
  -0.00794   0.08948   0.11801   0.97193   4.80000  7
  -0.10979  -0.01216   0.09898  -0.19009   4.80000  8
   0.17978   1.99920  -0.01076  -0.03674   4.80000  9
   0.15954   2.19765  -0.00366  -0.06633   4.80000 10
   0.03587  -0.55334  -0.43620  -0.40059   4.90000  1
  -0.18283   0.23598   0.05636  -0.23104   4.90000  2
  -0.28125  -0.41520   0.13570  -0.19529   4.90000  3
  -0.15535  -0.72179   0.05464   0.04439   4.90000  4
  -0.06484  -1.25517   0.13329  -0.20581   4.90000  5
  -0.22740  -0.61848  -0.07210   0.34766   4.90000  6
  -0.00039   0.18384   0.03412   0.91425   4.90000  7
  -0.09917  -0.03006   0.10893  -0.16813   4.90000  8
   0.17842   1.99817  -0.01648   0.01633   4.90000  9
   0.15944   2.18826   0.00173  -0.12177   4.90000 10
  -0.01378  -0.59352  -0.55990  -0.40147   5.00000  1
  -0.17374   0.20912   0.12541  -0.30102   5.00000  2
  -0.26382  -0.43796   0.21336  -0.26374   5.00000  3
  -0.15022  -0.71128   0.04967   0.16817   5.00000  4
  -0.05182  -1.27334   0.12718  -0.15810   5.00000  5
  -0.23090  -0.58237   0.00333   0.37427   5.00000  6
  -0.00090   0.27196  -0.04220   0.84524   5.00000  7
  -0.08869  -0.04614   0.09823  -0.15539   5.00000  8
   0.17648   2.00253  -0.02228   0.07139   5.00000  9
   0.15989   2.17322   0.00719  -0.17933   5.00000 10
  -0.07657  -0.63295  -0.69534  -0.38065   5.10000  1
  -0.15820   0.17663   0.18185  -0.34674   5.10000  2
  -0.23853  -0.46873   0.29184  -0.35468   5.10000  3
  -0.14511  -0.68767   0.05261   0.30570   5.10000  4
  -0.03942  -1.28686   0.12064  -0.11266   5.10000  5
  -0.22655  -0.54396   0.08389   0.38946   5.10000  6
  -0.00806   0.35242  -0.09636   0.76341   5.10000  7
  -0.07990  -0.06149   0.07630  -0.15325   5.10000  8
   0.17396   2.01255  -0.02819   0.12950   5.10000  9
   0.16088   2.15228   0.01276  -0.24008   5.10000 10
  -0.15135  -0.66738  -0.78288  -0.29226   5.20000  1
  -0.13811   0.13973   0.21685  -0.39314   5.20000  2
  -0.20588  -0.50898   0.35634  -0.44669   5.20000  3
  -0.14048  -0.65040   0.03006   0.43399   5.20000  4
  -0.02772  -1.29593   0.11323  -0.06906   5.20000  5
  -0.21430  -0.50625   0.15887   0.35214   5.20000  6
  -0.01931   0.42484  -0.12506   0.68696   5.20000  7
  -0.07363  -0.07703   0.04838  -0.15852   5.20000  8
   0.17084   2.02849  -0.03395   0.18902   5.20000  9
   0.16244   2.12514   0.01816  -0.30243   5.20000 10
  -0.22871  -0.68875  -0.74563  -0.13110   5.30000  1
  -0.11534   0.09746   0.23656  -0.45547   5.30000  2
  -0.16880  -0.55657   0.37532  -0.49422   5.30000  3
  -0.14130  -0.60225  -0.05101   0.52324   5.30000  4
  -0.01681  -1.30074   0.10465  -0.02732   5.30000  5
  -0.19537  -0.47602   0.21640   0.24486   5.30000  6
  -0.03256   0.49032  -0.13818   0.62521   5.30000  7
  -0.07030  -0.09336   0.01806  -0.16877   5.30000  8
   0.16721   2.05004  -0.03821   0.23804   5.30000  9
   0.16447   2.09210   0.02204  -0.35447   5.30000 10
  -0.29812  -0.69449  -0.63730   0.00816   5.40000  1
  -0.09117   0.04794   0.24489  -0.53840   5.40000  2
  -0.13308  -0.60458   0.32887  -0.44634   5.40000  3
  -0.14991  -0.54740  -0.11153   0.56224   5.40000  4
  -0.00682  -1.30146   0.09518   0.01264   5.40000  5
  -0.17177  -0.45758   0.25150   0.12673   5.40000  6
  -0.04669   0.55036  -0.14364   0.57769   5.40000  7
  -0.06999  -0.11092  -0.01138  -0.18304   5.40000  8
   0.16335   2.07474  -0.03811   0.24681   5.40000  9
   0.16669   2.05560   0.02151  -0.36648   5.40000 10
  -0.35591  -0.68863  -0.51950   0.10307   5.50000  1
  -0.06681  -0.01094   0.23934  -0.64265   5.50000  2
  -0.10400  -0.64348   0.25241  -0.32803   5.50000  3
  -0.16174  -0.49112  -0.11710   0.56127   5.50000  4
   0.00221  -1.29825   0.08539   0.05141   5.50000  5
  -0.14603  -0.44963   0.25749   0.03992   5.50000  6
  -0.06117   0.60624  -0.14556   0.54159   5.50000  7
  -0.07240  -0.13016  -0.03538  -0.20337   5.50000  8
   0.15975   2.09768  -0.03331   0.20585   5.50000  9
   0.16861   2.02052   0.01624  -0.32904   5.50000 10
  -0.40237  -0.67475  -0.41132   0.17147   5.60000  1
  -0.04408  -0.08115   0.21015  -0.76311   5.60000  2
  -0.08219  -0.67028   0.18646  -0.20939   5.60000  3
  -0.17184  -0.43540  -0.07805   0.55131   5.60000  4
   0.01026  -1.29119   0.07568   0.08979   5.60000  5
  -0.12152  -0.44758   0.22737   0.01229   5.60000  6
  -0.07575   0.65897  -0.14591   0.51423   5.60000  7
  -0.07664  -0.15210  -0.04673  -0.23955   5.60000  8
   0.15673   2.11526  -0.02705   0.14471   5.60000  9
   0.16989   1.99042   0.00940  -0.27174   5.60000 10
  -0.43848  -0.65480  -0.31213   0.22562   5.70000  1
  -0.02605  -0.16354   0.14319  -0.88283   5.70000  2
  -0.06624  -0.68564   0.13440  -0.09891   5.70000  3
  -0.17627  -0.38109  -0.00615   0.53523   5.70000  4
   0.01736  -1.28028   0.06620   0.12855   5.70000  5
  -0.10115  -0.44511   0.17944   0.04533   5.70000  6
  -0.09033   0.70930  -0.14557   0.49350   5.70000  7
  -0.08115  -0.17939  -0.04106  -0.31524   5.70000  8
   0.15433   2.12660  -0.02106   0.08231   5.70000  9
   0.17050   1.96618   0.00273  -0.21356   5.70000 10
  -0.46495  -0.62990  -0.21770   0.27144   5.80000  1
  -0.01696  -0.25703   0.03121  -0.98177   5.80000  2
  -0.05496  -0.69015   0.09267   0.00902   5.80000  3
  -0.17206  -0.32820   0.09640   0.52103   5.80000  4
   0.02351  -1.26544   0.05698   0.16841   5.80000  5
  -0.08542  -0.43717   0.13736   0.11917   5.80000  6
  -0.10486   0.75783  -0.14490   0.47782   5.80000  7
  -0.08475  -0.21715  -0.03286  -0.44923   5.80000  8
   0.15250   2.13183  -0.01564   0.02282   5.80000  9
   0.17045   1.94760  -0.00353  -0.15869   5.80000 10
  -0.48202  -0.60071  -0.12324   0.31135   5.90000  1
  -0.02100  -0.35831  -0.11372  -1.03195   5.90000  2
  -0.04747  -0.68365   0.05816   0.12280   5.90000  3
  -0.15591  -0.27846   0.22692   0.45814   5.90000  4
   0.02876  -1.24654   0.04789   0.21017   5.90000  5
  -0.07309  -0.42037   0.11235   0.21797   5.90000  6
  -0.11930   0.80500  -0.14398   0.46603   5.90000  7
  -0.08845  -0.27034  -0.04419  -0.61353   5.90000  8
   0.15119   2.13124  -0.01069  -0.03426   5.90000  9
   0.16980   1.93435  -0.00950  -0.10671   5.90000 10
  -0.48943  -0.56783  -0.02367   0.34504   6.00000  1
  -0.03878  -0.46023  -0.23166  -0.99058   6.00000  2
  -0.04321  -0.66499   0.02693   0.25450   6.00000  3
  -0.12817  -0.24027   0.31593   0.29260   6.00000  4
   0.03309  -1.22331   0.03862   0.25492   6.00000  5
  -0.06285  -0.39516   0.08754   0.26903   6.00000  6
  -0.13364   0.85114  -0.14278   0.45728   6.00000  7
  -0.09341  -0.33834  -0.04949  -0.73619   6.00000  8
   0.15035   2.12501  -0.00606  -0.09044   6.00000  9
   0.16856   1.92621  -0.01537  -0.05616   6.00000 10
  -0.48644  -0.53202   0.08532   0.36914   6.10000  1
  -0.06503  -0.55494  -0.28316  -0.90316   6.10000  2
  -0.04234  -0.63176  -0.01317   0.41318   6.10000  3
  -0.09491  -0.22075   0.34154   0.09903   6.10000  4
   0.03645  -1.19540   0.02848   0.30419   6.10000  5
  -0.05701  -0.37025   0.02566   0.21512   6.10000  6
  -0.14785   0.89654  -0.14121   0.45104   6.10000  7
  -0.09707  -0.41544  -0.02052  -0.79574   6.10000  8
   0.14997   2.11313  -0.00165  -0.14740   6.10000  9
   0.16672   1.92312  -0.02129  -0.00540   6.10000 10
  -0.47202  -0.49451   0.20443   0.37816   6.20000  1
  -0.09356  -0.63981  -0.28062  -0.78050   6.20000  2
  -0.04709  -0.58331  -0.08797   0.54138   6.20000  3
  -0.06093  -0.21994   0.33360  -0.08043   6.20000  4
   0.03871  -1.16225   0.01612   0.36007   6.20000  5
  -0.05745  -0.35366  -0.03028   0.11532   6.20000  6
  -0.16187   0.94142  -0.13923   0.44699   6.20000  7
  -0.09759  -0.49634   0.00871  -0.82135   6.20000  8
   0.15002   2.09545   0.00262  -0.20679   6.20000  9
   0.16429   1.92519  -0.02737   0.04713   6.20000 10
  -0.44533  -0.45701   0.33016   0.36887   6.30000  1
  -0.12063  -0.70951  -0.25942  -0.61392   6.30000  2
  -0.06027  -0.52649  -0.17188   0.58070   6.30000  3
  -0.02909  -0.23650   0.29826  -0.24936   6.30000  4
   0.03952  -1.12307  -0.00086   0.42548   6.30000  5
  -0.06221  -0.34693  -0.06088   0.02088   6.30000  6
  -0.17568   0.98600  -0.13683   0.44494   6.30000  7
  -0.09555  -0.57858   0.02838  -0.81038   6.30000  8
   0.15049   2.07165   0.00667  -0.26968   6.30000  9
   0.16124   1.93264  -0.03360   0.10246   6.30000 10
  -0.40586  -0.42126   0.46014   0.34377   6.40000  1
  -0.14501  -0.76343  -0.22478  -0.46946   6.40000  2
  -0.07994  -0.46871  -0.21383   0.57698   6.40000  3
  -0.00245  -0.26955   0.22764  -0.40992   6.40000  4
   0.03825  -1.07672  -0.02640   0.50402   6.40000  5
  -0.06897  -0.34938  -0.07215  -0.07013   6.40000  6
  -0.18922   1.03047  -0.13398   0.44476   6.40000  7
  -0.09321  -0.65636   0.01290  -0.74448   6.40000  8
   0.15133   2.04143   0.01005  -0.33443   6.40000  9
   0.15758   1.94573  -0.03960   0.15888   6.40000 10
  -0.35301  -0.38862   0.59908   0.30746   6.50000  1
  -0.16474  -0.80434  -0.16512  -0.35313   6.50000  2
  -0.10165  -0.41019  -0.21338   0.59272   6.50000  3
   0.01485  -0.31785   0.10971  -0.55025   6.50000  4
   0.03375  -1.02170  -0.06687   0.59948   6.50000  5
  -0.07649  -0.36098  -0.07923  -0.16011   6.50000  6
  -0.20246   1.07501  -0.13059   0.44637   6.50000  7
  -0.09356  -0.72826  -0.02088  -0.69779   6.50000  8
   0.15243   2.00507   0.01127  -0.38892   6.50000  9
   0.15338   1.96408  -0.04397   0.20417   6.50000 10
  -0.28540  -0.36010   0.75710   0.26100   6.60000  1
  -0.17704  -0.83489  -0.07590  -0.26168   6.60000  2
  -0.12143  -0.35206  -0.18022   0.55339   6.60000  3
   0.01789  -0.37768  -0.05380  -0.63366   6.60000  4
   0.02402  -0.95618  -0.13361   0.71359   6.60000  5
  -0.08529  -0.38028  -0.09913  -0.21730   6.60000  6
  -0.21532   1.11980  -0.12655   0.44975   6.60000  7
  -0.09728  -0.79658  -0.05135  -0.67013   6.60000  8
   0.15342   1.96501   0.00769  -0.40343   6.60000  9
   0.14893   1.98517  -0.04422   0.20848   6.60000 10
  -0.20105  -0.33698   0.92691   0.19699   6.70000  1
  -0.17902  -0.85731   0.03954  -0.18873   6.70000  2
  -0.13819  -0.30285  -0.15734   0.41893   6.70000  3
   0.00400  -0.44211  -0.22084  -0.64522   6.70000  4
   0.00555  -0.87891  -0.24305   0.82640   6.70000  5
  -0.09653  -0.40282  -0.12464  -0.22788   6.70000  6
  -0.22774   1.16502  -0.12161   0.45491   6.70000  7
  -0.10299  -0.86195  -0.05770  -0.62908   6.70000  8
   0.15381   1.92607  -0.00052  -0.36956   6.70000  9
   0.14466   2.00405  -0.04075   0.16323   6.70000 10
  -0.10317  -0.32197   1.00237   0.09604   6.80000  1
  -0.16891  -0.87274   0.16047  -0.11878   6.80000  2
  -0.15209  -0.26963  -0.11095   0.24352   6.80000  3
  -0.02511  -0.50529  -0.35257  -0.61425   6.80000  4
  -0.02509  -0.79321  -0.36468   0.87757   6.80000  5
  -0.10919  -0.42518  -0.11921  -0.21914   6.80000  6
  -0.23960   1.21085  -0.11549   0.46195   6.80000  7
  -0.10839  -0.91947  -0.05274  -0.50787   6.80000  8
   0.15327   1.89169  -0.01041  -0.31706   6.80000  9
   0.14079   2.01718  -0.03678   0.09801   6.80000 10
  -0.00600  -0.31865   0.92506  -0.02918   6.90000  1
  -0.14810  -0.88067   0.24725  -0.03847   6.90000  2
  -0.15901  -0.25368  -0.02684   0.07899   6.90000  3
  -0.06432  -0.56502  -0.42111  -0.58482   6.90000  4
  -0.06551  -0.70372  -0.43386   0.91794   6.90000  5
  -0.11862  -0.44760  -0.06524  -0.23745   6.90000  6
  -0.25078   1.25748  -0.10785   0.47096   6.90000  7
  -0.11414  -0.96219  -0.06278  -0.34472   6.90000  8
   0.15171   1.86264  -0.02083  -0.26454   6.90000  9
   0.13727   2.02363  -0.03379   0.03130   6.90000 10
   0.08049  -0.32709   0.80250  -0.13511   7.00000  1
  -0.12129  -0.88040   0.28045   0.04364   7.00000  2
  -0.15796  -0.25329   0.04476  -0.06975   7.00000  3
  -0.10765  -0.62295  -0.43862  -0.56647   7.00000  4
  -0.11006  -0.60842  -0.44890   0.98351   7.00000  5
  -0.12232  -0.47444  -0.01210  -0.30684   7.00000  6
  -0.26111   1.30511  -0.09829   0.48202   7.00000  7
  -0.12068  -0.98848  -0.06582  -0.18197   7.00000  8
   0.14908   1.83864  -0.03190  -0.21608   7.00000  9
   0.13399   2.02352  -0.03207  -0.03293   7.00000 10
   0.15444  -0.34473   0.67715  -0.21289   7.10000  1
  -0.09353  -0.87200   0.26782   0.12437   7.10000  2
  -0.15070  -0.26762   0.09725  -0.21786   7.10000  3
  -0.15077  -0.67579  -0.41708  -0.48807   7.10000  4
  -0.15363  -0.50973  -0.41298   0.97739   7.10000  5
  -0.12222  -0.50951   0.00522  -0.38693   7.10000  6
  -0.27036   1.35395  -0.08635   0.49514   7.10000  7
  -0.12683  -0.99877  -0.05531  -0.02476   7.10000  8
   0.14529   1.81931  -0.04404  -0.17112   7.10000  9
   0.13081   2.01710  -0.03169  -0.09527   7.10000 10
   0.21625  -0.36882   0.56135  -0.26552   7.20000  1
  -0.06905  -0.85556   0.21572   0.20347   7.20000  2
  -0.13931  -0.29723   0.12491  -0.37570   7.20000  3
  -0.18966  -0.72149  -0.35380  -0.43118   7.20000  4
  -0.19117  -0.41515  -0.33460   0.91110   7.20000  5
  -0.12264  -0.54903  -0.01479  -0.39638   7.20000  6
  -0.27828   1.40421  -0.07147   0.51027   7.20000  7
  -0.13148  -0.99354  -0.03687   0.12934   7.20000  8
   0.14022   1.80436  -0.05763  -0.12806   7.20000  9
   0.12760   2.00448  -0.03283  -0.15734   7.20000 10
   0.26717  -0.39735   0.45902  -0.30353   7.30000  1
  -0.05142  -0.83160   0.13260   0.27394   7.30000  2
  -0.12730  -0.34203   0.10834  -0.51006   7.30000  3
  -0.22030  -0.76261  -0.25402  -0.39230   7.30000  4
  -0.21990  -0.32772  -0.23794   0.83148   7.30000  5
  -0.12488  -0.58899  -0.02792  -0.40671   7.30000  6
  -0.28453   1.45607  -0.05292   0.52729   7.30000  7
  -0.13420  -0.97282  -0.01826   0.28586   7.30000  8
   0.13371   1.79369  -0.07299  -0.08505   7.30000  9
   0.12418   1.98559  -0.03591  -0.22091   7.30000 10
   0.30840  -0.42932   0.36692  -0.33540   7.40000  1
  -0.04316  -0.80114   0.03015   0.33377   7.40000  2
  -0.11792  -0.39714   0.08227  -0.58832   7.40000  3
  -0.23960  -0.79990  -0.12811  -0.35187   7.40000  4
  -0.23924  -0.25027  -0.15471   0.71587   7.40000  5
  -0.12778  -0.63125  -0.02786  -0.44282   7.40000  6
  -0.28871   1.50972  -0.02979   0.54599   7.40000  7
  -0.13537  -0.93608  -0.00689   0.45072   7.40000  8
   0.12556   1.78741  -0.09026  -0.04023   7.40000  9
   0.12033   1.96019  -0.04170  -0.28771   7.40000 10
   0.34073  -0.46435   0.28025  -0.36472   7.50000  1
  -0.04590  -0.76516  -0.08770   0.38342   7.50000  2
  -0.11019  -0.46013   0.07452  -0.67666   7.50000  3
  -0.24519  -0.83237   0.01972  -0.29196   7.50000  4
  -0.25199  -0.18402  -0.10455   0.61302   7.50000  5
  -0.12992  -0.67832  -0.01179  -0.50120   7.50000  6
  -0.29030   1.56531  -0.00085   0.56597   7.50000  7
  -0.13604  -0.88240  -0.00870   0.62314   7.50000  8
   0.11560   1.78576  -0.10924   0.00785   7.50000  9
   0.11570   1.92790  -0.05165  -0.35886   7.50000 10
   0.36449  -0.50220   0.19507  -0.39204   7.60000  1
  -0.06120  -0.72535  -0.21887   0.40485   7.60000  2
  -0.10276  -0.53382   0.07438  -0.80531   7.60000  3
  -0.23521  -0.85653   0.17976  -0.18001   7.60000  4
  -0.26075  -0.12690  -0.07277   0.53258   7.60000  5
  -0.12963  -0.73144   0.01795  -0.55397   7.60000  6
  -0.28864   1.62293   0.03555   0.58638   7.60000  7
  -0.13728  -0.81185  -0.01375   0.78187   7.60000  8
   0.10368   1.78906  -0.12901   0.05815   7.60000  9
   0.10978   1.88832  -0.06830  -0.43251   7.60000 10
   0.37972  -0.54266   0.10929  -0.41641   7.70000  1
  -0.08897  -0.68618  -0.32783   0.36864   7.70000  2
  -0.09558  -0.62302   0.06390  -0.98370   7.70000  3
  -0.20986  -0.86622   0.32253  -0.00640   7.70000  4
  -0.26685  -0.07698  -0.05041   0.46795   7.70000  5
  -0.12703  -0.78534   0.02811  -0.49821   7.70000  6
  -0.28287   1.68254   0.08147   0.60535   7.70000  7
  -0.13755  -0.72874   0.01625   0.85896   7.70000  8
   0.08983   1.79713  -0.14759   0.09973   7.70000  9
   0.10168   1.84170  -0.09571  -0.49592   7.70000 10
   0.38633  -0.58535   0.02279  -0.43685   7.80000  1
  -0.12400  -0.65406  -0.35656   0.26031   7.80000  2
  -0.09202  -0.72781  -0.00188  -1.07526   7.80000  3
  -0.17160  -0.85709   0.43841   0.18907   7.80000  4
  -0.27100  -0.03299  -0.03322   0.41308   7.80000  5
  -0.12478  -0.82754   0.01671  -0.34153   7.80000  6
  -0.27196   1.74382   0.13863   0.61888   7.80000  7
  -0.13287  -0.64508   0.07567   0.78487   7.80000  8
   0.07424   1.80775  -0.16434   0.10388   7.80000  9
   0.09018   1.79058  -0.13623  -0.51645   7.80000 10
   0.38427  -0.62988  -0.06408  -0.45300   7.90000  1
  -0.15772  -0.63439  -0.30854   0.14034   7.90000  2
  -0.09610  -0.83373  -0.07525  -1.03072   7.90000  3
  -0.12347  -0.82968   0.51245   0.34175   7.90000  4
  -0.27359   0.00583  -0.01889   0.36405   7.90000  5
  -0.12298  -0.85367   0.02583  -0.18389   7.90000  6
  -0.25480   1.80592   0.20616   0.62061   7.90000  7
  -0.12416  -0.57488   0.09060   0.61805   7.90000  8
   0.05683   1.81629  -0.18523   0.06140   7.90000  9
   0.07423   1.74042  -0.18304  -0.47860   7.90000 10
   0.37345  -0.67580  -0.15273  -0.46468   8.00000  1
  -0.18437  -0.62459  -0.22004   0.06120   8.00000  2
  -0.10508  -0.92985  -0.09370  -0.87663   8.00000  3
  -0.07263  -0.79357   0.48894   0.36471   8.00000  4
  -0.27484   0.03995  -0.00615   0.31893   8.00000  5
  -0.11849  -0.86575   0.06646  -0.06737   8.00000  6
  -0.23056   1.86734   0.27868   0.60439   8.00000  7
  -0.11558  -0.52098   0.07956   0.46343   8.00000  8
   0.03688   1.81956  -0.21518   0.00430   8.00000  9
   0.05372   1.69592  -0.22582  -0.40827   8.00000 10
   0.35355  -0.72264  -0.24645  -0.47098   8.10000  1
  -0.20118  -0.62128  -0.11471   0.00852   8.10000  2
  -0.11366  -1.00856  -0.07546  -0.70176   8.10000  3
  -0.02720  -0.75766   0.41742   0.35343   8.10000  4
  -0.27485   0.06972   0.00570   0.27681   8.10000  5
  -0.10970  -0.86851   0.10835   0.00899   8.10000  6
  -0.19918   1.92611   0.34767   0.56739   8.10000  7
  -0.10825  -0.48156   0.06772   0.32774   8.10000  8
   0.01357   1.81749  -0.25151  -0.04305   8.10000  9
   0.02940   1.65912  -0.25873  -0.32708   8.10000 10
